
Software Version	3.11.19



Experiment File Path:	C:\Users\patil-group\Desktop\Sweeteners_stacker\081221_NT5031_31_31_Rep1-3\NT5031_31_31_Rep1-3.xpt
Protocol File Path:	C:\Users\Public\Documents\Protocols\Screening-protocol.prt



Plate Number	Plate 16
Date	08/12/2021
Time	14:06:34
Reader Type:	Epoch 2
Reader Serial Number:	2103223
Reading Type	Reader

Procedure Details

Plate Type	96 WELL PLATE
Discontinuous Kinetics	Runtime 1:00:00 (D:HH:MM), Interval 0:01:00, 25 Reads
	Pause after each run
Eject plate on completion	
Shake	Linear: 0:00:30 (HH:MM:SS)
	Frequency: 567 cpm (3 mm)
Read	Absorbance Endpoint
	Full Plate
	Wavelengths:  600
	Read Speed: Normal,  Delay: 100 msec,  Measurements/Data Point: 8

600

Time	T° 600	A1	A2	A3	A4	A5	A6	A7	A8	A9	A10	A11	A12	B1	B2	B3	B4	B5	B6	B7	B8	B9	B10	B11	B12	C1	C2	C3	C4	C5	C6	C7	C8	C9	C10	C11	C12	D1	D2	D3	D4	D5	D6	D7	D8	D9	D10	D11	D12	E1	E2	E3	E4	E5	E6	E7	E8	E9	E10	E11	E12	F1	F2	F3	F4	F5	F6	F7	F8	F9	F10	F11	F12	G1	G2	G3	G4	G5	G6	G7	G8	G9	G10	G11	G12	H1	H2	H3	H4	H5	H6	H7	H8	H9	H10	H11	H12
0:00:34	32.9	0.156	0.167	0.161	0.158	0.156	0.154	0.159	0.160	0.161	0.159	0.165	0.158	0.171	0.160	0.159	0.156	0.160	0.160	0.157	0.160	0.160	0.165	0.167	0.165	0.177	0.161	0.162	0.158	0.158	0.160	0.159	0.167	0.158	0.159	0.176	0.159	0.168	0.160	0.165	0.160	0.164	0.154	0.159	0.162	0.165	0.159	0.160	0.157	0.159	0.157	0.160	0.164	0.160	0.158	0.160	0.172	0.162	0.161	0.160	0.161	0.159	0.162	0.166	0.157	0.160	0.158	0.160	0.164	0.159	0.162	0.161	0.160	0.162	0.167	0.160	0.162	0.158	0.159	0.159	0.163	0.161	0.183	0.158	0.162	0.157	0.164	0.163	0.160	0.159	0.165	0.162	0.159	0.164	0.162	0.155	0.160
1:00:33	33.8	0.157	0.167	0.161	0.158	0.157	0.154	0.160	0.160	0.162	0.160	0.166	0.158	0.171	0.160	0.160	0.157	0.160	0.160	0.158	0.161	0.160	0.165	0.167	0.165	0.177	0.162	0.162	0.159	0.157	0.160	0.160	0.167	0.159	0.159	0.177	0.159	0.167	0.161	0.165	0.160	0.164	0.155	0.160	0.162	0.165	0.159	0.160	0.158	0.160	0.158	0.160	0.164	0.161	0.162	0.161	0.172	0.160	0.161	0.160	0.162	0.160	0.163	0.166	0.158	0.160	0.158	0.160	0.164	0.160	0.162	0.161	0.160	0.163	0.168	0.161	0.163	0.158	0.160	0.159	0.163	0.162	0.180	0.158	0.162	0.158	0.165	0.163	0.161	0.160	0.165	0.163	0.160	0.165	0.162	0.155	0.160
2:00:34	34.0	0.160	0.169	0.165	0.160	0.159	0.157	0.161	0.162	0.163	0.161	0.168	0.161	0.173	0.162	0.161	0.158	0.161	0.161	0.160	0.162	0.161	0.166	0.168	0.166	0.178	0.163	0.163	0.160	0.159	0.161	0.161	0.168	0.160	0.161	0.178	0.161	0.169	0.162	0.166	0.162	0.165	0.156	0.161	0.164	0.166	0.160	0.161	0.160	0.161	0.160	0.162	0.166	0.162	0.159	0.162	0.173	0.162	0.162	0.161	0.163	0.162	0.165	0.167	0.160	0.161	0.160	0.161	0.165	0.161	0.163	0.162	0.163	0.165	0.169	0.162	0.164	0.160	0.161	0.161	0.164	0.164	0.181	0.160	0.164	0.163	0.168	0.166	0.163	0.162	0.167	0.165	0.161	0.167	0.164	0.157	0.163
3:00:34	34.1	0.178	0.183	0.177	0.173	0.172	0.169	0.173	0.175	0.177	0.176	0.184	0.181	0.185	0.170	0.169	0.165	0.172	0.168	0.166	0.168	0.169	0.175	0.178	0.180	0.188	0.170	0.169	0.165	0.164	0.166	0.166	0.173	0.166	0.167	0.185	0.173	0.180	0.170	0.172	0.166	0.169	0.161	0.165	0.168	0.171	0.166	0.169	0.171	0.173	0.167	0.166	0.170	0.166	0.164	0.165	0.177	0.166	0.168	0.168	0.172	0.173	0.172	0.173	0.165	0.166	0.164	0.166	0.170	0.166	0.170	0.170	0.173	0.175	0.176	0.169	0.169	0.166	0.167	0.166	0.170	0.170	0.187	0.168	0.173	0.197	0.191	0.185	0.181	0.178	0.185	0.173	0.171	0.179	0.176	0.171	0.179
4:00:34	34.1	0.286	0.272	0.256	0.252	0.254	0.245	0.247	0.251	0.259	0.266	0.280	0.289	0.258	0.228	0.218	0.206	0.216	0.212	0.209	0.211	0.214	0.226	0.242	0.259	0.249	0.212	0.204	0.197	0.197	0.199	0.197	0.206	0.201	0.208	0.233	0.246	0.247	0.213	0.204	0.196	0.195	0.191	0.194	0.197	0.201	0.204	0.218	0.236	0.243	0.211	0.198	0.198	0.194	0.192	0.185	0.196	0.198	0.207	0.211	0.228	0.244	0.217	0.205	0.196	0.196	0.191	0.195	0.201	0.201	0.211	0.219	0.244	0.244	0.223	0.207	0.204	0.201	0.201	0.200	0.207	0.208	0.230	0.218	0.233	0.348	0.312	0.292	0.285	0.288	0.283	0.229	0.225	0.233	0.244	0.253	0.274
5:00:35	34.1	0.462	0.432	0.419	0.410	0.425	0.401	0.420	0.421	0.430	0.426	0.442	0.457	0.418	0.380	0.358	0.341	0.350	0.338	0.335	0.338	0.341	0.365	0.398	0.393	0.399	0.341	0.323	0.317	0.313	0.313	0.310	0.320	0.318	0.329	0.363	0.349	0.407	0.340	0.321	0.311	0.306	0.295	0.304	0.306	0.310	0.325	0.350	0.376	0.361	0.340	0.316	0.311	0.306	0.303	0.277	0.292	0.312	0.337	0.336	0.360	0.433	0.346	0.326	0.316	0.313	0.303	0.311	0.319	0.316	0.347	0.369	0.402	0.424	0.369	0.332	0.325	0.324	0.322	0.317	0.330	0.332	0.358	0.364	0.365	0.593	0.536	0.516	0.488	0.482	0.489	0.376	0.368	0.384	0.408	0.419	0.416
6:00:36	34.1	0.697	0.626	0.611	0.616	0.640	0.604	0.605	0.602	0.621	0.663	0.698	0.692	0.599	0.544	0.514	0.488	0.517	0.511	0.488	0.491	0.506	0.517	0.583	0.579	0.586	0.485	0.476	0.460	0.454	0.458	0.481	0.455	0.463	0.485	0.517	0.512	0.582	0.504	0.475	0.616	0.563	0.435	0.576	0.464	0.443	0.486	0.535	0.559	0.528	0.494	0.541	0.589	0.523	0.505	0.442	0.446	0.456	0.501	0.502	0.538	0.661	0.521	0.481	0.563	0.557	0.494	0.520	0.475	0.475	0.533	0.555	0.624	0.607	0.532	0.480	0.474	0.474	0.482	0.471	0.492	0.503	0.522	0.564	0.559	0.912	0.846	0.835	0.841	0.846	0.844	0.566	0.563	0.566	0.573	0.613	0.629
7:00:37	34.1	0.828	0.858	0.886	0.821	0.898	0.798	0.887	0.828	0.896	0.898	0.907	0.957	0.891	0.753	0.742	0.696	0.755	0.738	0.724	0.700	0.717	0.732	0.769	0.794	0.779	0.702	0.678	0.657	0.661	0.661	0.632	0.653	0.667	0.716	0.777	0.724	0.849	0.750	0.679	0.653	0.630	0.624	0.634	0.636	0.644	0.721	0.771	0.760	0.747	0.747	0.670	0.647	0.621	0.631	0.591	0.614	0.667	0.750	0.733	0.776	0.927	0.785	0.736	0.668	0.661	0.646	0.720	0.710	0.706	0.792	0.807	0.848	0.962	0.828	0.713	0.686	0.685	0.701	0.694	0.719	0.740	0.756	0.786	0.766	0.952	1.010	1.063	0.983	1.027	1.040	0.818	0.791	0.822	0.800	0.878	0.934
8:00:38	34.1	0.853	0.885	0.858	0.927	0.908	0.823	0.882	0.927	0.875	0.852	0.849	0.862	0.921	0.937	0.946	0.943	0.930	0.906	0.910	0.961	0.952	0.933	0.888	0.871	0.946	0.908	0.879	0.925	0.944	0.950	0.897	0.865	0.944	0.986	0.900	0.829	0.992	0.970	0.945	0.969	0.893	0.889	0.994	0.900	0.859	0.915	0.947	0.913	0.872	1.017	0.967	0.923	0.857	0.883	0.843	0.844	0.964	0.998	0.995	0.954	0.946	1.030	0.997	0.983	0.992	0.931	0.976	0.989	0.953	0.962	0.967	0.952	0.985	1.000	0.977	0.985	0.977	0.944	0.964	0.957	0.954	0.937	0.969	0.932	0.876	0.914	0.945	0.910	0.945	0.956	0.977	0.965	0.943	0.933	0.926	0.898
9:00:39	34.1	0.852	0.884	0.853	0.853	0.841	0.839	0.858	0.846	0.885	0.841	0.845	0.846	0.875	0.879	0.885	0.888	0.887	0.873	0.892	0.888	0.871	0.883	0.881	0.869	0.894	0.888	0.907	0.904	0.875	0.894	0.889	0.900	0.876	0.863	0.891	0.806	0.883	0.921	0.958	0.949	0.946	0.942	0.961	0.971	0.926	0.949	0.867	0.875	0.830	0.908	0.935	0.973	0.938	0.949	0.969	0.989	0.917	0.955	0.879	0.876	0.888	0.935	0.937	0.973	0.964	0.934	0.965	0.947	0.920	0.893	0.878	0.878	0.892	0.907	0.910	0.919	0.922	0.921	0.921	0.917	0.876	0.880	0.891	0.887	0.835	0.850	0.856	0.858	0.855	0.840	0.893	0.885	0.869	0.882	0.855	0.852
10:00:39	34.0	0.834	0.863	0.855	0.839	0.849	0.831	0.842	0.862	0.855	0.851	0.835	0.844	0.855	0.835	0.874	0.859	0.885	0.844	0.867	0.837	0.864	0.860	0.842	0.859	0.868	0.869	0.864	0.883	0.885	0.875	0.875	0.854	0.869	0.851	0.851	0.800	0.870	0.865	0.858	0.873	0.867	0.823	0.883	0.863	0.870	0.848	0.850	0.841	0.808	0.874	0.883	0.893	0.876	0.888	0.951	0.954	0.873	0.871	0.862	0.860	0.875	0.868	0.876	0.886	0.897	0.897	0.876	0.877	0.866	0.862	0.860	0.853	0.866	0.882	0.869	0.875	0.871	0.874	0.866	0.874	0.857	0.855	0.874	0.873	0.813	0.827	0.834	0.834	0.834	0.823	0.864	0.861	0.841	0.845	0.835	0.841
11:00:40	34.0	0.830	0.845	0.856	0.836	0.844	0.833	0.844	0.849	0.854	0.841	0.845	0.824	0.846	0.853	0.859	0.852	0.871	0.855	0.854	0.850	0.852	0.851	0.846	0.849	0.854	0.860	0.865	0.865	0.861	0.854	0.850	0.855	0.859	0.850	0.851	0.786	0.855	0.864	0.868	0.870	0.868	0.812	0.857	0.856	0.846	0.837	0.842	0.833	0.788	0.862	0.868	0.871	0.865	0.848	0.931	0.932	0.852	0.858	0.849	0.846	0.854	0.868	0.862	0.864	0.859	0.866	0.863	0.858	0.856	0.851	0.851	0.848	0.855	0.868	0.849	0.852	0.857	0.862	0.849	0.852	0.849	0.838	0.856	0.859	0.813	0.825	0.822	0.827	0.822	0.814	0.849	0.845	0.836	0.834	0.817	0.829
12:00:40	34.0	0.824	0.849	0.837	0.825	0.830	0.824	0.828	0.844	0.834	0.821	0.829	0.812	0.834	0.843	0.847	0.847	0.855	0.841	0.849	0.844	0.838	0.836	0.836	0.837	0.851	0.852	0.856	0.855	0.846	0.844	0.834	0.835	0.849	0.838	0.843	0.778	0.846	0.853	0.848	0.850	0.856	0.809	0.837	0.838	0.836	0.840	0.831	0.829	0.767	0.848	0.851	0.858	0.860	0.850	0.917	0.911	0.838	0.826	0.845	0.840	0.855	0.854	0.858	0.858	0.860	0.856	0.850	0.852	0.841	0.845	0.844	0.838	0.844	0.849	0.845	0.841	0.851	0.847	0.837	0.844	0.834	0.827	0.857	0.848	0.803	0.806	0.820	0.810	0.807	0.801	0.836	0.831	0.822	0.822	0.809	0.813
13:00:41	34.0	0.819	0.832	0.827	0.817	0.818	0.817	0.823	0.832	0.838	0.807	0.827	0.814	0.827	0.839	0.844	0.831	0.847	0.836	0.836	0.825	0.822	0.831	0.825	0.822	0.840	0.838	0.844	0.847	0.841	0.826	0.820	0.823	0.839	0.834	0.834	0.762	0.837	0.845	0.842	0.843	0.842	0.799	0.836	0.831	0.834	0.828	0.831	0.823	0.766	0.843	0.846	0.855	0.851	0.838	0.901	0.903	0.827	0.839	0.837	0.828	0.846	0.846	0.845	0.854	0.851	0.848	0.842	0.844	0.832	0.842	0.837	0.833	0.837	0.844	0.834	0.841	0.837	0.834	0.832	0.839	0.826	0.817	0.845	0.841	0.783	0.798	0.793	0.800	0.800	0.792	0.829	0.822	0.811	0.809	0.799	0.808
14:00:41	34.0	0.820	0.826	0.825	0.808	0.816	0.809	0.813	0.822	0.823	0.812	0.819	0.806	0.810	0.823	0.836	0.827	0.839	0.819	0.828	0.829	0.827	0.827	0.818	0.816	0.828	0.827	0.836	0.839	0.837	0.827	0.833	0.831	0.824	0.822	0.826	0.753	0.825	0.835	0.830	0.828	0.834	0.797	0.821	0.828	0.829	0.829	0.822	0.814	0.758	0.834	0.838	0.830	0.839	0.821	0.889	0.901	0.822	0.823	0.829	0.822	0.835	0.834	0.834	0.842	0.847	0.836	0.833	0.832	0.823	0.836	0.831	0.825	0.823	0.831	0.824	0.828	0.829	0.827	0.822	0.829	0.820	0.812	0.839	0.835	0.774	0.786	0.786	0.790	0.789	0.791	0.816	0.812	0.805	0.805	0.794	0.794
15:00:42	34.0	0.814	0.815	0.813	0.805	0.807	0.807	0.809	0.814	0.817	0.807	0.813	0.803	0.806	0.818	0.824	0.821	0.828	0.823	0.815	0.823	0.811	0.814	0.814	0.812	0.820	0.823	0.828	0.830	0.831	0.814	0.812	0.817	0.826	0.818	0.819	0.744	0.822	0.828	0.821	0.827	0.822	0.786	0.826	0.816	0.821	0.815	0.817	0.805	0.757	0.821	0.825	0.830	0.831	0.823	0.892	0.891	0.814	0.819	0.820	0.813	0.830	0.824	0.826	0.831	0.834	0.827	0.823	0.827	0.819	0.825	0.823	0.817	0.808	0.819	0.816	0.814	0.820	0.815	0.814	0.817	0.811	0.801	0.831	0.828	0.776	0.775	0.779	0.783	0.782	0.777	0.809	0.803	0.797	0.796	0.784	0.785
16:00:43	34.0	0.800	0.805	0.812	0.795	0.801	0.794	0.797	0.811	0.806	0.789	0.803	0.791	0.804	0.813	0.817	0.810	0.831	0.805	0.812	0.807	0.803	0.809	0.810	0.797	0.813	0.817	0.816	0.820	0.823	0.810	0.815	0.810	0.816	0.812	0.813	0.732	0.816	0.820	0.816	0.822	0.819	0.784	0.817	0.811	0.810	0.815	0.806	0.793	0.744	0.813	0.820	0.824	0.827	0.817	0.882	0.879	0.809	0.812	0.816	0.804	0.819	0.819	0.812	0.823	0.824	0.819	0.814	0.816	0.813	0.815	0.819	0.810	0.808	0.808	0.808	0.810	0.812	0.812	0.803	0.811	0.802	0.795	0.826	0.816	0.758	0.769	0.781	0.776	0.777	0.771	0.798	0.798	0.793	0.785	0.778	0.777
17:00:43	34.0	0.787	0.803	0.801	0.790	0.795	0.786	0.794	0.798	0.798	0.783	0.800	0.792	0.792	0.802	0.807	0.806	0.819	0.805	0.804	0.802	0.801	0.801	0.797	0.787	0.806	0.810	0.813	0.815	0.813	0.803	0.807	0.802	0.811	0.801	0.806	0.735	0.807	0.813	0.813	0.813	0.813	0.775	0.808	0.807	0.806	0.803	0.802	0.789	0.746	0.815	0.808	0.812	0.820	0.794	0.878	0.879	0.802	0.813	0.811	0.801	0.812	0.812	0.809	0.824	0.820	0.817	0.807	0.812	0.808	0.811	0.814	0.801	0.803	0.796	0.800	0.805	0.805	0.801	0.798	0.802	0.797	0.795	0.821	0.809	0.753	0.776	0.767	0.762	0.764	0.760	0.793	0.784	0.779	0.776	0.772	0.769
18:00:44	34.0	0.783	0.798	0.797	0.776	0.786	0.778	0.785	0.795	0.797	0.779	0.787	0.786	0.786	0.801	0.806	0.803	0.816	0.810	0.804	0.796	0.790	0.798	0.794	0.786	0.797	0.805	0.806	0.810	0.809	0.799	0.797	0.795	0.803	0.801	0.796	0.719	0.804	0.808	0.805	0.810	0.811	0.770	0.805	0.801	0.794	0.804	0.795	0.784	0.731	0.804	0.803	0.810	0.811	0.790	0.867	0.875	0.794	0.802	0.804	0.792	0.810	0.802	0.805	0.813	0.816	0.808	0.803	0.804	0.804	0.811	0.807	0.795	0.794	0.795	0.796	0.797	0.799	0.796	0.793	0.802	0.794	0.789	0.820	0.805	0.757	0.762	0.777	0.761	0.756	0.764	0.788	0.778	0.776	0.770	0.764	0.762
19:00:45	34.0	0.772	0.786	0.788	0.771	0.778	0.772	0.777	0.782	0.784	0.772	0.793	0.773	0.780	0.791	0.797	0.799	0.810	0.797	0.796	0.796	0.786	0.790	0.787	0.779	0.794	0.798	0.798	0.806	0.802	0.791	0.790	0.792	0.801	0.791	0.792	0.726	0.796	0.805	0.801	0.799	0.805	0.766	0.805	0.796	0.795	0.793	0.789	0.774	0.724	0.803	0.802	0.806	0.803	0.788	0.866	0.867	0.788	0.801	0.799	0.789	0.802	0.802	0.799	0.808	0.809	0.803	0.801	0.803	0.795	0.806	0.802	0.788	0.787	0.792	0.790	0.787	0.793	0.788	0.787	0.795	0.787	0.783	0.810	0.797	0.735	0.752	0.758	0.752	0.751	0.752	0.778	0.770	0.770	0.763	0.762	0.759
20:00:46	34.0	0.765	0.778	0.781	0.765	0.770	0.766	0.773	0.777	0.780	0.765	0.777	0.766	0.775	0.784	0.788	0.792	0.806	0.790	0.794	0.785	0.781	0.787	0.783	0.769	0.786	0.794	0.788	0.799	0.796	0.782	0.783	0.784	0.794	0.786	0.785	0.718	0.789	0.797	0.793	0.801	0.798	0.759	0.797	0.790	0.784	0.788	0.786	0.772	0.720	0.797	0.793	0.802	0.799	0.777	0.857	0.856	0.782	0.795	0.790	0.775	0.800	0.792	0.796	0.803	0.804	0.802	0.796	0.795	0.788	0.804	0.796	0.783	0.779	0.786	0.784	0.786	0.786	0.783	0.780	0.788	0.781	0.776	0.807	0.791	0.736	0.743	0.745	0.742	0.744	0.743	0.773	0.763	0.764	0.754	0.753	0.754
21:00:46	34.1	0.761	0.767	0.773	0.757	0.773	0.761	0.764	0.774	0.771	0.759	0.776	0.762	0.766	0.773	0.790	0.790	0.802	0.786	0.783	0.787	0.768	0.779	0.778	0.764	0.777	0.784	0.783	0.794	0.790	0.780	0.773	0.777	0.789	0.781	0.782	0.699	0.787	0.793	0.791	0.791	0.793	0.755	0.791	0.781	0.785	0.790	0.785	0.767	0.713	0.793	0.788	0.795	0.794	0.768	0.849	0.850	0.780	0.790	0.786	0.776	0.791	0.782	0.790	0.799	0.800	0.794	0.792	0.792	0.789	0.795	0.796	0.779	0.775	0.776	0.776	0.781	0.779	0.781	0.778	0.783	0.776	0.772	0.802	0.791	0.725	0.741	0.760	0.740	0.733	0.739	0.765	0.759	0.759	0.750	0.749	0.749
22:00:46	34.1	0.750	0.765	0.767	0.747	0.762	0.755	0.762	0.761	0.770	0.752	0.768	0.754	0.767	0.770	0.787	0.783	0.796	0.779	0.785	0.781	0.781	0.774	0.770	0.751	0.775	0.783	0.776	0.786	0.786	0.780	0.770	0.772	0.784	0.774	0.779	0.692	0.777	0.788	0.787	0.790	0.789	0.749	0.790	0.782	0.776	0.784	0.777	0.764	0.718	0.789	0.785	0.792	0.792	0.766	0.849	0.845	0.771	0.787	0.778	0.769	0.789	0.778	0.786	0.792	0.794	0.787	0.786	0.789	0.780	0.791	0.791	0.775	0.768	0.768	0.772	0.771	0.772	0.773	0.771	0.776	0.770	0.766	0.797	0.782	0.729	0.729	0.753	0.735	0.731	0.740	0.758	0.752	0.750	0.742	0.745	0.739
0:00:00																																																																																																	
0:00:00																																																																																																	

Results
	1	2	3	4	5	6	7	8	9	10	11	12
A	2.851	2.838	2.953	2.934	3.067	2.699	2.976	2.933	2.999	3.064	3.105	3.256	Max V [600]
	0.986	0.975	0.961	0.990	0.967	0.976	0.959	0.990	0.964	0.971	0.974	0.973	R-Squared [600]
	5:00:36	5:00:36	5:00:36	6:00:36	5:00:36	5:00:36	5:00:36	6:00:36	5:00:36	5:00:36	5:00:36	5:00:36	t at Max V [600]
	3:03:30	3:12:26	3:15:51	3:28:02	3:15:46	3:13:18	3:17:17	3:28:34	3:15:19	3:13:51	3:11:53	3:10:44	Lagtime [600]
B	2.998	2.985	3.066	3.044	3.054	2.977	2.986	3.101	3.086	2.968	2.774	2.708	Max V [600]
	0.962	0.997	0.990	0.982	0.991	0.992	0.988	0.979	0.986	0.991	0.995	0.983	R-Squared [600]
	6:00:36	6:00:36	6:00:36	6:00:36	6:00:36	6:00:36	6:00:36	6:00:36	6:00:36	6:00:36	6:00:36	6:00:36	t at Max V [600]
	3:31:37	3:43:40	3:51:17	3:56:16	3:51:38	3:52:30	3:54:37	3:57:55	3:55:31	3:49:21	3:33:14	3:27:32	Lagtime [600]
C	2.955	2.920	2.838	2.994	3.070	3.083	2.872	2.752	3.057	3.239	2.915	2.566	Max V [600]
	0.998	0.987	0.988	0.973	0.966	0.966	0.978	0.982	0.970	0.974	0.985	0.986	R-Squared [600]
	6:00:36	6:00:36	6:00:36	6:00:36	6:00:36	6:00:36	6:00:36	6:00:36	6:00:36	6:00:36	6:00:36	6:00:36	t at Max V [600]
	3:40:18	3:54:16	3:57:18	4:02:41	4:04:29	4:04:58	4:00:48	3:59:39	4:02:48	4:01:28	3:49:35	3:35:07	Lagtime [600]
D	3.220	3.205	3.065	3.147	2.864	2.914	3.215	2.943	2.751	3.030	3.132	2.898	Max V [600]
	0.991	0.984	0.975	0.956	0.972	0.971	0.951	0.979	0.980	0.987	0.992	0.997	R-Squared [600]
	6:00:36	6:00:36	6:00:36	6:00:36	6:00:36	7:00:37	6:00:36	7:00:37	6:00:36	6:00:36	6:00:36	6:00:36	t at Max V [600]
	3:41:33	3:57:19	4:03:16	3:56:53	3:57:06	4:15:01	4:01:56	4:13:03	4:01:44	3:58:09	3:51:30	3:38:32	Lagtime [600]
E	2.743	3.364	3.151	2.975	2.733	2.849	2.972	2.984	3.146	3.322	3.277	3.111	Max V [600]
	0.990	0.974	0.977	0.967	0.983	0.983	0.991	0.995	0.963	0.981	0.979	0.991	R-Squared [600]
	6:00:36	6:00:36	6:00:36	6:00:36	6:00:36	6:00:36	7:00:37	7:00:37	6:00:36	6:00:36	6:00:36	6:00:36	t at Max V [600]
	3:37:55	4:00:24	4:00:24	3:56:28	3:56:03	3:59:39	4:24:29	4:24:56	4:07:03	4:00:47	3:59:51	3:48:40	Lagtime [600]
F	3.208	3.441	3.320	3.209	3.232	3.037	3.283	3.277	3.156	3.244	3.224	3.102	Max V [600]
	0.964	0.981	0.974	0.972	0.967	0.976	0.986	0.971	0.977	0.990	0.993	0.988	R-Squared [600]
	5:00:36	6:00:36	6:00:36	6:00:36	6:00:36	6:00:36	6:00:36	6:00:36	6:00:36	6:00:36	6:00:36	6:00:36	t at Max V [600]
	3:18:16	3:59:16	4:05:07	3:59:45	4:01:49	4:03:40	4:03:28	4:06:16	4:02:55	3:55:21	3:49:29	3:34:02	Lagtime [600]
G	3.366	3.351	3.202	3.206	3.188	3.109	3.173	3.147	3.165	3.020	3.207	2.997	Max V [600]
	0.955	0.984	0.975	0.967	0.969	0.981	0.973	0.983	0.986	0.990	0.996	0.995	R-Squared [600]
	6:00:36	6:00:36	6:00:36	6:00:36	6:00:36	6:00:36	6:00:36	6:00:36	6:00:36	6:00:36	6:00:36	6:00:36	t at Max V [600]
	3:37:22	3:54:19	4:01:28	4:04:22	4:03:18	4:01:19	4:03:53	4:00:22	3:58:33	3:55:30	3:49:01	3:44:04	Lagtime [600]
H	3.453	3.622	3.828	3.600	3.757	3.783	3.232	3.170	3.096	2.947	3.008	3.109	Max V [600]
	0.962	0.981	0.976	0.967	0.968	0.968	0.993	0.995	0.990	0.995	0.972	0.952	R-Squared [600]
	5:00:36	5:00:36	5:00:36	5:00:36	5:00:36	5:00:36	6:00:36	6:00:36	6:00:36	6:00:36	6:00:36	5:00:36	t at Max V [600]
	2:52:08	3:06:05	3:12:03	3:10:44	3:12:43	3:13:55	3:47:17	3:47:05	3:43:18	3:34:47	3:26:39	3:15:33	Lagtime [600]


