
Software Version	3.11.19



Experiment File Path:	C:\Users\patil-group\Desktop\Sweeteners_stacker\081221_NT5031_31_31_Rep1-3\NT5031_31_31_Rep1-3.xpt
Protocol File Path:	C:\Users\Public\Documents\Protocols\Screening-protocol.prt



Plate Number	Plate 13
Date	08/12/2021
Time	14:01:01
Reader Type:	Epoch 2
Reader Serial Number:	2103223
Reading Type	Reader

Procedure Details

Plate Type	96 WELL PLATE
Discontinuous Kinetics	Runtime 1:00:00 (D:HH:MM), Interval 0:01:00, 25 Reads
	Pause after each run
Eject plate on completion	
Shake	Linear: 0:00:30 (HH:MM:SS)
	Frequency: 567 cpm (3 mm)
Read	Absorbance Endpoint
	Full Plate
	Wavelengths:  600
	Read Speed: Normal,  Delay: 100 msec,  Measurements/Data Point: 8

600

Time	T° 600	A1	A2	A3	A4	A5	A6	A7	A8	A9	A10	A11	A12	B1	B2	B3	B4	B5	B6	B7	B8	B9	B10	B11	B12	C1	C2	C3	C4	C5	C6	C7	C8	C9	C10	C11	C12	D1	D2	D3	D4	D5	D6	D7	D8	D9	D10	D11	D12	E1	E2	E3	E4	E5	E6	E7	E8	E9	E10	E11	E12	F1	F2	F3	F4	F5	F6	F7	F8	F9	F10	F11	F12	G1	G2	G3	G4	G5	G6	G7	G8	G9	G10	G11	G12	H1	H2	H3	H4	H5	H6	H7	H8	H9	H10	H11	H12
0:00:34	32.9	0.159	0.156	0.169	0.162	0.308	0.156	0.157	0.156	0.161	0.167	0.162	0.155	0.161	0.159	0.169	0.158	0.155	0.159	0.161	0.158	0.162	0.157	0.158	0.160	0.162	0.161	0.164	0.164	0.163	0.165	0.163	0.173	0.157	0.162	0.160	0.157	0.160	0.160	0.159	0.171	0.159	0.157	0.158	0.157	0.157	0.159	0.161	0.160	0.159	0.160	0.162	0.166	0.161	0.158	0.163	0.162	0.159	0.175	0.158	0.162	0.160	0.157	0.168	0.158	0.161	0.160	0.157	0.161	0.181	0.156	0.157	0.166	0.158	0.160	0.171	0.160	0.159	0.155	0.161	0.158	0.160	0.160	0.161	0.169	0.157	0.158	0.164	0.158	0.162	0.156	0.159	0.167	0.164	0.162	0.188	0.169
1:00:33	33.8	0.158	0.156	0.169	0.162	0.333	0.156	0.157	0.156	0.160	0.166	0.162	0.156	0.163	0.159	0.169	0.158	0.156	0.160	0.162	0.158	0.163	0.158	0.159	0.160	0.163	0.162	0.165	0.165	0.164	0.165	0.162	0.170	0.158	0.163	0.160	0.158	0.162	0.160	0.159	0.172	0.160	0.158	0.158	0.157	0.158	0.160	0.162	0.160	0.159	0.160	0.162	0.166	0.162	0.159	0.163	0.162	0.159	0.174	0.158	0.162	0.160	0.158	0.168	0.159	0.162	0.160	0.158	0.161	0.180	0.156	0.158	0.166	0.159	0.160	0.173	0.161	0.160	0.155	0.161	0.159	0.160	0.161	0.161	0.169	0.158	0.159	0.165	0.158	0.163	0.157	0.160	0.167	0.164	0.163	0.186	0.169
2:00:34	34.1	0.163	0.160	0.171	0.165	0.336	0.159	0.159	0.159	0.163	0.169	0.166	0.161	0.175	0.161	0.171	0.160	0.158	0.162	0.163	0.160	0.164	0.161	0.161	0.163	0.165	0.164	0.167	0.166	0.164	0.166	0.164	0.171	0.159	0.164	0.162	0.160	0.164	0.162	0.161	0.172	0.161	0.159	0.159	0.158	0.159	0.161	0.163	0.162	0.162	0.162	0.163	0.167	0.163	0.160	0.164	0.163	0.161	0.175	0.160	0.165	0.163	0.160	0.170	0.160	0.162	0.161	0.159	0.162	0.180	0.158	0.160	0.169	0.162	0.162	0.174	0.162	0.161	0.157	0.162	0.160	0.161	0.162	0.163	0.171	0.162	0.162	0.167	0.161	0.165	0.159	0.162	0.169	0.166	0.166	0.188	0.173
3:00:34	34.1	0.198	0.187	0.193	0.187	0.358	0.181	0.179	0.179	0.185	0.192	0.191	0.191	0.190	0.180	0.185	0.173	0.171	0.174	0.174	0.173	0.178	0.173	0.177	0.185	0.182	0.178	0.176	0.175	0.173	0.174	0.172	0.179	0.168	0.174	0.176	0.178	0.185	0.175	0.171	0.180	0.169	0.166	0.167	0.166	0.168	0.171	0.175	0.179	0.180	0.173	0.173	0.174	0.170	0.167	0.170	0.170	0.169	0.183	0.172	0.180	0.184	0.173	0.179	0.171	0.171	0.170	0.167	0.171	0.187	0.169	0.173	0.188	0.180	0.176	0.186	0.173	0.172	0.167	0.172	0.170	0.172	0.175	0.177	0.190	0.192	0.182	0.184	0.177	0.180	0.176	0.178	0.186	0.183	0.189	0.208	0.202
4:00:34	34.1	0.369	0.338	0.325	0.308	0.473	0.303	0.295	0.298	0.312	0.317	0.327	0.344	0.329	0.286	0.271	0.255	0.248	0.249	0.243	0.251	0.258	0.254	0.269	0.304	0.288	0.261	0.240	0.230	0.228	0.226	0.227	0.235	0.227	0.236	0.252	0.279	0.301	0.251	0.234	0.233	0.216	0.215	0.217	0.218	0.226	0.233	0.244	0.277	0.281	0.248	0.229	0.224	0.216	0.211	0.210	0.210	0.219	0.238	0.239	0.273	0.301	0.255	0.243	0.235	0.224	0.224	0.222	0.230	0.236	0.236	0.250	0.293	0.293	0.266	0.257	0.240	0.239	0.230	0.231	0.234	0.238	0.249	0.261	0.295	0.341	0.300	0.290	0.276	0.274	0.274	0.273	0.287	0.283	0.310	0.318	0.351
5:00:35	34.1	0.726	0.638	0.599	0.621	0.733	0.587	0.566	0.585	0.596	0.610	0.640	0.702	0.613	0.724	0.757	0.705	0.733	0.752	0.654	0.685	0.694	0.625	0.502	0.589	0.516	0.760	0.600	0.479	0.494	0.453	0.480	0.487	0.466	0.529	0.575	0.524	0.565	0.678	0.534	0.463	0.432	0.420	0.436	0.439	0.442	0.523	0.565	0.529	0.530	0.572	0.456	0.415	0.411	0.388	0.368	0.370	0.412	0.479	0.491	0.498	0.573	0.666	0.533	0.507	0.431	0.481	0.468	0.472	0.457	0.549	0.617	0.556	0.549	0.528	0.641	0.571	0.582	0.495	0.558	0.582	0.609	0.529	0.482	0.564	0.641	0.559	0.525	0.507	0.507	0.519	0.516	0.533	0.525	0.591	0.590	0.666
6:00:36	34.1	0.941	0.936	0.859	0.856	0.990	0.876	0.868	0.880	0.891	0.896	0.882	0.943	0.975	0.880	0.766	0.779	0.766	0.764	0.773	0.775	0.813	0.791	0.812	0.882	0.784	0.774	0.721	0.698	0.707	0.680	0.703	0.701	0.694	0.714	0.795	0.831	0.892	0.805	0.728	0.724	0.678	0.676	0.680	0.691	0.730	0.743	0.784	0.854	0.840	0.772	0.676	0.657	0.665	0.611	0.660	0.658	0.701	0.723	0.736	0.801	0.896	0.848	0.770	0.764	0.732	0.762	0.732	0.735	0.716	0.794	0.817	0.877	0.859	0.819	0.821	0.760	0.766	0.763	0.758	0.752	0.813	0.785	0.787	0.887	0.924	0.882	0.859	0.846	0.851	0.876	0.874	0.869	0.857	0.900	0.893	0.979
7:00:37	34.1	0.846	0.974	0.982	0.931	1.169	1.069	1.106	0.980	0.955	0.986	0.956	0.873	1.089	1.108	1.152	1.133	1.156	1.121	0.978	1.034	1.069	1.036	0.960	0.936	1.042	1.121	1.108	1.028	1.043	1.010	1.003	1.014	0.959	0.961	1.139	0.982	1.141	1.127	1.096	1.056	1.066	1.048	1.029	1.097	0.979	1.027	1.004	0.996	1.115	1.103	1.036	1.030	0.985	0.919	0.884	0.938	1.004	1.010	1.082	1.024	1.178	1.075	1.127	1.108	1.056	1.081	1.049	1.018	1.006	1.038	1.094	1.059	1.059	1.085	1.122	1.059	1.072	1.052	1.096	1.058	1.083	1.012	1.159	1.069	1.036	1.112	1.060	1.029	1.073	1.076	1.064	1.046	1.047	1.086	1.070	1.013
8:00:38	34.1	0.765	0.854	0.766	0.810	1.047	0.841	0.805	0.870	0.886	0.820	0.857	0.851	0.891	0.970	1.064	0.878	0.945	0.904	0.923	0.856	0.916	0.851	0.848	0.854	0.901	1.003	1.005	1.010	0.987	1.016	0.996	0.897	0.918	0.872	0.871	0.873	0.974	0.954	1.020	1.006	1.051	0.978	0.952	0.990	0.922	0.954	0.926	0.845	0.933	0.979	0.955	1.028	0.981	0.965	0.947	1.042	0.961	0.886	0.881	0.850	0.961	0.930	0.958	0.989	1.000	0.974	0.968	0.968	0.904	0.903	0.915	0.888	0.898	0.920	0.983	0.977	0.951	0.905	0.902	0.856	0.918	0.891	0.918	0.873	0.887	0.944	0.931	0.923	0.901	0.895	0.931	0.911	0.913	0.934	0.885	0.843
9:00:39	34.1	0.806	0.808	0.796	0.798	0.942	0.787	0.849	0.802	0.818	0.814	0.811	0.797	0.849	0.889	0.900	0.858	0.816	0.831	0.847	0.844	0.825	0.827	0.821	0.794	0.827	0.888	0.831	0.858	0.820	0.825	0.819	0.877	0.845	0.859	0.854	0.808	0.857	0.896	0.884	0.883	0.861	0.853	0.845	0.833	0.849	0.847	0.838	0.795	0.818	0.910	0.903	0.944	0.866	0.908	0.883	0.876	0.812	0.829	0.834	0.828	0.864	0.906	0.931	0.878	0.893	0.853	0.841	0.833	0.824	0.828	0.863	0.826	0.830	0.810	0.884	0.877	0.885	0.865	0.876	0.852	0.845	0.811	0.834	0.830	0.838	0.832	0.832	0.818	0.832	0.821	0.819	0.830	0.832	0.834	0.818	0.804
10:00:39	34.1	0.792	0.815	0.819	0.814	0.967	0.820	0.789	0.801	0.809	0.798	0.787	0.780	0.799	0.836	0.829	0.825	0.825	0.825	0.827	0.820	0.831	0.823	0.814	0.802	0.809	0.831	0.828	0.829	0.811	0.821	0.833	0.827	0.803	0.812	0.811	0.809	0.813	0.823	0.844	0.865	0.832	0.834	0.826	0.820	0.801	0.817	0.799	0.799	0.799	0.843	0.831	0.851	0.839	0.834	0.847	0.856	0.807	0.807	0.811	0.814	0.823	0.812	0.831	0.848	0.849	0.816	0.825	0.821	0.808	0.808	0.804	0.806	0.794	0.798	0.828	0.819	0.826	0.802	0.812	0.802	0.801	0.788	0.815	0.818	0.805	0.812	0.813	0.793	0.802	0.803	0.796	0.805	0.795	0.807	0.797	0.794
11:00:39	34.1	0.797	0.793	0.806	0.801	0.955	0.799	0.787	0.795	0.809	0.793	0.789	0.775	0.806	0.816	0.825	0.823	0.816	0.821	0.818	0.817	0.808	0.806	0.808	0.788	0.806	0.821	0.817	0.827	0.818	0.809	0.816	0.810	0.807	0.796	0.804	0.793	0.825	0.809	0.824	0.826	0.827	0.818	0.810	0.817	0.797	0.798	0.795	0.793	0.806	0.821	0.827	0.841	0.827	0.825	0.846	0.841	0.795	0.799	0.804	0.804	0.806	0.803	0.802	0.829	0.823	0.806	0.811	0.814	0.801	0.798	0.792	0.794	0.785	0.799	0.809	0.794	0.807	0.789	0.788	0.797	0.783	0.783	0.803	0.809	0.791	0.798	0.797	0.783	0.791	0.794	0.785	0.798	0.783	0.797	0.785	0.785
12:00:40	34.1	0.784	0.798	0.803	0.800	0.945	0.805	0.780	0.792	0.802	0.781	0.778	0.773	0.792	0.817	0.823	0.814	0.818	0.819	0.813	0.799	0.810	0.808	0.799	0.779	0.807	0.816	0.796	0.821	0.816	0.807	0.806	0.806	0.801	0.795	0.797	0.785	0.817	0.809	0.812	0.809	0.815	0.809	0.798	0.802	0.791	0.791	0.790	0.785	0.805	0.813	0.802	0.828	0.816	0.815	0.840	0.841	0.785	0.794	0.796	0.790	0.800	0.802	0.805	0.818	0.807	0.797	0.802	0.804	0.790	0.785	0.783	0.787	0.781	0.782	0.796	0.790	0.795	0.783	0.783	0.788	0.778	0.775	0.797	0.801	0.783	0.788	0.789	0.774	0.779	0.783	0.780	0.786	0.776	0.791	0.777	0.779
13:00:41	34.1	0.779	0.798	0.800	0.795	0.936	0.795	0.776	0.785	0.784	0.776	0.763	0.761	0.797	0.817	0.814	0.814	0.812	0.812	0.799	0.808	0.801	0.796	0.789	0.773	0.802	0.810	0.798	0.812	0.806	0.788	0.795	0.803	0.797	0.786	0.789	0.771	0.805	0.802	0.807	0.809	0.806	0.790	0.795	0.793	0.777	0.786	0.782	0.769	0.789	0.811	0.796	0.813	0.799	0.800	0.833	0.835	0.778	0.782	0.786	0.779	0.793	0.784	0.796	0.803	0.799	0.792	0.787	0.789	0.777	0.775	0.775	0.779	0.779	0.775	0.792	0.786	0.785	0.774	0.771	0.778	0.765	0.763	0.790	0.793	0.777	0.781	0.778	0.767	0.768	0.780	0.771	0.776	0.769	0.782	0.769	0.769
14:00:41	34.1	0.772	0.790	0.797	0.789	0.935	0.787	0.774	0.779	0.781	0.762	0.767	0.754	0.782	0.797	0.809	0.798	0.811	0.803	0.798	0.785	0.777	0.793	0.785	0.765	0.787	0.799	0.797	0.809	0.811	0.797	0.795	0.798	0.788	0.776	0.784	0.769	0.799	0.788	0.800	0.800	0.799	0.792	0.793	0.789	0.780	0.776	0.776	0.771	0.789	0.806	0.794	0.803	0.795	0.790	0.822	0.823	0.774	0.774	0.780	0.772	0.781	0.780	0.792	0.795	0.785	0.784	0.780	0.790	0.774	0.774	0.769	0.772	0.763	0.771	0.784	0.785	0.780	0.765	0.768	0.769	0.759	0.757	0.780	0.784	0.766	0.770	0.767	0.759	0.764	0.767	0.764	0.769	0.758	0.772	0.762	0.762
15:00:42	34.1	0.773	0.784	0.786	0.782	0.929	0.788	0.769	0.767	0.764	0.771	0.761	0.747	0.794	0.804	0.799	0.797	0.797	0.801	0.792	0.789	0.789	0.789	0.777	0.760	0.787	0.795	0.796	0.805	0.803	0.782	0.787	0.794	0.786	0.776	0.774	0.764	0.786	0.782	0.800	0.796	0.791	0.788	0.781	0.783	0.774	0.774	0.772	0.760	0.781	0.798	0.791	0.794	0.793	0.783	0.813	0.819	0.770	0.768	0.771	0.764	0.783	0.776	0.786	0.787	0.785	0.775	0.775	0.778	0.765	0.765	0.760	0.764	0.747	0.761	0.774	0.774	0.767	0.761	0.765	0.762	0.750	0.751	0.771	0.779	0.756	0.765	0.767	0.752	0.759	0.758	0.758	0.762	0.754	0.765	0.752	0.756
16:00:43	34.1	0.767	0.780	0.783	0.776	0.922	0.785	0.765	0.763	0.778	0.761	0.753	0.743	0.783	0.797	0.797	0.786	0.799	0.795	0.786	0.787	0.787	0.785	0.771	0.751	0.787	0.792	0.792	0.797	0.789	0.782	0.786	0.784	0.783	0.772	0.768	0.758	0.783	0.784	0.793	0.795	0.783	0.783	0.784	0.778	0.770	0.773	0.764	0.753	0.774	0.784	0.777	0.779	0.789	0.780	0.811	0.811	0.764	0.762	0.768	0.758	0.776	0.771	0.778	0.786	0.783	0.773	0.770	0.777	0.764	0.760	0.755	0.758	0.752	0.755	0.770	0.774	0.763	0.752	0.754	0.755	0.744	0.741	0.765	0.770	0.744	0.753	0.759	0.742	0.750	0.751	0.750	0.751	0.746	0.759	0.746	0.749
17:00:43	34.1	0.764	0.768	0.772	0.770	0.912	0.776	0.759	0.755	0.765	0.755	0.747	0.734	0.773	0.790	0.787	0.778	0.786	0.791	0.779	0.776	0.780	0.778	0.765	0.752	0.777	0.781	0.786	0.791	0.792	0.779	0.784	0.785	0.769	0.767	0.764	0.749	0.779	0.778	0.783	0.783	0.780	0.783	0.775	0.779	0.764	0.768	0.760	0.748	0.769	0.781	0.781	0.775	0.787	0.772	0.807	0.813	0.761	0.755	0.762	0.751	0.767	0.766	0.772	0.778	0.775	0.769	0.761	0.770	0.757	0.753	0.751	0.752	0.738	0.747	0.765	0.760	0.753	0.750	0.750	0.750	0.742	0.738	0.757	0.764	0.739	0.745	0.749	0.734	0.745	0.742	0.742	0.749	0.739	0.752	0.740	0.743
18:00:43	34.1	0.754	0.761	0.765	0.766	0.904	0.768	0.753	0.747	0.758	0.747	0.736	0.721	0.767	0.775	0.781	0.776	0.786	0.783	0.779	0.780	0.784	0.770	0.754	0.740	0.769	0.780	0.781	0.788	0.787	0.774	0.776	0.777	0.769	0.762	0.758	0.741	0.778	0.773	0.772	0.768	0.777	0.776	0.773	0.771	0.760	0.759	0.752	0.742	0.761	0.778	0.773	0.778	0.781	0.772	0.803	0.805	0.758	0.757	0.753	0.746	0.754	0.755	0.766	0.774	0.771	0.767	0.759	0.768	0.750	0.752	0.742	0.743	0.726	0.738	0.758	0.757	0.749	0.744	0.746	0.745	0.736	0.733	0.755	0.757	0.733	0.738	0.741	0.725	0.735	0.732	0.738	0.741	0.733	0.741	0.733	0.736
19:00:45	34.1	0.749	0.757	0.754	0.759	0.900	0.756	0.750	0.739	0.750	0.737	0.728	0.715	0.758	0.771	0.782	0.766	0.781	0.775	0.774	0.774	0.772	0.768	0.749	0.733	0.761	0.774	0.780	0.785	0.788	0.772	0.777	0.775	0.769	0.759	0.749	0.735	0.769	0.767	0.777	0.779	0.778	0.773	0.769	0.769	0.758	0.757	0.747	0.733	0.757	0.770	0.770	0.770	0.777	0.768	0.799	0.803	0.754	0.749	0.747	0.741	0.753	0.751	0.763	0.770	0.763	0.764	0.758	0.763	0.748	0.745	0.736	0.737	0.717	0.732	0.752	0.752	0.746	0.740	0.743	0.739	0.732	0.728	0.748	0.752	0.727	0.731	0.734	0.722	0.728	0.727	0.728	0.734	0.728	0.734	0.729	0.731
20:00:46	34.0	0.742	0.748	0.751	0.751	0.894	0.751	0.744	0.731	0.740	0.729	0.720	0.710	0.759	0.762	0.774	0.770	0.780	0.769	0.769	0.771	0.762	0.762	0.742	0.724	0.762	0.771	0.774	0.780	0.783	0.773	0.773	0.773	0.764	0.756	0.744	0.729	0.759	0.758	0.774	0.768	0.772	0.771	0.765	0.765	0.752	0.755	0.745	0.728	0.753	0.762	0.766	0.776	0.769	0.760	0.796	0.799	0.749	0.748	0.740	0.731	0.741	0.744	0.755	0.763	0.771	0.761	0.755	0.758	0.741	0.741	0.732	0.734	0.714	0.726	0.750	0.747	0.744	0.735	0.735	0.734	0.726	0.722	0.744	0.743	0.727	0.728	0.727	0.718	0.720	0.723	0.721	0.726	0.722	0.727	0.723	0.722
21:00:45	34.1	0.735	0.741	0.746	0.744	0.887	0.749	0.736	0.728	0.733	0.721	0.713	0.696	0.740	0.753	0.770	0.765	0.774	0.765	0.767	0.764	0.763	0.753	0.734	0.721	0.751	0.764	0.771	0.777	0.783	0.768	0.769	0.771	0.758	0.750	0.739	0.723	0.752	0.761	0.776	0.771	0.768	0.766	0.761	0.763	0.750	0.746	0.739	0.721	0.744	0.757	0.760	0.769	0.771	0.760	0.795	0.798	0.747	0.744	0.739	0.728	0.741	0.741	0.754	0.761	0.761	0.755	0.750	0.756	0.741	0.736	0.728	0.726	0.715	0.720	0.742	0.744	0.742	0.733	0.732	0.732	0.722	0.719	0.739	0.736	0.716	0.726	0.721	0.712	0.718	0.722	0.719	0.721	0.720	0.724	0.721	0.717
22:00:46	34.1	0.730	0.737	0.736	0.736	0.880	0.740	0.728	0.717	0.727	0.716	0.702	0.693	0.743	0.743	0.767	0.759	0.763	0.759	0.757	0.751	0.755	0.749	0.728	0.709	0.740	0.759	0.767	0.773	0.775	0.767	0.762	0.763	0.753	0.746	0.731	0.715	0.751	0.756	0.773	0.766	0.768	0.761	0.760	0.758	0.745	0.745	0.734	0.716	0.734	0.748	0.761	0.766	0.764	0.756	0.792	0.794	0.744	0.740	0.732	0.722	0.734	0.735	0.751	0.760	0.753	0.749	0.750	0.752	0.739	0.732	0.724	0.722	0.704	0.719	0.742	0.741	0.732	0.726	0.730	0.729	0.720	0.712	0.733	0.727	0.712	0.726	0.714	0.709	0.709	0.716	0.714	0.714	0.709	0.717	0.715	0.712
0:00:00																																																																																																	
0:00:00																																																																																																	

Results
	1	2	3	4	5	6	7	8	9	10	11	12
A	3.476	3.620	3.520	3.390	3.565	3.912	4.044	3.639	3.532	3.609	3.474	3.458	Max V [600]
	0.934	0.958	0.983	0.965	0.987	0.985	0.983	0.973	0.965	0.972	0.967	0.923	R-Squared [600]
	4:00:35	5:00:36	5:00:36	5:00:36	5:00:36	5:00:36	5:00:36	5:00:36	5:00:36	5:00:36	5:00:36	4:00:35	t at Max V [600]
	2:28:17	2:54:01	3:00:28	2:56:59	2:58:05	3:06:22	3:10:13	3:02:44	2:59:32	3:00:29	2:54:37	2:30:08	Lagtime [600]
B	4.073	4.083	4.048	4.072	4.144	4.014	3.562	3.745	3.897	3.768	3.516	3.467	Max V [600]
	0.973	0.968	0.931	0.951	0.936	0.928	0.956	0.953	0.960	0.973	0.973	0.961	R-Squared [600]
	5:00:36	5:00:36	5:00:36	5:00:36	5:00:36	5:00:36	5:00:36	5:00:36	5:00:36	5:00:36	5:00:36	5:00:36	t at Max V [600]
	3:03:19	3:03:51	3:07:38	3:09:46	3:09:48	3:07:48	3:07:23	3:06:47	3:07:35	3:09:30	3:10:46	2:59:34	Lagtime [600]
C	3.693	3.997	3.907	3.625	3.699	3.563	3.562	3.560	3.415	3.420	4.116	3.598	Max V [600]
	0.980	0.931	0.953	0.956	0.957	0.953	0.962	0.960	0.967	0.973	0.969	0.977	R-Squared [600]
	5:00:36	5:00:36	5:00:36	5:00:36	5:00:36	6:00:36	5:00:36	5:00:36	5:00:36	5:00:36	5:00:36	5:00:36	t at Max V [600]
	3:12:10	3:06:04	3:16:54	3:21:59	3:21:40	3:36:51	3:21:06	3:22:10	3:19:19	3:15:11	3:16:41	3:08:58	Lagtime [600]
D	4.170	4.098	3.903	3.737	3.838	3.709	3.642	3.891	3.544	3.703	3.661	3.681	Max V [600]
	0.980	0.962	0.958	0.950	0.943	0.934	0.943	0.932	0.960	0.970	0.976	0.973	R-Squared [600]
	5:00:36	5:00:36	5:00:36	5:00:36	6:00:36	5:00:36	5:00:36	5:00:36	5:00:36	5:00:36	5:00:36	5:00:36	t at Max V [600]
	3:11:06	3:11:20	3:19:46	3:24:18	3:42:40	3:26:50	3:25:01	3:26:33	3:21:12	3:17:51	3:13:12	3:09:54	Lagtime [600]
E	4.049	3.972	3.622	3.702	3.502	3.396	3.317	3.717	3.588	3.564	3.862	3.691	Max V [600]
	0.975	0.970	0.945	0.947	0.947	0.968	0.967	0.980	0.944	0.961	0.958	0.975	R-Squared [600]
	5:00:36	5:00:36	5:00:36	6:00:36	6:00:36	6:00:36	6:00:36	6:00:36	5:00:36	5:00:36	5:00:36	5:00:36	t at Max V [600]
	3:14:18	3:16:28	3:23:15	3:44:22	3:40:33	3:45:01	3:44:36	3:51:06	3:25:16	3:22:00	3:20:32	3:14:02	Lagtime [600]
F	4.304	3.994	4.038	4.007	3.797	3.934	3.791	3.665	3.526	3.826	4.015	3.875	Max V [600]
	0.979	0.969	0.960	0.960	0.944	0.957	0.956	0.962	0.954	0.974	0.974	0.978	R-Squared [600]
	5:00:36	5:00:36	5:00:36	5:00:36	5:00:36	5:00:36	5:00:36	5:00:36	5:00:36	5:00:36	5:00:36	5:00:36	t at Max V [600]
	3:12:07	3:08:47	3:20:58	3:21:00	3:25:20	3:23:01	3:22:50	3:21:08	3:24:15	3:15:42	3:12:40	3:09:58	Lagtime [600]
G	3.870	3.951	4.061	3.821	3.877	3.838	3.959	3.822	3.994	3.681	4.148	3.915	Max V [600]
	0.982	0.975	0.970	0.970	0.970	0.966	0.964	0.968	0.971	0.976	0.951	0.978	R-Squared [600]
	5:00:36	5:00:36	5:00:36	5:00:36	5:00:36	5:00:36	5:00:36	5:00:36	5:00:36	5:00:36	5:00:36	5:00:36	t at Max V [600]
	3:09:33	3:15:32	3:13:43	3:15:45	3:15:40	3:19:51	3:18:56	3:15:38	3:14:37	3:14:39	3:21:12	3:10:15	Lagtime [600]
H	3.787	4.067	3.869	3.788	3.938	4.002	3.953	3.835	3.833	3.976	3.831	3.749	Max V [600]
	0.979	0.981	0.976	0.973	0.970	0.971	0.970	0.974	0.975	0.983	0.981	0.955	R-Squared [600]
	5:00:36	5:00:36	5:00:36	5:00:36	5:00:36	5:00:36	5:00:36	5:00:36	5:00:36	5:00:36	5:00:36	5:00:36	t at Max V [600]
	2:56:28	3:10:15	3:12:05	3:12:29	3:15:15	3:13:42	3:13:50	3:11:46	3:12:15	3:06:33	3:08:51	2:54:17	Lagtime [600]

