

Software Version	3.10.06



Experiment File Path:	C:\Users\patil-group\Desktop\Sweeteners_stacker\141021_NT5001_02_03_Rep2\NT5001_02_03_Rep2.xpt
Protocol File Path:	C:\Users\Public\Documents\Protocols\Screening-protocol.prt



Plate Number	Plate 11
Date	14/10/2021
Time	13:56:50
Reader Type:	Epoch 2
Reader Serial Number:	2103223
Reading Type	Reader

Procedure Details

Plate Type	96 WELL PLATE
Discontinuous Kinetics	Runtime 1:00:00 (D:HH:MM), Interval 0:01:00, 25 Reads
	Pause after each run
Eject plate on completion	
Set Temperature	Setpoint 37°C, Gradient 0 °C
Shake	Linear: 0:00:30 (HH:MM:SS)
	Frequency: 567 cpm (3 mm)
Read	Absorbance Endpoint
	Full Plate
	Wavelengths:  600
	Read Speed: Normal,  Delay: 100 msec,  Measurements/Data Point: 8

600

Time	T° 600	A1	A2	A3	A4	A5	A6	A7	A8	A9	A10	A11	A12	B1	B2	B3	B4	B5	B6	B7	B8	B9	B10	B11	B12	C1	C2	C3	C4	C5	C6	C7	C8	C9	C10	C11	C12	D1	D2	D3	D4	D5	D6	D7	D8	D9	D10	D11	D12	E1	E2	E3	E4	E5	E6	E7	E8	E9	E10	E11	E12	F1	F2	F3	F4	F5	F6	F7	F8	F9	F10	F11	F12	G1	G2	G3	G4	G5	G6	G7	G8	G9	G10	G11	G12	H1	H2	H3	H4	H5	H6	H7	H8	H9	H10	H11	H12
0:00:34	37.0	0.202	0.189	0.191	0.202	0.193	0.201	0.192	0.197	0.193	0.200	0.195	0.203	0.194	0.191	0.201	0.194	0.199	0.208	0.216	0.189	0.203	0.212	0.210	0.205	0.213	0.202	0.206	0.199	0.196	0.197	0.200	0.203	0.203	0.215	0.211	0.196	0.192	0.199	0.202	0.191	0.208	0.207	0.206	0.201	0.192	0.200	0.207	0.201	0.191	0.207	0.190	0.202	0.206	0.205	0.216	0.219	0.201	0.207	0.203	0.201	0.192	0.202	0.198	0.197	0.211	0.201	0.206	0.209	0.201	0.206	0.224	0.193	0.195	0.196	0.197	0.200	0.194	0.198	0.206	0.197	0.204	0.211	0.205	0.189	0.206	0.201	0.192	0.203	0.199	0.199	0.200	0.201	0.195	0.197	0.200	0.196
1:00:34	37.0	0.218	0.204	0.207	0.218	0.212	0.225	0.209	0.215	0.209	0.216	0.216	0.222	0.211	0.208	0.215	0.213	0.214	0.220	0.229	0.205	0.217	0.224	0.223	0.222	0.231	0.214	0.220	0.215	0.213	0.211	0.220	0.223	0.224	0.234	0.227	0.213	0.211	0.217	0.225	0.213	0.235	0.235	0.221	0.233	0.211	0.215	0.224	0.216	0.208	0.219	0.204	0.216	0.229	0.222	0.237	0.239	0.216	0.219	0.219	0.216	0.207	0.218	0.214	0.211	0.224	0.217	0.218	0.226	0.220	0.219	0.242	0.208	0.210	0.212	0.215	0.212	0.210	0.211	0.229	0.216	0.224	0.226	0.223	0.205	0.222	0.215	0.207	0.217	0.212	0.211	0.213	0.213	0.210	0.214	0.217	0.214
2:00:35	37.1	0.248	0.234	0.235	0.246	0.244	0.261	0.238	0.249	0.240	0.248	0.251	0.256	0.243	0.237	0.243	0.240	0.239	0.244	0.253	0.231	0.243	0.250	0.253	0.253	0.259	0.239	0.244	0.241	0.238	0.234	0.245	0.251	0.251	0.263	0.256	0.245	0.240	0.245	0.257	0.244	0.275	0.271	0.242	0.273	0.239	0.240	0.255	0.245	0.235	0.240	0.227	0.241	0.259	0.251	0.269	0.273	0.241	0.242	0.248	0.246	0.236	0.246	0.242	0.235	0.244	0.245	0.239	0.253	0.248	0.244	0.275	0.238	0.245	0.239	0.243	0.236	0.238	0.235	0.266	0.255	0.258	0.254	0.258	0.235	0.253	0.245	0.236	0.243	0.238	0.237	0.240	0.240	0.238	0.245	0.250	0.248
3:00:35	37.1	0.305	0.288	0.287	0.297	0.299	0.314	0.288	0.307	0.293	0.306	0.310	0.313	0.299	0.292	0.292	0.289	0.286	0.290	0.299	0.280	0.292	0.299	0.306	0.307	0.314	0.288	0.290	0.286	0.282	0.278	0.286	0.297	0.298	0.311	0.306	0.300	0.289	0.289	0.302	0.284	0.316	0.310	0.280	0.313	0.284	0.285	0.303	0.297	0.286	0.285	0.268	0.282	0.302	0.292	0.310	0.311	0.288	0.289	0.299	0.297	0.287	0.295	0.289	0.279	0.282	0.289	0.280	0.297	0.295	0.291	0.324	0.290	0.293	0.291	0.291	0.279	0.286	0.279	0.315	0.305	0.305	0.305	0.313	0.288	0.312	0.301	0.289	0.295	0.287	0.286	0.292	0.291	0.288	0.298	0.305	0.305
4:00:35	37.1	0.408	0.382	0.380	0.387	0.391	0.405	0.381	0.403	0.387	0.403	0.417	0.417	0.402	0.386	0.378	0.376	0.368	0.370	0.378	0.363	0.378	0.386	0.402	0.407	0.407	0.371	0.369	0.362	0.356	0.351	0.357	0.373	0.374	0.392	0.395	0.401	0.370	0.362	0.369	0.350	0.377	0.372	0.344	0.374	0.354	0.355	0.382	0.387	0.372	0.361	0.338	0.345	0.365	0.354	0.374	0.373	0.359	0.366	0.385	0.389	0.373	0.375	0.363	0.349	0.348	0.355	0.347	0.365	0.366	0.366	0.401	0.383	0.382	0.375	0.371	0.355	0.357	0.349	0.389	0.381	0.384	0.391	0.403	0.380	0.419	0.401	0.378	0.383	0.374	0.371	0.382	0.377	0.375	0.389	0.407	0.409
5:00:36	37.0	0.540	0.510	0.510	0.516	0.525	0.544	0.511	0.539	0.515	0.532	0.548	0.543	0.537	0.516	0.507	0.510	0.500	0.499	0.505	0.494	0.506	0.516	0.532	0.534	0.538	0.496	0.491	0.489	0.481	0.475	0.473	0.502	0.505	0.518	0.525	0.531	0.495	0.490	0.494	0.471	0.484	0.486	0.460	0.489	0.475	0.479	0.507	0.510	0.505	0.483	0.460	0.464	0.479	0.470	0.491	0.486	0.482	0.495	0.516	0.521	0.502	0.507	0.484	0.470	0.464	0.474	0.467	0.484	0.490	0.495	0.534	0.511	0.513	0.505	0.501	0.479	0.479	0.476	0.519	0.509	0.510	0.519	0.531	0.506	0.552	0.533	0.507	0.510	0.509	0.505	0.515	0.505	0.499	0.513	0.534	0.536
6:00:36	37.0	0.622	0.602	0.606	0.611	0.618	0.637	0.606	0.629	0.606	0.621	0.628	0.613	0.618	0.614	0.608	0.619	0.609	0.604	0.610	0.600	0.605	0.613	0.622	0.608	0.634	0.599	0.595	0.596	0.596	0.589	0.587	0.612	0.613	0.620	0.624	0.614	0.600	0.602	0.613	0.591	0.613	0.617	0.582	0.610	0.592	0.590	0.609	0.601	0.610	0.589	0.572	0.583	0.603	0.593	0.604	0.598	0.596	0.603	0.614	0.609	0.601	0.618	0.598	0.582	0.575	0.592	0.581	0.598	0.601	0.601	0.630	0.601	0.608	0.613	0.604	0.584	0.592	0.586	0.632	0.617	0.609	0.621	0.623	0.591	0.639	0.631	0.610	0.616	0.617	0.613	0.615	0.603	0.594	0.604	0.612	0.607
7:00:36	37.0	0.660	0.634	0.638	0.640	0.647	0.669	0.636	0.660	0.637	0.653	0.662	0.658	0.657	0.645	0.641	0.654	0.651	0.644	0.648	0.639	0.639	0.647	0.650	0.645	0.665	0.636	0.638	0.642	0.647	0.639	0.640	0.656	0.654	0.654	0.657	0.648	0.638	0.653	0.668	0.647	0.683	0.676	0.647	0.673	0.645	0.638	0.643	0.633	0.644	0.635	0.624	0.644	0.664	0.652	0.657	0.653	0.646	0.648	0.646	0.645	0.634	0.660	0.651	0.640	0.636	0.654	0.641	0.657	0.652	0.647	0.666	0.637	0.641	0.644	0.643	0.624	0.636	0.635	0.669	0.660	0.646	0.654	0.651	0.625	0.676	0.667	0.647	0.651	0.659	0.655	0.650	0.635	0.624	0.632	0.647	0.646
8:00:37	37.0	0.695	0.668	0.669	0.672	0.678	0.702	0.667	0.691	0.671	0.683	0.694	0.694	0.686	0.671	0.669	0.684	0.680	0.675	0.675	0.669	0.667	0.677	0.681	0.680	0.698	0.665	0.664	0.669	0.672	0.668	0.660	0.684	0.682	0.682	0.684	0.682	0.667	0.675	0.693	0.675	0.705	0.704	0.670	0.696	0.673	0.663	0.669	0.667	0.677	0.659	0.653	0.668	0.686	0.676	0.683	0.682	0.672	0.676	0.673	0.678	0.668	0.687	0.670	0.663	0.659	0.676	0.663	0.678	0.677	0.672	0.691	0.671	0.677	0.672	0.670	0.653	0.660	0.661	0.698	0.683	0.672	0.684	0.677	0.658	0.711	0.698	0.678	0.682	0.692	0.689	0.679	0.667	0.655	0.663	0.678	0.680
9:00:37	37.0	0.720	0.694	0.694	0.697	0.703	0.726	0.691	0.713	0.696	0.707	0.716	0.719	0.711	0.695	0.694	0.708	0.705	0.700	0.699	0.692	0.692	0.701	0.706	0.706	0.722	0.689	0.686	0.693	0.696	0.692	0.682	0.708	0.704	0.706	0.709	0.709	0.687	0.700	0.713	0.699	0.727	0.728	0.695	0.719	0.696	0.688	0.693	0.692	0.706	0.682	0.679	0.691	0.711	0.700	0.710	0.708	0.694	0.702	0.697	0.702	0.693	0.710	0.694	0.686	0.682	0.702	0.687	0.701	0.702	0.696	0.711	0.696	0.698	0.695	0.695	0.676	0.681	0.683	0.715	0.706	0.693	0.708	0.700	0.683	0.737	0.725	0.704	0.708	0.717	0.716	0.702	0.691	0.681	0.687	0.701	0.705
10:00:38	37.0	0.738	0.712	0.714	0.718	0.718	0.748	0.711	0.730	0.716	0.725	0.735	0.736	0.729	0.713	0.713	0.727	0.724	0.719	0.720	0.711	0.712	0.720	0.724	0.725	0.740	0.709	0.706	0.712	0.719	0.714	0.702	0.728	0.725	0.724	0.729	0.728	0.708	0.719	0.735	0.718	0.744	0.751	0.717	0.739	0.718	0.709	0.711	0.712	0.724	0.701	0.698	0.711	0.728	0.722	0.735	0.727	0.716	0.719	0.716	0.719	0.714	0.730	0.715	0.705	0.704	0.720	0.707	0.722	0.723	0.716	0.735	0.714	0.718	0.715	0.715	0.698	0.704	0.704	0.737	0.725	0.712	0.726	0.719	0.702	0.755	0.745	0.724	0.727	0.737	0.735	0.722	0.710	0.701	0.708	0.720	0.722
11:00:38	37.0	0.751	0.726	0.726	0.731	0.731	0.761	0.725	0.742	0.730	0.738	0.745	0.746	0.742	0.729	0.727	0.740	0.740	0.735	0.734	0.724	0.727	0.736	0.737	0.738	0.753	0.724	0.722	0.727	0.735	0.730	0.719	0.744	0.741	0.739	0.743	0.741	0.723	0.737	0.752	0.739	0.762	0.771	0.734	0.759	0.734	0.724	0.728	0.727	0.738	0.716	0.716	0.727	0.746	0.739	0.758	0.743	0.732	0.739	0.731	0.733	0.728	0.746	0.733	0.723	0.722	0.737	0.725	0.740	0.740	0.732	0.756	0.727	0.732	0.731	0.729	0.713	0.722	0.721	0.753	0.743	0.725	0.740	0.734	0.716	0.767	0.756	0.739	0.742	0.751	0.751	0.737	0.724	0.715	0.722	0.733	0.734
12:00:38	37.1	0.756	0.733	0.735	0.740	0.739	0.765	0.734	0.750	0.738	0.745	0.750	0.751	0.751	0.738	0.736	0.750	0.750	0.746	0.745	0.734	0.737	0.745	0.747	0.745	0.763	0.735	0.734	0.738	0.746	0.744	0.731	0.756	0.751	0.750	0.754	0.749	0.731	0.749	0.768	0.755	0.779	0.783	0.746	0.777	0.749	0.736	0.742	0.736	0.748	0.727	0.728	0.741	0.763	0.755	0.770	0.754	0.745	0.749	0.742	0.740	0.738	0.757	0.745	0.737	0.734	0.749	0.738	0.756	0.753	0.744	0.766	0.735	0.744	0.740	0.738	0.726	0.737	0.734	0.761	0.756	0.734	0.751	0.742	0.724	0.773	0.765	0.749	0.750	0.759	0.761	0.745	0.734	0.726	0.731	0.742	0.740
13:00:40	37.0	0.760	0.739	0.740	0.746	0.745	0.765	0.739	0.755	0.744	0.749	0.754	0.753	0.756	0.746	0.745	0.758	0.759	0.752	0.751	0.741	0.745	0.750	0.752	0.750	0.767	0.743	0.740	0.748	0.752	0.752	0.739	0.764	0.759	0.757	0.761	0.754	0.736	0.758	0.776	0.761	0.788	0.794	0.757	0.783	0.757	0.744	0.748	0.742	0.753	0.737	0.736	0.751	0.774	0.765	0.777	0.762	0.756	0.759	0.748	0.746	0.744	0.764	0.754	0.747	0.743	0.760	0.746	0.765	0.761	0.752	0.771	0.741	0.743	0.747	0.746	0.736	0.745	0.740	0.771	0.764	0.743	0.755	0.748	0.730	0.779	0.770	0.755	0.756	0.766	0.768	0.752	0.741	0.732	0.738	0.747	0.745
14:00:40	37.0	0.764	0.742	0.743	0.749	0.747	0.766	0.743	0.757	0.747	0.753	0.757	0.756	0.759	0.750	0.749	0.760	0.763	0.757	0.754	0.746	0.749	0.755	0.755	0.752	0.771	0.746	0.745	0.754	0.757	0.757	0.745	0.767	0.765	0.761	0.765	0.757	0.740	0.762	0.780	0.768	0.794	0.799	0.762	0.791	0.761	0.750	0.750	0.746	0.756	0.741	0.742	0.757	0.780	0.770	0.780	0.765	0.760	0.763	0.750	0.749	0.749	0.766	0.758	0.750	0.749	0.764	0.751	0.769	0.765	0.755	0.773	0.744	0.747	0.749	0.750	0.741	0.748	0.746	0.776	0.769	0.749	0.759	0.750	0.734	0.782	0.774	0.760	0.759	0.769	0.772	0.756	0.746	0.736	0.742	0.750	0.747
15:00:41	37.0	0.766	0.745	0.745	0.751	0.747	0.765	0.746	0.759	0.750	0.755	0.759	0.758	0.763	0.753	0.752	0.763	0.767	0.761	0.756	0.750	0.753	0.758	0.758	0.754	0.773	0.748	0.748	0.757	0.761	0.758	0.748	0.771	0.766	0.764	0.768	0.760	0.743	0.763	0.784	0.770	0.798	0.799	0.764	0.792	0.763	0.752	0.752	0.749	0.760	0.744	0.748	0.759	0.783	0.773	0.780	0.766	0.759	0.765	0.751	0.751	0.752	0.767	0.760	0.752	0.753	0.768	0.753	0.770	0.767	0.758	0.773	0.747	0.751	0.750	0.751	0.745	0.750	0.749	0.775	0.767	0.751	0.761	0.751	0.736	0.784	0.778	0.762	0.762	0.772	0.774	0.759	0.749	0.740	0.745	0.754	0.750
16:00:41	37.0	0.766	0.747	0.748	0.753	0.748	0.764	0.749	0.761	0.752	0.758	0.762	0.760	0.765	0.756	0.754	0.766	0.768	0.762	0.758	0.753	0.755	0.761	0.760	0.757	0.776	0.750	0.749	0.758	0.763	0.759	0.750	0.772	0.767	0.765	0.769	0.763	0.745	0.762	0.783	0.769	0.797	0.798	0.764	0.791	0.764	0.753	0.752	0.751	0.762	0.747	0.750	0.760	0.781	0.772	0.781	0.767	0.760	0.768	0.752	0.754	0.755	0.766	0.760	0.753	0.755	0.771	0.753	0.769	0.767	0.760	0.771	0.750	0.751	0.751	0.753	0.750	0.751	0.752	0.775	0.767	0.751	0.762	0.753	0.738	0.786	0.781	0.765	0.765	0.774	0.777	0.762	0.751	0.742	0.748	0.757	0.752
17:00:42	37.0	0.769	0.750	0.751	0.756	0.750	0.765	0.751	0.762	0.754	0.759	0.763	0.762	0.767	0.757	0.757	0.768	0.770	0.764	0.760	0.756	0.757	0.763	0.763	0.759	0.779	0.753	0.752	0.761	0.765	0.762	0.751	0.771	0.768	0.767	0.772	0.765	0.747	0.765	0.782	0.768	0.796	0.797	0.765	0.790	0.764	0.754	0.754	0.754	0.765	0.749	0.752	0.759	0.780	0.771	0.781	0.766	0.760	0.771	0.754	0.756	0.757	0.767	0.760	0.754	0.757	0.768	0.755	0.769	0.766	0.761	0.771	0.752	0.756	0.753	0.755	0.752	0.751	0.754	0.774	0.764	0.754	0.765	0.755	0.741	0.787	0.784	0.769	0.768	0.777	0.780	0.764	0.755	0.745	0.750	0.760	0.753
18:00:42	37.1	0.771	0.753	0.752	0.757	0.753	0.766	0.754	0.765	0.757	0.759	0.765	0.764	0.770	0.760	0.759	0.771	0.773	0.768	0.763	0.758	0.760	0.766	0.765	0.761	0.781	0.756	0.755	0.763	0.767	0.765	0.753	0.773	0.770	0.770	0.774	0.767	0.748	0.766	0.782	0.769	0.796	0.798	0.767	0.789	0.766	0.755	0.755	0.756	0.767	0.751	0.755	0.759	0.776	0.770	0.776	0.767	0.762	0.774	0.756	0.758	0.759	0.769	0.762	0.754	0.760	0.768	0.755	0.769	0.766	0.763	0.768	0.754	0.762	0.755	0.757	0.754	0.751	0.756	0.773	0.765	0.754	0.767	0.756	0.743	0.788	0.784	0.769	0.769	0.779	0.782	0.766	0.757	0.746	0.752	0.762	0.755
19:00:43	37.0	0.775	0.755	0.754	0.760	0.753	0.768	0.754	0.767	0.760	0.763	0.768	0.765	0.773	0.761	0.762	0.773	0.775	0.770	0.764	0.761	0.762	0.768	0.767	0.763	0.783	0.758	0.757	0.765	0.769	0.767	0.755	0.774	0.772	0.772	0.777	0.770	0.751	0.767	0.780	0.770	0.795	0.794	0.768	0.787	0.767	0.757	0.759	0.758	0.768	0.753	0.759	0.760	0.775	0.769	0.776	0.767	0.763	0.776	0.758	0.760	0.761	0.770	0.764	0.758	0.763	0.770	0.758	0.769	0.768	0.765	0.770	0.756	0.758	0.758	0.758	0.757	0.752	0.758	0.774	0.766	0.755	0.769	0.758	0.745	0.791	0.785	0.772	0.772	0.780	0.783	0.769	0.760	0.749	0.753	0.764	0.758
20:00:43	37.0	0.777	0.757	0.758	0.761	0.757	0.768	0.758	0.770	0.762	0.765	0.771	0.767	0.776	0.764	0.764	0.775	0.777	0.772	0.766	0.762	0.763	0.771	0.769	0.765	0.784	0.759	0.760	0.768	0.771	0.769	0.757	0.776	0.773	0.774	0.779	0.771	0.753	0.769	0.782	0.771	0.793	0.797	0.771	0.787	0.769	0.759	0.760	0.760	0.771	0.755	0.761	0.761	0.774	0.770	0.775	0.766	0.765	0.778	0.760	0.762	0.763	0.771	0.765	0.759	0.765	0.773	0.759	0.770	0.768	0.766	0.770	0.758	0.762	0.760	0.761	0.760	0.755	0.760	0.773	0.767	0.758	0.771	0.760	0.748	0.793	0.789	0.773	0.774	0.783	0.786	0.771	0.761	0.750	0.756	0.766	0.759
21:00:43	37.1	0.779	0.760	0.760	0.764	0.760	0.771	0.762	0.773	0.765	0.768	0.773	0.771	0.778	0.767	0.766	0.777	0.780	0.775	0.769	0.766	0.767	0.773	0.772	0.769	0.787	0.763	0.760	0.770	0.773	0.774	0.760	0.777	0.777	0.777	0.782	0.775	0.753	0.772	0.784	0.773	0.795	0.797	0.772	0.788	0.771	0.760	0.762	0.763	0.774	0.758	0.762	0.762	0.776	0.772	0.776	0.764	0.769	0.780	0.764	0.765	0.766	0.771	0.767	0.761	0.766	0.774	0.761	0.771	0.769	0.770	0.772	0.761	0.764	0.761	0.762	0.762	0.756	0.764	0.776	0.767	0.758	0.774	0.763	0.751	0.795	0.792	0.777	0.776	0.786	0.788	0.774	0.765	0.753	0.759	0.769	0.762
22:00:44	37.1	0.780	0.763	0.763	0.766	0.763	0.774	0.763	0.774	0.767	0.770	0.775	0.772	0.780	0.770	0.769	0.781	0.783	0.778	0.772	0.768	0.771	0.776	0.775	0.771	0.789	0.764	0.764	0.772	0.776	0.776	0.762	0.780	0.778	0.778	0.784	0.777	0.756	0.772	0.782	0.776	0.795	0.797	0.772	0.788	0.772	0.764	0.764	0.766	0.776	0.760	0.765	0.763	0.777	0.772	0.775	0.765	0.771	0.782	0.766	0.767	0.768	0.775	0.770	0.764	0.769	0.777	0.765	0.774	0.771	0.770	0.774	0.764	0.771	0.764	0.766	0.764	0.760	0.764	0.776	0.768	0.762	0.775	0.766	0.753	0.798	0.794	0.779	0.779	0.789	0.791	0.775	0.767	0.755	0.762	0.772	0.764
23:00:44	37.0	0.782	0.765	0.765	0.768	0.764	0.776	0.766	0.777	0.769	0.773	0.778	0.773	0.782	0.772	0.772	0.784	0.785	0.779	0.774	0.771	0.773	0.778	0.779	0.772	0.791	0.766	0.765	0.775	0.778	0.777	0.764	0.782	0.781	0.781	0.786	0.779	0.757	0.776	0.785	0.776	0.794	0.796	0.775	0.788	0.773	0.766	0.766	0.767	0.778	0.763	0.767	0.766	0.778	0.773	0.778	0.767	0.772	0.785	0.769	0.768	0.770	0.776	0.772	0.765	0.771	0.779	0.765	0.775	0.773	0.773	0.776	0.765	0.773	0.765	0.768	0.766	0.762	0.767	0.779	0.769	0.763	0.778	0.769	0.754	0.800	0.797	0.780	0.780	0.791	0.793	0.778	0.769	0.757	0.763	0.774	0.765
0:00:00																																																																																																	

Results
	1	2	3	4	5	6	7	8	9	10	11	12
A	1.637	1.595	1.608	1.581	1.623	1.638	1.599	1.655	1.591	1.621	1.651	1.575	Max V [600]
	0.986	0.983	0.982	0.981	0.982	0.980	0.981	0.984	0.984	0.986	0.987	0.986	R-Squared [600]
	4:00:36	4:00:36	4:00:36	4:00:36	4:00:36	4:00:36	4:00:36	4:00:36	4:00:36	4:00:36	4:00:36	4:00:36	t at Max V [600]
	1:44:33	1:46:17	1:48:01	1:48:17	1:43:32	1:39:25	1:47:29	1:42:27	1:45:14	1:43:22	1:38:01	1:37:34	Lagtime [600]
B	1.647	1.628	1.575	1.629	1.617	1.571	1.551	1.592	1.565	1.574	1.606	1.562	Max V [600]
	0.985	0.983	0.978	0.975	0.978	0.977	0.977	0.976	0.978	0.978	0.983	0.985	R-Squared [600]
	4:00:36	4:00:36	4:00:36	4:00:36	5:00:36	5:00:36	5:00:36	5:00:36	4:00:36	4:00:36	4:00:36	4:00:36	t at Max V [600]
	1:43:37	1:46:22	1:50:21	1:50:05	2:04:45	2:06:31	2:05:31	2:00:54	1:51:50	1:52:58	1:47:44	1:41:44	Lagtime [600]
C	1.626	1.547	1.536	1.578	1.618	1.599	1.562	1.594	1.585	1.535	1.593	1.612	Max V [600]
	0.983	0.977	0.981	0.981	0.984	0.984	0.986	0.979	0.977	0.976	0.979	0.985	R-Squared [600]
	4:00:36	4:00:36	5:00:36	5:00:36	5:00:36	5:00:36	5:00:36	5:00:36	5:00:36	4:00:36	4:00:36	4:00:36	t at Max V [600]
	1:47:03	1:53:08	2:04:31	2:05:28	2:09:50	2:11:52	2:08:32	2:01:29	2:00:12	1:46:19	1:48:26	1:42:20	Lagtime [600]
D	1.545	1.611	1.625	1.613	1.620	1.629	1.620	1.593	1.601	1.568	1.521	1.542	Max V [600]
	0.977	0.983	0.984	0.985	0.987	0.984	0.987	0.986	0.985	0.982	0.976	0.983	R-Squared [600]
	5:00:36	5:00:36	5:00:36	5:00:36	5:00:36	5:00:36	5:00:36	5:00:36	5:00:36	5:00:36	4:00:36	4:00:36	t at Max V [600]
	1:55:35	2:06:45	2:04:01	2:08:45	2:03:24	2:05:25	2:22:17	1:58:06	2:06:52	2:09:06	1:46:27	1:46:15	Lagtime [600]
E	1.613	1.547	1.574	1.604	1.606	1.598	1.539	1.516	1.591	1.591	1.580	1.585	Max V [600]
	0.977	0.982	0.984	0.986	0.986	0.985	0.985	0.986	0.983	0.980	0.979	0.981	R-Squared [600]
	4:00:36	5:00:36	5:00:36	5:00:36	5:00:36	5:00:36	5:00:36	5:00:36	5:00:36	5:00:36	4:00:36	4:00:36	t at Max V [600]
	1:49:52	2:09:52	2:13:47	2:17:13	2:08:38	2:13:36	2:04:39	2:05:48	2:08:49	2:09:11	1:48:00	1:46:55	Lagtime [600]
F	1.577	1.621	1.599	1.591	1.559	1.609	1.591	1.585	1.582	1.578	1.534	1.576	Max V [600]
	0.979	0.978	0.986	0.987	0.988	0.987	0.987	0.988	0.984	0.980	0.975	0.983	R-Squared [600]
	4:00:36	5:00:36	5:00:36	5:00:36	5:00:36	5:00:36	5:00:36	5:00:36	5:00:36	5:00:36	4:00:36	4:00:36	t at Max V [600]
	1:48:46	2:02:05	2:06:07	2:12:57	2:20:10	2:11:33	2:18:53	2:09:36	2:03:24	2:06:56	1:44:19	1:46:18	Lagtime [600]
G	1.578	1.603	1.563	1.532	1.559	1.581	1.582	1.575	1.513	1.582	1.581	1.550	Max V [600]
	0.978	0.977	0.976	0.978	0.981	0.982	0.975	0.979	0.975	0.979	0.984	0.984	R-Squared [600]
	4:00:36	4:00:36	5:00:36	5:00:36	5:00:36	5:00:36	5:00:36	5:00:36	4:00:36	4:00:36	4:00:36	4:00:36	t at Max V [600]
	1:45:21	1:50:24	1:58:02	2:08:01	2:03:31	2:11:44	1:51:38	1:51:23	1:42:23	1:49:38	1:41:05	1:44:06	Lagtime [600]
H	1.686	1.673	1.609	1.602	1.644	1.635	1.621	1.565	1.537	1.555	1.589	1.582	Max V [600]
	0.986	0.984	0.981	0.980	0.977	0.977	0.979	0.979	0.981	0.984	0.986	0.986	R-Squared [600]
	4:00:36	4:00:36	4:00:36	4:00:36	5:00:36	5:00:36	4:00:36	4:00:36	4:00:36	4:00:36	4:00:36	4:00:36	t at Max V [600]
	1:44:37	1:48:02	1:48:35	1:51:37	2:04:16	2:04:43	1:51:27	1:51:20	1:47:46	1:43:51	1:41:06	1:38:27	Lagtime [600]

