

Software Version	3.10.06



Experiment File Path:	C:\Users\patil-group\Desktop\Sweeteners_stacker\141021_NT5001_02_03_Rep2\NT5001_02_03_Rep2.xpt
Protocol File Path:	C:\Users\Public\Documents\Protocols\Screening-protocol.prt



Plate Number	Plate 8
Date	14/10/2021
Time	13:51:10
Reader Type:	Epoch 2
Reader Serial Number:	2103223
Reading Type	Reader

Procedure Details

Plate Type	96 WELL PLATE
Discontinuous Kinetics	Runtime 1:00:00 (D:HH:MM), Interval 0:01:00, 25 Reads
	Pause after each run
Eject plate on completion	
Set Temperature	Setpoint 37°C, Gradient 0 °C
Shake	Linear: 0:00:30 (HH:MM:SS)
	Frequency: 567 cpm (3 mm)
Read	Absorbance Endpoint
	Full Plate
	Wavelengths:  600
	Read Speed: Normal,  Delay: 100 msec,  Measurements/Data Point: 8

600

Time	T° 600	A1	A2	A3	A4	A5	A6	A7	A8	A9	A10	A11	A12	B1	B2	B3	B4	B5	B6	B7	B8	B9	B10	B11	B12	C1	C2	C3	C4	C5	C6	C7	C8	C9	C10	C11	C12	D1	D2	D3	D4	D5	D6	D7	D8	D9	D10	D11	D12	E1	E2	E3	E4	E5	E6	E7	E8	E9	E10	E11	E12	F1	F2	F3	F4	F5	F6	F7	F8	F9	F10	F11	F12	G1	G2	G3	G4	G5	G6	G7	G8	G9	G10	G11	G12	H1	H2	H3	H4	H5	H6	H7	H8	H9	H10	H11	H12
0:00:34	37.0	0.191	0.181	0.190	0.186	0.184	0.187	0.189	0.181	0.187	0.199	0.196	0.195	0.191	0.200	0.195	0.184	0.183	0.184	0.192	0.196	0.188	0.193	0.198	0.197	0.188	0.184	0.190	0.181	0.198	0.191	0.193	0.187	0.181	0.200	0.191	0.192	0.192	0.186	0.204	0.187	0.195	0.189	0.192	0.196	0.196	0.199	0.197	0.194	0.194	0.185	0.211	0.183	0.194	0.195	0.187	0.186	0.194	0.195	0.201	0.208	0.187	0.189	0.196	0.191	0.206	0.195	0.194	0.199	0.194	0.198	0.199	0.207	0.194	0.190	0.189	0.184	0.194	0.198	0.200	0.191	0.194	0.200	0.199	0.201	0.186	0.191	0.187	0.183	0.185	0.191	0.190	0.184	0.186	0.198	0.188	0.192
1:00:34	37.1	0.205	0.195	0.202	0.201	0.200	0.207	0.201	0.194	0.204	0.212	0.210	0.209	0.205	0.213	0.205	0.195	0.198	0.197	0.205	0.210	0.200	0.204	0.211	0.212	0.203	0.207	0.209	0.196	0.213	0.207	0.212	0.212	0.198	0.216	0.206	0.210	0.208	0.202	0.224	0.206	0.212	0.209	0.212	0.211	0.209	0.212	0.210	0.208	0.207	0.201	0.225	0.207	0.213	0.212	0.199	0.199	0.210	0.206	0.212	0.219	0.203	0.204	0.207	0.203	0.222	0.204	0.218	0.208	0.206	0.211	0.212	0.221	0.213	0.212	0.205	0.200	0.211	0.211	0.214	0.208	0.211	0.214	0.214	0.216	0.203	0.207	0.203	0.200	0.198	0.202	0.201	0.208	0.201	0.211	0.202	0.207
2:00:35	37.0	0.235	0.223	0.227	0.226	0.226	0.233	0.224	0.218	0.232	0.238	0.237	0.237	0.234	0.239	0.231	0.219	0.221	0.220	0.231	0.233	0.224	0.228	0.236	0.241	0.228	0.228	0.235	0.217	0.235	0.228	0.241	0.247	0.227	0.247	0.232	0.238	0.236	0.229	0.255	0.238	0.240	0.240	0.242	0.235	0.234	0.234	0.236	0.239	0.233	0.231	0.251	0.239	0.240	0.241	0.217	0.220	0.236	0.226	0.232	0.243	0.228	0.229	0.230	0.222	0.248	0.226	0.251	0.229	0.227	0.236	0.237	0.248	0.245	0.249	0.232	0.227	0.241	0.238	0.240	0.236	0.242	0.241	0.243	0.246	0.235	0.236	0.229	0.227	0.225	0.227	0.224	0.240	0.228	0.237	0.230	0.237
3:00:35	37.1	0.288	0.274	0.275	0.273	0.273	0.279	0.270	0.266	0.282	0.289	0.290	0.286	0.288	0.289	0.276	0.264	0.265	0.263	0.276	0.280	0.270	0.276	0.285	0.291	0.277	0.275	0.277	0.258	0.273	0.266	0.279	0.289	0.268	0.290	0.282	0.289	0.287	0.276	0.301	0.284	0.283	0.289	0.287	0.279	0.277	0.278	0.285	0.291	0.281	0.280	0.295	0.279	0.282	0.283	0.252	0.253	0.277	0.269	0.273	0.288	0.274	0.273	0.272	0.258	0.293	0.266	0.291	0.270	0.270	0.280	0.284	0.297	0.301	0.309	0.283	0.277	0.291	0.287	0.289	0.289	0.290	0.292	0.298	0.300	0.288	0.287	0.280	0.278	0.273	0.274	0.269	0.291	0.276	0.284	0.279	0.288
4:00:35	37.1	0.366	0.345	0.342	0.338	0.343	0.350	0.340	0.332	0.349	0.361	0.366	0.360	0.372	0.364	0.344	0.330	0.332	0.326	0.342	0.345	0.339	0.349	0.362	0.368	0.349	0.342	0.338	0.316	0.329	0.323	0.338	0.342	0.324	0.348	0.351	0.360	0.367	0.351	0.373	0.350	0.345	0.353	0.354	0.347	0.346	0.349	0.361	0.375	0.355	0.348	0.355	0.341	0.338	0.338	0.306	0.301	0.339	0.327	0.334	0.352	0.340	0.337	0.332	0.317	0.348	0.326	0.345	0.332	0.331	0.343	0.351	0.369	0.386	0.389	0.366	0.352	0.366	0.362	0.367	0.369	0.366	0.375	0.387	0.385	0.371	0.365	0.356	0.349	0.347	0.347	0.338	0.362	0.350	0.350	0.356	0.372
5:00:36	37.0	0.477	0.454	0.446	0.441	0.451	0.458	0.442	0.432	0.449	0.464	0.473	0.469	0.486	0.471	0.448	0.433	0.437	0.423	0.445	0.450	0.445	0.456	0.469	0.475	0.455	0.448	0.436	0.405	0.418	0.406	0.432	0.431	0.416	0.450	0.454	0.470	0.484	0.467	0.502	0.467	0.450	0.467	0.466	0.451	0.459	0.458	0.475	0.491	0.470	0.456	0.458	0.437	0.431	0.425	0.376	0.363	0.435	0.422	0.429	0.451	0.444	0.433	0.428	0.403	0.440	0.418	0.431	0.426	0.427	0.442	0.450	0.472	0.509	0.517	0.496	0.479	0.484	0.486	0.496	0.505	0.494	0.499	0.512	0.507	0.483	0.477	0.467	0.453	0.458	0.454	0.444	0.471	0.461	0.450	0.462	0.481
6:00:36	37.0	0.577	0.555	0.545	0.539	0.554	0.560	0.542	0.526	0.546	0.561	0.569	0.565	0.587	0.570	0.547	0.533	0.539	0.521	0.549	0.554	0.545	0.555	0.566	0.570	0.559	0.552	0.540	0.503	0.518	0.508	0.540	0.543	0.513	0.551	0.552	0.569	0.585	0.572	0.612	0.580	0.561	0.590	0.579	0.556	0.565	0.561	0.574	0.585	0.574	0.562	0.564	0.551	0.539	0.534	0.465	0.444	0.535	0.518	0.523	0.546	0.544	0.532	0.532	0.503	0.543	0.517	0.534	0.524	0.526	0.543	0.544	0.567	0.615	0.625	0.601	0.587	0.593	0.598	0.612	0.626	0.601	0.607	0.612	0.601	0.577	0.574	0.565	0.552	0.560	0.552	0.541	0.565	0.560	0.543	0.553	0.571
7:00:36	37.0	0.610	0.593	0.588	0.583	0.603	0.608	0.587	0.569	0.590	0.595	0.601	0.599	0.617	0.613	0.597	0.591	0.600	0.591	0.613	0.612	0.602	0.600	0.600	0.599	0.606	0.617	0.611	0.583	0.598	0.594	0.614	0.614	0.589	0.614	0.604	0.611	0.624	0.625	0.662	0.642	0.630	0.658	0.652	0.627	0.631	0.618	0.619	0.620	0.621	0.623	0.632	0.624	0.613	0.613	0.537	0.502	0.611	0.592	0.576	0.584	0.600	0.601	0.605	0.581	0.615	0.595	0.607	0.599	0.599	0.613	0.595	0.610	0.651	0.668	0.648	0.640	0.646	0.654	0.668	0.686	0.648	0.653	0.646	0.637	0.609	0.606	0.606	0.600	0.606	0.597	0.587	0.599	0.600	0.578	0.583	0.605
8:00:37	37.0	0.637	0.620	0.611	0.606	0.625	0.630	0.610	0.590	0.610	0.617	0.625	0.633	0.645	0.634	0.620	0.610	0.619	0.607	0.628	0.628	0.621	0.624	0.627	0.630	0.629	0.632	0.625	0.599	0.613	0.608	0.628	0.630	0.605	0.627	0.621	0.637	0.653	0.649	0.685	0.663	0.649	0.682	0.671	0.645	0.655	0.642	0.642	0.652	0.651	0.638	0.647	0.640	0.629	0.630	0.559	0.526	0.625	0.605	0.600	0.613	0.620	0.614	0.616	0.599	0.628	0.610	0.622	0.616	0.614	0.630	0.618	0.640	0.680	0.691	0.673	0.665	0.668	0.677	0.693	0.712	0.675	0.678	0.675	0.672	0.640	0.635	0.630	0.623	0.633	0.624	0.611	0.620	0.626	0.602	0.611	0.636
9:00:37	37.0	0.664	0.646	0.635	0.629	0.649	0.654	0.634	0.613	0.634	0.641	0.651	0.660	0.669	0.658	0.643	0.632	0.643	0.628	0.650	0.651	0.644	0.647	0.650	0.655	0.654	0.654	0.645	0.618	0.634	0.626	0.648	0.651	0.623	0.647	0.640	0.658	0.679	0.670	0.711	0.687	0.671	0.703	0.694	0.668	0.679	0.669	0.665	0.676	0.677	0.661	0.667	0.661	0.651	0.649	0.583	0.555	0.646	0.627	0.621	0.640	0.644	0.635	0.635	0.617	0.646	0.630	0.642	0.638	0.635	0.651	0.640	0.664	0.705	0.714	0.697	0.688	0.693	0.700	0.715	0.737	0.701	0.701	0.700	0.698	0.667	0.660	0.654	0.650	0.658	0.648	0.634	0.643	0.651	0.626	0.635	0.660
10:00:37	37.0	0.681	0.664	0.655	0.649	0.668	0.674	0.653	0.632	0.651	0.658	0.667	0.679	0.687	0.677	0.663	0.652	0.663	0.648	0.669	0.669	0.665	0.667	0.668	0.673	0.673	0.673	0.665	0.639	0.651	0.646	0.668	0.669	0.640	0.670	0.661	0.676	0.700	0.689	0.733	0.710	0.692	0.727	0.715	0.689	0.698	0.688	0.686	0.697	0.697	0.682	0.689	0.684	0.670	0.669	0.607	0.574	0.668	0.647	0.640	0.658	0.663	0.655	0.655	0.637	0.666	0.648	0.658	0.656	0.656	0.673	0.658	0.682	0.724	0.740	0.717	0.710	0.715	0.722	0.739	0.759	0.724	0.721	0.720	0.718	0.685	0.679	0.674	0.669	0.678	0.668	0.654	0.660	0.671	0.647	0.653	0.679
11:00:37	37.0	0.694	0.677	0.666	0.663	0.681	0.686	0.668	0.646	0.667	0.675	0.681	0.690	0.700	0.691	0.679	0.668	0.679	0.664	0.686	0.685	0.680	0.683	0.680	0.686	0.688	0.688	0.682	0.656	0.668	0.663	0.686	0.688	0.658	0.687	0.675	0.687	0.714	0.707	0.750	0.731	0.712	0.744	0.732	0.704	0.714	0.704	0.702	0.710	0.712	0.700	0.709	0.701	0.690	0.689	0.624	0.583	0.686	0.662	0.654	0.671	0.680	0.672	0.673	0.654	0.685	0.664	0.674	0.671	0.670	0.687	0.672	0.694	0.739	0.755	0.734	0.727	0.733	0.739	0.756	0.778	0.742	0.736	0.734	0.730	0.698	0.694	0.689	0.683	0.693	0.682	0.670	0.673	0.687	0.661	0.666	0.690
12:00:38	37.0	0.702	0.685	0.675	0.670	0.688	0.694	0.679	0.655	0.676	0.685	0.689	0.697	0.709	0.701	0.691	0.678	0.690	0.675	0.697	0.697	0.696	0.695	0.690	0.695	0.697	0.697	0.694	0.668	0.681	0.677	0.701	0.703	0.670	0.700	0.684	0.693	0.724	0.718	0.762	0.745	0.726	0.759	0.747	0.717	0.726	0.715	0.714	0.719	0.722	0.712	0.721	0.715	0.701	0.705	0.635	0.589	0.698	0.675	0.665	0.680	0.689	0.683	0.685	0.667	0.698	0.677	0.688	0.684	0.682	0.702	0.681	0.703	0.745	0.764	0.745	0.737	0.746	0.751	0.768	0.788	0.755	0.748	0.744	0.738	0.705	0.702	0.697	0.692	0.704	0.692	0.679	0.684	0.696	0.672	0.674	0.698
13:00:40	37.0	0.706	0.690	0.680	0.678	0.693	0.698	0.685	0.661	0.681	0.690	0.694	0.700	0.715	0.707	0.698	0.687	0.699	0.684	0.703	0.704	0.699	0.702	0.695	0.699	0.704	0.705	0.702	0.676	0.690	0.685	0.709	0.710	0.679	0.706	0.691	0.698	0.731	0.728	0.768	0.752	0.737	0.768	0.754	0.726	0.735	0.723	0.722	0.725	0.730	0.719	0.728	0.724	0.712	0.716	0.643	0.592	0.706	0.684	0.672	0.685	0.694	0.690	0.694	0.675	0.707	0.685	0.701	0.692	0.690	0.707	0.688	0.707	0.749	0.771	0.751	0.745	0.754	0.759	0.775	0.798	0.761	0.754	0.750	0.743	0.710	0.708	0.704	0.698	0.711	0.699	0.685	0.688	0.703	0.677	0.680	0.702
14:00:40	37.0	0.708	0.694	0.685	0.681	0.696	0.700	0.689	0.665	0.684	0.695	0.697	0.701	0.719	0.712	0.703	0.693	0.704	0.689	0.706	0.708	0.704	0.707	0.698	0.703	0.708	0.708	0.703	0.683	0.695	0.690	0.713	0.716	0.683	0.709	0.695	0.701	0.735	0.732	0.770	0.755	0.742	0.770	0.759	0.731	0.737	0.728	0.728	0.729	0.734	0.722	0.732	0.727	0.716	0.720	0.647	0.590	0.711	0.691	0.677	0.689	0.698	0.695	0.698	0.679	0.712	0.691	0.707	0.697	0.696	0.713	0.692	0.711	0.749	0.774	0.753	0.746	0.756	0.762	0.778	0.801	0.762	0.757	0.755	0.746	0.713	0.712	0.708	0.701	0.715	0.703	0.690	0.688	0.708	0.681	0.684	0.705
15:00:40	37.0	0.710	0.696	0.687	0.684	0.699	0.703	0.692	0.668	0.687	0.697	0.699	0.703	0.722	0.716	0.706	0.696	0.708	0.693	0.708	0.711	0.707	0.710	0.701	0.704	0.709	0.709	0.703	0.686	0.697	0.694	0.715	0.717	0.685	0.709	0.697	0.702	0.740	0.737	0.772	0.756	0.743	0.771	0.760	0.732	0.740	0.732	0.730	0.731	0.738	0.725	0.732	0.728	0.721	0.721	0.650	0.586	0.713	0.693	0.680	0.691	0.702	0.697	0.700	0.682	0.715	0.693	0.709	0.700	0.701	0.714	0.695	0.714	0.751	0.776	0.755	0.748	0.758	0.763	0.780	0.803	0.763	0.759	0.757	0.749	0.716	0.715	0.711	0.704	0.718	0.706	0.693	0.688	0.711	0.684	0.687	0.707
16:00:41	37.0	0.713	0.698	0.689	0.684	0.699	0.702	0.694	0.670	0.689	0.698	0.701	0.704	0.725	0.718	0.709	0.699	0.711	0.696	0.709	0.713	0.710	0.713	0.703	0.706	0.712	0.711	0.705	0.689	0.698	0.695	0.716	0.717	0.687	0.709	0.698	0.703	0.742	0.739	0.771	0.755	0.744	0.768	0.760	0.734	0.742	0.735	0.732	0.733	0.741	0.724	0.731	0.729	0.721	0.721	0.651	0.582	0.715	0.696	0.683	0.696	0.705	0.699	0.701	0.684	0.714	0.695	0.710	0.703	0.704	0.716	0.698	0.715	0.750	0.774	0.756	0.748	0.759	0.765	0.780	0.803	0.762	0.761	0.760	0.751	0.718	0.718	0.713	0.706	0.720	0.708	0.697	0.687	0.713	0.687	0.689	0.708
17:00:41	37.1	0.714	0.699	0.691	0.687	0.700	0.704	0.695	0.672	0.690	0.700	0.701	0.704	0.726	0.722	0.712	0.701	0.713	0.698	0.712	0.715	0.712	0.715	0.706	0.707	0.714	0.712	0.706	0.692	0.700	0.699	0.716	0.717	0.688	0.709	0.701	0.704	0.745	0.743	0.772	0.757	0.745	0.768	0.759	0.736	0.743	0.737	0.735	0.735	0.744	0.725	0.731	0.726	0.723	0.723	0.651	0.577	0.716	0.699	0.685	0.693	0.705	0.702	0.703	0.685	0.714	0.696	0.709	0.704	0.707	0.718	0.701	0.717	0.754	0.774	0.756	0.749	0.759	0.765	0.780	0.804	0.762	0.763	0.762	0.753	0.718	0.720	0.714	0.707	0.723	0.711	0.699	0.689	0.715	0.688	0.691	0.708
18:00:42	37.0	0.717	0.703	0.694	0.688	0.703	0.707	0.697	0.673	0.692	0.701	0.703	0.706	0.729	0.724	0.714	0.704	0.715	0.702	0.713	0.718	0.715	0.718	0.707	0.708	0.717	0.713	0.709	0.693	0.701	0.700	0.717	0.717	0.691	0.709	0.703	0.705	0.746	0.744	0.771	0.755	0.746	0.766	0.759	0.739	0.745	0.739	0.737	0.737	0.745	0.726	0.730	0.729	0.723	0.723	0.650	0.574	0.718	0.701	0.685	0.694	0.706	0.704	0.705	0.689	0.713	0.699	0.708	0.706	0.710	0.720	0.703	0.718	0.753	0.772	0.759	0.750	0.758	0.765	0.780	0.803	0.763	0.765	0.765	0.755	0.719	0.721	0.715	0.707	0.724	0.713	0.701	0.690	0.717	0.689	0.690	0.710
19:00:43	37.0	0.718	0.703	0.694	0.689	0.704	0.708	0.697	0.673	0.693	0.702	0.704	0.706	0.731	0.726	0.715	0.705	0.717	0.702	0.715	0.718	0.715	0.717	0.708	0.709	0.718	0.715	0.710	0.696	0.702	0.700	0.717	0.716	0.692	0.709	0.703	0.706	0.747	0.747	0.772	0.756	0.747	0.767	0.758	0.740	0.747	0.741	0.738	0.738	0.744	0.726	0.731	0.729	0.724	0.723	0.647	0.573	0.720	0.703	0.686	0.695	0.708	0.705	0.706	0.691	0.713	0.701	0.707	0.708	0.712	0.722	0.703	0.719	0.756	0.771	0.761	0.753	0.758	0.768	0.781	0.804	0.765	0.768	0.767	0.758	0.721	0.723	0.716	0.710	0.725	0.713	0.700	0.691	0.718	0.690	0.693	0.712
20:00:43	37.0	0.719	0.704	0.695	0.689	0.706	0.709	0.699	0.675	0.693	0.704	0.705	0.706	0.732	0.726	0.716	0.706	0.716	0.705	0.716	0.720	0.717	0.720	0.710	0.710	0.720	0.718	0.711	0.698	0.703	0.703	0.718	0.716	0.694	0.710	0.704	0.707	0.749	0.749	0.775	0.757	0.747	0.765	0.759	0.742	0.748	0.743	0.739	0.740	0.747	0.727	0.732	0.728	0.723	0.723	0.644	0.574	0.720	0.703	0.688	0.696	0.709	0.706	0.706	0.690	0.714	0.701	0.707	0.708	0.714	0.722	0.705	0.720	0.756	0.772	0.763	0.755	0.759	0.768	0.783	0.806	0.765	0.771	0.769	0.759	0.723	0.723	0.718	0.711	0.727	0.714	0.702	0.692	0.720	0.691	0.695	0.713
21:00:43	37.0	0.720	0.706	0.697	0.690	0.707	0.711	0.701	0.675	0.695	0.705	0.707	0.707	0.736	0.728	0.718	0.708	0.721	0.706	0.718	0.722	0.720	0.723	0.712	0.712	0.721	0.718	0.714	0.700	0.705	0.705	0.720	0.718	0.695	0.710	0.706	0.708	0.752	0.751	0.774	0.756	0.749	0.768	0.760	0.745	0.750	0.743	0.742	0.741	0.749	0.726	0.731	0.728	0.724	0.723	0.641	0.574	0.722	0.706	0.690	0.698	0.710	0.706	0.707	0.692	0.713	0.702	0.706	0.710	0.715	0.722	0.706	0.722	0.757	0.774	0.764	0.756	0.757	0.769	0.785	0.807	0.766	0.772	0.771	0.761	0.724	0.726	0.720	0.712	0.729	0.715	0.704	0.694	0.723	0.693	0.696	0.714
22:00:43	37.1	0.719	0.708	0.696	0.693	0.708	0.711	0.701	0.677	0.697	0.706	0.708	0.706	0.738	0.731	0.719	0.711	0.721	0.708	0.719	0.723	0.721	0.725	0.714	0.713	0.724	0.720	0.714	0.700	0.706	0.705	0.722	0.717	0.696	0.713	0.707	0.708	0.754	0.754	0.775	0.759	0.748	0.768	0.762	0.746	0.752	0.747	0.743	0.745	0.752	0.729	0.731	0.730	0.725	0.725	0.639	0.576	0.723	0.707	0.691	0.698	0.711	0.708	0.708	0.694	0.714	0.703	0.708	0.711	0.716	0.723	0.707	0.722	0.760	0.774	0.767	0.759	0.758	0.772	0.788	0.811	0.769	0.775	0.775	0.763	0.725	0.728	0.722	0.714	0.731	0.718	0.706	0.695	0.724	0.694	0.698	0.715
23:00:44	37.1	0.719	0.708	0.698	0.692	0.709	0.712	0.702	0.677	0.697	0.707	0.708	0.706	0.740	0.733	0.721	0.711	0.723	0.710	0.721	0.724	0.721	0.727	0.716	0.714	0.724	0.722	0.715	0.701	0.706	0.707	0.724	0.718	0.697	0.712	0.708	0.709	0.756	0.756	0.777	0.761	0.750	0.772	0.764	0.747	0.754	0.749	0.745	0.744	0.753	0.730	0.731	0.730	0.726	0.727	0.637	0.576	0.725	0.709	0.691	0.699	0.712	0.709	0.709	0.696	0.715	0.705	0.708	0.713	0.717	0.725	0.708	0.723	0.761	0.775	0.769	0.761	0.760	0.774	0.790	0.812	0.771	0.777	0.777	0.764	0.726	0.729	0.723	0.715	0.732	0.720	0.708	0.696	0.725	0.697	0.698	0.715
0:00:00																																																																																																	

Results
	1	2	3	4	5	6	7	8	9	10	11	12
A	1.455	1.414	1.383	1.367	1.453	1.445	1.395	1.333	1.354	1.370	1.411	1.398	Max V [600]
	0.983	0.981	0.985	0.985	0.987	0.987	0.987	0.986	0.986	0.983	0.984	0.981	R-Squared [600]
	4:00:36	5:00:36	5:00:36	5:00:36	5:00:36	5:00:36	5:00:36	5:00:36	5:00:36	4:00:36	4:00:36	4:00:36	t at Max V [600]
	1:44:28	1:54:00	2:00:10	1:59:05	2:01:00	1:57:57	2:03:38	1:57:56	1:51:37	1:46:33	1:44:50	1:45:56	Lagtime [600]
B	1.506	1.425	1.409	1.428	1.463	1.417	1.466	1.453	1.451	1.424	1.408	1.403	Max V [600]
	0.984	0.985	0.989	0.991	0.992	0.995	0.992	0.990	0.991	0.986	0.982	0.983	R-Squared [600]
	4:00:36	5:00:36	5:00:36	5:00:36	5:00:36	5:00:36	5:00:36	5:00:36	5:00:36	5:00:36	4:00:36	4:00:36	t at Max V [600]
	1:46:01	1:56:50	2:04:44	2:08:10	2:08:42	2:10:21	2:08:14	2:07:06	2:06:23	2:01:59	1:48:50	1:43:58	Lagtime [600]
C	1.450	1.490	1.453	1.396	1.399	1.402	1.452	1.417	1.387	1.418	1.407	1.423	Max V [600]
	0.987	0.992	0.993	0.994	0.992	0.992	0.991	0.988	0.993	0.991	0.990	0.984	R-Squared [600]
	5:00:36	5:00:36	5:00:36	5:00:36	5:00:36	5:00:36	5:00:36	5:00:36	5:00:36	5:00:36	5:00:36	5:00:36	t at Max V [600]
	2:00:22	2:04:32	2:08:34	2:14:39	2:16:36	2:18:00	2:10:30	1:59:24	2:07:01	2:03:30	1:57:39	1:52:20	Lagtime [600]
D	1.490	1.533	1.602	1.576	1.517	1.625	1.589	1.510	1.544	1.486	1.464	1.489	Max V [600]
	0.980	0.988	0.982	0.989	0.991	0.988	0.992	0.994	0.992	0.990	0.984	0.984	R-Squared [600]
	4:00:36	5:00:36	5:00:36	5:00:36	5:00:36	5:00:36	5:00:36	5:00:36	5:00:36	5:00:36	5:00:36	4:00:36	t at Max V [600]
	1:46:25	2:03:18	2:01:59	2:04:30	2:10:11	2:06:48	2:07:14	2:11:08	2:12:11	2:09:52	1:59:09	1:44:55	Lagtime [600]
E	1.497	1.498	1.473	1.499	1.439	1.429	1.216	1.068	1.440	1.397	1.324	1.310	Max V [600]
	0.984	0.991	0.991	0.991	0.990	0.989	0.993	0.993	0.994	0.994	0.991	0.983	R-Squared [600]
	5:00:36	5:00:36	5:00:36	5:00:36	5:00:36	5:00:36	5:00:36	5:00:36	5:00:36	5:00:36	5:00:36	5:00:36	t at Max V [600]
	2:02:27	2:01:00	2:11:00	2:05:01	2:08:53	2:09:54	2:15:40	2:05:29	2:09:53	2:15:08	2:09:53	2:00:10	Lagtime [600]
F	1.424	1.416	1.442	1.388	1.400	1.415	1.368	1.419	1.420	1.443	1.359	1.370	Max V [600]
	0.991	0.995	0.993	0.993	0.992	0.995	0.991	0.995	0.994	0.994	0.990	0.985	R-Squared [600]
	5:00:36	5:00:36	5:00:36	5:00:36	5:00:36	5:00:36	5:00:36	5:00:36	5:00:36	5:00:36	5:00:36	5:00:36	t at Max V [600]
	2:02:45	2:06:47	2:15:49	2:21:06	2:07:42	2:18:37	1:59:25	2:17:38	2:14:26	2:09:52	1:59:42	1:53:47	Lagtime [600]
G	1.581	1.597	1.609	1.601	1.563	1.615	1.672	1.751	1.587	1.591	1.587	1.530	Max V [600]
	0.982	0.981	0.981	0.985	0.987	0.987	0.986	0.986	0.981	0.983	0.983	0.984	R-Squared [600]
	4:00:36	4:00:36	5:00:36	5:00:36	5:00:36	5:00:36	5:00:36	5:00:36	5:00:36	5:00:36	4:00:36	4:00:36	t at Max V [600]
	1:43:27	1:37:53	2:00:38	2:03:44	1:59:54	2:07:53	2:09:10	2:07:09	2:00:40	2:01:13	1:47:10	1:45:12	Lagtime [600]
H	1.467	1.444	1.434	1.412	1.467	1.420	1.400	1.384	1.428	1.303	1.380	1.435	Max V [600]
	0.986	0.982	0.982	0.988	0.985	0.985	0.986	0.981	0.982	0.981	0.984	0.986	R-Squared [600]
	4:00:36	4:00:36	5:00:36	5:00:36	5:00:36	5:00:36	5:00:36	4:00:36	5:00:36	5:00:36	4:00:36	4:00:36	t at Max V [600]
	1:40:49	1:44:11	1:53:40	1:54:05	2:00:35	2:02:09	2:04:42	1:34:58	1:56:13	1:53:49	1:44:45	1:42:12	Lagtime [600]

