

Software Version	3.10.06



Experiment File Path:	C:\Users\patil-group\Desktop\Sweeteners_stacker\141021_NT5001_02_03_Rep2\NT5001_02_03_Rep2.xpt
Protocol File Path:	C:\Users\Public\Documents\Protocols\Screening-protocol.prt



Plate Number	Plate 10
Date	14/10/2021
Time	13:54:56
Reader Type:	Epoch 2
Reader Serial Number:	2103223
Reading Type	Reader

Procedure Details

Plate Type	96 WELL PLATE
Discontinuous Kinetics	Runtime 1:00:00 (D:HH:MM), Interval 0:01:00, 25 Reads
	Pause after each run
Eject plate on completion	
Set Temperature	Setpoint 37°C, Gradient 0 °C
Shake	Linear: 0:00:30 (HH:MM:SS)
	Frequency: 567 cpm (3 mm)
Read	Absorbance Endpoint
	Full Plate
	Wavelengths:  600
	Read Speed: Normal,  Delay: 100 msec,  Measurements/Data Point: 8

600

Time	T° 600	A1	A2	A3	A4	A5	A6	A7	A8	A9	A10	A11	A12	B1	B2	B3	B4	B5	B6	B7	B8	B9	B10	B11	B12	C1	C2	C3	C4	C5	C6	C7	C8	C9	C10	C11	C12	D1	D2	D3	D4	D5	D6	D7	D8	D9	D10	D11	D12	E1	E2	E3	E4	E5	E6	E7	E8	E9	E10	E11	E12	F1	F2	F3	F4	F5	F6	F7	F8	F9	F10	F11	F12	G1	G2	G3	G4	G5	G6	G7	G8	G9	G10	G11	G12	H1	H2	H3	H4	H5	H6	H7	H8	H9	H10	H11	H12
0:00:34	37.0	0.188	0.186	0.185	0.183	0.182	0.189	0.193	0.188	0.189	0.188	0.190	0.196	0.188	0.188	0.196	0.187	0.188	0.196	0.185	0.201	0.211	0.193	0.190	0.196	0.191	0.186	0.200	0.185	0.195	0.190	0.189	0.199	0.196	0.199	0.196	0.189	0.185	0.192	0.188	0.206	0.193	0.186	0.193	0.186	0.199	0.196	0.193	0.188	0.180	0.189	0.193	0.197	0.192	0.196	0.191	0.198	0.200	0.205	0.201	0.194	0.184	0.190	0.187	0.178	0.202	0.201	0.201	0.198	0.195	0.190	0.196	0.194	0.184	0.193	0.185	0.182	0.186	0.339	0.198	0.190	0.200	0.206	0.199	0.194	0.177	0.181	0.187	0.179	0.186	0.262	0.205	0.179	0.182	0.191	0.190	0.208
1:00:34	37.1	0.201	0.198	0.199	0.196	0.194	0.202	0.205	0.200	0.203	0.204	0.205	0.212	0.202	0.200	0.205	0.197	0.196	0.208	0.196	0.214	0.223	0.204	0.202	0.211	0.204	0.199	0.211	0.199	0.207	0.203	0.204	0.212	0.209	0.211	0.208	0.202	0.199	0.202	0.199	0.217	0.209	0.199	0.208	0.200	0.212	0.207	0.206	0.201	0.194	0.202	0.206	0.211	0.203	0.213	0.203	0.213	0.213	0.216	0.215	0.208	0.196	0.201	0.201	0.190	0.214	0.211	0.213	0.212	0.207	0.201	0.207	0.207	0.197	0.198	0.197	0.193	0.197	0.315	0.207	0.202	0.217	0.218	0.208	0.206	0.193	0.199	0.200	0.196	0.195	0.256	0.211	0.192	0.192	0.201	0.201	0.220
2:00:35	37.0	0.227	0.222	0.222	0.218	0.216	0.224	0.227	0.224	0.230	0.232	0.235	0.242	0.227	0.222	0.225	0.217	0.214	0.229	0.215	0.237	0.246	0.227	0.227	0.240	0.227	0.222	0.234	0.222	0.233	0.226	0.228	0.238	0.231	0.234	0.232	0.229	0.222	0.223	0.220	0.241	0.237	0.219	0.235	0.225	0.238	0.229	0.231	0.226	0.218	0.225	0.231	0.238	0.223	0.244	0.224	0.240	0.237	0.236	0.240	0.233	0.220	0.222	0.227	0.211	0.238	0.231	0.239	0.239	0.229	0.223	0.232	0.235	0.220	0.219	0.219	0.212	0.215	0.297	0.226	0.223	0.248	0.243	0.230	0.229	0.220	0.225	0.225	0.222	0.216	0.265	0.228	0.211	0.210	0.221	0.222	0.242
3:00:35	37.1	0.272	0.264	0.265	0.258	0.257	0.268	0.269	0.269	0.276	0.279	0.287	0.292	0.271	0.264	0.264	0.255	0.250	0.269	0.253	0.284	0.287	0.270	0.273	0.289	0.269	0.263	0.275	0.261	0.273	0.267	0.268	0.279	0.272	0.273	0.276	0.274	0.265	0.263	0.257	0.282	0.276	0.257	0.274	0.270	0.278	0.267	0.275	0.271	0.261	0.265	0.274	0.280	0.258	0.287	0.261	0.277	0.279	0.275	0.283	0.278	0.262	0.264	0.275	0.248	0.280	0.268	0.283	0.282	0.270	0.263	0.278	0.282	0.263	0.259	0.259	0.247	0.251	0.299	0.265	0.267	0.296	0.287	0.269	0.269	0.269	0.275	0.270	0.269	0.261	0.295	0.263	0.249	0.241	0.258	0.262	0.282
4:00:35	37.1	0.339	0.329	0.328	0.319	0.318	0.332	0.330	0.337	0.347	0.351	0.373	0.602	0.336	0.323	0.320	0.310	0.306	0.322	0.310	0.346	0.347	0.333	0.387	0.359	0.328	0.321	0.330	0.315	0.323	0.317	0.322	0.331	0.325	0.364	0.333	0.330	0.327	0.320	0.313	0.333	0.325	0.310	0.325	0.325	0.329	0.330	0.491	0.388	0.324	0.324	0.334	0.335	0.310	0.338	0.310	0.315	0.336	0.334	0.597	0.397	0.325	0.325	0.338	0.303	0.332	0.322	0.336	0.334	0.328	0.320	0.670	0.493	0.316	0.324	0.321	0.300	0.307	0.330	0.321	0.324	0.352	0.349	0.322	0.389	0.327	0.331	0.326	0.331	0.321	0.353	0.319	0.302	0.289	0.312	0.317	0.336
5:00:36	37.0	0.451	0.438	0.436	0.423	0.424	0.447	0.437	0.452	0.466	0.470	0.501	0.629	0.445	0.426	0.414	0.400	0.397	0.403	0.403	0.446	0.447	0.437	0.515	0.471	0.432	0.417	0.416	0.396	0.397	0.391	0.404	0.411	0.408	0.451	0.431	0.445	0.437	0.419	0.404	0.415	0.405	0.388	0.403	0.409	0.410	0.406	0.428	0.435	0.430	0.424	0.423	0.417	0.392	0.414	0.368	0.361	0.429	0.430	0.594	0.484	0.427	0.420	0.431	0.392	0.413	0.410	0.413	0.420	0.420	0.423	0.674	0.527	0.430	0.424	0.412	0.383	0.389	0.400	0.404	0.412	0.444	0.449	0.404	0.476	0.431	0.431	0.426	0.426	0.415	0.441	0.403	0.387	0.356	0.398	0.410	0.431
6:00:36	37.0	0.553	0.543	0.541	0.529	0.532	0.557	0.541	0.559	0.569	0.573	0.594	0.640	0.552	0.532	0.520	0.505	0.503	0.507	0.508	0.548	0.548	0.539	0.622	0.571	0.540	0.525	0.521	0.499	0.500	0.492	0.508	0.513	0.508	0.540	0.527	0.546	0.542	0.526	0.513	0.519	0.510	0.495	0.509	0.516	0.509	0.505	0.529	0.533	0.533	0.528	0.526	0.522	0.497	0.517	0.455	0.430	0.536	0.531	0.623	0.577	0.527	0.526	0.534	0.497	0.518	0.518	0.521	0.524	0.526	0.530	0.692	0.596	0.535	0.533	0.522	0.484	0.491	0.499	0.510	0.517	0.544	0.554	0.500	0.568	0.524	0.537	0.522	0.522	0.508	0.539	0.505	0.489	0.444	0.496	0.506	0.526
7:00:36	37.0	0.605	0.601	0.604	0.598	0.603	0.619	0.603	0.616	0.622	0.618	0.635	0.651	0.613	0.607	0.599	0.591	0.589	0.595	0.593	0.622	0.615	0.607	0.671	0.610	0.609	0.608	0.607	0.586	0.587	0.578	0.594	0.596	0.592	0.602	0.587	0.593	0.603	0.605	0.598	0.607	0.600	0.586	0.598	0.604	0.596	0.588	0.591	0.582	0.596	0.600	0.604	0.606	0.584	0.604	0.528	0.484	0.620	0.610	0.641	0.614	0.590	0.605	0.612	0.582	0.604	0.605	0.605	0.610	0.612	0.609	0.698	0.627	0.596	0.609	0.603	0.569	0.575	0.584	0.602	0.606	0.625	0.629	0.579	0.614	0.553	0.572	0.567	0.575	0.559	0.593	0.585	0.573	0.527	0.577	0.576	0.591
8:00:37	37.0	0.639	0.635	0.634	0.629	0.635	0.657	0.638	0.652	0.656	0.654	0.670	0.679	0.644	0.636	0.627	0.622	0.624	0.626	0.625	0.647	0.641	0.636	0.689	0.639	0.643	0.634	0.636	0.620	0.629	0.621	0.628	0.629	0.620	0.616	0.611	0.622	0.631	0.630	0.630	0.645	0.641	0.631	0.637	0.643	0.635	0.618	0.614	0.610	0.624	0.626	0.635	0.645	0.628	0.646	0.563	0.509	0.652	0.637	0.643	0.639	0.614	0.626	0.640	0.615	0.642	0.641	0.647	0.646	0.643	0.638	0.688	0.656	0.620	0.638	0.628	0.603	0.608	0.623	0.642	0.641	0.652	0.653	0.604	0.636	0.575	0.593	0.583	0.587	0.575	0.606	0.615	0.607	0.567	0.607	0.605	0.621
9:00:37	37.0	0.665	0.660	0.660	0.656	0.663	0.683	0.665	0.680	0.683	0.682	0.696	0.700	0.672	0.662	0.653	0.648	0.650	0.652	0.650	0.670	0.666	0.660	0.707	0.662	0.669	0.658	0.660	0.646	0.654	0.644	0.656	0.653	0.644	0.631	0.633	0.645	0.656	0.653	0.655	0.670	0.669	0.657	0.662	0.668	0.657	0.642	0.635	0.634	0.646	0.648	0.655	0.670	0.651	0.671	0.590	0.532	0.678	0.663	0.656	0.662	0.636	0.644	0.662	0.636	0.669	0.668	0.670	0.671	0.668	0.664	0.688	0.674	0.644	0.659	0.649	0.626	0.631	0.648	0.666	0.666	0.674	0.677	0.630	0.662	0.598	0.618	0.605	0.609	0.597	0.629	0.640	0.631	0.586	0.629	0.629	0.646
10:00:37	37.0	0.683	0.678	0.679	0.675	0.681	0.703	0.685	0.700	0.703	0.701	0.712	0.710	0.691	0.683	0.672	0.669	0.672	0.672	0.671	0.689	0.686	0.681	0.719	0.677	0.690	0.679	0.679	0.667	0.675	0.666	0.675	0.672	0.663	0.648	0.651	0.663	0.676	0.672	0.677	0.693	0.690	0.678	0.681	0.687	0.677	0.660	0.653	0.651	0.663	0.663	0.672	0.691	0.676	0.693	0.612	0.551	0.696	0.684	0.668	0.677	0.654	0.663	0.680	0.656	0.688	0.690	0.688	0.690	0.687	0.686	0.693	0.690	0.663	0.675	0.667	0.646	0.651	0.670	0.687	0.686	0.693	0.695	0.651	0.676	0.616	0.636	0.624	0.629	0.616	0.657	0.659	0.650	0.606	0.651	0.648	0.666
11:00:37	37.0	0.694	0.690	0.692	0.688	0.694	0.715	0.698	0.712	0.715	0.714	0.723	0.720	0.704	0.697	0.687	0.684	0.688	0.687	0.686	0.703	0.700	0.696	0.713	0.688	0.705	0.692	0.693	0.681	0.689	0.681	0.690	0.687	0.678	0.663	0.662	0.675	0.690	0.686	0.692	0.706	0.706	0.695	0.698	0.702	0.692	0.675	0.666	0.664	0.680	0.680	0.686	0.704	0.692	0.706	0.628	0.563	0.710	0.698	0.683	0.687	0.666	0.678	0.695	0.668	0.702	0.705	0.704	0.704	0.700	0.702	0.700	0.703	0.676	0.693	0.679	0.661	0.667	0.685	0.703	0.701	0.706	0.709	0.665	0.688	0.629	0.650	0.640	0.643	0.632	0.672	0.673	0.665	0.621	0.670	0.661	0.678
12:00:38	37.1	0.702	0.698	0.700	0.696	0.703	0.722	0.706	0.720	0.723	0.722	0.731	0.725	0.714	0.707	0.697	0.695	0.698	0.696	0.696	0.711	0.711	0.706	0.717	0.695	0.714	0.700	0.702	0.691	0.698	0.690	0.701	0.696	0.688	0.674	0.669	0.683	0.702	0.698	0.705	0.715	0.717	0.706	0.706	0.712	0.703	0.684	0.675	0.674	0.692	0.690	0.695	0.715	0.702	0.716	0.640	0.571	0.720	0.710	0.691	0.694	0.674	0.686	0.703	0.680	0.713	0.716	0.712	0.714	0.711	0.714	0.706	0.708	0.686	0.704	0.688	0.671	0.678	0.695	0.714	0.711	0.716	0.720	0.675	0.694	0.636	0.659	0.650	0.652	0.643	0.674	0.684	0.675	0.633	0.674	0.671	0.687
13:00:39	37.0	0.707	0.704	0.706	0.703	0.708	0.727	0.712	0.725	0.728	0.727	0.735	0.730	0.720	0.715	0.704	0.703	0.706	0.703	0.703	0.718	0.718	0.714	0.729	0.701	0.720	0.705	0.708	0.699	0.704	0.696	0.708	0.702	0.694	0.681	0.674	0.688	0.710	0.703	0.713	0.721	0.725	0.713	0.712	0.719	0.709	0.691	0.680	0.680	0.698	0.698	0.701	0.721	0.712	0.723	0.648	0.574	0.727	0.718	0.696	0.695	0.680	0.687	0.708	0.686	0.719	0.725	0.720	0.720	0.720	0.722	0.710	0.709	0.691	0.711	0.691	0.678	0.685	0.703	0.721	0.718	0.720	0.731	0.681	0.697	0.643	0.665	0.657	0.658	0.649	0.677	0.691	0.682	0.640	0.681	0.677	0.692
14:00:40	37.0	0.712	0.707	0.710	0.706	0.711	0.731	0.716	0.729	0.733	0.730	0.740	0.731	0.725	0.719	0.709	0.709	0.711	0.707	0.709	0.723	0.722	0.718	0.733	0.704	0.725	0.711	0.712	0.704	0.709	0.701	0.713	0.707	0.699	0.686	0.678	0.692	0.716	0.707	0.720	0.726	0.731	0.719	0.717	0.724	0.713	0.696	0.685	0.685	0.704	0.704	0.708	0.726	0.718	0.726	0.653	0.573	0.734	0.723	0.696	0.695	0.685	0.692	0.712	0.692	0.722	0.730	0.723	0.724	0.725	0.727	0.710	0.712	0.696	0.716	0.696	0.682	0.690	0.708	0.725	0.724	0.723	0.735	0.686	0.695	0.648	0.670	0.662	0.661	0.654	0.679	0.696	0.687	0.644	0.686	0.683	0.695
15:00:40	37.0	0.714	0.710	0.713	0.710	0.714	0.735	0.719	0.732	0.734	0.733	0.742	0.733	0.728	0.723	0.713	0.712	0.715	0.711	0.713	0.726	0.726	0.722	0.735	0.707	0.729	0.715	0.716	0.707	0.712	0.705	0.717	0.711	0.703	0.690	0.680	0.694	0.721	0.711	0.724	0.730	0.734	0.723	0.721	0.727	0.717	0.699	0.688	0.688	0.707	0.708	0.709	0.728	0.723	0.730	0.654	0.569	0.737	0.728	0.695	0.696	0.687	0.695	0.713	0.696	0.727	0.735	0.726	0.726	0.730	0.732	0.708	0.710	0.699	0.720	0.698	0.685	0.693	0.711	0.730	0.728	0.726	0.737	0.690	0.693	0.651	0.674	0.666	0.662	0.656	0.680	0.699	0.691	0.649	0.688	0.685	0.697
16:00:40	37.0	0.717	0.712	0.716	0.711	0.717	0.738	0.722	0.733	0.738	0.735	0.744	0.736	0.730	0.725	0.715	0.716	0.719	0.713	0.717	0.728	0.728	0.725	0.735	0.711	0.731	0.717	0.718	0.710	0.715	0.708	0.720	0.714	0.705	0.693	0.681	0.697	0.725	0.715	0.728	0.732	0.737	0.727	0.724	0.729	0.719	0.701	0.690	0.691	0.711	0.712	0.711	0.730	0.726	0.733	0.655	0.562	0.741	0.731	0.695	0.698	0.691	0.699	0.715	0.698	0.729	0.738	0.728	0.729	0.733	0.736	0.710	0.710	0.702	0.723	0.699	0.688	0.695	0.715	0.732	0.730	0.728	0.741	0.691	0.693	0.654	0.677	0.669	0.664	0.660	0.681	0.702	0.692	0.651	0.690	0.685	0.700
17:00:41	37.1	0.718	0.715	0.715	0.712	0.716	0.739	0.723	0.734	0.740	0.737	0.747	0.738	0.732	0.727	0.717	0.718	0.721	0.715	0.719	0.730	0.731	0.727	0.736	0.713	0.733	0.720	0.721	0.713	0.716	0.709	0.723	0.714	0.707	0.696	0.683	0.699	0.728	0.718	0.731	0.733	0.740	0.728	0.726	0.731	0.722	0.705	0.692	0.694	0.715	0.714	0.712	0.731	0.729	0.736	0.651	0.554	0.742	0.734	0.696	0.698	0.694	0.700	0.717	0.701	0.733	0.742	0.730	0.731	0.736	0.739	0.711	0.711	0.705	0.726	0.699	0.690	0.697	0.718	0.735	0.733	0.729	0.743	0.691	0.691	0.656	0.680	0.671	0.665	0.661	0.683	0.702	0.694	0.652	0.692	0.687	0.701
18:00:42	37.1	0.720	0.715	0.716	0.713	0.719	0.740	0.724	0.737	0.741	0.739	0.748	0.740	0.733	0.728	0.719	0.719	0.723	0.715	0.720	0.731	0.731	0.729	0.736	0.714	0.733	0.720	0.722	0.714	0.717	0.711	0.723	0.716	0.706	0.698	0.684	0.700	0.731	0.719	0.732	0.735	0.742	0.731	0.727	0.733	0.722	0.706	0.694	0.695	0.717	0.715	0.713	0.735	0.732	0.736	0.647	0.546	0.746	0.736	0.696	0.696	0.696	0.703	0.717	0.703	0.733	0.744	0.733	0.732	0.739	0.741	0.712	0.713	0.707	0.729	0.699	0.691	0.700	0.719	0.737	0.733	0.729	0.744	0.691	0.693	0.658	0.682	0.673	0.665	0.662	0.686	0.703	0.694	0.653	0.693	0.688	0.702
19:00:43	37.0	0.722	0.718	0.718	0.715	0.719	0.742	0.726	0.738	0.743	0.741	0.751	0.742	0.735	0.729	0.719	0.720	0.724	0.715	0.721	0.732	0.733	0.730	0.738	0.716	0.735	0.723	0.722	0.715	0.718	0.711	0.724	0.716	0.709	0.700	0.686	0.702	0.732	0.722	0.735	0.737	0.743	0.732	0.728	0.734	0.723	0.706	0.696	0.697	0.717	0.717	0.715	0.737	0.732	0.736	0.642	0.541	0.746	0.736	0.698	0.695	0.698	0.704	0.719	0.705	0.734	0.745	0.733	0.733	0.740	0.743	0.711	0.715	0.708	0.730	0.701	0.692	0.700	0.720	0.736	0.735	0.730	0.745	0.694	0.693	0.659	0.684	0.675	0.666	0.663	0.684	0.704	0.696	0.654	0.693	0.689	0.703
20:00:42	37.0	0.724	0.719	0.721	0.716	0.721	0.744	0.727	0.740	0.745	0.742	0.754	0.744	0.736	0.731	0.720	0.720	0.724	0.717	0.722	0.732	0.734	0.732	0.740	0.717	0.738	0.725	0.722	0.716	0.718	0.711	0.724	0.718	0.710	0.701	0.688	0.703	0.734	0.722	0.736	0.737	0.744	0.733	0.729	0.735	0.725	0.707	0.698	0.700	0.719	0.718	0.716	0.738	0.734	0.737	0.638	0.541	0.748	0.738	0.698	0.697	0.698	0.705	0.719	0.707	0.736	0.748	0.733	0.734	0.741	0.745	0.713	0.721	0.708	0.733	0.702	0.692	0.702	0.721	0.739	0.737	0.732	0.746	0.691	0.693	0.659	0.684	0.676	0.666	0.663	0.684	0.705	0.696	0.654	0.694	0.690	0.703
21:00:43	37.1	0.725	0.720	0.722	0.717	0.722	0.745	0.728	0.741	0.746	0.744	0.756	0.746	0.737	0.732	0.721	0.721	0.726	0.718	0.724	0.733	0.736	0.733	0.740	0.719	0.738	0.725	0.724	0.717	0.720	0.713	0.726	0.719	0.711	0.703	0.689	0.704	0.737	0.725	0.736	0.737	0.744	0.734	0.730	0.737	0.726	0.708	0.699	0.701	0.721	0.721	0.717	0.738	0.736	0.738	0.633	0.542	0.750	0.740	0.701	0.753	0.700	0.707	0.720	0.707	0.736	0.746	0.733	0.734	0.742	0.746	0.716	0.747	0.710	0.734	0.703	0.693	0.702	0.723	0.740	0.738	0.732	0.747	0.691	0.692	0.660	0.684	0.678	0.667	0.664	0.686	0.706	0.698	0.655	0.695	0.691	0.703
22:00:43	37.1	0.726	0.720	0.724	0.718	0.722	0.747	0.729	0.743	0.748	0.746	0.758	0.748	0.739	0.734	0.722	0.722	0.728	0.719	0.725	0.735	0.738	0.734	0.741	0.720	0.740	0.727	0.724	0.718	0.720	0.714	0.727	0.720	0.713	0.705	0.691	0.706	0.738	0.726	0.739	0.739	0.746	0.735	0.731	0.737	0.728	0.709	0.701	0.703	0.723	0.723	0.717	0.740	0.736	0.739	0.630	0.543	0.751	0.741	0.704	0.743	0.702	0.708	0.722	0.709	0.737	0.747	0.735	0.736	0.743	0.748	0.720	0.744	0.713	0.735	0.704	0.693	0.702	0.724	0.741	0.739	0.733	0.749	0.692	0.693	0.662	0.687	0.680	0.668	0.667	0.688	0.708	0.698	0.656	0.696	0.692	0.703
23:00:44	37.0	0.725	0.720	0.725	0.719	0.723	0.749	0.730	0.744	0.749	0.747	0.759	0.749	0.739	0.734	0.723	0.723	0.729	0.720	0.726	0.736	0.738	0.735	0.742	0.721	0.740	0.727	0.726	0.717	0.721	0.715	0.728	0.721	0.713	0.706	0.692	0.706	0.739	0.727	0.740	0.739	0.747	0.736	0.732	0.738	0.726	0.710	0.701	0.704	0.725	0.724	0.718	0.740	0.738	0.739	0.629	0.545	0.752	0.742	0.705	0.737	0.703	0.710	0.723	0.710	0.737	0.748	0.736	0.737	0.744	0.749	0.723	0.741	0.714	0.736	0.705	0.694	0.704	0.723	0.742	0.740	0.734	0.750	0.692	0.694	0.663	0.689	0.680	0.669	0.667	0.690	0.708	0.699	0.657	0.697	0.693	0.703
0:00:00																																																																																																	

Results
	1	2	3	4	5	6	7	8	9	10	11	12
A	1.466	1.478	1.487	1.485	1.510	1.545	1.467	1.530	1.522	1.499	1.551	1.989	Max V [600]
	0.987	0.989	0.990	0.992	0.991	0.988	0.990	0.988	0.986	0.983	0.981	0.863	R-Squared [600]
	5:00:36	5:00:36	5:00:36	5:00:36	5:00:36	5:00:36	5:00:36	5:00:36	5:00:36	5:00:36	4:00:36	3:00:35	t at Max V [600]
	2:06:18	2:12:00	2:12:50	2:17:15	2:18:27	2:15:12	2:14:40	2:11:37	2:05:12	2:00:26	1:46:10	1:20:06	Lagtime [600]
B	1.500	1.490	1.451	1.445	1.457	1.395	1.462	1.464	1.428	1.467	1.720	1.422	Max V [600]
	0.990	0.992	0.992	0.991	0.991	0.988	0.992	0.994	0.992	0.992	0.980	0.980	R-Squared [600]
	5:00:36	5:00:36	5:00:36	5:00:36	5:00:36	5:00:36	5:00:36	5:00:36	5:00:36	5:00:36	4:00:36	5:00:36	t at Max V [600]
	2:10:08	2:17:43	2:23:34	2:24:48	2:28:42	2:20:55	2:24:15	2:11:10	2:14:02	2:13:53	1:56:01	1:55:01	Lagtime [600]
C	1.484	1.491	1.425	1.388	1.344	1.329	1.398	1.361	1.370	1.387	1.363	1.424	Max V [600]
	0.991	0.992	0.990	0.989	0.986	0.987	0.989	0.989	0.990	0.996	0.991	0.981	R-Squared [600]
	5:00:36	5:00:36	5:00:36	5:00:36	5:00:36	5:00:36	5:00:36	5:00:36	5:00:36	5:00:36	5:00:36	5:00:36	t at Max V [600]
	2:15:50	2:19:26	2:19:25	2:17:46	2:15:50	2:15:42	2:15:48	2:13:46	2:16:13	2:02:38	2:08:04	2:05:35	Lagtime [600]
D	1.485	1.485	1.468	1.392	1.391	1.401	1.383	1.433	1.360	1.360	1.248	1.297	Max V [600]
	0.990	0.992	0.990	0.988	0.985	0.986	0.986	0.989	0.989	0.994	0.809	0.982	R-Squared [600]
	5:00:36	5:00:36	5:00:36	5:00:36	5:00:36	5:00:36	5:00:36	5:00:36	5:00:36	5:00:36	4:00:36	4:00:36	t at Max V [600]
	2:12:40	2:22:39	2:24:23	2:18:46	2:15:03	2:22:44	2:15:22	2:14:05	2:14:30	2:16:30	1:22:04	1:39:43	Lagtime [600]
E	1.467	1.458	1.419	1.399	1.397	1.357	1.130	0.881	1.469	1.447	1.858	1.490	Max V [600]
	0.991	0.992	0.993	0.989	0.988	0.986	0.989	0.989	0.991	0.993	0.836	0.987	R-Squared [600]
	5:00:36	5:00:36	5:00:36	5:00:36	5:00:36	5:00:36	5:00:36	5:00:36	5:00:36	5:00:36	3:00:35	4:00:36	t at Max V [600]
	2:11:05	2:16:38	2:11:49	2:12:43	2:25:57	2:06:22	2:09:27	1:41:05	2:16:51	2:20:56	1:21:06	1:46:32	Lagtime [600]
F	1.428	1.471	1.453	1.437	1.388	1.451	1.383	1.409	1.472	1.505	2.286	1.612	Max V [600]
	0.992	0.993	0.994	0.991	0.988	0.989	0.987	0.989	0.992	0.992	0.826	0.927	R-Squared [600]
	5:00:36	5:00:36	5:00:36	5:00:36	5:00:36	5:00:36	5:00:36	5:00:36	5:00:36	5:00:36	3:00:35	4:00:36	t at Max V [600]
	2:10:38	2:18:49	2:07:59	2:23:13	2:16:36	2:26:17	2:13:32	2:12:50	2:20:04	2:21:49	1:25:50	1:36:06	Lagtime [600]
G	1.475	1.514	1.484	1.379	1.390	1.283	1.440	1.451	1.416	1.482	1.331	1.476	Max V [600]
	0.985	0.994	0.993	0.990	0.991	0.983	0.989	0.991	0.992	0.993	0.991	0.984	R-Squared [600]
	5:00:36	5:00:36	5:00:36	5:00:36	5:00:36	6:00:36	5:00:36	5:00:36	5:00:36	5:00:36	5:00:36	4:00:36	t at Max V [600]
	2:15:35	2:23:51	2:19:46	2:24:42	2:24:43	4:05:21	2:26:19	2:18:50	2:02:35	2:13:32	2:18:07	1:50:18	Lagtime [600]
H	1.282	1.334	1.316	1.341	1.306	1.302	1.382	1.393	1.211	1.369	1.361	1.347	Max V [600]
	0.976	0.978	0.985	0.991	0.990	0.991	0.992	0.990	0.987	0.992	0.993	0.992	R-Squared [600]
	4:00:36	5:00:36	5:00:36	5:00:36	5:00:36	5:00:36	5:00:36	5:00:36	6:00:36	5:00:36	5:00:36	5:00:36	t at Max V [600]
	1:42:39	1:54:56	2:01:55	1:57:20	2:07:23	2:40:42	2:29:03	2:22:22	2:30:13	2:21:34	2:16:09	2:13:41	Lagtime [600]

