

Software Version	3.10.06



Experiment File Path:	C:\Users\patil-group\Desktop\Sweeteners_stacker\141021_NT5001_02_03_Rep2\NT5001_02_03_Rep2.xpt
Protocol File Path:	C:\Users\Public\Documents\Protocols\Screening-protocol.prt



Plate Number	Plate 9
Date	14/10/2021
Time	13:53:03
Reader Type:	Epoch 2
Reader Serial Number:	2103223
Reading Type	Reader

Procedure Details

Plate Type	96 WELL PLATE
Discontinuous Kinetics	Runtime 1:00:00 (D:HH:MM), Interval 0:01:00, 25 Reads
	Pause after each run
Eject plate on completion	
Set Temperature	Setpoint 37°C, Gradient 0 °C
Shake	Linear: 0:00:30 (HH:MM:SS)
	Frequency: 567 cpm (3 mm)
Read	Absorbance Endpoint
	Full Plate
	Wavelengths:  600
	Read Speed: Normal,  Delay: 100 msec,  Measurements/Data Point: 8

600

Time	T° 600	A1	A2	A3	A4	A5	A6	A7	A8	A9	A10	A11	A12	B1	B2	B3	B4	B5	B6	B7	B8	B9	B10	B11	B12	C1	C2	C3	C4	C5	C6	C7	C8	C9	C10	C11	C12	D1	D2	D3	D4	D5	D6	D7	D8	D9	D10	D11	D12	E1	E2	E3	E4	E5	E6	E7	E8	E9	E10	E11	E12	F1	F2	F3	F4	F5	F6	F7	F8	F9	F10	F11	F12	G1	G2	G3	G4	G5	G6	G7	G8	G9	G10	G11	G12	H1	H2	H3	H4	H5	H6	H7	H8	H9	H10	H11	H12
0:00:34	37.0	0.200	0.193	0.197	0.194	0.192	0.198	0.190	0.199	0.190	0.197	0.193	0.211	0.192	0.194	0.188	0.184	0.201	0.196	0.207	0.191	0.193	0.196	0.205	0.197	0.205	0.191	0.192	0.189	0.194	0.205	0.205	0.197	0.192	0.206	0.204	0.202	0.196	0.214	0.199	0.198	0.203	0.199	0.202	0.202	0.201	0.204	0.208	0.196	0.198	0.206	0.199	0.197	0.211	0.204	0.215	0.209	0.198	0.213	0.209	0.203	0.207	0.203	0.192	0.194	0.197	0.200	0.201	0.209	0.196	0.203	0.207	0.204	0.212	0.200	0.202	0.200	0.203	0.199	0.208	0.203	0.194	0.203	0.206	0.191	0.190	0.190	0.203	0.191	0.195	0.191	0.196	0.200	0.200	0.197	0.195	0.204
1:00:34	37.1	0.215	0.209	0.218	0.215	0.209	0.223	0.205	0.222	0.206	0.232	0.213	0.228	0.208	0.210	0.205	0.200	0.211	0.211	0.220	0.206	0.206	0.208	0.220	0.213	0.222	0.204	0.205	0.202	0.208	0.218	0.218	0.214	0.205	0.222	0.217	0.216	0.211	0.234	0.217	0.222	0.225	0.221	0.217	0.225	0.222	0.219	0.230	0.213	0.217	0.218	0.214	0.221	0.230	0.222	0.237	0.229	0.220	0.229	0.226	0.220	0.222	0.217	0.211	0.208	0.212	0.213	0.210	0.225	0.208	0.220	0.221	0.219	0.227	0.214	0.213	0.209	0.220	0.210	0.219	0.216	0.207	0.215	0.219	0.206	0.209	0.206	0.219	0.205	0.210	0.201	0.204	0.211	0.216	0.215	0.212	0.222
2:00:35	37.0	0.246	0.238	0.254	0.246	0.240	0.260	0.232	0.261	0.236	0.269	0.248	0.262	0.237	0.237	0.230	0.227	0.233	0.238	0.246	0.232	0.231	0.234	0.249	0.243	0.247	0.230	0.229	0.224	0.233	0.241	0.240	0.242	0.228	0.249	0.242	0.245	0.241	0.262	0.248	0.259	0.256	0.254	0.243	0.258	0.252	0.245	0.261	0.243	0.248	0.241	0.239	0.254	0.260	0.251	0.267	0.258	0.242	0.259	0.255	0.251	0.249	0.242	0.237	0.231	0.240	0.237	0.231	0.253	0.232	0.250	0.248	0.249	0.256	0.241	0.238	0.233	0.250	0.235	0.245	0.241	0.231	0.248	0.253	0.236	0.243	0.252	0.248	0.256	0.239	0.229	0.228	0.240	0.243	0.247	0.246	0.262
3:00:34	37.1	0.303	0.294	0.313	0.306	0.295	0.319	0.284	0.319	0.290	0.329	0.309	0.320	0.289	0.289	0.279	0.276	0.279	0.286	0.295	0.281	0.280	0.284	0.303	0.297	0.297	0.279	0.277	0.266	0.278	0.285	0.283	0.287	0.270	0.295	0.294	0.296	0.292	0.310	0.294	0.304	0.300	0.302	0.290	0.300	0.302	0.293	0.314	0.296	0.301	0.286	0.286	0.305	0.306	0.302	0.313	0.305	0.290	0.313	0.308	0.306	0.300	0.291	0.284	0.274	0.286	0.280	0.274	0.298	0.277	0.303	0.301	0.302	0.310	0.298	0.293	0.282	0.306	0.290	0.301	0.297	0.290	0.311	0.318	0.289	0.300	0.292	0.300	0.282	0.292	0.277	0.277	0.289	0.293	0.301	0.304	0.312
4:00:35	37.1	0.400	0.389	0.410	0.401	0.385	0.415	0.367	0.415	0.381	0.424	0.414	0.422	0.381	0.369	0.356	0.360	0.358	0.367	0.368	0.361	0.362	0.364	0.394	0.383	0.375	0.350	0.345	0.334	0.346	0.352	0.350	0.349	0.336	0.361	0.369	0.377	0.380	0.386	0.371	0.370	0.359	0.366	0.361	0.360	0.368	0.368	0.393	0.383	0.395	0.358	0.363	0.379	0.371	0.374	0.379	0.375	0.363	0.395	0.398	0.400	0.385	0.372	0.358	0.345	0.354	0.351	0.342	0.365	0.351	0.382	0.382	0.388	0.403	0.388	0.379	0.363	0.386	0.367	0.383	0.372	0.368	0.397	0.410	0.376	0.401	0.383	0.388	0.362	0.383	0.363	0.361	0.375	0.385	0.400	0.416	0.420
5:00:35	37.0	0.527	0.512	0.547	0.533	0.508	0.554	0.486	0.545	0.500	0.546	0.540	0.541	0.514	0.489	0.472	0.493	0.481	0.491	0.487	0.481	0.481	0.481	0.509	0.500	0.492	0.460	0.449	0.439	0.450	0.457	0.451	0.449	0.436	0.471	0.477	0.490	0.504	0.513	0.505	0.499	0.474	0.491	0.485	0.463	0.488	0.489	0.518	0.502	0.540	0.474	0.493	0.507	0.488	0.506	0.500	0.503	0.491	0.530	0.528	0.522	0.512	0.499	0.478	0.464	0.472	0.479	0.455	0.480	0.469	0.504	0.495	0.508	0.530	0.521	0.515	0.490	0.514	0.498	0.518	0.500	0.497	0.524	0.537	0.499	0.532	0.504	0.510	0.480	0.513	0.492	0.488	0.504	0.521	0.530	0.553	0.554
6:00:36	37.0	0.617	0.611	0.639	0.632	0.609	0.648	0.588	0.632	0.594	0.630	0.621	0.617	0.606	0.591	0.576	0.600	0.587	0.598	0.593	0.584	0.584	0.581	0.602	0.594	0.597	0.562	0.554	0.541	0.552	0.560	0.554	0.557	0.535	0.570	0.577	0.588	0.608	0.619	0.621	0.615	0.589	0.620	0.598	0.579	0.603	0.597	0.615	0.601	0.637	0.579	0.602	0.625	0.604	0.623	0.608	0.612	0.603	0.633	0.621	0.607	0.616	0.606	0.588	0.576	0.581	0.596	0.566	0.586	0.578	0.604	0.593	0.604	0.628	0.627	0.622	0.600	0.619	0.612	0.630	0.614	0.609	0.622	0.632	0.593	0.626	0.606	0.613	0.586	0.619	0.600	0.593	0.608	0.618	0.622	0.634	0.628
7:00:36	37.0	0.656	0.640	0.671	0.662	0.640	0.677	0.622	0.659	0.622	0.653	0.652	0.652	0.644	0.624	0.617	0.642	0.629	0.637	0.637	0.627	0.624	0.619	0.630	0.625	0.632	0.612	0.612	0.599	0.614	0.620	0.619	0.620	0.600	0.619	0.618	0.619	0.646	0.661	0.662	0.659	0.655	0.673	0.651	0.640	0.663	0.645	0.649	0.636	0.679	0.630	0.649	0.673	0.657	0.676	0.657	0.658	0.653	0.672	0.656	0.638	0.656	0.649	0.642	0.635	0.645	0.655	0.631	0.646	0.628	0.648	0.633	0.640	0.658	0.661	0.665	0.646	0.661	0.655	0.676	0.666	0.657	0.662	0.663	0.627	0.665	0.640	0.647	0.625	0.655	0.646	0.633	0.652	0.653	0.654	0.674	0.674
8:00:36	37.0	0.693	0.671	0.701	0.692	0.668	0.712	0.651	0.690	0.652	0.682	0.683	0.687	0.682	0.649	0.640	0.671	0.659	0.664	0.660	0.654	0.651	0.646	0.658	0.658	0.661	0.633	0.628	0.617	0.632	0.636	0.636	0.634	0.617	0.635	0.637	0.646	0.676	0.686	0.703	0.685	0.674	0.702	0.677	0.654	0.684	0.669	0.674	0.664	0.715	0.654	0.678	0.697	0.680	0.702	0.679	0.690	0.680	0.699	0.682	0.671	0.687	0.674	0.667	0.659	0.664	0.682	0.652	0.665	0.653	0.673	0.660	0.670	0.689	0.690	0.693	0.671	0.684	0.681	0.703	0.691	0.680	0.684	0.690	0.661	0.700	0.670	0.676	0.657	0.689	0.675	0.664	0.679	0.687	0.685	0.705	0.712
9:00:36	37.0	0.719	0.696	0.725	0.718	0.696	0.739	0.677	0.713	0.678	0.713	0.708	0.711	0.710	0.675	0.665	0.696	0.682	0.690	0.685	0.677	0.675	0.671	0.681	0.684	0.684	0.656	0.651	0.642	0.655	0.660	0.658	0.655	0.639	0.658	0.660	0.671	0.702	0.711	0.728	0.709	0.698	0.732	0.699	0.676	0.708	0.696	0.698	0.689	0.741	0.678	0.702	0.724	0.706	0.725	0.703	0.716	0.705	0.725	0.707	0.695	0.712	0.699	0.689	0.683	0.687	0.703	0.674	0.689	0.674	0.695	0.682	0.695	0.715	0.716	0.715	0.696	0.709	0.704	0.724	0.714	0.703	0.711	0.717	0.687	0.727	0.696	0.701	0.683	0.715	0.700	0.688	0.705	0.712	0.711	0.728	0.737
10:00:37	37.0	0.737	0.715	0.746	0.737	0.714	0.762	0.696	0.731	0.697	0.734	0.725	0.728	0.730	0.694	0.686	0.715	0.703	0.709	0.707	0.696	0.696	0.691	0.700	0.704	0.705	0.675	0.670	0.661	0.674	0.682	0.679	0.676	0.660	0.680	0.681	0.691	0.722	0.731	0.749	0.734	0.721	0.759	0.722	0.699	0.732	0.715	0.720	0.709	0.761	0.699	0.724	0.747	0.726	0.749	0.727	0.737	0.725	0.747	0.725	0.712	0.734	0.722	0.709	0.705	0.711	0.726	0.695	0.713	0.695	0.719	0.701	0.714	0.733	0.737	0.736	0.715	0.728	0.725	0.748	0.735	0.724	0.732	0.736	0.706	0.746	0.716	0.721	0.705	0.734	0.720	0.707	0.731	0.731	0.730	0.748	0.755
11:00:37	37.0	0.750	0.727	0.756	0.751	0.726	0.774	0.712	0.743	0.709	0.749	0.735	0.737	0.743	0.710	0.700	0.729	0.717	0.723	0.722	0.712	0.712	0.708	0.714	0.717	0.718	0.690	0.686	0.678	0.692	0.698	0.696	0.694	0.676	0.696	0.696	0.703	0.735	0.746	0.768	0.748	0.740	0.778	0.740	0.717	0.749	0.732	0.737	0.722	0.773	0.716	0.740	0.765	0.747	0.767	0.741	0.754	0.742	0.767	0.741	0.724	0.748	0.734	0.723	0.721	0.730	0.743	0.711	0.730	0.714	0.735	0.716	0.725	0.747	0.751	0.752	0.734	0.746	0.743	0.766	0.753	0.742	0.750	0.751	0.719	0.759	0.729	0.735	0.720	0.747	0.735	0.721	0.739	0.746	0.744	0.760	0.768
12:00:38	37.0	0.756	0.733	0.761	0.756	0.734	0.776	0.720	0.750	0.718	0.752	0.742	0.742	0.752	0.720	0.711	0.740	0.727	0.734	0.731	0.723	0.724	0.718	0.722	0.724	0.728	0.700	0.698	0.691	0.705	0.710	0.708	0.710	0.688	0.705	0.706	0.712	0.741	0.759	0.777	0.762	0.751	0.791	0.751	0.732	0.761	0.743	0.747	0.731	0.780	0.727	0.752	0.779	0.757	0.780	0.752	0.765	0.757	0.777	0.750	0.732	0.758	0.745	0.738	0.732	0.743	0.756	0.723	0.743	0.726	0.746	0.726	0.733	0.753	0.760	0.761	0.743	0.760	0.757	0.775	0.765	0.754	0.761	0.756	0.727	0.766	0.738	0.745	0.730	0.755	0.745	0.732	0.748	0.755	0.754	0.768	0.776
13:00:39	37.0	0.760	0.738	0.763	0.760	0.737	0.780	0.725	0.753	0.723	0.753	0.746	0.746	0.757	0.726	0.716	0.748	0.735	0.740	0.737	0.730	0.732	0.724	0.728	0.729	0.733	0.707	0.705	0.700	0.712	0.718	0.716	0.716	0.697	0.711	0.713	0.717	0.747	0.766	0.788	0.775	0.760	0.799	0.760	0.741	0.768	0.748	0.751	0.736	0.782	0.734	0.760	0.784	0.762	0.788	0.760	0.770	0.763	0.783	0.755	0.736	0.763	0.751	0.746	0.740	0.749	0.763	0.732	0.751	0.732	0.752	0.730	0.737	0.758	0.765	0.768	0.751	0.768	0.761	0.782	0.771	0.760	0.765	0.761	0.732	0.771	0.744	0.752	0.737	0.762	0.751	0.738	0.754	0.760	0.758	0.773	0.779
14:00:39	37.0	0.762	0.741	0.763	0.761	0.739	0.777	0.728	0.754	0.727	0.753	0.749	0.749	0.759	0.727	0.720	0.750	0.740	0.744	0.739	0.734	0.735	0.729	0.730	0.732	0.737	0.711	0.712	0.706	0.716	0.721	0.722	0.721	0.702	0.715	0.717	0.721	0.751	0.767	0.789	0.780	0.766	0.804	0.762	0.745	0.771	0.751	0.755	0.739	0.784	0.738	0.763	0.788	0.768	0.793	0.764	0.774	0.768	0.787	0.757	0.739	0.766	0.755	0.750	0.745	0.753	0.766	0.738	0.756	0.738	0.755	0.734	0.741	0.760	0.767	0.771	0.756	0.773	0.767	0.788	0.776	0.764	0.766	0.763	0.737	0.774	0.748	0.755	0.741	0.766	0.755	0.742	0.760	0.764	0.763	0.776	0.779
15:00:40	37.0	0.764	0.743	0.765	0.762	0.742	0.776	0.731	0.754	0.730	0.751	0.750	0.749	0.761	0.729	0.723	0.753	0.744	0.746	0.740	0.737	0.738	0.733	0.733	0.734	0.740	0.712	0.713	0.710	0.717	0.725	0.725	0.723	0.706	0.716	0.719	0.723	0.755	0.767	0.791	0.781	0.768	0.804	0.764	0.744	0.771	0.753	0.755	0.742	0.785	0.742	0.763	0.790	0.771	0.794	0.766	0.774	0.767	0.787	0.758	0.742	0.768	0.758	0.752	0.748	0.754	0.768	0.740	0.758	0.740	0.757	0.736	0.744	0.762	0.768	0.772	0.758	0.775	0.768	0.788	0.778	0.764	0.766	0.764	0.740	0.776	0.751	0.757	0.745	0.770	0.758	0.745	0.761	0.767	0.765	0.779	0.786
16:00:40	37.0	0.766	0.746	0.765	0.763	0.745	0.777	0.734	0.756	0.732	0.751	0.752	0.752	0.764	0.731	0.725	0.756	0.746	0.748	0.741	0.740	0.741	0.736	0.735	0.735	0.742	0.715	0.714	0.713	0.718	0.725	0.727	0.723	0.709	0.718	0.722	0.726	0.757	0.767	0.793	0.780	0.768	0.803	0.762	0.745	0.772	0.755	0.753	0.745	0.784	0.743	0.766	0.789	0.771	0.794	0.767	0.774	0.768	0.786	0.760	0.745	0.770	0.760	0.753	0.750	0.754	0.769	0.741	0.756	0.740	0.757	0.737	0.746	0.764	0.768	0.771	0.760	0.775	0.769	0.789	0.777	0.763	0.767	0.766	0.743	0.779	0.754	0.760	0.748	0.772	0.762	0.748	0.764	0.770	0.768	0.781	0.785
17:00:41	37.1	0.769	0.748	0.766	0.764	0.746	0.776	0.735	0.757	0.733	0.751	0.754	0.752	0.766	0.733	0.728	0.758	0.748	0.750	0.744	0.742	0.744	0.737	0.737	0.736	0.745	0.717	0.716	0.716	0.719	0.727	0.729	0.724	0.710	0.719	0.723	0.727	0.759	0.769	0.790	0.782	0.769	0.801	0.762	0.744	0.771	0.756	0.753	0.746	0.787	0.745	0.767	0.788	0.774	0.793	0.766	0.775	0.768	0.785	0.761	0.746	0.773	0.762	0.753	0.752	0.754	0.770	0.744	0.756	0.742	0.756	0.739	0.748	0.767	0.768	0.772	0.763	0.774	0.769	0.788	0.777	0.763	0.766	0.765	0.744	0.779	0.756	0.762	0.750	0.775	0.763	0.750	0.767	0.772	0.771	0.784	0.789
18:00:41	37.0	0.771	0.749	0.766	0.765	0.747	0.777	0.738	0.758	0.736	0.750	0.755	0.754	0.769	0.734	0.729	0.761	0.750	0.752	0.746	0.745	0.745	0.739	0.739	0.738	0.747	0.720	0.719	0.719	0.722	0.730	0.730	0.726	0.712	0.721	0.725	0.729	0.763	0.771	0.792	0.782	0.768	0.801	0.762	0.744	0.769	0.758	0.755	0.748	0.790	0.747	0.768	0.787	0.773	0.792	0.766	0.774	0.767	0.786	0.763	0.749	0.774	0.765	0.754	0.755	0.755	0.771	0.745	0.756	0.744	0.758	0.741	0.749	0.769	0.770	0.773	0.766	0.774	0.771	0.788	0.776	0.764	0.764	0.767	0.745	0.782	0.756	0.763	0.751	0.777	0.766	0.753	0.770	0.775	0.776	0.787	0.795
19:00:42	37.0	0.774	0.753	0.770	0.767	0.749	0.778	0.739	0.761	0.738	0.753	0.758	0.754	0.771	0.736	0.732	0.763	0.752	0.753	0.748	0.747	0.748	0.739	0.740	0.740	0.747	0.721	0.720	0.720	0.724	0.730	0.732	0.725	0.714	0.723	0.726	0.730	0.763	0.771	0.789	0.782	0.768	0.800	0.763	0.744	0.770	0.759	0.755	0.750	0.792	0.749	0.771	0.787	0.773	0.791	0.766	0.774	0.769	0.785	0.764	0.750	0.775	0.767	0.756	0.758	0.754	0.774	0.748	0.755	0.746	0.759	0.743	0.752	0.770	0.771	0.775	0.768	0.771	0.771	0.789	0.777	0.766	0.765	0.768	0.747	0.785	0.759	0.766	0.752	0.778	0.767	0.754	0.771	0.777	0.774	0.790	0.792
20:00:42	37.0	0.775	0.755	0.773	0.770	0.752	0.780	0.742	0.763	0.740	0.754	0.759	0.756	0.773	0.738	0.732	0.766	0.753	0.755	0.750	0.749	0.749	0.742	0.740	0.743	0.749	0.721	0.721	0.722	0.725	0.731	0.734	0.726	0.715	0.723	0.727	0.731	0.767	0.772	0.788	0.779	0.767	0.801	0.763	0.743	0.771	0.760	0.756	0.752	0.795	0.751	0.773	0.787	0.774	0.792	0.765	0.775	0.769	0.786	0.766	0.751	0.777	0.768	0.758	0.760	0.755	0.775	0.750	0.754	0.747	0.760	0.744	0.753	0.772	0.773	0.777	0.771	0.772	0.774	0.789	0.778	0.766	0.765	0.769	0.749	0.787	0.761	0.768	0.755	0.781	0.769	0.756	0.773	0.778	0.775	0.791	0.794
21:00:42	37.0	0.776	0.755	0.774	0.771	0.753	0.782	0.744	0.765	0.742	0.756	0.762	0.757	0.774	0.740	0.735	0.769	0.756	0.758	0.751	0.751	0.751	0.746	0.743	0.746	0.750	0.723	0.721	0.724	0.726	0.733	0.735	0.727	0.717	0.725	0.730	0.733	0.768	0.774	0.790	0.779	0.768	0.798	0.765	0.743	0.773	0.762	0.757	0.754	0.796	0.752	0.776	0.787	0.771	0.792	0.767	0.777	0.771	0.788	0.769	0.754	0.779	0.770	0.759	0.762	0.756	0.777	0.751	0.757	0.750	0.761	0.746	0.756	0.774	0.773	0.778	0.772	0.773	0.773	0.791	0.780	0.766	0.766	0.772	0.751	0.789	0.764	0.770	0.757	0.784	0.772	0.759	0.776	0.782	0.779	0.794	0.799
22:00:43	37.0	0.778	0.758	0.777	0.773	0.756	0.785	0.746	0.767	0.743	0.757	0.764	0.759	0.777	0.743	0.737	0.771	0.760	0.761	0.753	0.754	0.755	0.748	0.747	0.748	0.752	0.727	0.724	0.725	0.727	0.736	0.736	0.729	0.719	0.727	0.732	0.735	0.770	0.776	0.791	0.781	0.768	0.800	0.767	0.743	0.774	0.763	0.759	0.757	0.799	0.754	0.778	0.788	0.774	0.793	0.766	0.778	0.771	0.791	0.771	0.756	0.782	0.774	0.762	0.764	0.757	0.779	0.754	0.758	0.751	0.762	0.749	0.757	0.777	0.776	0.780	0.776	0.774	0.776	0.791	0.780	0.768	0.767	0.774	0.754	0.791	0.767	0.773	0.759	0.787	0.775	0.761	0.779	0.784	0.782	0.797	0.800
23:00:43	37.1	0.780	0.759	0.779	0.775	0.757	0.786	0.748	0.768	0.745	0.758	0.765	0.760	0.778	0.745	0.739	0.773	0.761	0.763	0.755	0.756	0.757	0.750	0.748	0.748	0.754	0.728	0.726	0.728	0.730	0.739	0.738	0.729	0.720	0.729	0.733	0.735	0.772	0.778	0.792	0.781	0.770	0.800	0.770	0.744	0.774	0.767	0.760	0.759	0.801	0.756	0.779	0.788	0.773	0.794	0.768	0.779	0.774	0.792	0.773	0.757	0.784	0.774	0.765	0.765	0.758	0.782	0.757	0.758	0.753	0.764	0.750	0.759	0.778	0.778	0.782	0.777	0.777	0.778	0.795	0.784	0.771	0.770	0.776	0.756	0.792	0.768	0.775	0.761	0.788	0.777	0.763	0.783	0.786	0.784	0.800	0.801
0:00:00																																																																																																	

Results
	1	2	3	4	5	6	7	8	9	10	11	12
A	1.612	1.606	1.672	1.666	1.586	1.687	1.525	1.612	1.544	1.564	1.629	1.550	Max V [600]
	0.986	0.986	0.984	0.985	0.984	0.984	0.981	0.986	0.986	0.989	0.989	0.989	R-Squared [600]
	4:00:36	4:00:36	4:00:36	4:00:36	4:00:36	4:00:36	4:00:36	4:00:36	4:00:36	4:00:36	4:00:36	4:00:36	t at Max V [600]
	1:44:59	1:46:19	1:39:30	1:42:25	1:44:34	1:37:38	1:48:22	1:34:38	1:44:38	1:25:30	1:37:34	1:37:27	Lagtime [600]
B	1.601	1.512	1.493	1.619	1.544	1.555	1.516	1.526	1.516	1.484	1.521	1.507	Max V [600]
	0.981	0.981	0.981	0.978	0.980	0.978	0.982	0.981	0.980	0.980	0.987	0.986	R-Squared [600]
	4:00:36	4:00:36	5:00:35	5:00:35	5:00:35	5:00:35	5:00:35	5:00:35	5:00:35	4:00:36	4:00:36	4:00:36	t at Max V [600]
	1:47:30	1:47:44	1:58:30	2:01:47	2:08:21	2:00:54	2:02:56	1:59:30	2:00:06	1:50:28	1:44:56	1:43:34	Lagtime [600]
C	1.488	1.466	1.466	1.454	1.463	1.461	1.461	1.454	1.431	1.429	1.427	1.465	Max V [600]
	0.978	0.987	0.991	0.991	0.993	0.991	0.993	0.991	0.994	0.986	0.983	0.983	R-Squared [600]
	4:00:36	5:00:35	5:00:35	5:00:35	5:00:35	5:00:35	5:00:35	5:00:35	5:00:35	5:00:35	5:00:35	4:00:36	t at Max V [600]
	1:48:35	2:02:25	2:06:26	2:11:13	2:07:04	2:09:20	2:11:35	2:04:51	2:10:01	2:00:45	1:56:27	1:45:57	Lagtime [600]
D	1.576	1.559	1.643	1.593	1.565	1.660	1.596	1.495	1.594	1.555	1.520	1.536	Max V [600]
	0.980	0.979	0.977	0.978	0.987	0.981	0.984	0.988	0.987	0.984	0.979	0.983	R-Squared [600]
	4:00:36	5:00:35	5:00:35	5:00:35	5:00:35	5:00:35	5:00:35	5:00:35	5:00:35	5:00:35	4:00:36	4:00:36	t at Max V [600]
	1:48:15	1:58:56	2:03:01	1:57:54	2:06:22	2:04:52	2:07:56	2:02:09	2:02:16	2:03:55	1:41:13	1:44:43	Lagtime [600]
E	1.696	1.515	1.611	1.635	1.557	1.661	1.531	1.573	1.611	1.609	1.586	1.547	Max V [600]
	0.978	0.987	0.981	0.981	0.985	0.983	0.983	0.980	0.983	0.977	0.982	0.987	R-Squared [600]
	4:00:36	5:00:35	5:00:35	5:00:35	5:00:35	5:00:35	5:00:35	5:00:35	5:00:35	4:00:36	4:00:36	4:00:36	t at Max V [600]
	1:47:25	2:09:27	2:07:07	1:56:14	2:04:16	2:04:31	1:59:52	2:01:19	2:05:26	1:48:02	1:46:25	1:42:18	Lagtime [600]
F	1.574	1.583	1.574	1.588	1.574	1.658	1.565	1.527	1.549	1.519	1.472	1.527	Max V [600]
	0.979	0.980	0.987	0.988	0.990	0.986	0.991	0.989	0.985	0.981	0.983	0.984	R-Squared [600]
	4:00:36	5:00:35	5:00:35	5:00:35	5:00:35	5:00:35	5:00:35	5:00:35	5:00:35	5:00:35	4:00:36	4:00:36	t at Max V [600]
	1:50:00	2:03:46	2:03:44	2:14:04	2:08:30	2:16:20	2:19:15	2:06:16	2:09:35	1:52:38	1:46:47	1:45:27	Lagtime [600]
G	1.606	1.660	1.648	1.606	1.577	1.626	1.661	1.633	1.623	1.602	1.628	1.537	Max V [600]
	0.984	0.982	0.978	0.981	0.979	0.978	0.979	0.984	0.982	0.987	0.989	0.984	R-Squared [600]
	4:00:36	4:00:36	4:00:36	5:00:35	4:00:36	5:00:35	5:00:35	5:00:35	5:00:35	4:00:36	4:00:36	4:00:36	t at Max V [600]
	1:47:42	1:50:52	1:54:39	2:08:46	1:46:16	2:05:03	2:03:42	2:04:57	2:01:34	1:44:48	1:42:43	1:45:17	Lagtime [600]
H	1.663	1.532	1.568	1.514	1.634	1.623	1.574	1.600	1.627	1.629	1.709	1.623	Max V [600]
	0.986	0.975	0.982	0.979	0.980	0.981	0.978	0.979	0.979	0.984	0.985	0.981	R-Squared [600]
	4:00:36	4:00:36	4:00:36	5:00:35	4:00:36	5:00:35	5:00:35	5:00:35	4:00:36	4:00:36	4:00:36	4:00:36	t at Max V [600]
	1:41:52	1:38:32	1:47:30	1:58:15	1:49:18	2:05:05	2:05:54	2:01:46	1:50:24	1:43:50	1:42:38	1:38:15	Lagtime [600]

