

Software Version	3.11.19



Experiment File Path:	C:\Users\patil-group\Desktop\Sweeteners_stacker\101121_NT5025_42_78_Rep1\NT5025_42_78_Rep1.xpt
Protocol File Path:	C:\Users\Public\Documents\Protocols\Screening-protocol.prt



Plate Number	Plate 1
Date	10/11/2021
Time	14:53:50
Reader Type:	Epoch 2
Reader Serial Number:	2103223
Reading Type	Reader

Procedure Details

Plate Type	96 WELL PLATE
Discontinuous Kinetics	Runtime 1:00:00 (D:HH:MM), Interval 0:01:00, 25 Reads
	Pause after each run
Eject plate on completion	
Shake	Linear: 0:00:30 (HH:MM:SS)
	Frequency: 567 cpm (3 mm)
Read	Absorbance Endpoint
	Full Plate
	Wavelengths:  600
	Read Speed: Normal,  Delay: 100 msec,  Measurements/Data Point: 8

600

Time	T° 600	A1	A2	A3	A4	A5	A6	A7	A8	A9	A10	A11	A12	B1	B2	B3	B4	B5	B6	B7	B8	B9	B10	B11	B12	C1	C2	C3	C4	C5	C6	C7	C8	C9	C10	C11	C12	D1	D2	D3	D4	D5	D6	D7	D8	D9	D10	D11	D12	E1	E2	E3	E4	E5	E6	E7	E8	E9	E10	E11	E12	F1	F2	F3	F4	F5	F6	F7	F8	F9	F10	F11	F12	G1	G2	G3	G4	G5	G6	G7	G8	G9	G10	G11	G12	H1	H2	H3	H4	H5	H6	H7	H8	H9	H10	H11	H12
0:00:34	35.0	0.173	0.174	0.176	0.177	0.178	0.184	0.174	0.183	0.177	0.176	0.174	0.192	0.176	0.177	0.178	0.180	0.178	0.176	0.178	0.179	0.202	0.179	0.190	0.190	0.177	0.174	0.177	0.174	0.179	0.172	0.174	0.184	0.175	0.172	0.175	0.183	0.186	0.177	0.173	0.175	0.173	0.178	0.172	0.172	0.170	0.171	0.180	0.249	0.174	0.182	0.172	0.174	0.175	0.175	0.182	0.180	0.175	0.182	0.185	0.193	0.175	0.173	0.172	0.172	0.186	0.174	0.177	0.174	0.172	0.175	0.187	0.195	0.175	0.172	0.175	0.173	0.174	0.176	0.177	0.178	0.170	0.178	0.187	0.191	0.172	0.175	0.177	0.172	0.174	0.175	0.176	0.175	0.187	0.177	0.181	0.184
1:00:34	35.0	0.175	0.175	0.177	0.179	0.180	0.185	0.176	0.183	0.179	0.177	0.175	0.191	0.178	0.178	0.179	0.181	0.180	0.178	0.179	0.181	0.201	0.180	0.196	0.191	0.178	0.203	0.192	0.207	0.219	0.212	0.213	0.227	0.214	0.208	0.204	0.185	0.178	0.215	0.211	0.211	0.216	0.218	0.213	0.220	0.213	0.215	0.216	0.253	0.203	0.219	0.215	0.212	0.210	0.217	0.228	0.228	0.224	0.228	0.227	0.195	0.178	0.211	0.208	0.213	0.218	0.220	0.214	0.223	0.207	0.221	0.221	0.195	0.181	0.194	0.217	0.210	0.212	0.218	0.218	0.220	0.209	0.202	0.190	0.193	0.177	0.177	0.192	0.203	0.195	0.194	0.198	0.191	0.205	0.179	0.182	0.185
2:00:34	35.0	0.179	0.178	0.181	0.182	0.183	0.189	0.179	0.187	0.182	0.181	0.179	0.194	0.182	0.182	0.182	0.185	0.183	0.180	0.182	0.184	0.203	0.183	0.198	0.194	0.182	0.179	0.181	0.179	0.183	0.176	0.177	0.188	0.180	0.177	0.180	0.187	0.180	0.182	0.179	0.181	0.178	0.184	0.182	0.185	0.182	0.183	0.185	0.256	0.179	0.187	0.188	0.193	0.185	0.192	0.208	0.209	0.207	0.211	0.191	0.198	0.179	0.182	0.183	0.196	0.191	0.200	0.208	0.203	0.176	0.183	0.190	0.198	0.181	0.177	0.181	0.179	0.185	0.193	0.184	0.198	0.187	0.183	0.191	0.197	0.180	0.181	0.180	0.178	0.178	0.177	0.181	0.180	0.189	0.182	0.185	0.188
3:00:35	35.0	0.185	0.184	0.186	0.188	0.190	0.195	0.185	0.193	0.188	0.188	0.186	0.200	0.188	0.192	0.188	0.190	0.189	0.186	0.187	0.189	0.205	0.188	0.202	0.201	0.188	0.185	0.186	0.184	0.188	0.181	0.181	0.193	0.185	0.182	0.186	0.193	0.186	0.187	0.184	0.185	0.183	0.188	0.181	0.182	0.182	0.183	0.191	0.260	0.185	0.192	0.185	0.186	0.185	0.185	0.195	0.194	0.196	0.201	0.196	0.204	0.185	0.193	0.183	0.188	0.194	0.188	0.195	0.192	0.180	0.185	0.195	0.205	0.187	0.182	0.188	0.184	0.185	0.187	0.188	0.189	0.182	0.190	0.197	0.204	0.187	0.187	0.186	0.183	0.183	0.188	0.186	0.186	0.194	0.188	0.192	0.195
4:00:34	34.6	0.197	0.199	0.197	0.197	0.201	0.203	0.194	0.201	0.197	0.198	0.206	0.224	0.198	0.199	0.207	0.198	0.197	0.203	0.197	0.200	0.213	0.208	0.209	0.209	0.197	0.195	0.197	0.192	0.196	0.201	0.192	0.206	0.195	0.208	0.194	0.202	0.197	0.195	0.193	0.193	0.193	0.197	0.190	0.193	0.192	0.190	0.199	0.268	0.195	0.200	0.191	0.191	0.194	0.192	0.203	0.198	0.201	0.200	0.204	0.213	0.193	0.191	0.189	0.188	0.203	0.193	0.193	0.187	0.190	0.192	0.201	0.222	0.196	0.191	0.194	0.197	0.196	0.195	0.197	0.196	0.189	0.199	0.206	0.212	0.225	0.196	0.195	0.193	0.196	0.193	0.195	0.195	0.207	0.199	0.203	0.207
5:00:34	34.6	0.208	0.210	0.208	0.216	0.212	0.214	0.207	0.221	0.217	0.210	0.217	0.239	0.210	0.210	0.218	0.207	0.210	0.215	0.208	0.217	0.236	0.209	0.216	0.219	0.209	0.205	0.211	0.203	0.209	0.209	0.203	0.223	0.210	0.210	0.205	0.213	0.207	0.206	0.208	0.206	0.213	0.214	0.204	0.210	0.210	0.201	0.211	0.281	0.206	0.210	0.211	0.202	0.218	0.203	0.214	0.209	0.208	0.210	0.214	0.223	0.204	0.202	0.200	0.200	0.230	0.203	0.209	0.197	0.201	0.202	0.210	0.231	0.207	0.203	0.204	0.207	0.208	0.209	0.209	0.207	0.206	0.210	0.217	0.223	0.205	0.207	0.206	0.205	0.210	0.204	0.205	0.206	0.214	0.214	0.223	0.217
6:00:34	34.9	0.225	0.224	0.224	0.231	0.229	0.230	0.225	0.232	0.232	0.231	0.232	0.252	0.225	0.226	0.233	0.222	0.226	0.230	0.223	0.233	0.244	0.224	0.231	0.235	0.225	0.222	0.228	0.218	0.225	0.223	0.217	0.241	0.227	0.220	0.220	0.230	0.223	0.231	0.223	0.225	0.224	0.232	0.219	0.221	0.224	0.220	0.227	0.297	0.222	0.227	0.220	0.222	0.224	0.217	0.232	0.222	0.224	0.231	0.227	0.239	0.220	0.217	0.214	0.219	0.236	0.216	0.225	0.211	0.213	0.221	0.224	0.247	0.223	0.219	0.221	0.224	0.224	0.226	0.231	0.222	0.216	0.224	0.232	0.239	0.221	0.223	0.222	0.221	0.225	0.222	0.222	0.222	0.229	0.230	0.239	0.234
7:00:32	35.1	0.243	0.243	0.241	0.249	0.247	0.248	0.243	0.250	0.250	0.250	0.250	0.267	0.243	0.243	0.251	0.240	0.244	0.248	0.241	0.251	0.259	0.242	0.248	0.252	0.243	0.240	0.245	0.237	0.243	0.242	0.237	0.261	0.244	0.238	0.238	0.248	0.248	0.249	0.255	0.262	0.261	0.271	0.264	0.262	0.265	0.260	0.255	0.313	0.239	0.261	0.258	0.261	0.265	0.261	0.275	0.268	0.269	0.272	0.262	0.256	0.238	0.254	0.246	0.261	0.265	0.259	0.268	0.252	0.237	0.254	0.248	0.265	0.241	0.238	0.255	0.257	0.259	0.267	0.267	0.264	0.256	0.242	0.250	0.258	0.240	0.241	0.239	0.239	0.242	0.240	0.240	0.239	0.246	0.248	0.256	0.252
8:00:32	35.0	0.262	0.262	0.262	0.269	0.267	0.268	0.263	0.270	0.270	0.270	0.270	0.286	0.263	0.263	0.271	0.260	0.264	0.269	0.261	0.275	0.278	0.262	0.268	0.272	0.263	0.260	0.265	0.256	0.263	0.260	0.255	0.278	0.265	0.258	0.258	0.267	0.260	0.269	0.261	0.266	0.263	0.271	0.260	0.261	0.263	0.259	0.265	0.331	0.260	0.265	0.260	0.265	0.263	0.261	0.280	0.270	0.271	0.272	0.265	0.276	0.258	0.255	0.253	0.267	0.273	0.264	0.272	0.261	0.251	0.259	0.261	0.282	0.262	0.258	0.260	0.263	0.263	0.266	0.269	0.260	0.255	0.262	0.270	0.275	0.260	0.261	0.260	0.259	0.262	0.259	0.260	0.259	0.266	0.268	0.276	0.270
9:00:32	35.0	0.283	0.280	0.280	0.287	0.286	0.287	0.282	0.288	0.288	0.290	0.289	0.306	0.283	0.281	0.289	0.278	0.282	0.285	0.277	0.292	0.295	0.280	0.286	0.290	0.282	0.278	0.283	0.273	0.280	0.277	0.273	0.295	0.281	0.276	0.275	0.287	0.279	0.286	0.279	0.283	0.281	0.288	0.275	0.277	0.280	0.276	0.283	0.344	0.278	0.283	0.276	0.278	0.280	0.273	0.287	0.278	0.280	0.285	0.281	0.296	0.277	0.273	0.270	0.275	0.290	0.272	0.280	0.269	0.268	0.275	0.278	0.302	0.281	0.277	0.278	0.280	0.280	0.282	0.286	0.278	0.272	0.281	0.289	0.294	0.280	0.281	0.279	0.278	0.280	0.278	0.278	0.278	0.283	0.286	0.296	0.291
10:00:33	35.0	0.310	0.305	0.306	0.313	0.313	0.312	0.307	0.314	0.313	0.316	0.317	0.334	0.310	0.307	0.314	0.303	0.308	0.310	0.302	0.313	0.320	0.306	0.312	0.317	0.308	0.307	0.309	0.298	0.304	0.301	0.296	0.319	0.305	0.300	0.300	0.315	0.305	0.311	0.303	0.308	0.310	0.313	0.299	0.301	0.305	0.301	0.308	0.374	0.305	0.307	0.300	0.302	0.303	0.297	0.310	0.302	0.304	0.309	0.307	0.323	0.303	0.297	0.295	0.299	0.314	0.295	0.303	0.293	0.292	0.299	0.302	0.328	0.309	0.305	0.305	0.305	0.305	0.307	0.312	0.303	0.297	0.308	0.319	0.321	0.307	0.307	0.306	0.304	0.306	0.303	0.303	0.304	0.309	0.313	0.323	0.318
11:00:33	35.0	0.342	0.335	0.337	0.343	0.343	0.342	0.337	0.344	0.343	0.346	0.346	0.364	0.340	0.337	0.343	0.332	0.338	0.339	0.330	0.345	0.349	0.335	0.341	0.346	0.338	0.336	0.338	0.327	0.333	0.329	0.324	0.347	0.335	0.329	0.329	0.344	0.341	0.340	0.333	0.338	0.338	0.342	0.328	0.330	0.334	0.330	0.337	0.402	0.334	0.336	0.330	0.331	0.332	0.326	0.339	0.331	0.333	0.338	0.336	0.352	0.333	0.327	0.324	0.327	0.343	0.323	0.330	0.321	0.321	0.328	0.331	0.358	0.339	0.336	0.335	0.334	0.335	0.336	0.341	0.332	0.326	0.338	0.348	0.351	0.337	0.339	0.335	0.334	0.336	0.333	0.333	0.333	0.338	0.340	0.354	0.348
12:00:34	35.0	0.373	0.366	0.368	0.374	0.374	0.372	0.368	0.374	0.374	0.377	0.377	0.396	0.371	0.367	0.373	0.363	0.369	0.369	0.359	0.375	0.380	0.365	0.371	0.378	0.369	0.367	0.369	0.357	0.364	0.359	0.353	0.377	0.364	0.358	0.359	0.376	0.365	0.370	0.363	0.368	0.369	0.372	0.357	0.360	0.363	0.360	0.367	0.437	0.365	0.367	0.360	0.361	0.362	0.356	0.368	0.361	0.362	0.367	0.366	0.384	0.365	0.357	0.355	0.357	0.373	0.352	0.359	0.350	0.351	0.357	0.360	0.389	0.374	0.367	0.367	0.365	0.365	0.366	0.372	0.362	0.356	0.369	0.380	0.383	0.370	0.371	0.367	0.365	0.366	0.364	0.363	0.363	0.368	0.370	0.386	0.379
13:00:34	35.0	0.394	0.390	0.393	0.400	0.399	0.398	0.394	0.400	0.399	0.401	0.399	0.414	0.393	0.391	0.400	0.390	0.395	0.396	0.387	0.401	0.405	0.391	0.395	0.398	0.393	0.393	0.395	0.385	0.393	0.390	0.382	0.404	0.392	0.386	0.385	0.395	0.392	0.396	0.391	0.396	0.397	0.400	0.386	0.387	0.389	0.385	0.391	0.451	0.388	0.393	0.388	0.389	0.390	0.384	0.395	0.387	0.388	0.393	0.391	0.403	0.388	0.384	0.381	0.384	0.400	0.380	0.386	0.379	0.377	0.383	0.385	0.407	0.394	0.389	0.392	0.391	0.390	0.393	0.397	0.385	0.381	0.390	0.401	0.402	0.389	0.392	0.391	0.388	0.390	0.387	0.387	0.385	0.392	0.393	0.406	0.398
14:00:34	35.0	0.407	0.407	0.408	0.415	0.413	0.413	0.409	0.415	0.415	0.415	0.412	0.425	0.407	0.406	0.415	0.406	0.410	0.411	0.402	0.417	0.418	0.406	0.408	0.411	0.407	0.409	0.411	0.402	0.409	0.406	0.398	0.420	0.407	0.401	0.398	0.406	0.404	0.412	0.407	0.412	0.413	0.415	0.402	0.403	0.404	0.400	0.405	0.460	0.403	0.407	0.403	0.405	0.406	0.400	0.411	0.402	0.403	0.407	0.405	0.414	0.402	0.399	0.399	0.401	0.416	0.397	0.403	0.395	0.393	0.398	0.399	0.420	0.407	0.401	0.404	0.405	0.405	0.408	0.410	0.398	0.396	0.402	0.413	0.415	0.401	0.405	0.403	0.402	0.405	0.402	0.401	0.398	0.405	0.406	0.418	0.411
15:00:35	35.0	0.412	0.413	0.416	0.421	0.418	0.419	0.415	0.420	0.420	0.420	0.416	0.429	0.413	0.411	0.421	0.411	0.415	0.416	0.408	0.422	0.423	0.411	0.413	0.416	0.413	0.416	0.416	0.409	0.417	0.412	0.404	0.426	0.412	0.406	0.403	0.411	0.410	0.418	0.413	0.419	0.419	0.421	0.408	0.409	0.409	0.405	0.409	0.466	0.407	0.413	0.409	0.410	0.412	0.406	0.416	0.407	0.407	0.411	0.409	0.418	0.405	0.405	0.402	0.407	0.422	0.404	0.409	0.401	0.398	0.403	0.404	0.424	0.411	0.406	0.409	0.411	0.410	0.413	0.416	0.402	0.401	0.406	0.417	0.420	0.406	0.408	0.409	0.407	0.409	0.407	0.406	0.403	0.409	0.411	0.422	0.416
16:00:36	34.9	0.414	0.416	0.420	0.426	0.422	0.423	0.420	0.425	0.425	0.426	0.421	0.432	0.416	0.416	0.427	0.417	0.421	0.423	0.413	0.428	0.429	0.417	0.418	0.420	0.417	0.420	0.422	0.415	0.422	0.418	0.410	0.432	0.418	0.412	0.409	0.415	0.415	0.424	0.418	0.424	0.426	0.427	0.414	0.414	0.415	0.411	0.415	0.466	0.412	0.418	0.415	0.417	0.419	0.413	0.423	0.414	0.414	0.419	0.415	0.423	0.411	0.411	0.408	0.414	0.428	0.412	0.417	0.410	0.404	0.410	0.409	0.429	0.417	0.412	0.416	0.417	0.416	0.419	0.422	0.410	0.407	0.412	0.422	0.424	0.411	0.413	0.414	0.412	0.415	0.413	0.412	0.408	0.414	0.416	0.427	0.419
17:00:36	35.0	0.415	0.418	0.422	0.429	0.425	0.426	0.423	0.429	0.427	0.428	0.422	0.433	0.418	0.418	0.430	0.421	0.424	0.426	0.417	0.432	0.432	0.420	0.420	0.422	0.420	0.423	0.426	0.420	0.427	0.423	0.415	0.436	0.422	0.416	0.412	0.416	0.419	0.427	0.423	0.429	0.430	0.431	0.419	0.419	0.419	0.415	0.417	0.470	0.415	0.422	0.419	0.422	0.424	0.418	0.428	0.418	0.419	0.422	0.418	0.425	0.413	0.415	0.412	0.419	0.433	0.418	0.422	0.415	0.408	0.414	0.413	0.431	0.419	0.414	0.419	0.421	0.420	0.424	0.426	0.412	0.412	0.415	0.424	0.425	0.413	0.415	0.416	0.415	0.418	0.416	0.415	0.411	0.417	0.419	0.429	0.420
18:00:37	34.9	0.413	0.417	0.420	0.428	0.423	0.426	0.422	0.427	0.426	0.426	0.421	0.429	0.417	0.417	0.430	0.420	0.424	0.426	0.417	0.432	0.431	0.419	0.419	0.420	0.419	0.423	0.425	0.420	0.427	0.423	0.415	0.436	0.422	0.416	0.411	0.413	0.416	0.427	0.423	0.430	0.430	0.431	0.419	0.419	0.419	0.414	0.417	0.468	0.413	0.422	0.419	0.422	0.424	0.419	0.428	0.419	0.419	0.421	0.417	0.422	0.412	0.415	0.412	0.420	0.433	0.419	0.425	0.416	0.408	0.413	0.412	0.428	0.416	0.413	0.418	0.420	0.420	0.423	0.424	0.412	0.411	0.413	0.422	0.422	0.410	0.413	0.414	0.413	0.416	0.414	0.413	0.408	0.415	0.420	0.426	0.418
19:00:37	34.9	0.404	0.412	0.416	0.424	0.419	0.421	0.418	0.423	0.422	0.421	0.414	0.420	0.410	0.412	0.426	0.417	0.420	0.423	0.414	0.429	0.427	0.416	0.414	0.413	0.413	0.419	0.421	0.417	0.425	0.421	0.413	0.434	0.419	0.412	0.407	0.404	0.411	0.423	0.420	0.427	0.426	0.428	0.416	0.416	0.416	0.411	0.412	0.461	0.408	0.418	0.416	0.419	0.421	0.415	0.425	0.414	0.414	0.417	0.412	0.414	0.405	0.411	0.407	0.416	0.430	0.413	0.418	0.410	0.404	0.410	0.408	0.421	0.409	0.405	0.412	0.417	0.416	0.420	0.421	0.407	0.407	0.408	0.416	0.415	0.402	0.406	0.411	0.408	0.410	0.410	0.408	0.403	0.409	0.413	0.419	0.409
20:00:38	34.9	0.394	0.402	0.407	0.415	0.409	0.413	0.409	0.414	0.413	0.411	0.405	0.411	0.400	0.404	0.418	0.409	0.412	0.416	0.407	0.422	0.418	0.407	0.404	0.403	0.404	0.411	0.412	0.410	0.419	0.415	0.407	0.428	0.411	0.405	0.398	0.395	0.402	0.415	0.414	0.421	0.420	0.423	0.411	0.410	0.409	0.403	0.404	0.455	0.399	0.409	0.408	0.412	0.415	0.409	0.418	0.407	0.407	0.409	0.404	0.405	0.396	0.403	0.399	0.409	0.422	0.408	0.412	0.404	0.396	0.401	0.399	0.411	0.400	0.396	0.403	0.409	0.408	0.412	0.412	0.399	0.398	0.399	0.407	0.406	0.393	0.397	0.399	0.398	0.401	0.401	0.400	0.394	0.400	0.405	0.410	0.400
21:00:39	35.0	0.386	0.394	0.398	0.406	0.400	0.403	0.400	0.405	0.403	0.403	0.396	0.403	0.392	0.395	0.409	0.400	0.403	0.406	0.398	0.413	0.410	0.398	0.395	0.395	0.395	0.402	0.404	0.402	0.410	0.407	0.398	0.418	0.402	0.396	0.390	0.387	0.395	0.407	0.405	0.413	0.411	0.414	0.403	0.402	0.400	0.394	0.395	0.440	0.390	0.400	0.399	0.403	0.406	0.400	0.409	0.398	0.398	0.400	0.395	0.396	0.387	0.393	0.390	0.401	0.413	0.398	0.403	0.394	0.387	0.393	0.390	0.403	0.391	0.388	0.394	0.400	0.399	0.403	0.404	0.390	0.389	0.390	0.398	0.397	0.384	0.389	0.390	0.390	0.393	0.393	0.390	0.385	0.390	0.396	0.401	0.392
22:00:39	35.0	0.377	0.385	0.389	0.397	0.392	0.395	0.391	0.396	0.395	0.394	0.387	0.394	0.384	0.386	0.401	0.392	0.394	0.398	0.390	0.404	0.402	0.389	0.387	0.386	0.386	0.393	0.396	0.393	0.402	0.398	0.390	0.410	0.394	0.387	0.381	0.379	0.384	0.398	0.396	0.404	0.403	0.406	0.394	0.393	0.391	0.386	0.386	0.430	0.382	0.392	0.391	0.395	0.398	0.392	0.401	0.389	0.390	0.392	0.387	0.388	0.379	0.385	0.383	0.392	0.405	0.390	0.395	0.386	0.380	0.384	0.382	0.394	0.382	0.380	0.383	0.391	0.391	0.395	0.395	0.382	0.381	0.381	0.390	0.388	0.376	0.380	0.382	0.381	0.384	0.384	0.382	0.377	0.382	0.387	0.393	0.383
23:00:40	35.0	0.368	0.376	0.380	0.388	0.383	0.386	0.383	0.387	0.385	0.385	0.378	0.385	0.375	0.378	0.392	0.383	0.386	0.389	0.381	0.395	0.393	0.381	0.378	0.377	0.377	0.384	0.387	0.385	0.393	0.389	0.381	0.402	0.386	0.379	0.373	0.370	0.380	0.389	0.387	0.395	0.392	0.394	0.384	0.383	0.382	0.377	0.378	0.421	0.372	0.384	0.382	0.385	0.387	0.381	0.390	0.380	0.382	0.384	0.378	0.379	0.371	0.376	0.374	0.384	0.397	0.381	0.387	0.377	0.372	0.376	0.373	0.386	0.373	0.371	0.373	0.382	0.383	0.387	0.387	0.374	0.373	0.373	0.381	0.379	0.367	0.371	0.373	0.373	0.376	0.375	0.373	0.368	0.373	0.379	0.384	0.374
24:00:41	35.1	0.360	0.368	0.372	0.379	0.374	0.378	0.374	0.379	0.377	0.377	0.370	0.376	0.366	0.369	0.384	0.375	0.375	0.380	0.373	0.387	0.385	0.372	0.370	0.368	0.368	0.376	0.378	0.374	0.382	0.379	0.371	0.391	0.376	0.371	0.365	0.361	0.367	0.381	0.377	0.385	0.383	0.385	0.375	0.374	0.373	0.368	0.369	0.405	0.364	0.375	0.372	0.375	0.378	0.372	0.382	0.370	0.371	0.374	0.370	0.370	0.362	0.368	0.365	0.374	0.387	0.371	0.377	0.367	0.362	0.368	0.365	0.377	0.364	0.363	0.364	0.374	0.372	0.376	0.377	0.363	0.365	0.365	0.372	0.371	0.358	0.362	0.364	0.364	0.367	0.367	0.365	0.360	0.365	0.370	0.375	0.366

0:00:00																																																																																																	
0:00:00																																																																																																	
0:00:00																																																																																																	
0:00:00																																																																																																	
0:00:00																																																																																																	
0:00:00																																																																																																	
0:00:00																																																																																																	
0:00:00																																																																																																	
0:00:00																																																																																																	
0:00:00																																																																																																	
0:00:00																																																																																																	
0:00:00																																																																																																	
0:00:00																																																																																																	
0:00:00																																																																																																	
0:00:00																																																																																																	
0:00:00																																																																																																	
0:00:00																																																																																																	
0:00:00																																																																																																	
0:00:00																																																																																																	
0:00:00																																																																																																	
0:00:00																																																																																																	

Results
	1	2	3	4	5	6	7	8	9	10	11	12
A	?????	?????	?????	?????	?????	?????	?????	?????	?????	?????	?????	?????	Max V [600]
	?????	?????	?????	?????	?????	?????	?????	?????	?????	?????	?????	?????	R-Squared [600]
	?????	?????	?????	?????	?????	?????	?????	?????	?????	?????	?????	?????	t at Max V [600]
	?????	?????	?????	?????	?????	?????	?????	?????	?????	?????	?????	?????	Lagtime [600]
B	?????	?????	?????	?????	?????	?????	?????	?????	?????	?????	?????	?????	Max V [600]
	?????	?????	?????	?????	?????	?????	?????	?????	?????	?????	?????	?????	R-Squared [600]
	?????	?????	?????	?????	?????	?????	?????	?????	?????	?????	?????	?????	t at Max V [600]
	?????	?????	?????	?????	?????	?????	?????	?????	?????	?????	?????	?????	Lagtime [600]
C	?????	?????	?????	?????	?????	?????	?????	?????	?????	?????	?????	?????	Max V [600]
	?????	?????	?????	?????	?????	?????	?????	?????	?????	?????	?????	?????	R-Squared [600]
	?????	?????	?????	?????	?????	?????	?????	?????	?????	?????	?????	?????	t at Max V [600]
	?????	?????	?????	?????	?????	?????	?????	?????	?????	?????	?????	?????	Lagtime [600]
D	?????	?????	?????	?????	?????	?????	?????	?????	?????	?????	?????	?????	Max V [600]
	?????	?????	?????	?????	?????	?????	?????	?????	?????	?????	?????	?????	R-Squared [600]
	?????	?????	?????	?????	?????	?????	?????	?????	?????	?????	?????	?????	t at Max V [600]
	?????	?????	?????	?????	?????	?????	?????	?????	?????	?????	?????	?????	Lagtime [600]
E	?????	?????	?????	?????	?????	?????	?????	?????	?????	?????	?????	?????	Max V [600]
	?????	?????	?????	?????	?????	?????	?????	?????	?????	?????	?????	?????	R-Squared [600]
	?????	?????	?????	?????	?????	?????	?????	?????	?????	?????	?????	?????	t at Max V [600]
	?????	?????	?????	?????	?????	?????	?????	?????	?????	?????	?????	?????	Lagtime [600]
F	?????	?????	?????	?????	?????	?????	?????	?????	?????	?????	?????	?????	Max V [600]
	?????	?????	?????	?????	?????	?????	?????	?????	?????	?????	?????	?????	R-Squared [600]
	?????	?????	?????	?????	?????	?????	?????	?????	?????	?????	?????	?????	t at Max V [600]
	?????	?????	?????	?????	?????	?????	?????	?????	?????	?????	?????	?????	Lagtime [600]
G	?????	?????	?????	?????	?????	?????	?????	?????	?????	?????	?????	?????	Max V [600]
	?????	?????	?????	?????	?????	?????	?????	?????	?????	?????	?????	?????	R-Squared [600]
	?????	?????	?????	?????	?????	?????	?????	?????	?????	?????	?????	?????	t at Max V [600]
	?????	?????	?????	?????	?????	?????	?????	?????	?????	?????	?????	?????	Lagtime [600]
H	?????	?????	?????	?????	?????	?????	?????	?????	?????	?????	?????	?????	Max V [600]
	?????	?????	?????	?????	?????	?????	?????	?????	?????	?????	?????	?????	R-Squared [600]
	?????	?????	?????	?????	?????	?????	?????	?????	?????	?????	?????	?????	t at Max V [600]
	?????	?????	?????	?????	?????	?????	?????	?????	?????	?????	?????	?????	Lagtime [600]


