

Software Version	3.11.19



Experiment File Path:	C:\Users\patil-group\Desktop\Sweeteners_stacker\051121_NT5001_02_03_Rep4\NT5001_02_03_Rep4.xpt
Protocol File Path:	C:\Users\Public\Documents\Protocols\Screening-protocol.prt



Plate Number	Plate 4
Date	05/11/2021
Time	16:16:08
Reader Type:	Epoch 2
Reader Serial Number:	2103223
Reading Type	Reader

Procedure Details

Plate Type	96 WELL PLATE
Discontinuous Kinetics	Runtime 1:00:00 (D:HH:MM), Interval 0:01:00, 25 Reads
	Pause after each run
Eject plate on completion	
Shake	Linear: 0:00:30 (HH:MM:SS)
	Frequency: 567 cpm (3 mm)
Read	Absorbance Endpoint
	Full Plate
	Wavelengths:  600
	Read Speed: Normal,  Delay: 100 msec,  Measurements/Data Point: 8

600

Time	T° 600	A1	A2	A3	A4	A5	A6	A7	A8	A9	A10	A11	A12	B1	B2	B3	B4	B5	B6	B7	B8	B9	B10	B11	B12	C1	C2	C3	C4	C5	C6	C7	C8	C9	C10	C11	C12	D1	D2	D3	D4	D5	D6	D7	D8	D9	D10	D11	D12	E1	E2	E3	E4	E5	E6	E7	E8	E9	E10	E11	E12	F1	F2	F3	F4	F5	F6	F7	F8	F9	F10	F11	F12	G1	G2	G3	G4	G5	G6	G7	G8	G9	G10	G11	G12	H1	H2	H3	H4	H5	H6	H7	H8	H9	H10	H11	H12
0:00:34	34.9	0.193	0.176	0.182	0.193	0.186	0.178	0.177	0.183	0.184	0.185	0.181	0.182	0.191	0.185	0.202	0.193	0.181	0.189	0.179	0.184	0.187	0.180	0.187	0.188	0.190	0.187	0.190	0.195	0.190	0.180	0.189	0.201	0.180	0.189	0.193	0.181	0.185	0.190	0.194	0.193	0.193	0.181	0.187	0.183	0.181	0.186	0.186	0.190	0.183	0.185	0.180	0.184	0.193	0.180	0.186	0.182	0.176	0.181	0.182	0.181	0.180	0.191	0.182	0.177	0.191	0.198	0.182	0.189	0.180	0.181	0.184	0.184	0.183	0.177	0.185	0.188	0.185	0.183	0.189	0.182	0.187	0.181	0.183	0.179	0.198	0.196	0.193	0.189	0.187	0.181	0.179	0.182	0.194	0.183	0.194	0.177
1:00:34	35.1	0.197	0.183	0.189	0.195	0.192	0.184	0.183	0.188	0.189	0.190	0.187	0.188	0.196	0.192	0.203	0.198	0.189	0.194	0.185	0.188	0.194	0.187	0.192	0.195	0.193	0.197	0.200	0.201	0.199	0.190	0.195	0.206	0.186	0.192	0.196	0.186	0.191	0.200	0.200	0.204	0.201	0.189	0.194	0.189	0.188	0.192	0.192	0.196	0.189	0.191	0.187	0.191	0.193	0.186	0.189	0.186	0.182	0.186	0.186	0.187	0.188	0.198	0.188	0.187	0.198	0.202	0.188	0.195	0.184	0.186	0.188	0.189	0.189	0.184	0.191	0.195	0.189	0.188	0.194	0.188	0.192	0.187	0.188	0.186	0.209	0.205	0.204	0.201	0.195	0.189	0.187	0.188	0.193	0.189	0.197	0.184
2:00:35	35.2	0.206	0.194	0.198	0.202	0.201	0.193	0.191	0.198	0.199	0.200	0.196	0.198	0.207	0.202	0.210	0.207	0.199	0.203	0.193	0.203	0.204	0.197	0.201	0.204	0.202	0.209	0.211	0.211	0.209	0.200	0.204	0.213	0.195	0.200	0.203	0.195	0.202	0.212	0.213	0.216	0.212	0.200	0.203	0.198	0.196	0.201	0.199	0.204	0.200	0.203	0.199	0.200	0.200	0.195	0.198	0.191	0.190	0.195	0.200	0.196	0.200	0.209	0.199	0.198	0.206	0.209	0.197	0.205	0.194	0.195	0.196	0.199	0.200	0.196	0.202	0.205	0.199	0.197	0.200	0.197	0.202	0.197	0.197	0.196	0.220	0.214	0.214	0.207	0.206	0.200	0.198	0.198	0.199	0.198	0.204	0.194
3:00:35	35.2	0.222	0.211	0.213	0.217	0.216	0.207	0.204	0.212	0.213	0.214	0.211	0.214	0.226	0.220	0.227	0.224	0.216	0.218	0.208	0.211	0.222	0.214	0.218	0.221	0.219	0.225	0.226	0.227	0.223	0.212	0.217	0.224	0.209	0.213	0.217	0.209	0.220	0.228	0.227	0.231	0.227	0.213	0.216	0.210	0.210	0.213	0.212	0.219	0.217	0.219	0.215	0.214	0.213	0.209	0.210	0.203	0.205	0.209	0.208	0.212	0.218	0.223	0.214	0.214	0.220	0.222	0.208	0.216	0.208	0.210	0.211	0.213	0.220	0.215	0.220	0.222	0.215	0.212	0.212	0.211	0.217	0.212	0.212	0.212	0.242	0.233	0.234	0.226	0.224	0.218	0.213	0.214	0.213	0.211	0.216	0.208
4:00:36	35.1	0.245	0.235	0.237	0.238	0.239	0.229	0.222	0.231	0.234	0.236	0.231	0.236	0.257	0.248	0.252	0.249	0.242	0.243	0.229	0.232	0.245	0.238	0.242	0.245	0.246	0.251	0.248	0.248	0.243	0.233	0.237	0.243	0.229	0.233	0.239	0.231	0.247	0.251	0.250	0.254	0.248	0.233	0.234	0.227	0.229	0.233	0.232	0.242	0.246	0.247	0.241	0.237	0.233	0.229	0.229	0.221	0.226	0.230	0.237	0.235	0.246	0.251	0.239	0.239	0.241	0.241	0.226	0.237	0.230	0.232	0.233	0.235	0.250	0.244	0.247	0.247	0.239	0.236	0.234	0.234	0.240	0.235	0.236	0.237	0.276	0.266	0.267	0.259	0.254	0.249	0.238	0.238	0.236	0.233	0.236	0.230
5:00:37	35.2	0.279	0.271	0.269	0.266	0.269	0.258	0.246	0.257	0.261	0.263	0.258	0.265	0.298	0.284	0.289	0.284	0.277	0.276	0.256	0.260	0.277	0.269	0.274	0.277	0.283	0.285	0.281	0.278	0.271	0.261	0.266	0.271	0.258	0.263	0.270	0.260	0.285	0.284	0.280	0.284	0.276	0.260	0.262	0.251	0.255	0.261	0.260	0.272	0.286	0.282	0.275	0.270	0.262	0.256	0.256	0.244	0.255	0.259	0.267	0.267	0.287	0.285	0.272	0.272	0.269	0.268	0.252	0.267	0.259	0.261	0.263	0.266	0.292	0.282	0.283	0.281	0.271	0.267	0.264	0.265	0.271	0.267	0.269	0.271	0.330	0.316	0.317	0.306	0.301	0.296	0.273	0.271	0.269	0.262	0.264	0.259
6:00:38	35.2	0.320	0.316	0.310	0.304	0.310	0.294	0.275	0.290	0.297	0.299	0.292	0.302	0.353	0.337	0.339	0.332	0.327	0.319	0.292	0.296	0.319	0.311	0.318	0.318	0.334	0.334	0.323	0.322	0.308	0.300	0.304	0.306	0.295	0.301	0.311	0.300	0.335	0.329	0.325	0.326	0.314	0.296	0.297	0.284	0.290	0.296	0.296	0.312	0.338	0.332	0.320	0.313	0.302	0.294	0.290	0.272	0.292	0.297	0.307	0.308	0.338	0.328	0.317	0.316	0.307	0.307	0.284	0.305	0.298	0.301	0.303	0.306	0.349	0.335	0.332	0.328	0.315	0.312	0.305	0.307	0.312	0.309	0.312	0.314	0.403	0.386	0.389	0.374	0.366	0.358	0.322	0.316	0.312	0.300	0.301	0.296
7:00:38	35.2	0.372	0.371	0.361	0.350	0.359	0.339	0.311	0.332	0.340	0.343	0.333	0.348	0.421	0.401	0.403	0.391	0.386	0.373	0.338	0.342	0.371	0.363	0.373	0.371	0.394	0.392	0.376	0.375	0.357	0.347	0.350	0.350	0.340	0.347	0.361	0.348	0.396	0.385	0.379	0.379	0.360	0.342	0.341	0.325	0.332	0.339	0.341	0.362	0.403	0.393	0.377	0.366	0.351	0.340	0.332	0.302	0.338	0.343	0.353	0.358	0.403	0.385	0.372	0.371	0.355	0.355	0.324	0.350	0.344	0.349	0.351	0.354	0.418	0.401	0.395	0.388	0.370	0.366	0.354	0.355	0.362	0.361	0.364	0.366	0.483	0.465	0.470	0.452	0.441	0.431	0.376	0.370	0.363	0.346	0.348	0.342
8:00:39	35.2	0.427	0.429	0.415	0.402	0.414	0.392	0.354	0.381	0.391	0.395	0.381	0.400	0.493	0.472	0.472	0.460	0.456	0.436	0.392	0.396	0.433	0.425	0.437	0.432	0.456	0.456	0.437	0.438	0.413	0.401	0.404	0.401	0.394	0.401	0.417	0.402	0.458	0.447	0.441	0.440	0.419	0.394	0.393	0.373	0.383	0.390	0.394	0.414	0.470	0.461	0.442	0.426	0.410	0.395	0.379	0.330	0.390	0.397	0.409	0.413	0.467	0.449	0.432	0.432	0.413	0.412	0.372	0.403	0.399	0.405	0.406	0.405	0.488	0.472	0.464	0.456	0.436	0.429	0.414	0.415	0.420	0.421	0.423	0.425	0.536	0.520	0.531	0.512	0.504	0.490	0.442	0.431	0.422	0.399	0.401	0.394
9:00:39	35.1	0.473	0.478	0.466	0.453	0.467	0.443	0.401	0.433	0.440	0.444	0.430	0.447	0.536	0.523	0.525	0.517	0.515	0.496	0.454	0.457	0.492	0.485	0.493	0.484	0.501	0.505	0.491	0.493	0.468	0.459	0.460	0.457	0.451	0.458	0.471	0.454	0.500	0.496	0.496	0.493	0.474	0.453	0.449	0.425	0.435	0.443	0.447	0.462	0.515	0.512	0.498	0.483	0.469	0.452	0.428	0.357	0.447	0.452	0.460	0.459	0.511	0.493	0.486	0.485	0.468	0.468	0.423	0.460	0.454	0.464	0.455	0.449	0.531	0.522	0.516	0.511	0.497	0.491	0.476	0.474	0.480	0.480	0.476	0.477	0.566	0.549	0.559	0.545	0.537	0.526	0.488	0.478	0.472	0.450	0.452	0.443
10:00:40	35.2	0.498	0.503	0.494	0.487	0.497	0.476	0.442	0.468	0.472	0.474	0.459	0.473	0.563	0.551	0.553	0.546	0.544	0.526	0.498	0.496	0.524	0.516	0.521	0.511	0.528	0.534	0.522	0.526	0.504	0.494	0.500	0.498	0.489	0.494	0.502	0.484	0.526	0.526	0.526	0.526	0.509	0.491	0.490	0.465	0.474	0.479	0.481	0.491	0.542	0.537	0.527	0.512	0.505	0.491	0.465	0.380	0.487	0.488	0.487	0.488	0.535	0.523	0.516	0.517	0.502	0.500	0.461	0.500	0.490	0.498	0.486	0.478	0.552	0.545	0.543	0.538	0.527	0.523	0.511	0.507	0.513	0.513	0.504	0.503	0.580	0.565	0.574	0.561	0.554	0.540	0.517	0.505	0.503	0.484	0.485	0.472
11:00:41	35.2	0.513	0.516	0.512	0.506	0.515	0.495	0.464	0.488	0.492	0.492	0.478	0.490	0.579	0.568	0.569	0.565	0.564	0.544	0.522	0.518	0.544	0.536	0.541	0.529	0.543	0.550	0.541	0.545	0.527	0.517	0.520	0.520	0.512	0.513	0.521	0.504	0.541	0.544	0.545	0.544	0.530	0.515	0.513	0.489	0.498	0.500	0.502	0.510	0.557	0.554	0.544	0.531	0.528	0.515	0.483	0.394	0.511	0.511	0.506	0.507	0.550	0.543	0.536	0.534	0.521	0.522	0.488	0.518	0.512	0.521	0.504	0.495	0.566	0.561	0.558	0.554	0.545	0.541	0.531	0.528	0.533	0.535	0.523	0.523	0.588	0.576	0.585	0.570	0.565	0.552	0.532	0.522	0.521	0.502	0.503	0.491
12:00:42	35.2	0.524	0.527	0.524	0.518	0.529	0.510	0.480	0.504	0.506	0.507	0.495	0.503	0.589	0.579	0.579	0.577	0.576	0.557	0.538	0.533	0.558	0.550	0.556	0.542	0.553	0.561	0.553	0.557	0.542	0.532	0.537	0.535	0.529	0.528	0.532	0.517	0.550	0.553	0.555	0.555	0.542	0.530	0.529	0.507	0.516	0.516	0.514	0.523	0.566	0.564	0.555	0.545	0.543	0.530	0.490	0.400	0.526	0.527	0.518	0.518	0.557	0.548	0.545	0.546	0.536	0.534	0.501	0.530	0.526	0.533	0.515	0.506	0.573	0.570	0.568	0.563	0.557	0.553	0.545	0.541	0.545	0.548	0.535	0.535	0.592	0.580	0.589	0.577	0.570	0.556	0.541	0.532	0.533	0.513	0.518	0.504
13:00:42	35.2	0.530	0.534	0.532	0.527	0.535	0.518	0.494	0.517	0.518	0.518	0.504	0.515	0.593	0.583	0.584	0.584	0.583	0.565	0.549	0.544	0.568	0.560	0.563	0.552	0.559	0.566	0.559	0.564	0.549	0.540	0.545	0.547	0.538	0.538	0.543	0.526	0.555	0.559	0.563	0.563	0.550	0.538	0.537	0.518	0.526	0.526	0.525	0.530	0.570	0.570	0.561	0.551	0.551	0.539	0.494	0.407	0.536	0.535	0.524	0.522	0.561	0.555	0.552	0.553	0.544	0.543	0.513	0.540	0.535	0.544	0.521	0.509	0.577	0.574	0.574	0.570	0.564	0.561	0.554	0.549	0.554	0.555	0.542	0.543	0.596	0.584	0.591	0.580	0.573	0.559	0.547	0.538	0.537	0.523	0.523	0.512
14:00:42	35.2	0.534	0.537	0.535	0.532	0.540	0.523	0.500	0.524	0.524	0.525	0.513	0.520	0.595	0.586	0.586	0.587	0.588	0.570	0.556	0.551	0.572	0.564	0.567	0.556	0.561	0.569	0.561	0.568	0.555	0.546	0.552	0.553	0.545	0.544	0.546	0.531	0.557	0.561	0.567	0.566	0.555	0.545	0.544	0.524	0.531	0.531	0.529	0.531	0.572	0.572	0.565	0.555	0.555	0.545	0.498	0.417	0.542	0.541	0.531	0.530	0.566	0.557	0.556	0.556	0.548	0.549	0.519	0.544	0.541	0.548	0.524	0.513	0.579	0.578	0.577	0.572	0.567	0.566	0.560	0.554	0.558	0.559	0.547	0.547	0.598	0.587	0.591	0.586	0.573	0.558	0.552	0.541	0.543	0.529	0.530	0.519
15:00:44	35.2	0.538	0.540	0.538	0.534	0.545	0.528	0.509	0.531	0.529	0.530	0.519	0.525	0.595	0.586	0.586	0.589	0.589	0.572	0.560	0.555	0.576	0.567	0.571	0.559	0.566	0.572	0.567	0.571	0.558	0.549	0.555	0.557	0.549	0.547	0.550	0.534	0.561	0.566	0.568	0.569	0.558	0.547	0.547	0.528	0.536	0.535	0.534	0.537	0.576	0.574	0.567	0.558	0.559	0.549	0.504	0.427	0.547	0.544	0.543	0.538	0.573	0.561	0.560	0.558	0.551	0.551	0.524	0.549	0.544	0.551	0.532	0.521	0.581	0.579	0.580	0.575	0.570	0.570	0.563	0.558	0.562	0.563	0.550	0.550	0.604	0.592	0.593	0.591	0.576	0.560	0.560	0.547	0.551	0.535	0.538	0.523
16:00:44	35.2	0.543	0.545	0.542	0.537	0.550	0.533	0.515	0.535	0.534	0.534	0.523	0.529	0.596	0.587	0.588	0.590	0.590	0.573	0.563	0.559	0.579	0.570	0.574	0.561	0.574	0.577	0.571	0.573	0.561	0.553	0.559	0.562	0.553	0.552	0.556	0.540	0.567	0.572	0.573	0.572	0.560	0.552	0.552	0.533	0.541	0.540	0.540	0.544	0.580	0.576	0.571	0.561	0.561	0.553	0.512	0.439	0.550	0.548	0.555	0.549	0.580	0.568	0.568	0.564	0.557	0.555	0.529	0.555	0.547	0.556	0.541	0.530	0.582	0.582	0.581	0.577	0.573	0.573	0.567	0.562	0.565	0.565	0.555	0.553	0.609	0.598	0.596	0.594	0.576	0.562	0.567	0.553	0.558	0.542	0.547	0.531
17:00:45	35.1	0.548	0.551	0.547	0.542	0.554	0.538	0.519	0.539	0.539	0.539	0.526	0.533	0.598	0.589	0.590	0.592	0.591	0.576	0.567	0.563	0.582	0.573	0.577	0.564	0.582	0.583	0.578	0.578	0.566	0.557	0.566	0.567	0.560	0.559	0.563	0.546	0.574	0.580	0.579	0.578	0.566	0.559	0.557	0.540	0.547	0.547	0.548	0.554	0.586	0.580	0.577	0.564	0.565	0.558	0.519	0.449	0.555	0.554	0.568	0.560	0.589	0.576	0.574	0.571	0.562	0.560	0.533	0.563	0.551	0.562	0.551	0.542	0.586	0.584	0.584	0.579	0.575	0.576	0.571	0.564	0.568	0.569	0.559	0.557	0.616	0.604	0.599	0.602	0.580	0.566	0.576	0.562	0.569	0.552	0.557	0.539
18:00:46	35.1	0.554	0.558	0.554	0.548	0.561	0.545	0.523	0.544	0.546	0.544	0.531	0.537	0.602	0.592	0.593	0.595	0.594	0.579	0.571	0.567	0.585	0.577	0.581	0.567	0.591	0.592	0.585	0.584	0.573	0.564	0.573	0.576	0.568	0.567	0.571	0.554	0.582	0.589	0.586	0.584	0.573	0.567	0.564	0.548	0.555	0.554	0.557	0.564	0.593	0.585	0.582	0.569	0.570	0.563	0.526	0.458	0.560	0.559	0.583	0.572	0.597	0.583	0.583	0.579	0.572	0.567	0.539	0.573	0.558	0.569	0.565	0.557	0.590	0.587	0.586	0.581	0.580	0.580	0.576	0.570	0.572	0.573	0.566	0.562	0.622	0.611	0.603	0.608	0.584	0.569	0.586	0.572	0.579	0.562	0.568	0.549
19:00:47	35.1	0.562	0.567	0.563	0.556	0.569	0.554	0.529	0.550	0.555	0.552	0.535	0.542	0.608	0.595	0.598	0.601	0.597	0.584	0.576	0.574	0.591	0.581	0.587	0.572	0.601	0.599	0.593	0.592	0.581	0.571	0.581	0.585	0.578	0.577	0.581	0.563	0.591	0.597	0.594	0.592	0.581	0.576	0.573	0.557	0.564	0.563	0.567	0.573	0.601	0.591	0.589	0.576	0.577	0.572	0.534	0.464	0.569	0.567	0.596	0.587	0.608	0.593	0.593	0.589	0.580	0.574	0.546	0.583	0.565	0.579	0.580	0.572	0.595	0.592	0.590	0.587	0.584	0.585	0.584	0.574	0.577	0.578	0.573	0.567	0.630	0.618	0.609	0.617	0.589	0.574	0.597	0.581	0.590	0.574	0.580	0.559
20:00:48	35.2	0.573	0.578	0.573	0.566	0.579	0.563	0.536	0.560	0.564	0.562	0.544	0.547	0.614	0.601	0.604	0.606	0.602	0.590	0.582	0.581	0.597	0.588	0.595	0.577	0.611	0.607	0.603	0.601	0.590	0.581	0.590	0.594	0.588	0.586	0.589	0.571	0.600	0.607	0.603	0.601	0.590	0.587	0.582	0.567	0.575	0.574	0.578	0.583	0.610	0.598	0.597	0.584	0.585	0.581	0.542	0.471	0.576	0.576	0.609	0.596	0.619	0.602	0.603	0.598	0.590	0.584	0.556	0.593	0.573	0.588	0.593	0.581	0.600	0.598	0.596	0.593	0.591	0.591	0.592	0.582	0.584	0.585	0.581	0.573	0.639	0.626	0.615	0.625	0.595	0.579	0.607	0.591	0.601	0.585	0.593	0.571
21:00:48	35.2	0.584	0.589	0.582	0.570	0.588	0.572	0.547	0.570	0.572	0.570	0.550	0.555	0.621	0.606	0.610	0.612	0.607	0.595	0.590	0.589	0.604	0.594	0.601	0.585	0.622	0.616	0.612	0.607	0.599	0.589	0.600	0.605	0.597	0.596	0.599	0.582	0.611	0.617	0.612	0.609	0.598	0.596	0.592	0.577	0.584	0.584	0.590	0.593	0.619	0.604	0.604	0.592	0.592	0.590	0.547	0.477	0.584	0.585	0.622	0.611	0.629	0.612	0.613	0.608	0.599	0.591	0.565	0.602	0.581	0.597	0.604	0.591	0.607	0.603	0.602	0.598	0.598	0.597	0.600	0.588	0.591	0.592	0.589	0.580	0.647	0.635	0.622	0.632	0.601	0.584	0.618	0.603	0.612	0.597	0.603	0.583
22:00:49	35.2	0.592	0.597	0.585	0.582	0.595	0.584	0.563	0.577	0.583	0.581	0.562	0.567	0.625	0.613	0.617	0.620	0.613	0.601	0.598	0.598	0.612	0.601	0.610	0.592	0.632	0.627	0.622	0.613	0.607	0.599	0.610	0.616	0.607	0.605	0.608	0.592	0.620	0.626	0.620	0.618	0.608	0.607	0.601	0.589	0.594	0.594	0.597	0.604	0.628	0.616	0.613	0.600	0.601	0.600	0.555	0.481	0.595	0.594	0.626	0.619	0.638	0.622	0.624	0.617	0.609	0.602	0.575	0.614	0.591	0.607	0.612	0.598	0.614	0.611	0.608	0.605	0.604	0.604	0.609	0.596	0.598	0.600	0.598	0.585	0.655	0.643	0.630	0.641	0.608	0.591	0.630	0.611	0.624	0.610	0.617	0.594
23:00:49	35.2	0.603	0.607	0.603	0.597	0.610	0.595	0.572	0.589	0.594	0.592	0.574	0.577	0.632	0.620	0.626	0.628	0.621	0.610	0.607	0.607	0.621	0.610	0.618	0.599	0.643	0.636	0.632	0.623	0.618	0.608	0.620	0.625	0.617	0.616	0.618	0.603	0.627	0.637	0.628	0.626	0.616	0.617	0.610	0.599	0.605	0.604	0.612	0.618	0.637	0.620	0.621	0.609	0.611	0.611	0.558	0.487	0.603	0.604	0.637	0.631	0.647	0.634	0.636	0.625	0.619	0.611	0.587	0.623	0.600	0.617	0.619	0.602	0.622	0.617	0.615	0.611	0.614	0.612	0.618	0.603	0.606	0.608	0.605	0.594	0.664	0.652	0.638	0.648	0.616	0.598	0.640	0.622	0.634	0.619	0.628	0.604
0:00:00																																																																																																	

Results
	1	2	3	4	5	6	7	8	9	10	11	12
A	0.828	0.877	0.831	0.786	0.831	0.780	0.709	0.760	0.754	0.762	0.724	0.770	Max V [600]
	0.998	0.998	0.998	0.997	0.997	0.995	0.998	0.997	0.995	0.995	0.995	0.997	R-Squared [600]
	7:00:38	7:00:38	7:00:38	7:00:38	7:00:38	8:00:39	8:00:39	8:00:39	7:00:38	7:00:38	7:00:38	7:00:38	t at Max V [600]
	3:21:20	3:16:03	3:21:08	3:33:34	3:26:03	3:30:04	3:47:16	3:40:06	3:25:52	3:26:22	3:22:59	3:19:06	Lagtime [600]
B	1.027	1.021	1.008	0.990	1.009	0.929	0.880	0.860	0.908	0.912	0.928	0.882	Max V [600]
	0.995	0.997	0.997	0.996	0.997	0.995	0.997	0.996	0.995	0.995	0.996	0.996	R-Squared [600]
	7:00:38	7:00:38	7:00:38	7:00:38	7:00:38	7:00:38	8:00:39	8:00:39	7:00:38	7:00:38	7:00:38	7:00:38	t at Max V [600]
	3:17:14	3:26:39	3:38:58	3:34:39	3:31:53	3:34:21	3:55:38	3:52:16	3:29:29	3:31:29	3:33:12	3:26:42	Lagtime [600]
C	0.931	0.937	0.891	0.911	0.838	0.834	0.838	0.822	0.833	0.826	0.847	0.817	Max V [600]
	0.997	0.998	0.997	0.996	0.995	0.995	0.997	0.998	0.996	0.996	0.997	0.997	R-Squared [600]
	7:00:38	7:00:38	7:00:38	7:00:38	8:00:39	8:00:39	8:00:39	8:00:39	8:00:39	8:00:39	7:00:38	7:00:38	t at Max V [600]
	3:21:39	3:19:39	3:25:31	3:36:26	3:37:15	3:36:40	3:44:36	3:55:17	3:43:44	3:44:50	3:36:12	3:31:00	Lagtime [600]
D	0.920	0.903	0.912	0.886	0.839	0.835	0.823	0.767	0.785	0.783	0.791	0.803	Max V [600]
	0.996	0.998	0.997	0.996	0.994	0.997	0.997	0.998	0.998	0.997	0.995	0.998	R-Squared [600]
	7:00:38	7:00:38	7:00:38	7:00:38	8:00:39	8:00:39	8:00:39	8:00:39	8:00:39	8:00:39	8:00:39	7:00:38	t at Max V [600]
	3:12:27	3:21:19	3:31:35	3:24:06	3:36:03	3:44:19	3:49:13	3:50:34	3:43:34	3:41:23	3:41:03	3:24:03	Lagtime [600]
E	0.986	0.979	0.947	0.898	0.874	0.843	0.742	0.471	0.833	0.820	0.812	0.816	Max V [600]
	0.996	0.997	0.997	0.996	0.994	0.997	0.998	1.000	0.997	0.996	0.996	0.998	R-Squared [600]
	7:00:38	7:00:38	7:00:38	7:00:38	8:00:39	8:00:39	8:00:39	7:00:38	8:00:39	8:00:39	7:00:38	7:00:38	t at Max V [600]
	3:17:58	3:25:34	3:26:33	3:31:41	3:54:49	3:46:41	3:40:46	2:48:20	3:42:33	3:39:24	3:22:15	3:20:16	Lagtime [600]
F	0.964	0.896	0.906	0.906	0.838	0.841	0.753	0.835	0.822	0.850	0.808	0.775	Max V [600]
	0.996	0.995	0.998	0.997	0.994	0.994	0.998	0.997	0.996	0.994	0.997	0.998	R-Squared [600]
	7:00:38	7:00:38	7:00:38	7:00:38	7:00:38	7:00:38	8:00:39	8:00:39	8:00:39	8:00:39	7:00:38	7:00:38	t at Max V [600]
	3:11:29	3:20:21	3:26:48	3:22:27	3:36:16	3:46:22	3:47:55	3:43:26	3:36:25	3:38:42	3:28:34	3:18:42	Lagtime [600]
G	1.027	1.025	0.996	0.981	0.957	0.940	0.891	0.875	0.877	0.899	0.875	0.872	Max V [600]
	0.994	0.997	0.997	0.997	0.995	0.995	0.993	0.994	0.994	0.995	0.997	0.998	R-Squared [600]
	7:00:38	7:00:38	7:00:38	7:00:38	7:00:38	7:00:38	8:00:39	7:00:38	7:00:38	7:00:38	7:00:38	7:00:38	t at Max V [600]
	3:13:56	3:20:50	3:26:33	3:31:25	3:38:57	3:38:26	3:50:31	3:34:09	3:32:45	3:32:38	3:28:46	3:21:25	Lagtime [600]
H	1.121	1.095	1.138	1.085	1.068	1.029	0.918	0.879	0.860	0.793	0.796	0.777	Max V [600]
	0.995	0.995	0.994	0.994	0.995	0.995	0.997	0.998	0.998	0.996	0.996	0.996	R-Squared [600]
	6:00:38	6:00:38	6:00:38	6:00:38	6:00:38	6:00:38	7:00:38	7:00:38	7:00:38	7:00:38	7:00:38	7:00:38	t at Max V [600]
	2:55:37	3:02:46	3:02:58	3:04:03	3:06:37	3:02:00	3:21:30	3:23:15	3:39:10	3:28:21	3:40:48	3:22:13	Lagtime [600]

