

Software Version	3.10.06



Experiment File Path:	C:\Users\patil-group\Desktop\Sweeteners_stacker\141021_NT5001_02_03_Rep2\NT5001_02_03_Rep2.xpt
Protocol File Path:	C:\Users\Public\Documents\Protocols\Screening-protocol.prt



Plate Number	Plate 2
Date	14/10/2021
Time	13:39:50
Reader Type:	Epoch 2
Reader Serial Number:	2103223
Reading Type	Reader

Procedure Details

Plate Type	96 WELL PLATE
Discontinuous Kinetics	Runtime 1:00:00 (D:HH:MM), Interval 0:01:00, 25 Reads
	Pause after each run
Eject plate on completion	
Set Temperature	Setpoint 37°C, Gradient 0 °C
Shake	Linear: 0:00:30 (HH:MM:SS)
	Frequency: 567 cpm (3 mm)
Read	Absorbance Endpoint
	Full Plate
	Wavelengths:  600
	Read Speed: Normal,  Delay: 100 msec,  Measurements/Data Point: 8

600

Time	T° 600	A1	A2	A3	A4	A5	A6	A7	A8	A9	A10	A11	A12	B1	B2	B3	B4	B5	B6	B7	B8	B9	B10	B11	B12	C1	C2	C3	C4	C5	C6	C7	C8	C9	C10	C11	C12	D1	D2	D3	D4	D5	D6	D7	D8	D9	D10	D11	D12	E1	E2	E3	E4	E5	E6	E7	E8	E9	E10	E11	E12	F1	F2	F3	F4	F5	F6	F7	F8	F9	F10	F11	F12	G1	G2	G3	G4	G5	G6	G7	G8	G9	G10	G11	G12	H1	H2	H3	H4	H5	H6	H7	H8	H9	H10	H11	H12
0:00:34	37.1	0.189	0.189	0.187	0.181	0.179	0.184	0.178	0.180	0.178	0.184	0.180	0.187	0.187	0.182	0.191	0.183	0.181	0.193	0.180	0.179	0.182	0.178	0.188	0.179	0.201	0.198	0.189	0.184	0.183	0.187	0.192	0.184	0.185	0.188	0.188	0.178	0.180	0.184	0.204	0.181	0.190	0.191	0.188	0.182	0.190	0.185	0.197	0.183	0.188	0.194	0.186	0.187	0.185	0.184	0.196	0.187	0.188	0.184	0.188	0.191	0.188	0.195	0.196	0.187	0.181	0.186	0.201	0.182	0.185	0.189	0.177	0.183	0.198	0.197	0.185	0.190	0.181	0.185	0.191	0.199	0.181	0.183	0.182	0.181	0.320	0.250	0.173	0.192	0.185	0.181	0.178	0.179	0.181	0.183	0.182	0.187
1:00:34	37.0	0.205	0.206	0.202	0.197	0.189	0.194	0.187	0.191	0.184	0.188	0.192	0.199	0.203	0.199	0.204	0.196	0.192	0.201	0.191	0.188	0.191	0.188	0.196	0.189	0.216	0.212	0.207	0.197	0.195	0.216	0.200	0.193	0.196	0.195	0.193	0.187	0.196	0.198	0.220	0.196	0.201	0.200	0.195	0.191	0.197	0.192	0.205	0.186	0.200	0.206	0.200	0.200	0.199	0.198	0.203	0.195	0.195	0.191	0.197	0.201	0.200	0.207	0.206	0.197	0.192	0.196	0.208	0.190	0.195	0.196	0.186	0.193	0.215	0.390	0.421	0.202	0.193	0.196	0.200	0.208	0.192	0.194	0.192	0.192	0.188	0.195	0.184	0.196	0.461	0.189	0.190	0.188	0.192	0.193	0.193	0.200
2:00:35	37.0	0.234	0.236	0.231	0.222	0.212	0.214	0.209	0.209	0.209	0.211	0.214	0.223	0.232	0.230	0.232	0.221	0.217	0.224	0.212	0.208	0.211	0.210	0.216	0.213	0.248	0.241	0.238	0.223	0.218	0.239	0.223	0.213	0.218	0.215	0.214	0.213	0.227	0.224	0.247	0.219	0.224	0.219	0.211	0.208	0.215	0.212	0.226	0.208	0.227	0.232	0.225	0.225	0.224	0.219	0.221	0.211	0.211	0.209	0.219	0.225	0.226	0.235	0.229	0.220	0.213	0.214	0.227	0.209	0.212	0.216	0.210	0.217	0.249	0.246	0.387	0.226	0.216	0.215	0.218	0.227	0.214	0.214	0.213	0.215	0.220	0.227	0.215	0.226	0.212	0.208	0.434	0.210	0.214	0.216	0.217	0.224
3:00:34	37.1	0.287	0.285	0.278	0.266	0.251	0.253	0.244	0.246	0.247	0.252	0.254	0.264	0.283	0.280	0.279	0.263	0.261	0.263	0.250	0.242	0.246	0.249	0.257	0.256	0.301	0.293	0.291	0.264	0.257	0.279	0.260	0.249	0.257	0.253	0.255	0.255	0.276	0.269	0.289	0.261	0.261	0.252	0.242	0.242	0.244	0.245	0.264	0.247	0.270	0.278	0.266	0.267	0.265	0.253	0.251	0.239	0.242	0.242	0.259	0.267	0.270	0.279	0.270	0.259	0.248	0.242	0.260	0.243	0.245	0.251	0.249	0.259	0.298	0.302	0.368	0.268	0.257	0.252	0.253	0.261	0.255	0.251	0.252	0.256	0.277	0.281	0.268	0.276	0.258	0.255	0.536	0.250	0.255	0.257	0.259	0.267
4:00:35	37.1	0.364	0.358	0.346	0.336	0.316	0.316	0.303	0.302	0.306	0.313	0.317	0.333	0.353	0.353	0.348	0.325	0.326	0.325	0.310	0.296	0.304	0.310	0.318	0.318	0.385	0.377	0.370	0.332	0.318	0.344	0.327	0.310	0.319	0.315	0.322	0.325	0.348	0.336	0.354	0.322	0.322	0.303	0.289	0.296	0.290	0.296	0.326	0.309	0.332	0.349	0.328	0.330	0.331	0.307	0.299	0.281	0.292	0.293	0.320	0.332	0.331	0.344	0.330	0.315	0.299	0.286	0.310	0.304	0.296	0.304	0.308	0.321	0.391	0.401	0.349	0.325	0.318	0.309	0.306	0.314	0.319	0.311	0.311	0.316	0.358	0.362	0.343	0.339	0.328	0.321	0.315	0.354	0.323	0.320	0.326	0.334
5:00:35	37.0	0.462	0.459	0.434	0.426	0.406	0.402	0.386	0.378	0.388	0.393	0.403	0.413	0.446	0.451	0.443	0.409	0.412	0.409	0.389	0.370	0.383	0.392	0.408	0.406	0.490	0.485	0.473	0.423	0.404	0.433	0.421	0.396	0.409	0.403	0.412	0.420	0.444	0.427	0.441	0.408	0.409	0.379	0.360	0.372	0.357	0.369	0.412	0.392	0.416	0.448	0.412	0.416	0.416	0.385	0.364	0.333	0.361	0.362	0.401	0.416	0.414	0.429	0.410	0.393	0.371	0.345	0.382	0.373	0.365	0.376	0.386	0.402	0.483	0.494	0.448	0.414	0.411	0.388	0.382	0.390	0.408	0.396	0.387	0.394	0.457	0.460	0.439	0.439	0.429	0.418	0.408	0.435	0.416	0.404	0.416	0.423
6:00:36	37.0	0.534	0.537	0.512	0.508	0.497	0.500	0.478	0.465	0.475	0.478	0.486	0.497	0.527	0.537	0.525	0.495	0.500	0.507	0.484	0.460	0.481	0.484	0.494	0.489	0.567	0.569	0.559	0.517	0.503	0.534	0.526	0.501	0.509	0.506	0.502	0.507	0.526	0.519	0.525	0.499	0.512	0.473	0.448	0.468	0.445	0.457	0.507	0.476	0.499	0.538	0.503	0.508	0.512	0.478	0.439	0.387	0.453	0.450	0.487	0.498	0.492	0.514	0.495	0.476	0.457	0.421	0.477	0.469	0.451	0.465	0.472	0.503	0.561	0.567	0.525	0.510	0.510	0.486	0.477	0.486	0.507	0.497	0.472	0.473	0.517	0.525	0.510	0.515	0.504	0.495	0.497	0.519	0.514	0.496	0.504	0.508
7:00:36	37.1	0.570	0.582	0.554	0.550	0.551	0.557	0.539	0.522	0.533	0.525	0.541	0.565	0.571	0.582	0.574	0.547	0.554	0.567	0.543	0.526	0.544	0.545	0.556	0.547	0.612	0.615	0.611	0.572	0.566	0.594	0.589	0.562	0.576	0.568	0.564	0.562	0.572	0.568	0.580	0.553	0.577	0.543	0.521	0.530	0.527	0.529	0.562	0.534	0.552	0.590	0.561	0.565	0.573	0.547	0.501	0.423	0.528	0.522	0.542	0.549	0.540	0.565	0.550	0.535	0.526	0.495	0.549	0.540	0.523	0.536	0.530	0.539	0.609	0.626	0.588	0.572	0.577	0.557	0.555	0.562	0.576	0.562	0.532	0.524	0.550	0.571	0.547	0.559	0.560	0.553	0.550	0.560	0.567	0.553	0.555	0.558
8:00:36	37.0	0.595	0.605	0.579	0.577	0.580	0.588	0.571	0.553	0.562	0.551	0.570	0.579	0.597	0.608	0.600	0.575	0.581	0.604	0.578	0.561	0.581	0.574	0.586	0.575	0.634	0.639	0.637	0.602	0.602	0.631	0.623	0.600	0.614	0.602	0.592	0.589	0.596	0.598	0.610	0.589	0.611	0.585	0.565	0.565	0.573	0.570	0.594	0.564	0.578	0.615	0.592	0.597	0.609	0.588	0.531	0.437	0.569	0.561	0.566	0.575	0.565	0.595	0.577	0.567	0.561	0.539	0.593	0.581	0.563	0.576	0.560	0.564	0.633	0.651	0.605	0.611	0.611	0.598	0.597	0.595	0.620	0.599	0.563	0.556	0.575	0.592	0.571	0.586	0.591	0.578	0.578	0.575	0.597	0.583	0.583	0.585
9:00:36	37.1	0.604	0.611	0.591	0.587	0.594	0.604	0.588	0.567	0.578	0.562	0.584	0.593	0.610	0.617	0.611	0.591	0.595	0.618	0.591	0.579	0.598	0.592	0.600	0.589	0.643	0.651	0.648	0.616	0.619	0.646	0.638	0.618	0.629	0.618	0.606	0.603	0.608	0.610	0.624	0.601	0.624	0.604	0.585	0.584	0.595	0.592	0.609	0.577	0.592	0.627	0.608	0.613	0.625	0.607	0.542	0.444	0.589	0.581	0.580	0.589	0.578	0.606	0.590	0.583	0.581	0.563	0.611	0.597	0.580	0.596	0.577	0.581	0.630	0.669	0.637	0.623	0.624	0.612	0.614	0.614	0.635	0.616	0.578	0.571	0.586	0.601	0.582	0.595	0.597	0.597	0.593	0.580	0.610	0.598	0.596	0.600
10:00:37	37.0	0.608	0.613	0.596	0.588	0.601	0.608	0.594	0.573	0.585	0.565	0.588	0.599	0.613	0.619	0.614	0.595	0.601	0.624	0.598	0.588	0.603	0.601	0.604	0.595	0.646	0.654	0.652	0.620	0.622	0.651	0.645	0.623	0.633	0.619	0.609	0.607	0.611	0.613	0.626	0.606	0.628	0.611	0.593	0.587	0.602	0.599	0.614	0.582	0.597	0.631	0.610	0.621	0.628	0.612	0.549	0.451	0.596	0.588	0.588	0.596	0.584	0.610	0.593	0.588	0.590	0.572	0.619	0.604	0.589	0.604	0.582	0.602	0.638	0.669	0.641	0.627	0.630	0.619	0.622	0.621	0.638	0.621	0.584	0.579	0.589	0.606	0.589	0.603	0.605	0.605	0.598	0.583	0.618	0.607	0.603	0.607
11:00:37	37.0	0.608	0.611	0.597	0.587	0.603	0.606	0.596	0.575	0.588	0.567	0.591	0.601	0.614	0.621	0.614	0.594	0.603	0.624	0.598	0.589	0.604	0.601	0.607	0.597	0.645	0.654	0.650	0.620	0.625	0.653	0.646	0.624	0.633	0.623	0.610	0.610	0.613	0.614	0.626	0.608	0.633	0.612	0.593	0.589	0.605	0.603	0.612	0.583	0.598	0.632	0.612	0.618	0.629	0.614	0.553	0.460	0.596	0.591	0.591	0.598	0.586	0.609	0.595	0.589	0.593	0.573	0.621	0.605	0.592	0.608	0.584	0.590	0.638	0.663	0.632	0.627	0.631	0.618	0.624	0.623	0.638	0.622	0.587	0.584	0.590	0.611	0.590	0.603	0.605	0.606	0.600	0.585	0.620	0.610	0.605	0.608
12:00:38	37.0	0.609	0.610	0.596	0.585	0.602	0.605	0.597	0.575	0.588	0.567	0.591	0.617	0.613	0.619	0.614	0.593	0.604	0.622	0.598	0.591	0.604	0.602	0.608	0.597	0.644	0.652	0.647	0.618	0.624	0.653	0.646	0.623	0.632	0.622	0.609	0.610	0.614	0.614	0.626	0.605	0.634	0.606	0.595	0.587	0.605	0.605	0.612	0.585	0.599	0.629	0.611	0.619	0.625	0.613	0.555	0.468	0.596	0.591	0.592	0.599	0.586	0.606	0.596	0.588	0.595	0.575	0.622	0.605	0.595	0.609	0.585	0.591	0.639	0.650	0.620	0.623	0.629	0.617	0.620	0.622	0.637	0.621	0.589	0.585	0.591	0.609	0.591	0.605	0.608	0.604	0.601	0.585	0.621	0.611	0.608	0.609
13:00:39	37.0	0.609	0.611	0.597	0.582	0.603	0.605	0.598	0.576	0.589	0.568	0.591	0.622	0.614	0.621	0.616	0.592	0.606	0.621	0.600	0.593	0.605	0.604	0.610	0.598	0.641	0.651	0.644	0.618	0.624	0.649	0.643	0.620	0.631	0.623	0.610	0.612	0.617	0.614	0.624	0.606	0.633	0.604	0.595	0.588	0.601	0.605	0.611	0.586	0.600	0.629	0.609	0.618	0.624	0.613	0.557	0.472	0.595	0.592	0.595	0.602	0.586	0.605	0.595	0.588	0.596	0.574	0.621	0.605	0.596	0.611	0.586	0.592	0.626	0.631	0.628	0.621	0.627	0.617	0.617	0.621	0.632	0.619	0.588	0.585	0.593	0.610	0.594	0.607	0.605	0.605	0.604	0.586	0.623	0.612	0.608	0.609
14:00:39	37.0	0.611	0.613	0.600	0.582	0.604	0.606	0.600	0.576	0.590	0.567	0.592	0.606	0.616	0.624	0.617	0.594	0.608	0.621	0.601	0.595	0.605	0.605	0.612	0.600	0.641	0.649	0.643	0.617	0.623	0.649	0.643	0.619	0.631	0.622	0.609	0.614	0.619	0.615	0.623	0.603	0.631	0.604	0.593	0.591	0.600	0.607	0.611	0.587	0.601	0.628	0.610	0.616	0.621	0.611	0.559	0.476	0.596	0.593	0.596	0.604	0.587	0.604	0.595	0.589	0.598	0.573	0.618	0.603	0.598	0.613	0.588	0.595	0.628	0.637	0.618	0.618	0.626	0.616	0.615	0.621	0.630	0.618	0.591	0.587	0.589	0.612	0.595	0.608	0.608	0.605	0.605	0.588	0.625	0.613	0.611	0.611
15:00:40	37.0	0.613	0.615	0.601	0.583	0.606	0.607	0.601	0.578	0.590	0.567	0.594	0.601	0.619	0.626	0.621	0.596	0.611	0.623	0.603	0.596	0.606	0.608	0.614	0.601	0.641	0.649	0.642	0.616	0.624	0.647	0.641	0.619	0.629	0.623	0.610	0.616	0.621	0.619	0.622	0.601	0.626	0.602	0.592	0.592	0.599	0.608	0.613	0.590	0.604	0.626	0.608	0.614	0.621	0.610	0.562	0.483	0.599	0.594	0.600	0.607	0.590	0.604	0.595	0.592	0.600	0.574	0.614	0.602	0.600	0.616	0.591	0.605	0.627	0.641	0.616	0.608	0.625	0.615	0.614	0.620	0.628	0.618	0.593	0.590	0.597	0.599	0.595	0.610	0.610	0.609	0.607	0.591	0.627	0.616	0.612	0.614
16:00:40	37.1	0.616	0.617	0.604	0.584	0.607	0.610	0.603	0.579	0.594	0.569	0.597	0.603	0.621	0.630	0.623	0.599	0.613	0.626	0.606	0.599	0.608	0.610	0.617	0.605	0.642	0.648	0.642	0.618	0.624	0.647	0.640	0.619	0.629	0.626	0.613	0.617	0.624	0.619	0.620	0.601	0.629	0.603	0.595	0.591	0.599	0.611	0.613	0.591	0.608	0.625	0.608	0.612	0.623	0.609	0.565	0.488	0.600	0.597	0.604	0.612	0.592	0.606	0.596	0.594	0.602	0.576	0.613	0.604	0.604	0.619	0.594	0.608	0.623	0.641	0.620	0.612	0.621	0.615	0.614	0.617	0.626	0.620	0.596	0.593	0.604	0.607	0.600	0.613	0.610	0.611	0.608	0.592	0.629	0.618	0.615	0.616
17:00:41	37.0	0.621	0.622	0.608	0.587	0.611	0.613	0.606	0.582	0.596	0.572	0.599	0.604	0.627	0.634	0.627	0.604	0.617	0.628	0.608	0.602	0.611	0.613	0.619	0.607	0.645	0.648	0.640	0.619	0.626	0.646	0.636	0.620	0.630	0.628	0.615	0.619	0.628	0.624	0.621	0.604	0.629	0.604	0.597	0.594	0.600	0.614	0.616	0.594	0.612	0.626	0.610	0.611	0.620	0.609	0.569	0.493	0.601	0.600	0.609	0.617	0.594	0.606	0.599	0.596	0.604	0.578	0.613	0.606	0.609	0.622	0.600	0.607	0.622	0.645	0.620	0.611	0.619	0.617	0.615	0.618	0.625	0.621	0.599	0.598	0.612	0.612	0.600	0.616	0.612	0.612	0.610	0.594	0.632	0.620	0.617	0.619
18:00:41	37.0	0.627	0.627	0.613	0.591	0.615	0.619	0.610	0.586	0.601	0.574	0.603	0.606	0.634	0.639	0.632	0.608	0.621	0.632	0.612	0.605	0.614	0.616	0.622	0.610	0.648	0.651	0.641	0.624	0.629	0.646	0.636	0.623	0.632	0.631	0.617	0.621	0.632	0.627	0.623	0.605	0.632	0.605	0.598	0.595	0.601	0.616	0.619	0.597	0.616	0.629	0.614	0.610	0.620	0.611	0.572	0.497	0.604	0.602	0.614	0.625	0.597	0.610	0.603	0.600	0.608	0.582	0.616	0.608	0.609	0.625	0.605	0.614	0.627	0.642	0.617	0.611	0.619	0.619	0.616	0.621	0.623	0.623	0.603	0.602	0.620	0.618	0.602	0.618	0.614	0.616	0.612	0.596	0.635	0.623	0.620	0.622
19:00:41	37.0	0.634	0.633	0.619	0.595	0.620	0.624	0.614	0.590	0.604	0.578	0.606	0.609	0.641	0.643	0.637	0.614	0.625	0.637	0.617	0.610	0.618	0.620	0.625	0.614	0.653	0.656	0.641	0.628	0.632	0.648	0.637	0.625	0.637	0.636	0.621	0.624	0.635	0.632	0.629	0.611	0.639	0.608	0.602	0.598	0.605	0.620	0.623	0.600	0.621	0.633	0.618	0.614	0.622	0.613	0.574	0.501	0.608	0.606	0.621	0.632	0.603	0.615	0.605	0.604	0.612	0.587	0.619	0.611	0.612	0.629	0.612	0.638	0.627	0.640	0.618	0.613	0.620	0.623	0.621	0.625	0.624	0.627	0.609	0.609	0.626	0.623	0.605	0.622	0.617	0.618	0.615	0.598	0.637	0.626	0.624	0.626
20:00:42	37.0	0.641	0.640	0.624	0.601	0.625	0.630	0.619	0.595	0.610	0.583	0.612	0.613	0.647	0.648	0.643	0.621	0.629	0.642	0.622	0.615	0.623	0.624	0.628	0.618	0.657	0.662	0.648	0.632	0.636	0.652	0.641	0.629	0.641	0.639	0.622	0.627	0.641	0.638	0.634	0.613	0.641	0.613	0.605	0.601	0.609	0.624	0.626	0.603	0.628	0.637	0.623	0.618	0.625	0.618	0.580	0.503	0.612	0.610	0.628	0.640	0.608	0.620	0.610	0.607	0.617	0.592	0.623	0.614	0.616	0.634	0.620	0.634	0.630	0.639	0.618	0.616	0.623	0.628	0.628	0.629	0.626	0.632	0.615	0.617	0.630	0.628	0.608	0.625	0.619	0.621	0.618	0.601	0.641	0.630	0.628	0.629
21:00:42	37.0	0.648	0.647	0.631	0.606	0.631	0.636	0.625	0.601	0.617	0.589	0.618	0.643	0.654	0.654	0.649	0.627	0.635	0.649	0.628	0.621	0.628	0.629	0.634	0.625	0.663	0.665	0.652	0.638	0.641	0.658	0.644	0.634	0.646	0.644	0.626	0.630	0.647	0.643	0.640	0.619	0.645	0.617	0.609	0.606	0.613	0.627	0.632	0.607	0.634	0.644	0.629	0.625	0.630	0.625	0.589	0.504	0.617	0.615	0.636	0.652	0.615	0.625	0.616	0.612	0.623	0.600	0.628	0.620	0.621	0.639	0.634	0.647	0.636	0.641	0.621	0.619	0.626	0.633	0.634	0.635	0.629	0.637	0.622	0.626	0.636	0.632	0.610	0.628	0.623	0.625	0.621	0.606	0.646	0.635	0.633	0.634
22:00:43	37.0	0.658	0.656	0.638	0.614	0.640	0.646	0.632	0.608	0.623	0.595	0.625	0.630	0.662	0.661	0.655	0.635	0.641	0.656	0.634	0.626	0.634	0.634	0.638	0.632	0.668	0.671	0.659	0.643	0.647	0.663	0.649	0.640	0.653	0.649	0.629	0.635	0.654	0.650	0.648	0.626	0.653	0.622	0.615	0.612	0.618	0.635	0.638	0.614	0.642	0.648	0.635	0.630	0.635	0.631	0.594	0.507	0.624	0.621	0.645	0.662	0.621	0.631	0.621	0.617	0.628	0.606	0.635	0.625	0.628	0.645	0.642	0.659	0.637	0.645	0.625	0.625	0.632	0.638	0.641	0.641	0.634	0.642	0.631	0.636	0.640	0.636	0.614	0.632	0.627	0.629	0.626	0.610	0.650	0.640	0.639	0.640
23:00:43	37.0	0.667	0.665	0.647	0.619	0.649	0.654	0.640	0.615	0.629	0.600	0.631	0.627	0.671	0.670	0.663	0.643	0.649	0.662	0.642	0.634	0.640	0.639	0.648	0.638	0.674	0.675	0.665	0.648	0.652	0.668	0.653	0.643	0.657	0.653	0.634	0.639	0.661	0.655	0.652	0.631	0.657	0.628	0.621	0.616	0.625	0.640	0.644	0.621	0.649	0.653	0.640	0.636	0.640	0.636	0.599	0.509	0.628	0.626	0.655	0.671	0.628	0.637	0.626	0.624	0.634	0.613	0.640	0.631	0.631	0.650	0.654	0.669	0.643	0.651	0.630	0.630	0.636	0.643	0.647	0.646	0.639	0.648	0.637	0.648	0.644	0.641	0.618	0.637	0.630	0.633	0.630	0.614	0.654	0.646	0.646	0.648
0:00:00																																																																																																	

Results
	1	2	3	4	5	6	7	8	9	10	11	12
A	1.290	1.294	1.197	1.232	1.303	1.321	1.274	1.191	1.234	1.186	1.237	1.277	Max V [600]
	0.991	0.987	0.989	0.988	0.993	0.993	0.994	0.995	0.995	0.993	0.995	0.999	R-Squared [600]
	4:00:36	4:00:36	4:00:36	5:00:35	5:00:35	5:00:35	5:00:35	5:00:35	5:00:35	5:00:35	5:00:35	5:00:35	t at Max V [600]
	1:35:50	1:37:08	1:36:07	1:49:17	2:07:16	2:12:44	2:14:29	2:10:30	2:08:32	2:05:05	2:02:28	2:02:10	Lagtime [600]
B	1.254	1.314	1.280	1.232	1.267	1.318	1.267	1.220	1.289	1.279	1.288	1.256	Max V [600]
	0.989	0.988	0.991	0.994	0.994	0.994	0.994	0.994	0.993	0.995	0.995	0.995	R-Squared [600]
	4:00:36	5:00:35	5:00:35	5:00:35	5:00:35	5:00:35	5:00:35	5:00:35	5:00:35	5:00:35	5:00:35	5:00:35	t at Max V [600]
	1:35:48	1:44:07	1:50:43	1:58:22	1:59:27	2:12:26	2:10:23	2:17:16	2:17:45	2:09:57	2:10:34	2:01:46	Lagtime [600]
C	1.379	1.413	1.379	1.335	1.339	1.369	1.426	1.360	1.378	1.368	1.330	1.324	Max V [600]
	0.990	0.988	0.990	0.993	0.994	0.993	0.993	0.992	0.994	0.993	0.996	0.993	R-Squared [600]
	4:00:36	4:00:36	5:00:35	5:00:35	5:00:35	5:00:35	5:00:35	5:00:35	5:00:35	5:00:35	5:00:35	5:00:35	t at Max V [600]
	1:37:29	1:42:38	1:43:09	2:02:23	2:11:30	1:58:15	2:17:29	2:19:29	2:14:42	2:18:50	2:12:28	2:02:10	Lagtime [600]
D	1.283	1.302	1.252	1.267	1.370	1.255	1.196	1.248	1.225	1.215	1.295	1.235	Max V [600]
	0.989	0.991	0.994	0.993	0.993	0.992	0.990	0.992	0.991	0.993	0.993	0.996	R-Squared [600]
	5:00:35	5:00:35	5:00:35	5:00:35	5:00:35	5:00:35	5:00:35	5:00:35	6:00:36	5:00:35	5:00:35	5:00:35	t at Max V [600]
	1:43:11	1:56:30	1:54:17	2:01:18	2:15:47	2:21:38	2:26:51	2:20:36	2:37:28	2:20:33	2:12:54	2:11:40	Lagtime [600]
E	1.218	1.357	1.274	1.290	1.330	1.265	1.064	0.794	1.221	1.195	1.220	1.216	Max V [600]
	0.994	0.991	0.995	0.994	0.995	0.993	0.995	0.996	0.990	0.992	0.995	0.994	R-Squared [600]
	5:00:35	5:00:35	5:00:35	5:00:35	5:00:35	5:00:35	5:00:35	5:00:35	5:00:35	5:00:35	5:00:35	5:00:35	t at Max V [600]
	1:55:24	1:58:25	2:01:55	2:02:38	2:04:36	2:14:30	2:15:42	1:57:36	2:27:21	2:21:39	2:05:23	1:58:17	Lagtime [600]
F	1.168	1.237	1.212	1.190	1.191	1.093	1.243	1.267	1.186	1.218	1.210	1.237	Max V [600]
	0.993	0.994	0.995	0.996	0.994	0.993	0.991	0.994	0.993	0.993	0.996	0.984	R-Squared [600]
	5:00:35	5:00:35	5:00:35	5:00:35	5:00:35	6:00:36	5:00:35	5:00:35	5:00:35	5:00:35	5:00:35	5:00:35	t at Max V [600]
	1:50:58	1:53:55	2:02:59	2:05:27	2:13:20	2:29:24	2:24:01	2:19:27	2:19:34	2:18:19	2:04:54	2:01:15	Lagtime [600]
G	1.346	1.388	1.087	1.324	1.385	1.311	1.294	1.291	1.384	1.348	1.201	1.154	Max V [600]
	0.991	0.993	0.948	0.992	0.994	0.993	0.991	0.991	0.995	0.993	0.996	0.995	R-Squared [600]
	4:00:36	4:00:36	6:00:36	5:00:35	5:00:35	5:00:35	5:00:35	5:00:35	5:00:35	5:00:35	5:00:35	5:00:35	t at Max V [600]
	1:33:21	1:32:51	1:07:57	2:08:43	2:11:42	2:17:39	2:23:41	2:22:50	2:12:38	2:17:28	2:06:45	1:57:09	Lagtime [600]
H	1.289	1.291	1.269	1.239	1.301	1.284	1.114	1.337	1.359	1.280	1.286	1.262	Max V [600]
	0.992	0.992	0.992	0.986	0.991	0.994	0.957	0.986	0.991	0.995	0.993	0.992	R-Squared [600]
	4:00:36	4:00:36	4:00:36	4:00:36	5:00:35	5:00:35	6:00:36	4:00:36	5:00:35	5:00:35	5:00:35	5:00:35	t at Max V [600]
	3:25:03	2:27:08	1:37:35	1:45:25	2:03:14	2:03:23	1:38:26	1:49:46	2:08:28	2:06:42	2:01:45	1:57:47	Lagtime [600]

