Time	A1	A2	A3	A4	A5	A6	A7	A8	A9	A10	A11	A12	B1	B2	B3	B4	B5	B6	B7	B8	B9	B10	B11	B12	C1	C2	C3	C4	C5	C6	C7	C8	C9	C10	C11	C12	D1	D2	D3	D4	D5	D6	D7	D8	D9	D10	D11	D12	E1	E2	E3	E4	E5	E6	E7	E8	E9	E10	E11	E12	F1	F2	F3	F4	F5	F6	F7	F8	F9	F10	F11	F12	G1	G2	G3	G4	G5	G6	G7	G8	G9	G10	G11	G12	H1	H2	H3	H4	H5	H6	H7	H8	H9	H10	H11	H12
0	0.176	0.179	0.174	0.177	0.177	0.178	0.179	0.174	0.173	0.179	0.173	0.176	0.174	0.177	0.176	0.178	0.173	0.178	0.180	0.176	0.183	0.180	0.172	0.180	0.180	0.173	0.174	0.175	0.173	0.179	0.178	0.180	0.173	0.175	0.174	0.178	0.173	0.177	0.174	0.176	0.174	0.182	0.189	0.182	0.179	0.174	0.175	0.182	0.180	0.175	0.179	0.178	0.174	0.173	0.172	0.184	0.227	0.174	0.179	0.175	0.172	0.175	0.174	0.174	0.189	0.174	0.172	0.172	0.174	0.177	0.178	0.175	0.179	0.176	0.172	0.173	0.171	0.172	0.173	0.177	0.180	0.178	0.181	0.173	0.174	0.173	0.173	0.169	0.169	0.171	0.174	0.184	0.174	0.177	0.182	0.175
1	0.174	0.178	0.173	0.176	0.175	0.177	0.178	0.172	0.172	0.177	0.172	0.175	0.173	0.175	0.175	0.176	0.172	0.177	0.178	0.175	0.182	0.178	0.172	0.178	0.178	0.172	0.174	0.175	0.172	0.178	0.177	0.179	0.172	0.174	0.172	0.177	0.179	0.176	0.174	0.175	0.174	0.182	0.187	0.181	0.178	0.173	0.174	0.181	0.178	0.174	0.177	0.178	0.173	0.173	0.172	0.176	0.221	0.173	0.178	0.174	0.171	0.174	0.175	0.174	0.187	0.174	0.171	0.171	0.173	0.175	0.176	0.174	0.178	0.175	0.171	0.172	0.170	0.172	0.172	0.175	0.180	0.177	0.180	0.173	0.174	0.173	0.174	0.169	0.169	0.172	0.173	0.183	0.173	0.177	0.181	0.174
2	0.174	0.177	0.172	0.174	0.174	0.176	0.176	0.172	0.171	0.177	0.171	0.174	0.172	0.174	0.174	0.175	0.171	0.176	0.177	0.174	0.181	0.177	0.170	0.177	0.177	0.172	0.173	0.173	0.171	0.175	0.176	0.178	0.171	0.173	0.170	0.176	0.179	0.176	0.172	0.174	0.173	0.181	0.185	0.180	0.177	0.172	0.173	0.180	0.178	0.173	0.177	0.177	0.172	0.172	0.171	0.174	0.213	0.172	0.177	0.174	0.173	0.173	0.174	0.173	0.186	0.173	0.170	0.171	0.173	0.174	0.175	0.173	0.177	0.174	0.171	0.171	0.171	0.172	0.172	0.175	0.174	0.176	0.179	0.172	0.173	0.172	0.174	0.169	0.170	0.172	0.173	0.182	0.172	0.176	0.180	0.173
3	0.172	0.176	0.171	0.173	0.173	0.175	0.175	0.170	0.170	0.177	0.171	0.173	0.171	0.173	0.173	0.174	0.170	0.175	0.176	0.173	0.180	0.176	0.170	0.176	0.176	0.170	0.172	0.173	0.170	0.174	0.174	0.177	0.170	0.172	0.170	0.175	0.178	0.175	0.171	0.173	0.172	0.181	0.183	0.178	0.176	0.171	0.172	0.179	0.177	0.172	0.176	0.175	0.171	0.172	0.170	0.174	0.225	0.171	0.176	0.172	0.170	0.173	0.173	0.173	0.185	0.172	0.170	0.170	0.172	0.173	0.175	0.172	0.175	0.174	0.170	0.171	0.170	0.171	0.170	0.174	0.173	0.175	0.181	0.172	0.173	0.171	0.172	0.169	0.169	0.171	0.172	0.181	0.172	0.175	0.179	0.173
4	0.172	0.176	0.171	0.172	0.172	0.174	0.174	0.170	0.169	0.176	0.170	0.173	0.171	0.173	0.173	0.173	0.170	0.174	0.175	0.173	0.180	0.176	0.169	0.176	0.176	0.170	0.171	0.172	0.170	0.173	0.174	0.177	0.169	0.172	0.169	0.175	0.177	0.174	0.171	0.172	0.171	0.180	0.183	0.178	0.175	0.171	0.171	0.179	0.177	0.173	0.176	0.174	0.171	0.171	0.169	0.173	0.214	0.172	0.176	0.172	0.171	0.173	0.172	0.172	0.184	0.172	0.169	0.169	0.172	0.172	0.174	0.172	0.175	0.173	0.170	0.170	0.169	0.171	0.170	0.173	0.173	0.175	0.177	0.171	0.172	0.170	0.172	0.169	0.169	0.170	0.171	0.180	0.171	0.175	0.178	0.172
5	0.172	0.175	0.170	0.172	0.172	0.173	0.174	0.169	0.169	0.175	0.170	0.173	0.171	0.172	0.173	0.173	0.169	0.173	0.175	0.172	0.179	0.175	0.169	0.175	0.175	0.170	0.170	0.171	0.169	0.172	0.173	0.176	0.169	0.171	0.169	0.174	0.177	0.174	0.171	0.172	0.170	0.179	0.181	0.177	0.174	0.170	0.170	0.183	0.176	0.172	0.171	0.173	0.170	0.170	0.169	0.173	0.220	0.171	0.175	0.172	0.170	0.172	0.171	0.171	0.184	0.171	0.169	0.169	0.171	0.172	0.173	0.172	0.175	0.172	0.169	0.170	0.168	0.171	0.170	0.173	0.172	0.174	0.177	0.171	0.172	0.170	0.171	0.167	0.168	0.170	0.171	0.179	0.170	0.175	0.177	0.172
6	0.172	0.175	0.169	0.171	0.171	0.173	0.173	0.169	0.169	0.175	0.170	0.172	0.171	0.172	0.172	0.172	0.168	0.173	0.175	0.172	0.179	0.177	0.169	0.175	0.175	0.169	0.169	0.171	0.169	0.172	0.173	0.176	0.169	0.171	0.169	0.174	0.176	0.173	0.171	0.171	0.170	0.178	0.181	0.177	0.174	0.170	0.169	0.180	0.176	0.171	0.171	0.173	0.170	0.170	0.168	0.172	0.215	0.170	0.175	0.172	0.170	0.172	0.171	0.171	0.183	0.171	0.168	0.169	0.171	0.172	0.174	0.171	0.174	0.172	0.169	0.170	0.168	0.169	0.169	0.172	0.172	0.173	0.177	0.170	0.171	0.168	0.171	0.167	0.167	0.169	0.170	0.179	0.170	0.175	0.177	0.172
7	0.171	0.174	0.169	0.171	0.171	0.172	0.173	0.168	0.169	0.175	0.170	0.172	0.170	0.171	0.172	0.172	0.168	0.172	0.174	0.171	0.179	0.175	0.168	0.175	0.175	0.169	0.169	0.170	0.168	0.171	0.172	0.176	0.169	0.171	0.168	0.174	0.176	0.173	0.170	0.171	0.169	0.178	0.181	0.177	0.174	0.170	0.169	0.178	0.175	0.171	0.171	0.172	0.169	0.170	0.168	0.172	0.228	0.170	0.175	0.171	0.169	0.171	0.170	0.171	0.183	0.171	0.168	0.168	0.171	0.172	0.173	0.171	0.174	0.172	0.168	0.169	0.168	0.169	0.168	0.172	0.171	0.173	0.176	0.170	0.170	0.168	0.170	0.166	0.167	0.168	0.170	0.178	0.170	0.175	0.177	0.172
8	0.171	0.174	0.169	0.171	0.171	0.172	0.172	0.168	0.168	0.175	0.170	0.172	0.170	0.171	0.172	0.172	0.168	0.172	0.174	0.171	0.179	0.175	0.168	0.175	0.174	0.169	0.168	0.170	0.168	0.171	0.172	0.175	0.169	0.170	0.168	0.174	0.176	0.173	0.170	0.170	0.168	0.177	0.180	0.177	0.173	0.169	0.169	0.178	0.175	0.170	0.170	0.172	0.169	0.169	0.167	0.171	0.216	0.169	0.174	0.171	0.169	0.171	0.170	0.170	0.182	0.170	0.167	0.168	0.170	0.171	0.173	0.171	0.174	0.171	0.168	0.169	0.167	0.168	0.169	0.172	0.170	0.172	0.176	0.170	0.170	0.167	0.169	0.165	0.167	0.167	0.169	0.178	0.170	0.175	0.176	0.171
9	0.171	0.174	0.169	0.170	0.170	0.172	0.172	0.168	0.168	0.175	0.169	0.172	0.170	0.170	0.171	0.172	0.168	0.172	0.173	0.171	0.179	0.175	0.168	0.175	0.174	0.169	0.168	0.170	0.167	0.170	0.172	0.175	0.169	0.170	0.168	0.173	0.176	0.172	0.169	0.170	0.168	0.177	0.179	0.176	0.173	0.169	0.169	0.178	0.174	0.170	0.170	0.172	0.169	0.169	0.167	0.171	0.227	0.169	0.174	0.171	0.169	0.171	0.169	0.170	0.182	0.170	0.168	0.168	0.170	0.171	0.173	0.171	0.174	0.171	0.168	0.168	0.167	0.168	0.168	0.171	0.171	0.172	0.175	0.169	0.170	0.167	0.169	0.165	0.166	0.168	0.169	0.178	0.169	0.175	0.176	0.171
10	0.170	0.173	0.168	0.170	0.170	0.171	0.172	0.168	0.168	0.174	0.169	0.172	0.170	0.170	0.171	0.172	0.167	0.172	0.173	0.171	0.179	0.174	0.168	0.174	0.174	0.169	0.168	0.170	0.167	0.171	0.172	0.175	0.168	0.170	0.168	0.173	0.175	0.172	0.169	0.170	0.168	0.176	0.179	0.176	0.173	0.169	0.168	0.179	0.174	0.170	0.170	0.171	0.168	0.168	0.167	0.170	0.216	0.169	0.174	0.172	0.169	0.171	0.169	0.169	0.182	0.170	0.167	0.168	0.170	0.171	0.173	0.171	0.174	0.171	0.168	0.168	0.167	0.168	0.168	0.171	0.170	0.172	0.175	0.170	0.170	0.167	0.169	0.166	0.166	0.168	0.169	0.178	0.169	0.175	0.176	0.171
11	0.170	0.173	0.168	0.170	0.171	0.171	0.171	0.167	0.168	0.175	0.169	0.172	0.170	0.170	0.172	0.172	0.167	0.171	0.173	0.171	0.179	0.174	0.168	0.174	0.174	0.169	0.168	0.170	0.167	0.170	0.172	0.175	0.168	0.170	0.168	0.173	0.175	0.171	0.169	0.169	0.168	0.175	0.178	0.176	0.172	0.169	0.168	0.177	0.174	0.169	0.169	0.171	0.168	0.168	0.167	0.170	0.226	0.169	0.174	0.173	0.169	0.171	0.169	0.169	0.182	0.169	0.167	0.167	0.170	0.171	0.173	0.171	0.174	0.171	0.168	0.168	0.166	0.167	0.168	0.171	0.170	0.172	0.175	0.169	0.170	0.167	0.168	0.165	0.166	0.168	0.168	0.177	0.169	0.175	0.175	0.171
12	0.171	0.173	0.168	0.170	0.170	0.171	0.172	0.167	0.168	0.174	0.169	0.172	0.170	0.171	0.170	0.171	0.167	0.171	0.173	0.170	0.179	0.174	0.168	0.174	0.173	0.169	0.168	0.170	0.167	0.170	0.171	0.175	0.168	0.170	0.168	0.173	0.175	0.171	0.169	0.169	0.168	0.174	0.178	0.176	0.172	0.169	0.168	0.177	0.174	0.169	0.169	0.171	0.168	0.168	0.166	0.170	0.225	0.169	0.174	0.171	0.169	0.170	0.169	0.169	0.181	0.170	0.166	0.167	0.170	0.171	0.173	0.171	0.173	0.171	0.167	0.168	0.167	0.167	0.168	0.171	0.170	0.172	0.175	0.169	0.169	0.167	0.169	0.165	0.166	0.167	0.169	0.177	0.169	0.175	0.175	0.171
13	0.170	0.172	0.168	0.170	0.170	0.171	0.171	0.167	0.168	0.174	0.169	0.172	0.170	0.170	0.170	0.172	0.167	0.171	0.173	0.171	0.178	0.174	0.168	0.174	0.173	0.169	0.168	0.169	0.167	0.170	0.171	0.175	0.168	0.170	0.168	0.173	0.175	0.172	0.168	0.169	0.167	0.174	0.177	0.175	0.172	0.169	0.168	0.177	0.173	0.169	0.169	0.170	0.168	0.167	0.166	0.170	0.225	0.169	0.173	0.171	0.169	0.170	0.169	0.169	0.181	0.169	0.166	0.167	0.169	0.171	0.172	0.171	0.174	0.170	0.167	0.168	0.166	0.167	0.169	0.171	0.170	0.171	0.175	0.169	0.169	0.167	0.168	0.165	0.166	0.167	0.169	0.178	0.169	0.174	0.175	0.171
14	0.170	0.172	0.168	0.170	0.170	0.171	0.172	0.167	0.168	0.174	0.170	0.172	0.170	0.170	0.171	0.172	0.167	0.171	0.173	0.170	0.178	0.174	0.168	0.174	0.173	0.169	0.168	0.169	0.167	0.170	0.171	0.175	0.168	0.170	0.168	0.172	0.175	0.171	0.169	0.169	0.167	0.174	0.177	0.175	0.172	0.169	0.168	0.178	0.173	0.169	0.169	0.170	0.168	0.167	0.166	0.170	0.221	0.169	0.174	0.172	0.169	0.170	0.168	0.169	0.181	0.169	0.166	0.167	0.170	0.171	0.173	0.171	0.174	0.170	0.167	0.168	0.166	0.167	0.168	0.171	0.170	0.171	0.175	0.169	0.169	0.167	0.168	0.165	0.166	0.167	0.169	0.177	0.169	0.175	0.175	0.171
15	0.170	0.172	0.168	0.170	0.170	0.171	0.171	0.167	0.168	0.174	0.169	0.172	0.170	0.170	0.171	0.172	0.167	0.171	0.172	0.170	0.179	0.174	0.168	0.174	0.173	0.168	0.168	0.169	0.166	0.169	0.171	0.174	0.168	0.170	0.168	0.172	0.175	0.171	0.168	0.169	0.167	0.174	0.176	0.175	0.172	0.168	0.168	0.177	0.172	0.169	0.169	0.169	0.168	0.167	0.166	0.170	0.223	0.169	0.173	0.173	0.169	0.170	0.168	0.169	0.181	0.169	0.166	0.167	0.169	0.171	0.172	0.171	0.173	0.169	0.167	0.168	0.166	0.167	0.168	0.171	0.170	0.171	0.174	0.169	0.168	0.167	0.168	0.165	0.166	0.167	0.169	0.178	0.169	0.174	0.175	0.171
16	0.170	0.172	0.168	0.170	0.170	0.171	0.171	0.167	0.168	0.174	0.169	0.172	0.170	0.170	0.171	0.172	0.167	0.171	0.172	0.170	0.178	0.175	0.168	0.174	0.173	0.168	0.168	0.169	0.166	0.169	0.171	0.175	0.168	0.170	0.167	0.172	0.174	0.171	0.168	0.169	0.167	0.174	0.176	0.175	0.172	0.168	0.168	0.177	0.172	0.169	0.169	0.170	0.168	0.167	0.167	0.170	0.223	0.169	0.173	0.183	0.169	0.170	0.168	0.168	0.181	0.169	0.165	0.167	0.169	0.171	0.172	0.171	0.173	0.169	0.167	0.168	0.166	0.167	0.168	0.171	0.169	0.171	0.174	0.169	0.169	0.167	0.168	0.165	0.166	0.167	0.169	0.177	0.169	0.174	0.175	0.170
17	0.170	0.173	0.169	0.170	0.171	0.171	0.171	0.167	0.168	0.175	0.169	0.172	0.170	0.170	0.171	0.172	0.167	0.171	0.172	0.170	0.178	0.175	0.168	0.174	0.174	0.168	0.168	0.169	0.166	0.169	0.171	0.174	0.167	0.170	0.167	0.172	0.175	0.171	0.168	0.169	0.167	0.174	0.176	0.175	0.172	0.168	0.168	0.177	0.172	0.169	0.168	0.170	0.167	0.167	0.166	0.170	0.216	0.169	0.173	0.172	0.169	0.170	0.168	0.168	0.181	0.169	0.166	0.167	0.169	0.171	0.172	0.171	0.174	0.169	0.167	0.168	0.166	0.167	0.169	0.170	0.170	0.171	0.174	0.169	0.169	0.167	0.168	0.165	0.166	0.167	0.169	0.177	0.169	0.175	0.175	0.170
18	0.170	0.172	0.169	0.170	0.170	0.171	0.171	0.167	0.168	0.175	0.169	0.172	0.171	0.170	0.171	0.171	0.167	0.171	0.173	0.170	0.178	0.175	0.168	0.173	0.173	0.169	0.168	0.169	0.166	0.170	0.171	0.175	0.168	0.170	0.167	0.172	0.174	0.171	0.168	0.169	0.167	0.174	0.176	0.175	0.172	0.168	0.168	0.177	0.172	0.169	0.168	0.169	0.167	0.167	0.166	0.170	0.211	0.169	0.173	0.171	0.169	0.170	0.168	0.168	0.181	0.169	0.166	0.168	0.170	0.171	0.173	0.171	0.173	0.168	0.167	0.168	0.166	0.167	0.168	0.171	0.170	0.171	0.174	0.169	0.168	0.167	0.168	0.165	0.166	0.167	0.169	0.177	0.170	0.175	0.179	0.170
19	0.170	0.172	0.169	0.169	0.170	0.171	0.172	0.167	0.168	0.174	0.169	0.172	0.170	0.170	0.170	0.171	0.167	0.171	0.172	0.170	0.178	0.174	0.168	0.173	0.173	0.168	0.167	0.169	0.166	0.169	0.170	0.174	0.168	0.169	0.168	0.172	0.175	0.170	0.168	0.169	0.167	0.174	0.175	0.175	0.171	0.168	0.168	0.177	0.172	0.169	0.168	0.169	0.167	0.167	0.166	0.170	0.213	0.169	0.173	0.173	0.169	0.170	0.168	0.168	0.181	0.169	0.166	0.167	0.169	0.171	0.173	0.171	0.173	0.169	0.167	0.168	0.166	0.167	0.168	0.171	0.170	0.171	0.174	0.169	0.169	0.167	0.168	0.165	0.167	0.167	0.169	0.177	0.169	0.175	0.175	0.170
20	0.170	0.172	0.168	0.170	0.171	0.171	0.171	0.168	0.168	0.175	0.169	0.172	0.171	0.169	0.170	0.172	0.167	0.171	0.172	0.170	0.179	0.174	0.168	0.174	0.173	0.168	0.167	0.169	0.167	0.169	0.170	0.175	0.168	0.169	0.167	0.172	0.175	0.170	0.168	0.169	0.167	0.174	0.175	0.174	0.171	0.168	0.168	0.177	0.172	0.169	0.168	0.169	0.167	0.167	0.166	0.170	0.213	0.168	0.173	0.175	0.169	0.170	0.168	0.168	0.181	0.169	0.166	0.167	0.169	0.170	0.172	0.171	0.173	0.169	0.167	0.168	0.166	0.167	0.168	0.170	0.170	0.171	0.174	0.169	0.169	0.167	0.168	0.165	0.166	0.168	0.169	0.177	0.169	0.175	0.175	0.171
21	0.170	0.172	0.168	0.169	0.170	0.171	0.172	0.168	0.168	0.175	0.170	0.172	0.170	0.170	0.170	0.171	0.167	0.171	0.173	0.170	0.179	0.174	0.167	0.174	0.173	0.168	0.167	0.169	0.167	0.169	0.171	0.174	0.168	0.170	0.168	0.171	0.174	0.169	0.168	0.169	0.167	0.173	0.175	0.175	0.172	0.168	0.168	0.177	0.172	0.169	0.168	0.169	0.167	0.167	0.166	0.170	0.208	0.169	0.173	0.173	0.169	0.170	0.168	0.168	0.181	0.170	0.166	0.167	0.169	0.170	0.173	0.171	0.173	0.168	0.167	0.168	0.166	0.167	0.168	0.170	0.169	0.171	0.175	0.169	0.168	0.167	0.168	0.165	0.166	0.167	0.169	0.177	0.169	0.175	0.175	0.170
22	0.170	0.172	0.168	0.169	0.170	0.171	0.171	0.167	0.168	0.175	0.169	0.172	0.170	0.169	0.170	0.171	0.167	0.171	0.173	0.170	0.178	0.174	0.168	0.174	0.173	0.168	0.166	0.169	0.167	0.169	0.170	0.174	0.168	0.170	0.168	0.171	0.174	0.169	0.168	0.169	0.167	0.173	0.175	0.175	0.171	0.168	0.168	0.177	0.172	0.169	0.168	0.169	0.167	0.167	0.166	0.170	0.216	0.169	0.173	0.172	0.169	0.169	0.168	0.168	0.181	0.169	0.166	0.168	0.169	0.170	0.173	0.171	0.173	0.168	0.167	0.168	0.166	0.167	0.167	0.170	0.170	0.170	0.175	0.169	0.168	0.167	0.169	0.165	0.165	0.167	0.168	0.177	0.169	0.175	0.181	0.170
23	0.170	0.172	0.168	0.170	0.170	0.171	0.171	0.167	0.168	0.174	0.169	0.172	0.170	0.169	0.170	0.171	0.167	0.170	0.172	0.170	0.178	0.174	0.167	0.174	0.173	0.167	0.166	0.169	0.167	0.169	0.170	0.174	0.167	0.169	0.167	0.171	0.174	0.169	0.168	0.169	0.167	0.173	0.175	0.174	0.171	0.168	0.168	0.177	0.172	0.169	0.168	0.169	0.167	0.167	0.166	0.170	0.212	0.169	0.173	0.171	0.169	0.169	0.168	0.168	0.181	0.169	0.166	0.167	0.169	0.170	0.173	0.171	0.173	0.168	0.167	0.168	0.165	0.167	0.168	0.170	0.169	0.170	0.175	0.169	0.168	0.167	0.168	0.164	0.165	0.168	0.168	0.177	0.169	0.175	0.174	0.170
