
Software Version	3.11.19



Experiment File Path:	C:\Users\patil-group\Desktop\Sweeteners_stacker\171121_NT5026_37_38_Rep2\NT5026_37_38_Rep2.xpt
Protocol File Path:	C:\Users\Public\Documents\Protocols\Screening-protocol.prt



Plate Number	Plate 17
Date	17/11/2021
Time	15:46:00
Reader Type:	Epoch 2
Reader Serial Number:	2103223
Reading Type	Reader

Procedure Details

Plate Type	96 WELL PLATE
Discontinuous Kinetics	Runtime 1:00:00 (D:HH:MM), Interval 0:01:00, 25 Reads
	Pause after each run
Eject plate on completion	
Shake	Linear: 0:00:30 (HH:MM:SS)
	Frequency: 567 cpm (3 mm)
Read	Absorbance Endpoint
	Full Plate
	Wavelengths:  600
	Read Speed: Normal,  Delay: 100 msec,  Measurements/Data Point: 8

600

Time	T° 600	A1	A2	A3	A4	A5	A6	A7	A8	A9	A10	A11	A12	B1	B2	B3	B4	B5	B6	B7	B8	B9	B10	B11	B12	C1	C2	C3	C4	C5	C6	C7	C8	C9	C10	C11	C12	D1	D2	D3	D4	D5	D6	D7	D8	D9	D10	D11	D12	E1	E2	E3	E4	E5	E6	E7	E8	E9	E10	E11	E12	F1	F2	F3	F4	F5	F6	F7	F8	F9	F10	F11	F12	G1	G2	G3	G4	G5	G6	G7	G8	G9	G10	G11	G12	H1	H2	H3	H4	H5	H6	H7	H8	H9	H10	H11	H12
0:00:34	34.9	0.165	0.162	0.170	0.162	0.169	0.169	0.173	0.163	0.163	0.168	0.165	0.165	0.165	0.167	0.164	0.168	0.169	0.168	0.164	0.165	0.169	0.162	0.161	0.163	0.172	0.173	0.168	0.167	0.174	0.172	0.161	0.171	0.167	0.165	0.161	0.163	0.166	0.168	0.166	0.165	0.165	0.167	0.163	0.163	0.176	0.166	0.161	0.164	0.173	0.163	0.171	0.168	0.159	0.166	0.161	0.165	0.163	0.167	0.165	0.163	0.168	0.169	0.167	0.169	0.165	0.166	0.160	0.161	0.159	0.161	0.160	0.160	0.172	0.168	0.168	0.166	0.163	0.162	0.164	0.168	0.162	0.163	0.161	0.163	0.169	0.167	0.176	0.174	0.168	0.166	0.162	0.172	0.168	0.163	0.164	0.165
1:00:32	34.9	0.184	0.180	0.186	0.179	0.186	0.186	0.191	0.181	0.181	0.185	0.184	0.185	0.183	0.183	0.180	0.180	0.183	0.184	0.178	0.180	0.183	0.179	0.179	0.181	0.189	0.187	0.182	0.181	0.187	0.185	0.175	0.184	0.180	0.180	0.178	0.180	0.184	0.183	0.180	0.179	0.178	0.180	0.176	0.176	0.194	0.179	0.176	0.181	0.190	0.178	0.185	0.182	0.173	0.178	0.178	0.177	0.176	0.177	0.203	0.179	0.187	0.185	0.182	0.182	0.178	0.179	0.173	0.174	0.172	0.175	0.177	0.178	0.190	0.185	0.183	0.181	0.178	0.176	0.177	0.181	0.176	0.179	0.178	0.180	0.190	0.186	0.194	0.191	0.183	0.182	0.262	0.187	0.183	0.348	0.182	0.184
2:00:32	34.9	0.260	0.256	0.259	0.250	0.260	0.260	0.260	0.254	0.257	0.261	0.260	0.261	0.260	0.253	0.247	0.245	0.247	0.249	0.240	0.243	0.248	0.248	0.252	0.256	0.264	0.251	0.240	0.237	0.242	0.240	0.230	0.242	0.240	0.244	0.248	0.251	0.260	0.249	0.240	0.235	0.234	0.235	0.230	0.231	0.245	0.241	0.240	0.253	0.261	0.240	0.243	0.237	0.229	0.232	0.224	0.227	0.230	0.233	0.260	0.249	0.264	0.252	0.246	0.241	0.235	0.233	0.223	0.228	0.225	0.236	0.240	0.248	0.267	0.255	0.249	0.243	0.238	0.232	0.232	0.236	0.233	0.246	0.249	0.257	0.272	0.264	0.267	0.264	0.255	0.248	0.555	0.253	0.249	0.404	0.261	0.261
3:00:33	34.9	0.277	0.276	0.280	0.273	0.280	0.281	0.282	0.275	0.278	0.282	0.278	0.278	0.280	0.277	0.275	0.275	0.276	0.278	0.270	0.272	0.275	0.273	0.273	0.274	0.288	0.283	0.275	0.275	0.280	0.278	0.268	0.279	0.276	0.277	0.275	0.277	0.285	0.281	0.277	0.274	0.271	0.273	0.267	0.270	0.282	0.277	0.271	0.319	0.285	0.275	0.280	0.278	0.267	0.274	0.264	0.269	0.266	0.268	0.288	0.276	0.287	0.285	0.279	0.280	0.273	0.271	0.263	0.264	0.264	0.270	0.272	0.274	0.286	0.285	0.278	0.278	0.274	0.269	0.268	0.272	0.269	0.282	0.272	0.279	0.288	0.286	0.289	0.285	0.282	0.274	0.471	0.280	0.275	0.361	0.283	0.278
4:00:33	34.9	0.285	0.283	0.287	0.281	0.287	0.289	0.289	0.281	0.286	0.287	0.286	0.285	0.290	0.285	0.284	0.285	0.285	0.286	0.278	0.282	0.285	0.281	0.282	0.281	0.297	0.291	0.284	0.286	0.290	0.288	0.279	0.288	0.286	0.286	0.284	0.283	0.292	0.290	0.287	0.285	0.281	0.283	0.277	0.279	0.294	0.286	0.280	0.536	0.293	0.284	0.289	0.287	0.276	0.285	0.275	0.279	0.276	0.276	0.304	0.286	0.296	0.292	0.286	0.289	0.281	0.280	0.273	0.274	0.273	0.277	0.281	0.282	0.293	0.292	0.286	0.284	0.282	0.278	0.277	0.281	0.277	0.291	0.281	0.285	0.295	0.294	0.297	0.292	0.292	0.283	0.653	0.287	0.284	0.359	0.288	0.286
5:00:34	34.9	0.287	0.286	0.293	0.284	0.290	0.292	0.292	0.284	0.289	0.290	0.289	0.288	0.295	0.288	0.288	0.288	0.289	0.290	0.282	0.286	0.291	0.285	0.286	0.284	0.301	0.295	0.287	0.290	0.295	0.292	0.283	0.293	0.290	0.291	0.289	0.288	0.296	0.293	0.291	0.290	0.286	0.288	0.282	0.284	0.294	0.289	0.285	0.545	0.296	0.290	0.294	0.293	0.281	0.290	0.278	0.284	0.282	0.280	0.340	0.290	0.300	0.296	0.290	0.293	0.286	0.285	0.278	0.279	0.278	0.281	0.284	0.285	0.297	0.294	0.291	0.288	0.285	0.282	0.283	0.287	0.282	0.294	0.284	0.287	0.296	0.297	0.302	0.296	0.296	0.288	0.771	0.292	0.288	0.361	0.290	0.289
6:00:34	34.9	0.289	0.288	0.296	0.286	0.292	0.295	0.293	0.287	0.290	0.293	0.290	0.289	0.297	0.290	0.290	0.292	0.292	0.293	0.285	0.288	0.294	0.286	0.289	0.286	0.303	0.296	0.290	0.294	0.298	0.296	0.287	0.296	0.292	0.295	0.292	0.291	0.299	0.298	0.294	0.294	0.290	0.292	0.286	0.288	0.295	0.290	0.289	0.489	0.299	0.293	0.298	0.296	0.284	0.293	0.282	0.288	0.285	0.282	0.362	0.292	0.301	0.298	0.293	0.297	0.289	0.288	0.283	0.283	0.281	0.284	0.286	0.286	0.298	0.297	0.294	0.291	0.288	0.286	0.286	0.291	0.284	0.296	0.286	0.289	0.298	0.299	0.304	0.299	0.298	0.291	0.764	0.294	0.291	0.365	0.292	0.290
7:00:35	34.9	0.290	0.288	0.296	0.287	0.294	0.295	0.294	0.288	0.291	0.293	0.292	0.290	0.299	0.291	0.291	0.294	0.293	0.294	0.286	0.289	0.296	0.287	0.290	0.287	0.304	0.296	0.291	0.296	0.300	0.298	0.288	0.298	0.294	0.297	0.293	0.292	0.300	0.298	0.296	0.295	0.292	0.294	0.287	0.288	0.303	0.292	0.289	0.453	0.300	0.293	0.299	0.298	0.285	0.295	0.284	0.290	0.287	0.283	0.348	0.292	0.302	0.299	0.294	0.298	0.291	0.290	0.285	0.283	0.283	0.285	0.287	0.287	0.300	0.298	0.295	0.292	0.289	0.287	0.287	0.292	0.286	0.297	0.286	0.289	0.299	0.300	0.304	0.300	0.300	0.293	0.770	0.296	0.293	0.368	0.292	0.290
8:00:36	34.9	0.290	0.289	0.298	0.288	0.294	0.296	0.295	0.289	0.292	0.294	0.293	0.291	0.299	0.292	0.293	0.295	0.294	0.295	0.288	0.291	0.296	0.288	0.290	0.288	0.304	0.297	0.291	0.297	0.301	0.300	0.290	0.299	0.295	0.297	0.294	0.292	0.300	0.298	0.298	0.297	0.294	0.294	0.289	0.290	0.298	0.292	0.290	0.447	0.301	0.295	0.301	0.299	0.286	0.296	0.285	0.292	0.288	0.285	0.340	0.292	0.303	0.300	0.295	0.298	0.292	0.292	0.287	0.285	0.285	0.285	0.288	0.288	0.300	0.299	0.296	0.294	0.290	0.289	0.289	0.294	0.287	0.296	0.286	0.290	0.299	0.301	0.305	0.300	0.301	0.294	0.767	0.297	0.294	0.369	0.292	0.292
9:00:37	34.9	0.290	0.290	0.298	0.289	0.295	0.296	0.296	0.290	0.292	0.296	0.294	0.292	0.300	0.292	0.292	0.295	0.295	0.295	0.288	0.291	0.297	0.288	0.291	0.289	0.305	0.297	0.292	0.298	0.302	0.300	0.291	0.299	0.297	0.299	0.295	0.293	0.301	0.299	0.299	0.298	0.295	0.296	0.290	0.290	0.300	0.292	0.291	0.407	0.301	0.296	0.302	0.300	0.286	0.297	0.294	0.292	0.289	0.285	0.304	0.293	0.303	0.302	0.295	0.300	0.294	0.293	0.288	0.286	0.286	0.286	0.288	0.289	0.301	0.300	0.296	0.294	0.291	0.290	0.291	0.293	0.289	0.295	0.287	0.290	0.300	0.301	0.306	0.301	0.303	0.294	0.741	0.299	0.295	0.370	0.293	0.292
10:00:37	34.9	0.290	0.290	0.298	0.289	0.296	0.296	0.297	0.289	0.294	0.296	0.295	0.293	0.300	0.293	0.295	0.296	0.296	0.296	0.290	0.293	0.298	0.289	0.292	0.290	0.306	0.297	0.292	0.299	0.303	0.301	0.293	0.300	0.298	0.299	0.295	0.295	0.302	0.300	0.299	0.298	0.295	0.297	0.292	0.292	0.305	0.293	0.291	0.399	0.302	0.296	0.303	0.302	0.288	0.298	0.287	0.293	0.290	0.286	0.303	0.294	0.303	0.302	0.297	0.301	0.294	0.294	0.290	0.287	0.288	0.287	0.289	0.290	0.302	0.301	0.297	0.295	0.292	0.292	0.292	0.297	0.291	0.296	0.292	0.291	0.301	0.302	0.307	0.302	0.303	0.296	0.734	0.300	0.297	0.372	0.293	0.292
11:00:38	34.9	0.290	0.290	0.298	0.290	0.296	0.297	0.298	0.290	0.295	0.297	0.296	0.294	0.300	0.294	0.296	0.296	0.296	0.297	0.291	0.293	0.298	0.290	0.292	0.291	0.306	0.298	0.293	0.300	0.303	0.303	0.294	0.302	0.299	0.300	0.295	0.295	0.302	0.300	0.300	0.300	0.297	0.298	0.294	0.293	0.312	0.293	0.293	0.359	0.302	0.297	0.304	0.303	0.289	0.299	0.288	0.295	0.291	0.287	0.303	0.294	0.304	0.302	0.297	0.302	0.296	0.296	0.292	0.288	0.289	0.287	0.290	0.291	0.303	0.302	0.299	0.299	0.293	0.293	0.294	0.298	0.293	0.296	0.289	0.291	0.300	0.301	0.304	0.299	0.301	0.294	0.686	0.298	0.295	0.369	0.291	0.290
12:00:38	34.9	0.290	0.290	0.298	0.290	0.297	0.297	0.297	0.290	0.295	0.297	0.296	0.294	0.299	0.294	0.296	0.296	0.297	0.298	0.291	0.294	0.299	0.290	0.294	0.289	0.307	0.298	0.292	0.300	0.304	0.303	0.295	0.303	0.300	0.300	0.296	0.294	0.302	0.300	0.302	0.300	0.297	0.299	0.295	0.295	0.299	0.294	0.293	0.349	0.303	0.299	0.304	0.303	0.290	0.300	0.289	0.296	0.292	0.290	0.303	0.294	0.304	0.303	0.299	0.302	0.296	0.296	0.293	0.289	0.289	0.288	0.290	0.290	0.302	0.302	0.299	0.299	0.293	0.294	0.295	0.299	0.292	0.297	0.290	0.292	0.299	0.301	0.305	0.299	0.301	0.294	0.658	0.297	0.295	0.371	0.292	0.290
13:00:39	34.9	0.290	0.290	0.298	0.290	0.297	0.297	0.298	0.290	0.294	0.296	0.295	0.293	0.299	0.293	0.296	0.297	0.297	0.298	0.291	0.294	0.300	0.290	0.292	0.289	0.305	0.298	0.293	0.301	0.304	0.304	0.296	0.303	0.299	0.300	0.295	0.294	0.302	0.300	0.301	0.301	0.298	0.299	0.295	0.295	0.302	0.293	0.293	0.341	0.302	0.299	0.305	0.305	0.290	0.301	0.295	0.296	0.293	0.288	0.302	0.294	0.304	0.304	0.299	0.302	0.297	0.297	0.293	0.290	0.290	0.289	0.289	0.290	0.302	0.302	0.300	0.299	0.294	0.295	0.295	0.299	0.292	0.297	0.290	0.290	0.298	0.299	0.304	0.297	0.300	0.294	0.737	0.296	0.293	0.369	0.290	0.289
14:00:40	34.9	0.288	0.289	0.299	0.290	0.296	0.296	0.297	0.290	0.293	0.295	0.295	0.293	0.300	0.293	0.296	0.296	0.297	0.298	0.291	0.294	0.300	0.290	0.292	0.288	0.305	0.297	0.292	0.301	0.303	0.304	0.295	0.302	0.299	0.300	0.295	0.293	0.301	0.300	0.301	0.300	0.298	0.299	0.296	0.295	0.298	0.294	0.292	0.339	0.301	0.298	0.305	0.304	0.290	0.301	0.299	0.296	0.294	0.288	0.302	0.293	0.303	0.303	0.298	0.303	0.297	0.298	0.293	0.290	0.291	0.289	0.289	0.289	0.301	0.301	0.299	0.299	0.294	0.294	0.295	0.299	0.291	0.296	0.298	0.290	0.296	0.298	0.302	0.296	0.298	0.293	0.725	0.294	0.291	0.368	0.290	0.287
15:00:40	34.9	0.287	0.288	0.298	0.289	0.295	0.295	0.297	0.289	0.293	0.294	0.294	0.291	0.299	0.291	0.295	0.296	0.296	0.297	0.290	0.293	0.298	0.289	0.292	0.287	0.304	0.297	0.292	0.300	0.303	0.303	0.295	0.302	0.298	0.299	0.294	0.292	0.301	0.300	0.301	0.300	0.298	0.298	0.296	0.294	0.298	0.293	0.292	0.336	0.300	0.298	0.305	0.304	0.290	0.301	0.294	0.296	0.294	0.288	0.301	0.292	0.302	0.302	0.298	0.301	0.297	0.298	0.292	0.290	0.290	0.288	0.288	0.288	0.301	0.301	0.298	0.298	0.293	0.295	0.295	0.299	0.291	0.296	0.299	0.289	0.295	0.297	0.301	0.296	0.298	0.292	0.665	0.294	0.291	0.370	0.289	0.286
16:00:40	34.9	0.286	0.287	0.297	0.288	0.294	0.294	0.295	0.288	0.291	0.293	0.292	0.290	0.299	0.291	0.293	0.296	0.296	0.296	0.289	0.293	0.297	0.288	0.290	0.285	0.303	0.295	0.291	0.300	0.302	0.302	0.295	0.300	0.297	0.298	0.292	0.290	0.299	0.298	0.300	0.299	0.297	0.297	0.295	0.294	0.296	0.293	0.290	0.334	0.299	0.297	0.304	0.303	0.290	0.301	0.288	0.295	0.293	0.287	0.300	0.290	0.300	0.300	0.297	0.301	0.296	0.297	0.292	0.289	0.289	0.287	0.288	0.287	0.299	0.301	0.297	0.298	0.293	0.293	0.294	0.298	0.291	0.295	0.297	0.287	0.293	0.296	0.301	0.295	0.298	0.292	0.668	0.294	0.290	0.370	0.288	0.285
17:00:41	34.9	0.285	0.285	0.297	0.287	0.293	0.293	0.294	0.286	0.290	0.292	0.291	0.289	0.297	0.290	0.293	0.295	0.295	0.294	0.287	0.291	0.296	0.287	0.290	0.284	0.303	0.294	0.289	0.299	0.302	0.301	0.294	0.299	0.297	0.297	0.292	0.289	0.299	0.297	0.299	0.299	0.295	0.296	0.294	0.292	0.296	0.293	0.289	0.333	0.298	0.297	0.303	0.302	0.288	0.301	0.289	0.295	0.292	0.286	0.299	0.289	0.299	0.300	0.296	0.300	0.295	0.296	0.292	0.289	0.288	0.286	0.288	0.286	0.298	0.300	0.297	0.297	0.293	0.293	0.293	0.297	0.290	0.294	0.300	0.286	0.292	0.295	0.300	0.294	0.296	0.291	0.752	0.292	0.290	0.369	0.286	0.283
18:00:41	34.9	0.283	0.284	0.296	0.286	0.292	0.292	0.292	0.285	0.288	0.290	0.290	0.287	0.297	0.289	0.292	0.295	0.294	0.293	0.287	0.290	0.295	0.285	0.288	0.283	0.302	0.293	0.289	0.298	0.301	0.300	0.293	0.297	0.295	0.296	0.290	0.288	0.297	0.296	0.300	0.299	0.295	0.295	0.294	0.292	0.308	0.291	0.288	0.331	0.296	0.296	0.302	0.301	0.287	0.300	0.293	0.294	0.291	0.284	0.297	0.288	0.298	0.298	0.294	0.300	0.294	0.295	0.291	0.287	0.287	0.285	0.286	0.284	0.296	0.298	0.292	0.293	0.287	0.287	0.288	0.294	0.286	0.293	0.289	0.284	0.291	0.293	0.299	0.293	0.296	0.291	0.725	0.292	0.288	0.368	0.286	0.282
19:00:42	34.9	0.282	0.283	0.294	0.284	0.291	0.290	0.292	0.283	0.287	0.289	0.289	0.286	0.295	0.287	0.291	0.293	0.293	0.293	0.285	0.289	0.294	0.284	0.286	0.282	0.300	0.292	0.288	0.297	0.300	0.300	0.292	0.296	0.294	0.295	0.288	0.286	0.296	0.295	0.298	0.297	0.294	0.297	0.293	0.291	0.295	0.291	0.287	0.328	0.295	0.295	0.302	0.301	0.286	0.299	0.286	0.292	0.290	0.283	0.296	0.287	0.297	0.297	0.293	0.299	0.293	0.294	0.290	0.286	0.286	0.284	0.284	0.283	0.295	0.297	0.290	0.292	0.285	0.285	0.286	0.292	0.283	0.291	0.285	0.283	0.288	0.293	0.298	0.292	0.295	0.289	0.692	0.291	0.287	0.367	0.284	0.280
20:00:42	35.0	0.282	0.283	0.295	0.285	0.291	0.291	0.292	0.284	0.288	0.289	0.289	0.285	0.294	0.287	0.291	0.293	0.293	0.293	0.286	0.289	0.295	0.284	0.286	0.281	0.300	0.292	0.286	0.297	0.300	0.300	0.292	0.296	0.294	0.295	0.287	0.286	0.296	0.295	0.298	0.297	0.294	0.294	0.294	0.291	0.294	0.290	0.287	0.328	0.296	0.295	0.302	0.301	0.287	0.300	0.286	0.293	0.291	0.283	0.296	0.287	0.297	0.297	0.294	0.298	0.294	0.294	0.291	0.287	0.286	0.283	0.286	0.283	0.295	0.298	0.291	0.293	0.286	0.286	0.287	0.293	0.284	0.291	0.289	0.282	0.290	0.293	0.298	0.292	0.295	0.291	0.634	0.292	0.287	0.369	0.285	0.280
21:00:43	34.9	0.280	0.280	0.293	0.282	0.289	0.288	0.289	0.281	0.284	0.287	0.287	0.284	0.293	0.286	0.289	0.291	0.291	0.291	0.283	0.287	0.293	0.283	0.284	0.280	0.298	0.290	0.284	0.294	0.298	0.297	0.290	0.294	0.292	0.293	0.286	0.284	0.294	0.293	0.297	0.295	0.292	0.291	0.291	0.289	0.307	0.288	0.286	0.326	0.293	0.294	0.300	0.299	0.285	0.298	0.284	0.291	0.288	0.282	0.294	0.284	0.294	0.294	0.291	0.296	0.291	0.292	0.289	0.284	0.284	0.283	0.282	0.281	0.292	0.296	0.289	0.291	0.284	0.285	0.286	0.292	0.282	0.289	0.287	0.280	0.287	0.291	0.297	0.290	0.293	0.288	0.666	0.290	0.285	0.365	0.282	0.278
22:00:43	34.9	0.279	0.278	0.292	0.282	0.288	0.286	0.288	0.280	0.283	0.285	0.286	0.282	0.291	0.284	0.287	0.290	0.290	0.289	0.282	0.286	0.291	0.280	0.283	0.278	0.297	0.288	0.284	0.293	0.297	0.296	0.288	0.293	0.290	0.292	0.284	0.283	0.292	0.292	0.296	0.294	0.290	0.291	0.290	0.288	0.298	0.287	0.284	0.323	0.291	0.292	0.299	0.297	0.283	0.297	0.282	0.290	0.287	0.280	0.292	0.284	0.293	0.292	0.289	0.294	0.290	0.290	0.287	0.283	0.282	0.280	0.280	0.279	0.290	0.294	0.288	0.291	0.284	0.284	0.284	0.290	0.281	0.288	0.283	0.278	0.286	0.290	0.295	0.289	0.291	0.287	0.616	0.288	0.284	0.365	0.281	0.276
23:00:45	35.0	0.279	0.279	0.292	0.281	0.288	0.286	0.289	0.279	0.283	0.286	0.286	0.282	0.291	0.284	0.288	0.289	0.290	0.289	0.281	0.285	0.292	0.280	0.283	0.278	0.297	0.287	0.281	0.292	0.296	0.295	0.288	0.291	0.289	0.291	0.284	0.282	0.293	0.291	0.295	0.295	0.290	0.290	0.290	0.287	0.294	0.286	0.283	0.323	0.291	0.292	0.298	0.298	0.282	0.297	0.282	0.290	0.286	0.279	0.292	0.283	0.293	0.292	0.289	0.294	0.289	0.289	0.287	0.282	0.282	0.281	0.280	0.279	0.291	0.294	0.286	0.290	0.282	0.283	0.283	0.290	0.279	0.286	0.285	0.278	0.285	0.290	0.295	0.289	0.292	0.287	0.641	0.289	0.285	0.364	0.281	0.277
0:00:00																																																																																																	

Results
	1	2	3	4	5	6	7	8	9	10	11	12
A	0.555	0.564	0.547	0.553	0.551	0.558	0.539	0.549	0.572	0.561	0.560	0.554	Max V [600]
	0.896	0.899	0.905	0.916	0.904	0.908	0.911	0.901	0.904	0.895	0.898	0.891	R-Squared [600]
	2:00:34	2:00:34	2:00:34	2:00:34	2:00:34	2:00:34	2:00:34	2:00:34	2:00:34	2:00:34	2:00:34	2:00:34	t at Max V [600]
	?????	?????	?????	?????	?????	?????	?????	?????	?????	?????	?????	?????	Lagtime [600]
B	0.579	0.550	0.560	0.548	0.542	0.550	0.534	0.542	0.541	0.553	0.562	0.548	Max V [600]
	0.906	0.916	0.929	0.933	0.932	0.929	0.933	0.937	0.931	0.920	0.912	0.896	R-Squared [600]
	2:00:34	2:00:34	2:00:34	2:00:34	2:00:34	2:00:34	2:00:34	2:00:34	2:00:34	2:00:34	2:00:34	2:00:34	t at Max V [600]
	?????	?????	0:02:46	0:05:33	0:03:43	0:02:18	0:04:40	0:03:43	0:03:33	?????	?????	?????	Lagtime [600]
C	0.583	0.554	0.542	0.553	0.541	0.541	0.546	0.549	0.556	0.567	0.572	0.563	Max V [600]
	0.915	0.934	0.943	0.950	0.949	0.950	0.951	0.947	0.945	0.938	0.926	0.913	R-Squared [600]
	2:00:34	2:00:34	2:00:34	2:00:34	2:00:34	2:00:34	2:00:34	2:00:34	2:00:34	2:00:34	2:00:34	2:00:34	t at Max V [600]
	?????	0:04:38	0:06:14	0:08:11	0:09:01	0:08:37	0:08:28	0:07:20	0:06:55	0:04:47	0:01:44	?????	Lagtime [600]
D	0.590	0.567	0.565	0.557	0.544	0.542	0.531	0.542	0.541	0.564	0.556	1.683	Max V [600]
	0.911	0.935	0.946	0.950	0.949	0.950	0.948	0.949	0.965	0.942	0.936	0.927	R-Squared [600]
	2:00:34	2:00:34	2:00:34	2:00:34	2:00:34	2:00:34	2:00:34	2:00:34	2:00:34	2:00:34	2:00:34	3:00:33	t at Max V [600]
	?????	0:04:26	0:07:06	0:08:53	0:08:36	0:08:29	0:08:05	0:08:03	0:05:04	0:06:43	0:03:56	1:00:08	Lagtime [600]
E	0.562	0.565	0.551	0.559	0.549	0.559	0.521	0.534	0.526	0.514	0.608	0.571	Max V [600]
	0.914	0.942	0.944	0.949	0.947	0.953	0.964	0.951	0.949	0.937	0.961	0.927	R-Squared [600]
	2:00:34	2:00:34	2:00:34	2:00:34	2:00:34	2:00:34	2:00:34	2:00:34	2:00:34	2:00:34	2:00:34	2:00:34	t at Max V [600]
	?????	0:05:37	0:07:18	0:08:49	0:07:20	0:10:33	0:07:14	0:11:00	0:08:14	0:09:51	?????	0:02:33	Lagtime [600]
F	0.593	0.578	0.558	0.565	0.546	0.533	0.527	0.524	0.531	0.547	0.558	0.566	Max V [600]
	0.911	0.930	0.933	0.945	0.946	0.950	0.953	0.950	0.949	0.938	0.937	0.917	R-Squared [600]
	2:00:34	2:00:34	2:00:34	2:00:34	2:00:34	2:00:34	2:00:34	2:00:34	2:00:34	2:00:34	2:00:34	2:00:34	t at Max V [600]
	?????	0:03:28	0:04:13	0:07:40	0:07:37	0:08:53	0:10:02	0:08:13	0:08:44	0:04:52	0:02:44	?????	Lagtime [600]
G	0.567	0.581	0.550	0.557	0.555	0.541	0.529	0.531	0.541	0.597	0.558	0.574	Max V [600]
	0.897	0.923	0.930	0.933	0.940	0.946	0.949	0.947	0.944	0.936	0.917	0.900	R-Squared [600]
	2:00:34	2:00:34	2:00:34	2:00:34	2:00:34	2:00:34	2:00:34	2:00:34	2:00:34	2:00:34	2:00:34	2:00:34	t at Max V [600]
	?????	0:01:31	0:03:14	0:04:21	0:05:38	0:07:21	0:07:03	0:07:16	0:06:39	0:05:24	?????	?????	Lagtime [600]
H	0.585	0.591	0.560	0.553	0.581	0.542	1.986	0.535	0.543	0.672	0.583	0.561	Max V [600]
	0.886	0.904	0.907	0.905	0.926	0.924	0.850	0.920	0.925	0.459	0.895	0.893	R-Squared [600]
	2:00:34	2:00:34	2:00:34	2:00:34	2:00:34	2:00:34	2:00:34	2:00:34	2:00:34	2:00:34	2:00:34	2:00:34	t at Max V [600]
	?????	?????	?????	?????	0:02:35	0:01:50	?????	0:02:21	0:02:44	?????	?????	?????	Lagtime [600]


