
Software Version	3.11.19



Experiment File Path:	C:\Users\patil-group\Desktop\Sweeteners_stacker\171121_NT5026_37_38_Rep2\NT5026_37_38_Rep2.xpt
Protocol File Path:	C:\Users\Public\Documents\Protocols\Screening-protocol.prt



Plate Number	Plate 14
Date	17/11/2021
Time	15:40:27
Reader Type:	Epoch 2
Reader Serial Number:	2103223
Reading Type	Reader

Procedure Details

Plate Type	96 WELL PLATE
Discontinuous Kinetics	Runtime 1:00:00 (D:HH:MM), Interval 0:01:00, 25 Reads
	Pause after each run
Eject plate on completion	
Shake	Linear: 0:00:30 (HH:MM:SS)
	Frequency: 567 cpm (3 mm)
Read	Absorbance Endpoint
	Full Plate
	Wavelengths:  600
	Read Speed: Normal,  Delay: 100 msec,  Measurements/Data Point: 8

600

Time	T° 600	A1	A2	A3	A4	A5	A6	A7	A8	A9	A10	A11	A12	B1	B2	B3	B4	B5	B6	B7	B8	B9	B10	B11	B12	C1	C2	C3	C4	C5	C6	C7	C8	C9	C10	C11	C12	D1	D2	D3	D4	D5	D6	D7	D8	D9	D10	D11	D12	E1	E2	E3	E4	E5	E6	E7	E8	E9	E10	E11	E12	F1	F2	F3	F4	F5	F6	F7	F8	F9	F10	F11	F12	G1	G2	G3	G4	G5	G6	G7	G8	G9	G10	G11	G12	H1	H2	H3	H4	H5	H6	H7	H8	H9	H10	H11	H12
0:00:34	34.9	0.166	0.165	0.171	0.168	0.166	0.177	0.174	0.167	0.169	0.173	0.167	0.175	0.165	0.174	0.165	0.168	0.162	0.163	0.172	0.174	0.168	0.163	0.164	0.173	0.250	0.168	0.165	0.165	0.162	0.165	0.173	0.167	0.169	0.169	0.168	0.168	0.168	0.167	0.170	0.166	0.165	0.168	0.168	0.167	0.163	0.172	0.165	0.168	0.170	0.165	0.166	0.170	0.172	0.168	0.163	0.166	0.168	0.178	0.171	0.167	0.167	0.172	0.175	0.180	0.161	0.168	0.172	0.167	0.165	0.165	0.163	0.169	0.165	0.171	0.164	0.167	0.170	0.168	0.162	0.172	0.168	0.161	0.164	0.165	0.164	0.159	0.173	0.160	0.163	0.162	0.164	0.165	0.164	0.160	0.164	0.163
1:00:32	34.9	0.181	0.180	0.184	0.182	0.179	0.191	0.186	0.181	0.181	0.187	0.181	0.191	0.181	0.186	0.178	0.180	0.173	0.175	0.182	0.184	0.179	0.174	0.177	0.187	0.187	0.179	0.175	0.176	0.173	0.177	0.182	0.176	0.179	0.180	0.179	0.182	0.182	0.179	0.181	0.176	0.175	0.178	0.178	0.176	0.173	0.183	0.177	0.181	0.182	0.176	0.176	0.180	0.182	0.179	0.172	0.174	0.178	0.190	0.181	0.180	0.180	0.183	0.185	0.190	0.171	0.178	0.181	0.176	0.175	0.176	0.175	0.182	0.179	0.181	0.174	0.177	0.181	0.180	0.172	0.182	0.178	0.172	0.177	0.177	0.181	0.174	0.187	0.173	0.176	0.175	0.177	0.178	0.177	0.189	0.179	0.178
2:00:33	34.9	0.244	0.240	0.233	0.236	0.233	0.246	0.239	0.232	0.236	0.247	0.242	0.258	0.247	0.239	0.229	0.228	0.220	0.221	0.229	0.227	0.227	0.225	0.232	0.249	0.250	0.225	0.217	0.215	0.217	0.218	0.220	0.212	0.216	0.227	0.228	0.244	0.241	0.230	0.227	0.220	0.219	0.219	0.218	0.216	0.217	0.230	0.228	0.241	0.234	0.218	0.219	0.221	0.222	0.219	0.208	0.207	0.218	0.226	0.229	0.234	0.234	0.229	0.229	0.229	0.212	0.220	0.224	0.219	0.216	0.225	0.228	0.244	0.235	0.227	0.216	0.220	0.226	0.224	0.215	0.226	0.222	0.218	0.228	0.229	0.247	0.237	0.243	0.228	0.229	0.227	0.232	0.230	0.231	0.240	0.239	0.245
3:00:33	34.9	0.277	0.278	0.277	0.283	0.278	0.286	0.283	0.274	0.275	0.281	0.277	0.285	0.278	0.278	0.273	0.273	0.267	0.269	0.277	0.273	0.270	0.266	0.270	0.281	0.329	0.275	0.272	0.274	0.274	0.276	0.277	0.269	0.269	0.277	0.272	0.281	0.282	0.283	0.284	0.283	0.283	0.278	0.279	0.274	0.271	0.282	0.274	0.282	0.278	0.274	0.277	0.285	0.287	0.283	0.271	0.269	0.278	0.277	0.274	0.278	0.278	0.277	0.289	0.290	0.271	0.284	0.282	0.281	0.278	0.282	0.278	0.282	0.275	0.272	0.269	0.276	0.283	0.286	0.272	0.280	0.276	0.266	0.272	0.270	0.271	0.267	0.277	0.264	0.264	0.265	0.267	0.266	0.265	0.268	0.267	0.269
4:00:34	34.9	0.286	0.287	0.283	0.286	0.285	0.296	0.291	0.283	0.284	0.290	0.285	0.293	0.287	0.286	0.282	0.283	0.278	0.280	0.289	0.283	0.281	0.277	0.280	0.290	0.298	0.285	0.284	0.286	0.287	0.289	0.290	0.285	0.282	0.288	0.282	0.290	0.291	0.294	0.296	0.292	0.297	0.290	0.293	0.287	0.286	0.294	0.285	0.294	0.290	0.284	0.289	0.298	0.299	0.296	0.285	0.282	0.289	0.290	0.286	0.287	0.288	0.287	0.300	0.302	0.285	0.296	0.296	0.292	0.291	0.289	0.287	0.291	0.286	0.283	0.281	0.288	0.296	0.296	0.284	0.291	0.285	0.277	0.281	0.279	0.278	0.274	0.285	0.272	0.273	0.273	0.276	0.276	0.274	0.277	0.274	0.277
5:00:35	34.9	0.289	0.291	0.289	0.294	0.288	0.300	0.295	0.287	0.289	0.295	0.288	0.297	0.290	0.290	0.286	0.289	0.283	0.286	0.294	0.289	0.287	0.282	0.284	0.294	0.293	0.289	0.286	0.289	0.293	0.295	0.297	0.291	0.290	0.293	0.289	0.295	0.295	0.295	0.299	0.297	0.303	0.297	0.301	0.294	0.292	0.299	0.290	0.298	0.293	0.290	0.293	0.304	0.305	0.302	0.291	0.290	0.296	0.296	0.291	0.292	0.294	0.292	0.303	0.307	0.291	0.302	0.300	0.298	0.295	0.294	0.291	0.294	0.289	0.289	0.287	0.294	0.300	0.300	0.289	0.294	0.291	0.281	0.285	0.283	0.280	0.277	0.289	0.277	0.277	0.277	0.280	0.279	0.279	0.281	0.277	0.281
6:00:35	34.9	0.290	0.292	0.291	0.292	0.290	0.301	0.296	0.289	0.291	0.298	0.291	0.298	0.292	0.293	0.289	0.292	0.285	0.288	0.295	0.292	0.290	0.285	0.287	0.296	0.415	0.290	0.289	0.291	0.295	0.298	0.300	0.293	0.293	0.296	0.291	0.297	0.297	0.296	0.300	0.298	0.305	0.300	0.303	0.297	0.295	0.303	0.294	0.302	0.295	0.290	0.295	0.307	0.308	0.304	0.294	0.291	0.297	0.300	0.293	0.295	0.295	0.295	0.305	0.308	0.293	0.304	0.302	0.300	0.297	0.298	0.293	0.296	0.292	0.291	0.289	0.297	0.303	0.302	0.290	0.296	0.292	0.284	0.287	0.285	0.281	0.279	0.290	0.278	0.279	0.280	0.283	0.282	0.281	0.284	0.279	0.283
7:00:36	34.9	0.291	0.293	0.290	0.292	0.291	0.302	0.297	0.291	0.293	0.299	0.292	0.299	0.292	0.294	0.291	0.293	0.287	0.289	0.297	0.293	0.292	0.287	0.289	0.298	0.334	0.293	0.291	0.293	0.296	0.300	0.302	0.295	0.295	0.297	0.294	0.299	0.299	0.297	0.301	0.301	0.306	0.302	0.305	0.299	0.297	0.304	0.296	0.319	0.297	0.292	0.297	0.309	0.310	0.305	0.296	0.294	0.298	0.302	0.295	0.295	0.297	0.298	0.306	0.308	0.294	0.306	0.304	0.302	0.299	0.299	0.294	0.297	0.293	0.293	0.291	0.298	0.303	0.304	0.292	0.298	0.293	0.286	0.289	0.286	0.282	0.280	0.292	0.280	0.280	0.281	0.284	0.282	0.283	0.285	0.280	0.284
8:00:37	34.9	0.292	0.294	0.292	0.293	0.291	0.302	0.297	0.291	0.295	0.300	0.293	0.300	0.293	0.294	0.292	0.294	0.287	0.290	0.298	0.295	0.293	0.287	0.289	0.298	0.297	0.294	0.291	0.295	0.297	0.301	0.302	0.297	0.296	0.299	0.296	0.299	0.299	0.297	0.303	0.301	0.305	0.303	0.305	0.300	0.298	0.307	0.298	0.315	0.297	0.293	0.298	0.310	0.310	0.306	0.297	0.294	0.300	0.303	0.297	0.297	0.297	0.298	0.306	0.308	0.295	0.307	0.305	0.302	0.300	0.300	0.294	0.298	0.294	0.295	0.292	0.299	0.303	0.303	0.294	0.300	0.293	0.287	0.290	0.287	0.283	0.280	0.292	0.280	0.281	0.281	0.285	0.284	0.283	0.286	0.281	0.284
9:00:38	34.9	0.293	0.294	0.291	0.293	0.292	0.303	0.297	0.292	0.295	0.300	0.293	0.300	0.294	0.295	0.292	0.295	0.288	0.291	0.298	0.296	0.295	0.289	0.291	0.299	0.360	0.295	0.292	0.295	0.297	0.302	0.301	0.297	0.297	0.299	0.296	0.300	0.300	0.298	0.302	0.301	0.305	0.303	0.305	0.301	0.299	0.308	0.299	0.316	0.298	0.293	0.300	0.309	0.310	0.308	0.298	0.293	0.301	0.304	0.297	0.297	0.298	0.300	0.306	0.308	0.295	0.307	0.305	0.302	0.300	0.300	0.294	0.307	0.295	0.295	0.293	0.299	0.302	0.303	0.295	0.301	0.293	0.288	0.292	0.288	0.284	0.281	0.293	0.282	0.281	0.282	0.286	0.284	0.284	0.287	0.281	0.285
10:00:38	34.9	0.294	0.295	0.293	0.298	0.292	0.302	0.298	0.293	0.297	0.300	0.294	0.301	0.295	0.295	0.293	0.295	0.288	0.292	0.299	0.297	0.295	0.290	0.292	0.300	0.380	0.295	0.293	0.295	0.297	0.302	0.301	0.300	0.299	0.300	0.299	0.302	0.302	0.298	0.304	0.301	0.304	0.303	0.305	0.303	0.298	0.308	0.299	0.314	0.298	0.294	0.299	0.309	0.310	0.308	0.298	0.295	0.300	0.303	0.298	0.299	0.299	0.300	0.306	0.307	0.296	0.307	0.304	0.302	0.300	0.300	0.295	0.299	0.295	0.297	0.293	0.299	0.303	0.304	0.294	0.300	0.294	0.289	0.293	0.290	0.284	0.282	0.294	0.283	0.283	0.283	0.288	0.285	0.284	0.287	0.282	0.285
11:00:39	34.9	0.295	0.296	0.293	0.294	0.294	0.303	0.299	0.294	0.298	0.302	0.295	0.302	0.295	0.296	0.294	0.296	0.289	0.293	0.300	0.297	0.297	0.291	0.292	0.301	0.371	0.297	0.293	0.296	0.297	0.303	0.301	0.299	0.299	0.301	0.300	0.302	0.302	0.298	0.304	0.302	0.304	0.303	0.304	0.304	0.299	0.308	0.300	0.315	0.299	0.294	0.299	0.309	0.308	0.308	0.298	0.296	0.301	0.303	0.298	0.300	0.299	0.301	0.306	0.307	0.296	0.306	0.304	0.302	0.301	0.301	0.296	0.298	0.295	0.297	0.294	0.299	0.303	0.303	0.295	0.300	0.294	0.289	0.294	0.290	0.285	0.283	0.295	0.283	0.284	0.284	0.294	0.286	0.285	0.288	0.283	0.286
12:00:39	34.9	0.295	0.296	0.295	0.296	0.295	0.304	0.302	0.296	0.300	0.303	0.296	0.302	0.296	0.297	0.295	0.297	0.290	0.294	0.301	0.298	0.298	0.292	0.294	0.301	0.328	0.298	0.294	0.297	0.298	0.302	0.301	0.300	0.300	0.301	0.301	0.303	0.302	0.298	0.304	0.303	0.304	0.305	0.305	0.304	0.300	0.309	0.301	0.314	0.299	0.295	0.300	0.309	0.309	0.307	0.298	0.296	0.301	0.303	0.298	0.301	0.300	0.303	0.307	0.308	0.296	0.307	0.304	0.302	0.302	0.301	0.297	0.299	0.296	0.297	0.296	0.299	0.303	0.304	0.296	0.301	0.295	0.292	0.295	0.290	0.285	0.284	0.295	0.285	0.284	0.285	0.334	0.287	0.286	0.288	0.283	0.286
13:00:40	34.9	0.294	0.297	0.295	0.296	0.294	0.305	0.301	0.296	0.300	0.304	0.296	0.302	0.295	0.297	0.295	0.298	0.291	0.294	0.302	0.299	0.298	0.292	0.293	0.301	0.302	0.298	0.295	0.298	0.299	0.302	0.302	0.301	0.301	0.302	0.301	0.303	0.302	0.299	0.305	0.303	0.304	0.304	0.304	0.305	0.300	0.309	0.300	0.313	0.300	0.296	0.299	0.309	0.309	0.306	0.299	0.297	0.303	0.304	0.299	0.301	0.301	0.303	0.306	0.308	0.298	0.308	0.306	0.302	0.302	0.301	0.298	0.299	0.296	0.298	0.296	0.299	0.303	0.303	0.297	0.302	0.295	0.293	0.295	0.290	0.284	0.283	0.295	0.285	0.284	0.285	0.321	0.287	0.287	0.288	0.283	0.286
14:00:40	34.9	0.294	0.297	0.295	0.296	0.295	0.304	0.309	0.296	0.300	0.303	0.296	0.301	0.295	0.297	0.295	0.299	0.291	0.295	0.302	0.299	0.298	0.292	0.293	0.301	0.325	0.299	0.295	0.298	0.299	0.302	0.302	0.301	0.301	0.302	0.301	0.302	0.302	0.298	0.305	0.303	0.304	0.304	0.304	0.304	0.299	0.309	0.301	0.313	0.300	0.297	0.301	0.309	0.309	0.306	0.299	0.297	0.301	0.304	0.300	0.301	0.301	0.303	0.307	0.307	0.298	0.307	0.305	0.302	0.302	0.301	0.297	0.299	0.297	0.298	0.298	0.299	0.303	0.305	0.297	0.302	0.296	0.293	0.295	0.290	0.284	0.282	0.294	0.285	0.284	0.285	0.317	0.287	0.287	0.288	0.283	0.286
15:00:40	34.9	0.293	0.297	0.294	0.296	0.294	0.305	0.301	0.296	0.300	0.303	0.295	0.301	0.294	0.296	0.295	0.299	0.291	0.295	0.302	0.300	0.298	0.292	0.292	0.300	0.299	0.300	0.296	0.299	0.299	0.303	0.302	0.301	0.301	0.302	0.300	0.302	0.301	0.299	0.305	0.304	0.304	0.304	0.305	0.305	0.299	0.308	0.300	0.312	0.299	0.297	0.301	0.308	0.308	0.306	0.298	0.296	0.300	0.303	0.300	0.300	0.301	0.304	0.307	0.307	0.298	0.307	0.305	0.302	0.301	0.301	0.297	0.299	0.296	0.298	0.298	0.300	0.303	0.304	0.298	0.302	0.296	0.294	0.295	0.290	0.283	0.281	0.294	0.284	0.284	0.285	0.311	0.288	0.286	0.286	0.282	0.286
16:00:41	34.9	0.292	0.296	0.294	0.295	0.294	0.303	0.300	0.296	0.300	0.302	0.295	0.300	0.293	0.295	0.294	0.299	0.291	0.296	0.301	0.300	0.297	0.291	0.291	0.299	0.360	0.299	0.296	0.298	0.298	0.302	0.302	0.300	0.301	0.301	0.300	0.301	0.300	0.298	0.305	0.303	0.303	0.303	0.305	0.305	0.298	0.307	0.299	0.311	0.299	0.297	0.301	0.309	0.308	0.305	0.297	0.296	0.300	0.303	0.300	0.299	0.301	0.306	0.306	0.307	0.298	0.305	0.304	0.301	0.300	0.300	0.296	0.298	0.296	0.298	0.298	0.299	0.304	0.303	0.297	0.302	0.296	0.293	0.294	0.289	0.282	0.280	0.293	0.284	0.284	0.284	0.331	0.286	0.286	0.285	0.282	0.285
17:00:42	34.9	0.291	0.295	0.293	0.296	0.294	0.303	0.301	0.296	0.300	0.302	0.295	0.298	0.291	0.294	0.294	0.299	0.292	0.295	0.300	0.299	0.297	0.290	0.290	0.298	0.398	0.299	0.296	0.299	0.298	0.302	0.302	0.301	0.301	0.301	0.300	0.300	0.299	0.299	0.305	0.302	0.301	0.303	0.303	0.305	0.297	0.307	0.298	0.310	0.299	0.297	0.300	0.308	0.308	0.304	0.296	0.296	0.300	0.304	0.299	0.299	0.300	0.303	0.306	0.307	0.298	0.305	0.303	0.300	0.300	0.300	0.296	0.298	0.296	0.298	0.298	0.299	0.303	0.304	0.298	0.301	0.296	0.293	0.294	0.289	0.281	0.279	0.292	0.284	0.283	0.284	0.349	0.286	0.285	0.284	0.281	0.283
18:00:42	34.9	0.290	0.294	0.292	0.294	0.294	0.303	0.301	0.295	0.299	0.301	0.293	0.297	0.290	0.292	0.293	0.298	0.291	0.295	0.301	0.299	0.297	0.289	0.289	0.297	0.364	0.299	0.296	0.299	0.297	0.301	0.301	0.300	0.300	0.300	0.300	0.299	0.298	0.298	0.305	0.302	0.301	0.303	0.302	0.304	0.296	0.306	0.297	0.309	0.298	0.297	0.300	0.307	0.307	0.304	0.296	0.295	0.300	0.304	0.299	0.297	0.299	0.304	0.305	0.306	0.298	0.304	0.303	0.300	0.299	0.299	0.295	0.296	0.296	0.298	0.297	0.299	0.303	0.302	0.297	0.300	0.295	0.293	0.293	0.288	0.281	0.278	0.291	0.283	0.283	0.283	0.333	0.285	0.285	0.284	0.280	0.283
19:00:43	34.9	0.289	0.293	0.291	0.293	0.292	0.302	0.300	0.295	0.298	0.300	0.292	0.296	0.289	0.291	0.292	0.297	0.290	0.294	0.300	0.298	0.295	0.288	0.288	0.296	0.297	0.299	0.296	0.299	0.296	0.300	0.301	0.300	0.300	0.300	0.299	0.298	0.298	0.298	0.304	0.301	0.301	0.302	0.302	0.303	0.295	0.305	0.295	0.308	0.298	0.297	0.299	0.306	0.307	0.304	0.295	0.294	0.299	0.304	0.298	0.297	0.298	0.302	0.304	0.306	0.297	0.304	0.302	0.298	0.298	0.299	0.294	0.296	0.295	0.297	0.297	0.299	0.303	0.302	0.297	0.300	0.295	0.293	0.293	0.288	0.280	0.277	0.290	0.282	0.282	0.283	0.315	0.285	0.284	0.282	0.279	0.281
20:00:43	35.0	0.290	0.293	0.292	0.293	0.294	0.303	0.301	0.295	0.299	0.300	0.292	0.297	0.289	0.292	0.294	0.299	0.292	0.295	0.301	0.298	0.296	0.289	0.287	0.297	0.346	0.299	0.297	0.300	0.297	0.301	0.301	0.301	0.301	0.300	0.300	0.298	0.299	0.298	0.304	0.303	0.301	0.302	0.303	0.304	0.294	0.306	0.296	0.308	0.298	0.298	0.301	0.307	0.308	0.304	0.295	0.294	0.299	0.305	0.298	0.297	0.299	0.303	0.305	0.307	0.298	0.304	0.303	0.298	0.300	0.300	0.294	0.296	0.296	0.298	0.297	0.299	0.304	0.302	0.299	0.301	0.296	0.294	0.294	0.288	0.280	0.278	0.289	0.283	0.282	0.283	0.317	0.286	0.285	0.281	0.280	0.283
21:00:44	34.9	0.287	0.291	0.290	0.292	0.293	0.301	0.298	0.294	0.297	0.298	0.290	0.294	0.287	0.290	0.291	0.297	0.290	0.293	0.299	0.297	0.294	0.287	0.286	0.294	0.392	0.299	0.295	0.300	0.296	0.300	0.300	0.300	0.299	0.299	0.298	0.297	0.297	0.296	0.303	0.300	0.299	0.300	0.301	0.301	0.293	0.303	0.294	0.305	0.297	0.296	0.300	0.305	0.306	0.302	0.294	0.293	0.298	0.303	0.296	0.295	0.296	0.301	0.304	0.306	0.297	0.302	0.301	0.296	0.296	0.297	0.293	0.293	0.294	0.296	0.296	0.298	0.303	0.301	0.297	0.299	0.293	0.293	0.291	0.286	0.279	0.276	0.287	0.281	0.280	0.282	0.307	0.284	0.282	0.280	0.278	0.280
22:00:44	34.9	0.285	0.289	0.288	0.298	0.291	0.299	0.297	0.292	0.296	0.296	0.288	0.293	0.286	0.289	0.291	0.295	0.289	0.291	0.298	0.296	0.293	0.286	0.284	0.293	0.384	0.297	0.295	0.299	0.294	0.299	0.299	0.299	0.298	0.295	0.297	0.295	0.295	0.295	0.302	0.300	0.299	0.299	0.300	0.301	0.292	0.301	0.291	0.304	0.296	0.296	0.299	0.304	0.306	0.302	0.292	0.292	0.297	0.301	0.295	0.294	0.296	0.300	0.302	0.304	0.296	0.301	0.300	0.295	0.296	0.296	0.291	0.293	0.293	0.295	0.295	0.297	0.302	0.300	0.296	0.298	0.293	0.291	0.291	0.285	0.278	0.275	0.286	0.279	0.280	0.281	0.299	0.283	0.281	0.278	0.276	0.278
23:00:45	35.0	0.286	0.290	0.288	0.291	0.291	0.299	0.298	0.293	0.296	0.296	0.288	0.293	0.287	0.289	0.296	0.297	0.290	0.292	0.299	0.296	0.293	0.286	0.284	0.292	0.329	0.297	0.296	0.299	0.295	0.299	0.299	0.299	0.298	0.297	0.297	0.295	0.295	0.295	0.302	0.299	0.299	0.299	0.300	0.301	0.291	0.300	0.291	0.304	0.297	0.296	0.299	0.304	0.306	0.301	0.293	0.292	0.297	0.302	0.295	0.294	0.296	0.300	0.303	0.305	0.296	0.301	0.301	0.296	0.296	0.296	0.291	0.292	0.293	0.296	0.295	0.298	0.302	0.300	0.297	0.298	0.293	0.292	0.291	0.285	0.279	0.275	0.286	0.279	0.279	0.281	0.296	0.283	0.282	0.277	0.277	0.279
0:00:00																																																																																																	

Results
	1	2	3	4	5	6	7	8	9	10	11	12
A	0.559	0.569	0.529	0.565	0.561	0.554	0.551	0.540	0.539	0.545	0.553	0.550	Max V [600]
	0.936	0.943	0.946	0.936	0.947	0.949	0.947	0.951	0.946	0.941	0.939	0.923	R-Squared [600]
	2:00:34	2:00:34	2:00:34	2:00:34	2:00:34	2:00:34	2:00:34	2:00:34	2:00:34	2:00:34	2:00:34	2:00:34	t at Max V [600]
	0:05:01	0:06:54	0:10:20	0:08:20	0:09:21	0:08:29	0:09:49	0:09:25	0:08:27	0:06:34	0:05:04	0:01:58	Lagtime [600]
B	0.569	0.525	0.551	0.541	0.543	0.545	0.549	0.509	0.525	0.535	0.543	0.546	Max V [600]
	0.932	0.946	0.953	0.953	0.954	0.954	0.953	0.954	0.955	0.953	0.949	0.938	R-Squared [600]
	2:00:34	2:00:34	2:00:34	2:00:34	2:00:34	2:00:34	2:00:34	2:00:34	2:00:34	2:00:34	2:00:34	2:00:34	t at Max V [600]
	0:03:17	0:08:53	0:10:04	0:12:17	0:13:29	0:13:37	0:14:41	0:14:37	0:12:33	0:11:16	0:08:35	0:04:52	Lagtime [600]
C	0.492	0.549	0.558	0.564	0.582	0.578	0.545	0.548	0.530	0.558	0.537	0.572	Max V [600]
	0.574	0.949	0.949	0.948	0.951	0.951	0.945	0.951	0.953	0.951	0.951	0.941	R-Squared [600]
	4:00:34	2:00:34	2:00:34	2:00:34	2:00:34	2:00:34	2:00:34	2:00:34	2:00:34	2:00:34	2:00:34	2:00:34	t at Max V [600]
	1:43:36	0:14:35	0:16:54	0:17:54	0:16:42	0:16:41	0:19:51	0:19:42	0:17:26	0:14:38	0:13:06	0:06:44	Lagtime [600]
D	0.577	0.595	0.594	0.596	0.619	0.574	0.583	0.563	0.576	0.575	0.563	0.591	Max V [600]
	0.947	0.952	0.949	0.940	0.945	0.946	0.946	0.948	0.955	0.953	0.954	0.951	R-Squared [600]
	2:00:34	2:00:34	2:00:34	2:00:34	2:00:34	2:00:34	2:00:34	2:00:34	2:00:34	2:00:34	2:00:34	2:00:34	t at Max V [600]
	0:08:02	0:14:07	0:16:42	0:17:38	0:18:54	0:18:19	0:19:15	0:19:11	0:17:13	0:15:03	0:12:24	0:09:23	Lagtime [600]
E	0.561	0.557	0.580	0.602	0.598	0.601	0.573	0.548	0.571	0.516	0.538	0.563	Max V [600]
	0.956	0.947	0.949	0.942	0.940	0.943	0.939	0.934	0.943	0.956	0.954	0.950	R-Squared [600]
	2:00:34	2:00:34	2:00:34	2:00:34	2:00:34	2:00:34	2:00:34	2:00:34	2:00:34	2:00:34	2:00:34	2:00:34	t at Max V [600]
	0:11:17	0:16:29	0:17:31	0:19:17	0:19:57	0:19:23	0:21:01	0:22:25	0:19:07	0:16:29	0:13:40	0:10:28	Lagtime [600]
F	0.566	0.537	0.592	0.573	0.581	0.602	0.581	0.593	0.589	0.591	0.584	0.570	Max V [600]
	0.952	0.951	0.943	0.940	0.948	0.942	0.946	0.941	0.944	0.942	0.949	0.940	R-Squared [600]
	2:00:34	2:00:34	2:00:34	2:00:34	2:00:34	2:00:34	2:00:34	2:00:34	2:00:34	2:00:34	2:00:34	2:00:34	t at Max V [600]
	0:10:11	0:14:18	0:17:43	0:19:40	0:19:05	0:19:33	0:19:28	0:18:54	0:19:11	0:14:46	0:12:41	0:07:34	Lagtime [600]
G	0.563	0.525	0.548	0.569	0.588	0.602	0.573	0.558	0.555	0.541	0.549	0.534	Max V [600]
	0.953	0.953	0.951	0.949	0.949	0.945	0.950	0.948	0.946	0.953	0.951	0.950	R-Squared [600]
	2:00:34	2:00:34	2:00:34	2:00:34	2:00:34	2:00:34	2:00:34	2:00:34	2:00:34	2:00:34	2:00:34	2:00:34	t at Max V [600]
	0:09:13	0:13:48	0:16:39	0:17:28	0:16:57	0:16:59	0:17:23	0:16:27	0:16:21	0:14:07	0:10:38	0:09:57	Lagtime [600]
H	0.528	0.535	0.524	0.527	0.514	0.520	0.523	0.515	0.514	0.523	0.512	0.532	Max V [600]
	0.918	0.928	0.943	0.945	0.946	0.947	0.948	0.949	0.946	0.953	0.930	0.918	R-Squared [600]
	2:00:34	2:00:34	2:00:34	2:00:34	2:00:34	2:00:34	2:00:34	2:00:34	2:00:34	2:00:34	2:00:34	2:00:34	t at Max V [600]
	?????	0:03:10	0:06:35	0:07:30	0:07:52	0:08:30	0:07:28	0:08:28	0:07:17	?????	0:03:10	?????	Lagtime [600]


