
Software Version	3.11.19



Experiment File Path:	C:\Users\patil-group\Desktop\Sweeteners_stacker\291121_NT5071_72_74_Rep2\NT5071_72_74_Rep2.xpt
Protocol File Path:	C:\Users\Public\Documents\Protocols\Screening-protocol.prt



Plate Number	Plate 8
Date	29/11/2021
Time	13:20:10
Reader Type:	Epoch 2
Reader Serial Number:	2103223
Reading Type	Reader

Procedure Details

Plate Type	96 WELL PLATE
Discontinuous Kinetics	Runtime 1:00:00 (D:HH:MM), Interval 0:01:00, 25 Reads
	Pause after each run
Eject plate on completion	
Shake	Linear: 0:00:30 (HH:MM:SS)
	Frequency: 567 cpm (3 mm)
Read	Absorbance Endpoint
	Full Plate
	Wavelengths:  600
	Read Speed: Normal,  Delay: 100 msec,  Measurements/Data Point: 8

600

Time	T° 600	A1	A2	A3	A4	A5	A6	A7	A8	A9	A10	A11	A12	B1	B2	B3	B4	B5	B6	B7	B8	B9	B10	B11	B12	C1	C2	C3	C4	C5	C6	C7	C8	C9	C10	C11	C12	D1	D2	D3	D4	D5	D6	D7	D8	D9	D10	D11	D12	E1	E2	E3	E4	E5	E6	E7	E8	E9	E10	E11	E12	F1	F2	F3	F4	F5	F6	F7	F8	F9	F10	F11	F12	G1	G2	G3	G4	G5	G6	G7	G8	G9	G10	G11	G12	H1	H2	H3	H4	H5	H6	H7	H8	H9	H10	H11	H12
0:00:34	34.1	0.211	0.202	0.200	0.205	0.206	0.205	0.200	0.201	0.201	0.199	0.210	0.203	0.204	0.201	0.209	0.205	0.211	0.201	0.204	0.208	0.208	0.199	0.201	0.212	0.201	0.209	0.200	0.200	0.202	0.200	0.200	0.216	0.200	0.201	0.211	0.201	0.200	0.200	0.204	0.204	0.209	0.205	0.198	0.212	0.197	0.196	0.196	0.202	0.199	0.208	0.201	0.202	0.203	0.217	0.197	0.204	0.199	0.197	0.200	0.209	0.203	0.199	0.200	0.202	0.213	0.203	0.198	0.208	0.199	0.198	0.201	0.202	0.200	0.199	0.200	0.198	0.196	0.209	0.197	0.205	0.204	0.198	0.213	0.203	0.203	0.200	0.199	0.205	0.215	0.206	0.202	0.205	0.203	0.199	0.202	0.204
1:00:34	34.5	0.281	0.269	0.263	0.265	0.274	0.269	0.259	0.263	0.264	0.260	0.279	0.275	0.269	0.257	0.263	0.255	0.265	0.257	0.251	0.263	0.259	0.252	0.260	0.278	0.259	0.259	0.246	0.243	0.246	0.244	0.239	0.260	0.247	0.250	0.262	0.262	0.259	0.249	0.248	0.246	0.250	0.245	0.239	0.251	0.241	0.242	0.246	0.260	0.254	0.247	0.245	0.244	0.246	0.258	0.235	0.245	0.241	0.240	0.245	0.264	0.259	0.248	0.245	0.245	0.255	0.246	0.241	0.252	0.244	0.242	0.250	0.262	0.259	0.251	0.248	0.244	0.234	0.258	0.242	0.257	0.257	0.244	0.268	0.269	0.271	0.260	0.254	0.259	0.264	0.265	0.256	0.268	0.262	0.255	0.262	0.276
2:00:35	34.5	0.409	0.406	0.396	0.393	0.410	0.412	0.389	0.392	0.393	0.385	0.404	0.398	0.404	0.392	0.398	0.390	0.404	0.403	0.379	0.396	0.387	0.379	0.389	0.404	0.391	0.391	0.376	0.371	0.375	0.378	0.359	0.391	0.380	0.381	0.388	0.391	0.397	0.384	0.380	0.376	0.380	0.382	0.375	0.383	0.377	0.378	0.380	0.391	0.386	0.379	0.379	0.387	0.388	0.406	0.364	0.373	0.377	0.375	0.374	0.395	0.389	0.382	0.382	0.378	0.392	0.391	0.383	0.397	0.388	0.379	0.390	0.409	0.395	0.389	0.397	0.383	0.356	0.409	0.387	0.411	0.414	0.389	0.417	0.416	0.403	0.400	0.397	0.396	0.410	0.426	0.414	0.440	0.430	0.420	0.421	0.429
3:00:36	34.5	0.508	0.509	0.492	0.490	0.506	0.511	0.479	0.484	0.489	0.481	0.501	0.494	0.507	0.492	0.500	0.494	0.510	0.510	0.483	0.499	0.486	0.479	0.488	0.504	0.489	0.496	0.484	0.484	0.489	0.495	0.463	0.500	0.489	0.485	0.484	0.489	0.499	0.491	0.493	0.493	0.495	0.502	0.489	0.493	0.491	0.487	0.484	0.491	0.485	0.485	0.490	0.508	0.505	0.518	0.479	0.487	0.489	0.483	0.477	0.495	0.486	0.487	0.488	0.486	0.504	0.503	0.494	0.510	0.496	0.483	0.493	0.506	0.497	0.497	0.505	0.498	0.464	0.515	0.495	0.516	0.518	0.495	0.515	0.517	0.501	0.502	0.498	0.499	0.508	0.529	0.521	0.542	0.532	0.523	0.524	0.533
4:00:36	34.5	0.605	0.611	0.595	0.591	0.607	0.611	0.580	0.584	0.587	0.579	0.594	0.587	0.610	0.596	0.599	0.590	0.611	0.605	0.578	0.597	0.580	0.576	0.589	0.601	0.594	0.594	0.580	0.574	0.581	0.584	0.539	0.586	0.578	0.578	0.578	0.588	0.604	0.589	0.586	0.584	0.582	0.587	0.570	0.573	0.578	0.575	0.576	0.592	0.588	0.580	0.586	0.597	0.594	0.600	0.559	0.567	0.576	0.569	0.564	0.594	0.589	0.582	0.584	0.576	0.595	0.591	0.579	0.598	0.582	0.572	0.584	0.601	0.605	0.597	0.603	0.589	0.550	0.608	0.582	0.610	0.613	0.589	0.610	0.609	0.603	0.606	0.600	0.601	0.611	0.630	0.620	0.644	0.634	0.621	0.629	0.629
5:00:37	34.4	0.630	0.637	0.626	0.623	0.636	0.640	0.610	0.614	0.616	0.608	0.622	0.613	0.640	0.635	0.641	0.637	0.658	0.652	0.630	0.642	0.625	0.620	0.625	0.630	0.630	0.643	0.633	0.634	0.640	0.642	0.601	0.642	0.634	0.629	0.620	0.620	0.642	0.642	0.646	0.647	0.646	0.652	0.636	0.630	0.638	0.632	0.624	0.627	0.628	0.633	0.645	0.661	0.661	0.664	0.630	0.635	0.635	0.627	0.612	0.630	0.629	0.636	0.643	0.639	0.658	0.655	0.642	0.658	0.643	0.629	0.632	0.631	0.640	0.643	0.654	0.646	0.616	0.662	0.642	0.661	0.659	0.636	0.645	0.634	0.630	0.637	0.631	0.637	0.648	0.665	0.660	0.676	0.667	0.652	0.652	0.648
6:00:38	34.4	0.647	0.655	0.643	0.641	0.655	0.657	0.629	0.632	0.634	0.627	0.640	0.632	0.658	0.653	0.659	0.655	0.676	0.670	0.651	0.661	0.644	0.639	0.643	0.649	0.647	0.661	0.653	0.653	0.660	0.661	0.622	0.661	0.651	0.648	0.639	0.638	0.660	0.661	0.664	0.666	0.667	0.671	0.654	0.647	0.658	0.649	0.643	0.644	0.646	0.653	0.664	0.680	0.681	0.683	0.650	0.656	0.654	0.646	0.629	0.648	0.647	0.654	0.662	0.660	0.677	0.673	0.659	0.676	0.661	0.647	0.651	0.646	0.658	0.660	0.671	0.663	0.636	0.678	0.657	0.677	0.675	0.652	0.662	0.653	0.649	0.654	0.649	0.655	0.665	0.682	0.674	0.690	0.682	0.667	0.664	0.665
7:00:38	34.4	0.664	0.671	0.658	0.656	0.672	0.672	0.645	0.648	0.650	0.644	0.657	0.649	0.674	0.669	0.675	0.671	0.693	0.685	0.667	0.677	0.661	0.655	0.660	0.665	0.665	0.676	0.670	0.669	0.676	0.676	0.637	0.677	0.667	0.664	0.656	0.655	0.677	0.676	0.679	0.682	0.682	0.686	0.669	0.661	0.674	0.664	0.659	0.660	0.663	0.669	0.680	0.696	0.696	0.697	0.666	0.669	0.669	0.660	0.645	0.664	0.664	0.670	0.678	0.675	0.693	0.689	0.674	0.690	0.677	0.662	0.668	0.662	0.675	0.677	0.686	0.678	0.652	0.693	0.670	0.690	0.688	0.667	0.676	0.668	0.666	0.671	0.667	0.673	0.682	0.698	0.687	0.703	0.695	0.682	0.678	0.680
8:00:38	34.4	0.672	0.680	0.668	0.666	0.680	0.681	0.656	0.659	0.660	0.656	0.666	0.659	0.685	0.682	0.687	0.684	0.705	0.698	0.681	0.691	0.674	0.670	0.673	0.676	0.676	0.689	0.684	0.683	0.691	0.691	0.653	0.692	0.681	0.679	0.669	0.666	0.688	0.691	0.694	0.696	0.697	0.700	0.685	0.677	0.688	0.680	0.672	0.672	0.676	0.683	0.695	0.709	0.711	0.711	0.680	0.683	0.685	0.675	0.659	0.677	0.676	0.686	0.694	0.690	0.708	0.705	0.690	0.707	0.693	0.678	0.682	0.676	0.686	0.690	0.699	0.691	0.667	0.706	0.683	0.704	0.700	0.680	0.688	0.679	0.675	0.681	0.678	0.685	0.694	0.709	0.698	0.712	0.704	0.692	0.687	0.689
9:00:39	34.4	0.677	0.686	0.672	0.670	0.686	0.687	0.661	0.664	0.665	0.661	0.673	0.666	0.688	0.686	0.691	0.688	0.709	0.702	0.685	0.695	0.677	0.674	0.676	0.681	0.681	0.694	0.688	0.689	0.695	0.695	0.660	0.696	0.684	0.682	0.674	0.671	0.693	0.695	0.698	0.701	0.700	0.705	0.689	0.681	0.692	0.683	0.675	0.676	0.680	0.688	0.699	0.714	0.715	0.715	0.686	0.689	0.688	0.678	0.663	0.681	0.681	0.690	0.699	0.694	0.713	0.708	0.694	0.708	0.696	0.680	0.685	0.679	0.690	0.694	0.703	0.697	0.673	0.710	0.689	0.707	0.703	0.683	0.691	0.682	0.682	0.686	0.683	0.689	0.698	0.712	0.702	0.715	0.707	0.696	0.690	0.693
10:00:39	34.4	0.683	0.693	0.679	0.676	0.693	0.693	0.668	0.671	0.672	0.669	0.680	0.674	0.694	0.693	0.698	0.695	0.715	0.708	0.692	0.701	0.685	0.681	0.683	0.688	0.688	0.700	0.694	0.695	0.702	0.701	0.664	0.703	0.691	0.689	0.682	0.676	0.699	0.702	0.705	0.707	0.707	0.710	0.696	0.687	0.699	0.689	0.681	0.682	0.685	0.695	0.705	0.719	0.721	0.720	0.692	0.695	0.695	0.684	0.669	0.687	0.689	0.696	0.704	0.702	0.719	0.713	0.700	0.715	0.704	0.685	0.693	0.686	0.696	0.700	0.709	0.703	0.679	0.715	0.694	0.713	0.709	0.688	0.696	0.688	0.688	0.693	0.689	0.696	0.704	0.717	0.707	0.720	0.713	0.700	0.695	0.698
11:00:39	34.4	0.691	0.699	0.684	0.681	0.699	0.699	0.676	0.679	0.680	0.676	0.688	0.683	0.703	0.700	0.704	0.700	0.720	0.714	0.699	0.706	0.690	0.687	0.689	0.694	0.693	0.706	0.700	0.701	0.708	0.707	0.672	0.709	0.696	0.695	0.687	0.681	0.703	0.708	0.710	0.712	0.713	0.716	0.701	0.692	0.704	0.694	0.686	0.687	0.691	0.701	0.711	0.725	0.726	0.725	0.699	0.701	0.700	0.689	0.675	0.693	0.694	0.703	0.711	0.708	0.725	0.719	0.704	0.721	0.709	0.690	0.698	0.690	0.701	0.705	0.716	0.709	0.686	0.722	0.700	0.719	0.714	0.696	0.701	0.694	0.694	0.699	0.696	0.702	0.709	0.723	0.711	0.726	0.718	0.706	0.700	0.705
12:00:39	34.4	0.699	0.707	0.691	0.687	0.708	0.708	0.684	0.687	0.688	0.684	0.695	0.690	0.709	0.708	0.711	0.709	0.727	0.721	0.706	0.713	0.699	0.695	0.698	0.702	0.702	0.713	0.707	0.708	0.715	0.714	0.680	0.715	0.702	0.701	0.696	0.690	0.711	0.716	0.716	0.719	0.719	0.723	0.706	0.696	0.710	0.699	0.692	0.696	0.700	0.708	0.717	0.730	0.733	0.730	0.705	0.708	0.705	0.694	0.683	0.700	0.703	0.710	0.718	0.715	0.731	0.726	0.711	0.726	0.716	0.696	0.704	0.697	0.708	0.712	0.722	0.715	0.693	0.729	0.707	0.725	0.721	0.702	0.708	0.701	0.702	0.707	0.704	0.711	0.718	0.728	0.719	0.733	0.725	0.714	0.708	0.712
13:00:41	34.4	0.704	0.712	0.696	0.694	0.713	0.713	0.690	0.694	0.694	0.690	0.701	0.697	0.714	0.713	0.716	0.714	0.734	0.727	0.713	0.718	0.705	0.700	0.702	0.708	0.707	0.719	0.714	0.713	0.721	0.720	0.690	0.722	0.708	0.706	0.701	0.694	0.716	0.721	0.723	0.726	0.727	0.729	0.713	0.703	0.715	0.705	0.699	0.699	0.705	0.713	0.725	0.737	0.739	0.736	0.712	0.714	0.710	0.700	0.691	0.703	0.708	0.717	0.724	0.721	0.737	0.732	0.717	0.732	0.721	0.702	0.706	0.699	0.711	0.714	0.727	0.721	0.699	0.733	0.711	0.729	0.724	0.706	0.710	0.703	0.707	0.711	0.706	0.715	0.721	0.732	0.724	0.736	0.728	0.717	0.711	0.716
14:00:41	34.4	0.711	0.717	0.700	0.698	0.718	0.718	0.696	0.700	0.699	0.699	0.709	0.706	0.720	0.718	0.721	0.718	0.739	0.734	0.718	0.724	0.710	0.706	0.710	0.714	0.712	0.724	0.719	0.718	0.726	0.725	0.696	0.727	0.714	0.712	0.706	0.700	0.721	0.725	0.728	0.729	0.731	0.733	0.717	0.707	0.720	0.709	0.704	0.705	0.710	0.718	0.729	0.742	0.744	0.740	0.718	0.719	0.715	0.705	0.697	0.708	0.714	0.722	0.730	0.728	0.742	0.736	0.721	0.737	0.725	0.707	0.713	0.705	0.716	0.717	0.732	0.726	0.705	0.736	0.715	0.733	0.729	0.711	0.715	0.708	0.713	0.716	0.711	0.721	0.727	0.736	0.726	0.739	0.732	0.721	0.715	0.721
15:00:41	34.4	0.718	0.723	0.706	0.702	0.725	0.723	0.703	0.706	0.706	0.704	0.716	0.714	0.726	0.724	0.727	0.723	0.745	0.738	0.723	0.731	0.717	0.712	0.717	0.722	0.719	0.730	0.725	0.723	0.732	0.731	0.703	0.732	0.719	0.717	0.713	0.708	0.727	0.730	0.732	0.735	0.736	0.738	0.722	0.712	0.725	0.714	0.710	0.712	0.716	0.723	0.735	0.746	0.750	0.746	0.723	0.724	0.721	0.712	0.703	0.714	0.721	0.729	0.736	0.733	0.748	0.743	0.727	0.742	0.732	0.713	0.718	0.710	0.722	0.722	0.737	0.730	0.709	0.742	0.718	0.738	0.733	0.717	0.719	0.713	0.720	0.722	0.717	0.727	0.732	0.740	0.730	0.744	0.736	0.725	0.719	0.726
16:00:41	34.4	0.726	0.730	0.711	0.708	0.731	0.729	0.709	0.713	0.712	0.711	0.722	0.718	0.732	0.730	0.732	0.728	0.750	0.743	0.728	0.735	0.722	0.716	0.723	0.728	0.725	0.734	0.729	0.728	0.736	0.735	0.710	0.738	0.724	0.720	0.718	0.714	0.733	0.735	0.737	0.739	0.741	0.742	0.726	0.716	0.728	0.719	0.715	0.719	0.722	0.727	0.739	0.750	0.753	0.748	0.727	0.727	0.724	0.716	0.709	0.719	0.727	0.732	0.740	0.737	0.752	0.746	0.731	0.745	0.736	0.718	0.722	0.715	0.728	0.726	0.741	0.735	0.714	0.745	0.722	0.741	0.736	0.721	0.721	0.718	0.726	0.728	0.722	0.731	0.736	0.743	0.733	0.747	0.740	0.730	0.723	0.730
17:00:42	34.4	0.733	0.738	0.717	0.715	0.738	0.736	0.716	0.719	0.719	0.716	0.729	0.727	0.739	0.737	0.740	0.735	0.756	0.748	0.735	0.742	0.730	0.722	0.729	0.736	0.731	0.740	0.735	0.734	0.742	0.741	0.718	0.743	0.731	0.727	0.724	0.721	0.739	0.741	0.743	0.746	0.747	0.747	0.731	0.720	0.734	0.724	0.720	0.724	0.728	0.734	0.744	0.756	0.759	0.755	0.734	0.733	0.731	0.721	0.715	0.725	0.734	0.739	0.746	0.743	0.758	0.753	0.738	0.751	0.742	0.725	0.727	0.723	0.734	0.732	0.746	0.740	0.719	0.751	0.726	0.747	0.742	0.728	0.727	0.723	0.732	0.734	0.730	0.738	0.743	0.748	0.737	0.751	0.744	0.734	0.728	0.736
18:00:43	34.5	0.740	0.745	0.723	0.723	0.744	0.742	0.723	0.726	0.725	0.723	0.737	0.735	0.746	0.744	0.746	0.740	0.761	0.753	0.741	0.746	0.736	0.730	0.736	0.742	0.738	0.747	0.741	0.741	0.748	0.745	0.726	0.749	0.737	0.731	0.731	0.728	0.746	0.746	0.749	0.750	0.752	0.752	0.735	0.726	0.739	0.729	0.726	0.731	0.735	0.739	0.750	0.760	0.764	0.759	0.738	0.739	0.735	0.727	0.722	0.731	0.743	0.744	0.750	0.748	0.764	0.757	0.742	0.755	0.746	0.731	0.732	0.729	0.741	0.738	0.751	0.745	0.725	0.755	0.730	0.751	0.746	0.732	0.730	0.729	0.741	0.741	0.737	0.745	0.749	0.752	0.742	0.756	0.748	0.738	0.734	0.742
19:00:43	34.5	0.749	0.751	0.729	0.726	0.752	0.748	0.730	0.735	0.734	0.731	0.744	0.745	0.754	0.749	0.751	0.747	0.766	0.760	0.746	0.752	0.742	0.736	0.743	0.748	0.746	0.753	0.748	0.748	0.753	0.750	0.734	0.754	0.743	0.737	0.739	0.736	0.753	0.753	0.753	0.755	0.757	0.756	0.741	0.730	0.745	0.736	0.733	0.738	0.742	0.746	0.754	0.764	0.768	0.763	0.744	0.743	0.741	0.733	0.729	0.737	0.750	0.749	0.756	0.753	0.769	0.763	0.747	0.761	0.750	0.736	0.738	0.734	0.748	0.746	0.755	0.749	0.731	0.760	0.736	0.755	0.751	0.736	0.735	0.734	0.748	0.748	0.744	0.753	0.757	0.757	0.748	0.760	0.753	0.743	0.740	0.748
20:00:43	34.5	0.758	0.758	0.736	0.734	0.760	0.756	0.739	0.744	0.741	0.740	0.755	0.754	0.761	0.755	0.759	0.753	0.772	0.766	0.753	0.759	0.749	0.744	0.751	0.758	0.753	0.759	0.754	0.753	0.757	0.755	0.743	0.761	0.748	0.744	0.745	0.745	0.760	0.759	0.760	0.761	0.761	0.761	0.747	0.737	0.751	0.742	0.739	0.745	0.750	0.752	0.760	0.768	0.772	0.768	0.747	0.750	0.746	0.738	0.737	0.745	0.758	0.757	0.762	0.759	0.773	0.767	0.752	0.764	0.756	0.743	0.744	0.742	0.756	0.752	0.760	0.755	0.738	0.766	0.741	0.760	0.755	0.742	0.740	0.741	0.755	0.755	0.751	0.760	0.764	0.761	0.755	0.767	0.760	0.749	0.748	0.755
21:00:44	34.5	0.768	0.768	0.742	0.741	0.769	0.765	0.747	0.753	0.751	0.748	0.764	0.763	0.770	0.764	0.767	0.760	0.780	0.773	0.760	0.767	0.758	0.753	0.759	0.768	0.762	0.766	0.761	0.760	0.766	0.762	0.754	0.768	0.755	0.752	0.755	0.754	0.767	0.766	0.767	0.767	0.767	0.768	0.755	0.744	0.757	0.750	0.747	0.755	0.758	0.759	0.767	0.775	0.778	0.775	0.752	0.757	0.755	0.745	0.744	0.752	0.766	0.765	0.770	0.765	0.779	0.774	0.760	0.772	0.763	0.752	0.750	0.749	0.765	0.760	0.766	0.761	0.745	0.771	0.748	0.767	0.762	0.748	0.746	0.748	0.764	0.762	0.759	0.767	0.771	0.766	0.762	0.774	0.768	0.755	0.754	0.764
22:00:44	34.6	0.779	0.779	0.751	0.751	0.779	0.776	0.757	0.764	0.760	0.760	0.775	0.775	0.778	0.772	0.776	0.769	0.789	0.782	0.768	0.775	0.767	0.762	0.770	0.779	0.772	0.776	0.770	0.769	0.776	0.770	0.766	0.776	0.764	0.761	0.764	0.764	0.776	0.774	0.777	0.778	0.776	0.776	0.764	0.753	0.765	0.759	0.756	0.766	0.769	0.769	0.776	0.784	0.786	0.782	0.761	0.766	0.762	0.754	0.754	0.762	0.778	0.774	0.780	0.776	0.788	0.783	0.770	0.780	0.770	0.761	0.759	0.759	0.775	0.769	0.776	0.772	0.753	0.778	0.757	0.775	0.771	0.758	0.753	0.756	0.774	0.773	0.769	0.777	0.780	0.772	0.772	0.783	0.778	0.765	0.764	0.772
23:00:45	34.7	0.789	0.789	0.757	0.759	0.788	0.785	0.768	0.773	0.769	0.769	0.786	0.785	0.787	0.780	0.785	0.776	0.798	0.791	0.775	0.785	0.776	0.770	0.779	0.789	0.782	0.784	0.777	0.776	0.782	0.778	0.778	0.785	0.772	0.769	0.774	0.776	0.787	0.781	0.783	0.784	0.783	0.784	0.773	0.760	0.773	0.767	0.765	0.777	0.778	0.776	0.784	0.791	0.793	0.789	0.767	0.772	0.770	0.762	0.763	0.771	0.787	0.781	0.789	0.783	0.795	0.791	0.777	0.789	0.777	0.770	0.767	0.767	0.785	0.778	0.783	0.779	0.760	0.786	0.762	0.782	0.780	0.767	0.759	0.764	0.783	0.782	0.779	0.786	0.789	0.775	0.779	0.791	0.784	0.772	0.773	0.781
0:00:00																																																																																																	

Results
	1	2	3	4	5	6	7	8	9	10	11	12
A	1.690	1.761	1.700	1.660	1.724	1.754	1.635	1.644	1.662	1.636	1.651	1.643	Max V [600]
	0.994	0.992	0.992	0.992	0.993	0.990	0.991	0.992	0.992	0.993	0.994	0.995	R-Squared [600]
	2:00:35	2:00:35	2:00:35	2:00:35	2:00:35	2:00:35	2:00:35	2:00:35	2:00:35	2:00:35	2:00:35	2:00:35	t at Max V [600]
	0:07:15	0:08:40	0:09:10	0:09:50	0:07:48	0:08:37	0:09:29	0:08:49	0:08:54	0:09:14	0:06:53	0:06:03	Lagtime [600]
B	1.751	1.711	1.697	1.684	1.741	1.769	1.632	1.688	1.618	1.636	1.672	1.673	Max V [600]
	0.992	0.989	0.988	0.986	0.987	0.987	0.985	0.989	0.988	0.989	0.991	0.993	R-Squared [600]
	2:00:35	2:00:35	2:00:35	2:00:35	2:00:35	2:00:35	2:00:35	2:00:35	2:00:35	2:00:35	2:00:35	2:00:35	t at Max V [600]
	0:09:10	0:11:16	0:11:26	0:12:29	0:12:08	0:10:51	0:13:31	0:11:18	0:11:53	0:11:45	0:10:32	0:08:28	Lagtime [600]
C	1.692	1.677	1.664	1.649	1.669	1.695	1.508	1.632	1.665	1.648	1.594	1.670	Max V [600]
	0.990	0.987	0.985	0.983	0.983	0.982	0.982	0.983	0.984	0.986	0.988	0.992	R-Squared [600]
	2:00:35	2:00:35	2:00:35	2:00:35	2:00:35	2:00:35	3:00:36	2:00:35	2:00:35	2:00:35	2:00:35	2:00:35	t at Max V [600]
	0:10:47	0:12:51	0:13:49	0:14:40	0:14:41	0:14:24	0:21:25	0:13:41	0:13:09	0:12:42	0:11:45	0:09:31	Lagtime [600]
D	1.746	1.701	1.684	1.681	1.657	1.699	1.654	1.605	1.684	1.674	1.661	1.684	Max V [600]
	0.990	0.986	0.983	0.982	0.982	0.979	0.980	0.979	0.982	0.984	0.986	0.990	R-Squared [600]
	2:00:35	2:00:35	2:00:35	3:00:36	3:00:36	2:00:35	2:00:35	2:00:35	2:00:35	2:00:35	2:00:35	2:00:35	t at Max V [600]
	0:10:49	0:13:10	0:14:40	0:22:58	0:22:36	0:15:09	0:14:11	0:14:36	0:14:00	0:12:59	0:12:19	0:10:45	Lagtime [600]
E	1.681	1.637	1.691	1.758	1.735	1.708	1.640	1.624	1.669	1.644	1.599	1.667	Max V [600]
	0.989	0.981	0.983	0.980	0.980	0.979	0.983	0.982	0.981	0.982	0.985	0.989	R-Squared [600]
	2:00:35	2:00:35	2:00:35	2:00:35	2:00:35	2:00:35	3:00:36	3:00:36	2:00:35	2:00:35	2:00:35	2:00:35	t at Max V [600]
	0:11:21	0:15:35	0:14:29	0:14:48	0:14:34	0:13:36	0:23:45	0:22:17	0:14:17	0:13:35	0:13:01	0:11:21	Lagtime [600]
F	1.668	1.677	1.687	1.652	1.688	1.721	1.692	1.730	1.696	1.645	1.681	1.736	Max V [600]
	0.990	0.986	0.984	0.983	0.981	0.980	0.981	0.981	0.982	0.983	0.985	0.988	R-Squared [600]
	2:00:35	2:00:35	2:00:35	2:00:35	2:00:35	2:00:35	2:00:35	2:00:35	2:00:35	2:00:35	2:00:35	2:00:35	t at Max V [600]
	0:11:05	0:12:53	0:13:48	0:14:08	0:14:36	0:13:51	0:13:45	0:13:37	0:12:48	0:13:10	0:11:50	0:08:38	Lagtime [600]
G	1.745	1.735	1.773	1.723	1.598	1.756	1.704	1.784	1.798	1.722	1.736	1.766	Max V [600]
	0.990	0.986	0.984	0.983	0.986	0.983	0.982	0.984	0.984	0.983	0.986	0.989	R-Squared [600]
	2:00:35	2:00:35	2:00:35	2:00:35	3:00:36	2:00:35	2:00:35	2:00:35	2:00:35	2:00:35	2:00:35	2:00:35	t at Max V [600]
	0:11:10	0:12:44	0:12:50	0:13:50	0:25:06	0:12:15	0:12:51	0:11:17	0:11:00	0:12:57	0:10:18	0:07:35	Lagtime [600]
H	1.716	1.756	1.743	1.717	1.726	1.854	1.834	1.922	1.890	1.854	1.858	1.845	Max V [600]
	0.993	0.990	0.988	0.988	0.985	0.986	0.984	0.985	0.984	0.983	0.987	0.990	R-Squared [600]
	2:00:35	2:00:35	2:00:35	2:00:35	2:00:35	2:00:35	2:00:35	2:00:35	2:00:35	2:00:35	2:00:35	2:00:35	t at Max V [600]
	0:08:18	0:10:29	0:11:08	0:11:59	0:12:15	0:09:48	0:11:22	0:08:46	0:09:39	0:10:14	0:10:02	0:06:33	Lagtime [600]

