
Software Version	3.11.19



Experiment File Path:	C:\Users\patil-group\Desktop\Sweeteners_stacker\291121_NT5071_72_74_Rep2\NT5071_72_74_Rep2.xpt
Protocol File Path:	C:\Users\Public\Documents\Protocols\Screening-protocol.prt



Plate Number	Plate 11
Date	29/11/2021
Time	13:25:43
Reader Type:	Epoch 2
Reader Serial Number:	2103223
Reading Type	Reader

Procedure Details

Plate Type	96 WELL PLATE
Discontinuous Kinetics	Runtime 1:00:00 (D:HH:MM), Interval 0:01:00, 25 Reads
	Pause after each run
Eject plate on completion	
Shake	Linear: 0:00:30 (HH:MM:SS)
	Frequency: 567 cpm (3 mm)
Read	Absorbance Endpoint
	Full Plate
	Wavelengths:  600
	Read Speed: Normal,  Delay: 100 msec,  Measurements/Data Point: 8

600

Time	T° 600	A1	A2	A3	A4	A5	A6	A7	A8	A9	A10	A11	A12	B1	B2	B3	B4	B5	B6	B7	B8	B9	B10	B11	B12	C1	C2	C3	C4	C5	C6	C7	C8	C9	C10	C11	C12	D1	D2	D3	D4	D5	D6	D7	D8	D9	D10	D11	D12	E1	E2	E3	E4	E5	E6	E7	E8	E9	E10	E11	E12	F1	F2	F3	F4	F5	F6	F7	F8	F9	F10	F11	F12	G1	G2	G3	G4	G5	G6	G7	G8	G9	G10	G11	G12	H1	H2	H3	H4	H5	H6	H7	H8	H9	H10	H11	H12
0:00:34	34.1	0.190	0.202	0.209	0.200	0.206	0.204	0.202	0.199	0.205	0.212	0.208	0.206	0.198	0.198	0.200	0.198	0.193	0.203	0.202	0.206	0.216	0.200	0.204	0.207	0.194	0.197	0.201	0.199	0.202	0.199	0.199	0.199	0.198	0.198	0.198	0.206	0.207	0.200	0.208	0.201	0.199	0.204	0.201	0.219	0.204	0.196	0.199	0.209	0.201	0.198	0.202	0.202	0.209	0.201	0.199	0.203	0.206	0.205	0.202	0.221	0.194	0.200	0.207	0.199	0.202	0.207	0.199	0.208	0.209	0.206	0.202	0.205	0.199	0.198	0.201	0.197	0.193	0.202	0.199	0.204	0.201	0.197	0.203	0.206	0.201	0.196	0.200	0.200	0.194	0.201	0.201	0.204	0.207	0.208	0.208	0.212
1:00:34	34.4	0.274	0.274	0.276	0.268	0.279	0.276	0.276	0.270	0.280	0.288	0.288	0.293	0.271	0.263	0.262	0.258	0.234	0.264	0.259	0.267	0.274	0.263	0.272	0.287	0.259	0.253	0.251	0.249	0.252	0.248	0.249	0.249	0.249	0.251	0.258	0.275	0.271	0.256	0.259	0.250	0.248	0.250	0.247	0.265	0.255	0.249	0.257	0.280	0.265	0.253	0.251	0.250	0.256	0.246	0.243	0.250	0.256	0.255	0.259	0.288	0.268	0.255	0.259	0.248	0.252	0.255	0.244	0.256	0.259	0.257	0.261	0.274	0.266	0.255	0.256	0.247	0.245	0.253	0.249	0.256	0.255	0.252	0.262	0.281	0.283	0.268	0.268	0.267	0.262	0.266	0.266	0.273	0.278	0.276	0.280	0.298
2:00:35	34.4	0.383	0.384	0.390	0.382	0.405	0.395	0.391	0.390	0.399	0.405	0.404	0.410	0.388	0.384	0.384	0.380	0.350	0.390	0.384	0.396	0.398	0.392	0.396	0.411	0.376	0.375	0.367	0.370	0.375	0.369	0.371	0.371	0.372	0.375	0.384	0.398	0.388	0.378	0.378	0.371	0.368	0.371	0.365	0.382	0.381	0.372	0.381	0.405	0.386	0.377	0.374	0.371	0.378	0.368	0.362	0.371	0.378	0.377	0.384	0.411	0.390	0.381	0.390	0.370	0.371	0.377	0.363	0.380	0.382	0.378	0.387	0.397	0.386	0.382	0.382	0.366	0.370	0.375	0.370	0.377	0.378	0.375	0.383	0.400	0.397	0.388	0.394	0.398	0.396	0.392	0.391	0.414	0.403	0.398	0.401	0.414
3:00:36	34.4	0.476	0.474	0.476	0.468	0.500	0.480	0.483	0.474	0.493	0.498	0.495	0.500	0.486	0.477	0.473	0.466	0.433	0.474	0.470	0.479	0.482	0.474	0.480	0.504	0.465	0.470	0.454	0.454	0.457	0.453	0.453	0.454	0.454	0.457	0.463	0.483	0.482	0.470	0.467	0.461	0.450	0.452	0.445	0.465	0.470	0.451	0.461	0.491	0.471	0.471	0.470	0.467	0.464	0.454	0.447	0.458	0.461	0.458	0.463	0.494	0.473	0.472	0.485	0.460	0.457	0.460	0.446	0.470	0.464	0.457	0.467	0.480	0.475	0.481	0.475	0.458	0.465	0.458	0.451	0.460	0.458	0.454	0.463	0.492	0.493	0.479	0.484	0.489	0.467	0.480	0.481	0.501	0.492	0.485	0.493	0.515
4:00:36	34.4	0.557	0.559	0.568	0.558	0.598	0.576	0.575	0.564	0.585	0.587	0.582	0.589	0.577	0.578	0.573	0.564	0.517	0.573	0.570	0.577	0.584	0.573	0.574	0.597	0.558	0.567	0.549	0.545	0.546	0.549	0.543	0.548	0.547	0.553	0.561	0.579	0.573	0.567	0.561	0.556	0.542	0.541	0.534	0.555	0.568	0.546	0.558	0.588	0.565	0.569	0.574	0.560	0.557	0.545	0.534	0.547	0.555	0.554	0.559	0.588	0.563	0.573	0.579	0.551	0.550	0.547	0.531	0.565	0.558	0.546	0.564	0.578	0.560	0.579	0.576	0.555	0.558	0.548	0.544	0.554	0.554	0.549	0.557	0.588	0.574	0.567	0.577	0.594	0.564	0.578	0.582	0.602	0.594	0.585	0.589	0.604
5:00:37	34.4	0.583	0.586	0.595	0.585	0.631	0.607	0.606	0.594	0.612	0.613	0.606	0.616	0.602	0.606	0.606	0.602	0.576	0.615	0.613	0.617	0.621	0.611	0.608	0.627	0.589	0.605	0.594	0.600	0.601	0.603	0.597	0.602	0.600	0.602	0.600	0.610	0.601	0.608	0.605	0.611	0.595	0.598	0.591	0.609	0.622	0.599	0.602	0.621	0.593	0.606	0.616	0.613	0.615	0.606	0.596	0.606	0.609	0.605	0.602	0.619	0.589	0.611	0.627	0.606	0.599	0.606	0.589	0.620	0.612	0.597	0.608	0.610	0.589	0.606	0.615	0.600	0.603	0.601	0.596	0.605	0.601	0.595	0.597	0.616	0.596	0.591	0.607	0.620	0.596	0.611	0.617	0.634	0.627	0.618	0.621	0.636
6:00:38	34.4	0.600	0.605	0.614	0.604	0.653	0.629	0.628	0.614	0.635	0.633	0.625	0.635	0.618	0.622	0.626	0.622	0.597	0.636	0.632	0.638	0.642	0.632	0.629	0.648	0.608	0.624	0.614	0.620	0.624	0.625	0.621	0.624	0.623	0.622	0.622	0.630	0.618	0.627	0.624	0.632	0.616	0.621	0.613	0.631	0.643	0.620	0.623	0.642	0.612	0.625	0.635	0.634	0.637	0.628	0.619	0.629	0.632	0.626	0.625	0.640	0.606	0.630	0.647	0.627	0.621	0.629	0.613	0.639	0.634	0.618	0.629	0.631	0.606	0.627	0.634	0.620	0.624	0.624	0.619	0.628	0.623	0.616	0.621	0.637	0.614	0.609	0.624	0.635	0.618	0.630	0.635	0.655	0.648	0.637	0.638	0.651
7:00:38	34.4	0.615	0.620	0.632	0.621	0.670	0.646	0.647	0.631	0.651	0.651	0.642	0.652	0.631	0.636	0.643	0.640	0.615	0.654	0.648	0.657	0.659	0.650	0.646	0.666	0.624	0.640	0.630	0.639	0.643	0.643	0.639	0.641	0.641	0.640	0.640	0.649	0.634	0.643	0.642	0.649	0.635	0.639	0.632	0.650	0.657	0.640	0.641	0.660	0.627	0.641	0.651	0.652	0.657	0.643	0.637	0.647	0.650	0.644	0.645	0.657	0.623	0.647	0.663	0.645	0.639	0.649	0.632	0.657	0.654	0.637	0.648	0.650	0.624	0.641	0.651	0.635	0.642	0.642	0.637	0.646	0.643	0.635	0.635	0.654	0.628	0.625	0.640	0.651	0.633	0.648	0.653	0.673	0.666	0.655	0.656	0.669
8:00:38	34.4	0.622	0.628	0.638	0.630	0.679	0.656	0.657	0.640	0.660	0.656	0.648	0.660	0.640	0.645	0.651	0.651	0.629	0.665	0.661	0.668	0.668	0.659	0.653	0.671	0.632	0.651	0.641	0.653	0.658	0.656	0.653	0.654	0.654	0.652	0.649	0.657	0.641	0.653	0.652	0.664	0.649	0.655	0.645	0.663	0.670	0.651	0.653	0.667	0.635	0.651	0.663	0.664	0.671	0.660	0.653	0.662	0.664	0.656	0.656	0.664	0.630	0.656	0.674	0.657	0.651	0.665	0.649	0.671	0.666	0.651	0.658	0.660	0.629	0.649	0.660	0.646	0.654	0.656	0.651	0.660	0.654	0.646	0.646	0.661	0.634	0.632	0.648	0.660	0.643	0.658	0.664	0.681	0.674	0.665	0.664	0.675
9:00:39	34.4	0.629	0.634	0.644	0.634	0.687	0.661	0.664	0.647	0.666	0.663	0.657	0.667	0.647	0.653	0.657	0.656	0.635	0.671	0.667	0.673	0.676	0.666	0.660	0.680	0.638	0.657	0.646	0.658	0.664	0.662	0.658	0.661	0.659	0.659	0.657	0.663	0.646	0.658	0.658	0.669	0.654	0.659	0.650	0.669	0.674	0.658	0.660	0.675	0.641	0.656	0.668	0.668	0.677	0.663	0.659	0.667	0.671	0.662	0.661	0.669	0.636	0.663	0.680	0.663	0.657	0.670	0.654	0.677	0.674	0.656	0.665	0.666	0.635	0.656	0.666	0.654	0.661	0.661	0.658	0.666	0.661	0.653	0.653	0.668	0.640	0.637	0.654	0.666	0.647	0.663	0.670	0.689	0.681	0.673	0.672	0.683
10:00:39	34.4	0.635	0.640	0.649	0.639	0.695	0.668	0.673	0.655	0.672	0.670	0.665	0.675	0.653	0.658	0.663	0.663	0.643	0.677	0.675	0.680	0.683	0.674	0.667	0.687	0.644	0.663	0.652	0.666	0.671	0.669	0.664	0.667	0.667	0.666	0.664	0.670	0.653	0.664	0.664	0.676	0.662	0.666	0.657	0.674	0.681	0.665	0.668	0.683	0.647	0.661	0.674	0.675	0.685	0.672	0.667	0.675	0.679	0.670	0.668	0.677	0.643	0.668	0.686	0.670	0.664	0.678	0.662	0.685	0.681	0.664	0.673	0.674	0.641	0.661	0.672	0.659	0.668	0.669	0.666	0.673	0.669	0.661	0.660	0.675	0.646	0.643	0.659	0.672	0.654	0.670	0.677	0.696	0.689	0.680	0.679	0.691
11:00:39	34.3	0.642	0.646	0.654	0.645	0.703	0.675	0.680	0.663	0.680	0.679	0.674	0.685	0.660	0.664	0.668	0.668	0.649	0.683	0.681	0.686	0.689	0.680	0.675	0.695	0.650	0.669	0.657	0.671	0.677	0.676	0.671	0.673	0.674	0.672	0.671	0.679	0.658	0.671	0.669	0.681	0.668	0.673	0.664	0.681	0.687	0.672	0.675	0.691	0.654	0.666	0.678	0.680	0.691	0.678	0.673	0.683	0.685	0.676	0.676	0.684	0.650	0.673	0.689	0.675	0.668	0.684	0.668	0.691	0.687	0.671	0.681	0.682	0.645	0.666	0.677	0.664	0.675	0.675	0.673	0.681	0.675	0.667	0.668	0.681	0.653	0.650	0.664	0.678	0.658	0.676	0.683	0.702	0.696	0.688	0.686	0.699
12:00:40	34.3	0.649	0.653	0.661	0.651	0.712	0.683	0.689	0.671	0.690	0.687	0.682	0.693	0.668	0.673	0.675	0.675	0.659	0.691	0.689	0.693	0.698	0.690	0.686	0.705	0.657	0.676	0.663	0.678	0.684	0.683	0.677	0.681	0.682	0.682	0.682	0.687	0.663	0.677	0.675	0.689	0.676	0.680	0.672	0.686	0.696	0.682	0.684	0.701	0.663	0.672	0.684	0.687	0.697	0.684	0.682	0.690	0.693	0.685	0.685	0.694	0.658	0.677	0.694	0.679	0.674	0.691	0.675	0.699	0.696	0.678	0.689	0.691	0.653	0.676	0.684	0.671	0.682	0.683	0.683	0.690	0.685	0.678	0.676	0.689	0.661	0.659	0.669	0.686	0.666	0.683	0.692	0.713	0.705	0.697	0.695	0.706
13:00:41	34.3	0.653	0.659	0.668	0.657	0.718	0.688	0.694	0.678	0.695	0.693	0.689	0.700	0.675	0.677	0.680	0.682	0.665	0.698	0.696	0.699	0.704	0.695	0.691	0.712	0.661	0.683	0.671	0.685	0.692	0.691	0.685	0.689	0.689	0.689	0.688	0.695	0.668	0.682	0.681	0.697	0.684	0.688	0.678	0.693	0.703	0.689	0.690	0.709	0.669	0.677	0.691	0.693	0.705	0.691	0.689	0.698	0.701	0.692	0.691	0.700	0.665	0.684	0.700	0.685	0.680	0.699	0.682	0.707	0.703	0.686	0.695	0.698	0.657	0.682	0.688	0.674	0.687	0.690	0.688	0.696	0.693	0.684	0.682	0.694	0.666	0.664	0.673	0.692	0.672	0.690	0.699	0.719	0.712	0.703	0.702	0.712
14:00:41	34.4	0.659	0.664	0.672	0.661	0.726	0.694	0.701	0.684	0.703	0.701	0.696	0.707	0.680	0.683	0.685	0.686	0.671	0.704	0.703	0.704	0.712	0.704	0.697	0.720	0.667	0.686	0.676	0.691	0.697	0.698	0.689	0.695	0.696	0.696	0.695	0.702	0.673	0.686	0.686	0.703	0.690	0.694	0.685	0.698	0.710	0.697	0.698	0.716	0.675	0.682	0.697	0.698	0.711	0.698	0.696	0.703	0.707	0.698	0.698	0.707	0.672	0.689	0.705	0.691	0.686	0.704	0.688	0.713	0.710	0.693	0.702	0.704	0.663	0.689	0.693	0.680	0.693	0.695	0.694	0.703	0.699	0.690	0.687	0.699	0.671	0.670	0.677	0.698	0.676	0.695	0.703	0.725	0.718	0.710	0.710	0.718
15:00:41	34.4	0.664	0.669	0.677	0.666	0.734	0.699	0.706	0.691	0.708	0.707	0.705	0.716	0.689	0.690	0.692	0.691	0.677	0.710	0.708	0.710	0.718	0.710	0.705	0.725	0.672	0.692	0.682	0.695	0.702	0.704	0.694	0.702	0.703	0.702	0.701	0.709	0.678	0.690	0.690	0.709	0.697	0.699	0.691	0.702	0.715	0.704	0.706	0.722	0.681	0.686	0.700	0.702	0.717	0.704	0.701	0.710	0.714	0.704	0.704	0.713	0.679	0.695	0.708	0.697	0.692	0.710	0.692	0.719	0.717	0.699	0.708	0.711	0.668	0.695	0.695	0.686	0.698	0.700	0.699	0.709	0.705	0.697	0.693	0.705	0.676	0.676	0.682	0.704	0.680	0.700	0.709	0.732	0.726	0.716	0.717	0.726
16:00:42	34.4	0.669	0.675	0.681	0.671	0.741	0.705	0.712	0.699	0.716	0.714	0.714	0.724	0.695	0.698	0.697	0.697	0.683	0.715	0.716	0.716	0.724	0.719	0.712	0.732	0.678	0.698	0.687	0.701	0.708	0.712	0.701	0.710	0.709	0.707	0.707	0.715	0.683	0.696	0.695	0.716	0.705	0.706	0.699	0.708	0.722	0.709	0.711	0.729	0.686	0.692	0.707	0.707	0.724	0.711	0.709	0.716	0.721	0.710	0.709	0.718	0.686	0.701	0.712	0.702	0.698	0.715	0.698	0.727	0.723	0.706	0.715	0.717	0.673	0.701	0.697	0.692	0.704	0.705	0.704	0.714	0.710	0.704	0.698	0.712	0.681	0.683	0.686	0.710	0.684	0.705	0.715	0.739	0.732	0.721	0.721	0.733
17:00:42	34.4	0.676	0.680	0.686	0.675	0.748	0.710	0.718	0.708	0.723	0.723	0.722	0.733	0.704	0.704	0.703	0.702	0.690	0.722	0.724	0.722	0.732	0.725	0.718	0.739	0.683	0.706	0.694	0.708	0.715	0.721	0.707	0.717	0.716	0.714	0.714	0.722	0.689	0.702	0.700	0.725	0.713	0.713	0.707	0.714	0.731	0.716	0.718	0.736	0.691	0.699	0.714	0.712	0.731	0.719	0.715	0.722	0.728	0.717	0.718	0.725	0.693	0.707	0.719	0.707	0.702	0.721	0.704	0.734	0.731	0.713	0.723	0.725	0.677	0.710	0.703	0.701	0.710	0.712	0.711	0.721	0.716	0.711	0.704	0.719	0.687	0.689	0.693	0.716	0.689	0.710	0.722	0.743	0.738	0.728	0.729	0.741
18:00:43	34.4	0.681	0.686	0.691	0.679	0.757	0.716	0.724	0.716	0.731	0.731	0.731	0.742	0.712	0.712	0.707	0.706	0.697	0.729	0.730	0.728	0.739	0.731	0.726	0.748	0.689	0.711	0.702	0.714	0.721	0.728	0.714	0.724	0.723	0.721	0.723	0.730	0.695	0.707	0.705	0.731	0.721	0.719	0.715	0.720	0.739	0.724	0.725	0.745	0.697	0.703	0.721	0.717	0.738	0.727	0.721	0.729	0.735	0.724	0.724	0.732	0.701	0.715	0.724	0.712	0.709	0.727	0.710	0.740	0.738	0.721	0.730	0.732	0.684	0.719	0.708	0.708	0.716	0.718	0.718	0.726	0.723	0.720	0.713	0.725	0.693	0.696	0.698	0.724	0.694	0.714	0.730	0.750	0.743	0.736	0.737	0.750
19:00:44	34.4	0.688	0.692	0.696	0.685	0.766	0.723	0.731	0.725	0.739	0.741	0.740	0.751	0.719	0.720	0.712	0.712	0.705	0.734	0.737	0.735	0.746	0.739	0.734	0.756	0.696	0.718	0.709	0.719	0.727	0.733	0.719	0.730	0.730	0.729	0.730	0.739	0.699	0.712	0.712	0.736	0.727	0.726	0.722	0.726	0.746	0.731	0.734	0.752	0.702	0.710	0.729	0.723	0.744	0.735	0.728	0.737	0.741	0.732	0.730	0.741	0.708	0.719	0.730	0.718	0.715	0.733	0.716	0.745	0.745	0.728	0.735	0.739	0.690	0.728	0.713	0.715	0.722	0.725	0.725	0.731	0.730	0.726	0.719	0.733	0.699	0.703	0.704	0.731	0.700	0.719	0.738	0.757	0.751	0.745	0.745	0.758
20:00:44	34.4	0.694	0.698	0.702	0.691	0.775	0.731	0.737	0.735	0.748	0.749	0.750	0.761	0.727	0.728	0.719	0.718	0.713	0.739	0.745	0.739	0.754	0.748	0.744	0.765	0.701	0.723	0.716	0.726	0.734	0.741	0.725	0.737	0.738	0.736	0.738	0.747	0.705	0.718	0.718	0.744	0.732	0.734	0.727	0.733	0.753	0.739	0.743	0.761	0.710	0.717	0.738	0.729	0.749	0.742	0.733	0.743	0.748	0.739	0.737	0.748	0.715	0.725	0.737	0.725	0.721	0.740	0.723	0.752	0.752	0.733	0.743	0.748	0.696	0.736	0.720	0.724	0.728	0.731	0.732	0.739	0.739	0.735	0.727	0.740	0.705	0.709	0.711	0.737	0.707	0.725	0.747	0.764	0.759	0.753	0.754	0.768
21:00:44	34.4	0.702	0.705	0.708	0.697	0.785	0.736	0.744	0.744	0.757	0.758	0.759	0.772	0.735	0.736	0.725	0.724	0.722	0.743	0.752	0.745	0.763	0.756	0.753	0.775	0.708	0.731	0.724	0.731	0.739	0.749	0.732	0.745	0.745	0.744	0.749	0.756	0.712	0.725	0.724	0.751	0.740	0.740	0.733	0.741	0.760	0.748	0.752	0.770	0.717	0.722	0.746	0.734	0.756	0.748	0.740	0.750	0.757	0.747	0.744	0.756	0.724	0.736	0.743	0.731	0.726	0.747	0.729	0.760	0.759	0.741	0.751	0.756	0.703	0.744	0.725	0.733	0.734	0.737	0.741	0.745	0.746	0.743	0.735	0.749	0.712	0.717	0.717	0.743	0.713	0.731	0.755	0.772	0.768	0.763	0.764	0.778
22:00:44	34.6	0.708	0.712	0.714	0.703	0.797	0.744	0.753	0.756	0.768	0.771	0.770	0.784	0.745	0.745	0.732	0.730	0.733	0.752	0.762	0.751	0.775	0.766	0.763	0.785	0.712	0.739	0.733	0.739	0.744	0.757	0.737	0.755	0.755	0.754	0.760	0.765	0.718	0.731	0.731	0.762	0.752	0.747	0.744	0.744	0.767	0.758	0.762	0.780	0.721	0.728	0.758	0.741	0.766	0.755	0.748	0.758	0.766	0.757	0.753	0.766	0.729	0.741	0.750	0.739	0.733	0.753	0.734	0.769	0.768	0.749	0.761	0.766	0.710	0.752	0.732	0.744	0.740	0.741	0.751	0.755	0.755	0.755	0.744	0.758	0.718	0.723	0.724	0.751	0.720	0.738	0.766	0.784	0.779	0.775	0.776	0.790
23:00:45	34.6	0.718	0.720	0.721	0.710	0.806	0.751	0.760	0.767	0.780	0.781	0.782	0.795	0.753	0.755	0.740	0.738	0.741	0.760	0.771	0.760	0.783	0.775	0.774	0.796	0.720	0.745	0.742	0.747	0.752	0.764	0.745	0.764	0.762	0.765	0.769	0.775	0.725	0.739	0.739	0.771	0.759	0.754	0.752	0.749	0.776	0.768	0.771	0.789	0.729	0.734	0.766	0.748	0.773	0.761	0.756	0.768	0.775	0.766	0.762	0.774	0.741	0.750	0.757	0.746	0.741	0.758	0.740	0.778	0.776	0.757	0.770	0.776	0.718	0.761	0.739	0.753	0.747	0.748	0.762	0.764	0.765	0.762	0.753	0.767	0.727	0.733	0.731	0.760	0.727	0.745	0.777	0.794	0.789	0.786	0.785	0.801
0:00:00																																																																																																	

Results
	1	2	3	4	5	6	7	8	9	10	11	12
A	1.561	1.524	1.528	1.527	1.675	1.581	1.589	1.559	1.622	1.597	1.593	1.623	Max V [600]
	0.998	0.997	0.996	0.996	0.995	0.996	0.997	0.995	0.996	0.997	0.997	0.998	R-Squared [600]
	2:00:35	2:00:35	2:00:35	2:00:35	2:00:35	2:00:35	2:00:35	2:00:35	2:00:35	2:00:35	2:00:35	2:00:35	t at Max V [600]
	0:01:14	0:04:33	0:06:23	0:05:54	0:06:18	0:05:14	0:05:13	0:04:43	0:05:02	0:04:14	0:02:37	0:01:13	Lagtime [600]
B	1.618	1.624	1.594	1.566	1.417	1.581	1.575	1.592	1.574	1.595	1.578	1.662	Max V [600]
	0.996	0.994	0.993	0.993	0.987	0.992	0.991	0.991	0.991	0.992	0.994	0.997	R-Squared [600]
	2:00:35	2:00:35	2:00:35	2:00:35	3:00:36	2:00:35	2:00:35	2:00:35	2:00:35	2:00:35	2:00:35	2:00:35	t at Max V [600]
	0:05:48	0:08:41	0:08:46	0:08:47	0:18:59	0:08:33	0:09:40	0:08:08	0:09:29	0:07:18	0:05:48	0:03:36	Lagtime [600]
C	1.558	1.593	1.499	1.494	1.489	1.508	1.484	1.505	1.508	1.530	1.549	1.592	Max V [600]
	0.995	0.991	0.990	0.989	0.989	0.989	0.989	0.989	0.989	0.990	0.992	0.995	R-Squared [600]
	2:00:35	2:00:35	2:00:35	2:00:35	2:00:35	2:00:35	2:00:35	2:00:35	2:00:35	2:00:35	2:00:35	2:00:35	t at Max V [600]
	0:07:16	0:10:43	0:11:16	0:10:41	0:10:12	0:11:27	0:10:25	0:10:46	0:10:19	0:09:56	0:07:55	0:05:59	Lagtime [600]
D	1.570	1.581	1.522	1.532	1.480	1.462	1.440	1.452	1.571	1.502	1.536	1.615	Max V [600]
	0.994	0.991	0.989	0.988	0.989	0.987	0.988	0.988	0.989	0.990	0.991	0.995	R-Squared [600]
	2:00:35	2:00:35	2:00:35	2:00:35	2:00:35	2:00:35	2:00:35	2:00:35	2:00:35	2:00:35	2:00:35	2:00:35	t at Max V [600]
	0:07:59	0:10:13	0:11:21	0:11:58	0:11:02	0:11:14	0:11:20	0:11:41	0:11:18	0:09:40	0:08:26	0:05:41	Lagtime [600]
E	1.558	1.601	1.604	1.553	1.506	1.494	1.463	1.492	1.505	1.502	1.532	1.566	Max V [600]
	0.994	0.991	0.987	0.988	0.988	0.987	0.988	0.988	0.989	0.989	0.991	0.994	R-Squared [600]
	2:00:35	2:00:35	2:00:35	2:00:35	2:00:35	3:00:36	3:00:36	2:00:35	2:00:35	2:00:35	2:00:35	2:00:35	t at Max V [600]
	0:06:57	0:10:40	0:13:20	0:12:25	0:11:59	0:17:59	0:18:11	0:11:32	0:10:57	0:10:36	0:08:36	0:05:49	Lagtime [600]
F	1.570	1.607	1.617	1.526	1.502	1.474	1.445	1.548	1.505	1.465	1.549	1.584	Max V [600]
	0.995	0.990	0.988	0.988	0.989	0.988	0.987	0.988	0.989	0.989	0.992	0.994	R-Squared [600]
	2:00:35	2:00:35	2:00:35	2:00:35	2:00:35	2:00:35	2:00:35	2:00:35	2:00:35	2:00:35	2:00:35	2:00:35	t at Max V [600]
	0:03:46	0:10:45	0:11:03	0:11:29	0:11:07	0:10:43	0:11:21	0:11:58	0:10:36	0:09:41	0:08:16	0:06:06	Lagtime [600]
G	1.549	1.645	1.612	1.549	1.586	1.493	1.485	1.508	1.518	1.508	1.516	1.624	Max V [600]
	0.994	0.990	0.990	0.989	0.989	0.989	0.989	0.990	0.990	0.991	0.992	0.996	R-Squared [600]
	2:00:35	2:00:35	2:00:35	2:00:35	2:00:35	2:00:35	2:00:35	2:00:35	2:00:35	2:00:35	2:00:35	2:00:35	t at Max V [600]
	0:05:38	0:10:44	0:11:00	0:12:07	0:11:15	0:10:15	0:10:37	0:10:20	0:09:40	0:09:05	0:07:52	0:05:26	Lagtime [600]
H	1.595	1.592	1.616	1.682	1.578	1.616	1.628	1.705	1.645	1.606	1.627	1.669	Max V [600]
	0.997	0.995	0.994	0.993	0.991	0.993	0.994	0.992	0.995	0.994	0.996	0.998	R-Squared [600]
	2:00:35	2:00:35	2:00:35	2:00:35	2:00:35	2:00:35	2:00:35	2:00:35	2:00:35	2:00:35	2:00:35	2:00:35	t at Max V [600]
	0:02:11	0:05:01	0:06:29	0:08:06	0:04:33	0:07:37	0:08:04	0:06:19	0:06:42	0:07:02	0:06:02	0:02:53	Lagtime [600]


