
Software Version	3.11.19



Experiment File Path:	C:\Users\patil-group\Desktop\Sweeteners_stacker\NT5007_07_24_76_Rep1.xpt
Protocol File Path:	C:\Users\Public\Documents\Protocols\Screening-protocol.prt



Plate Number	Plate 24
Date	12/12/2021
Time	15:38:45
Reader Type:	Epoch 2
Reader Serial Number:	2103223
Reading Type	Reader

Procedure Details

Plate Type	96 WELL PLATE
Discontinuous Kinetics	Runtime 1:00:00 (D:HH:MM), Interval 0:01:00, 25 Reads
	Pause after each run
Eject plate on completion	
Shake	Linear: 0:00:30 (HH:MM:SS)
	Frequency: 567 cpm (3 mm)
Read	Absorbance Endpoint
	Full Plate
	Wavelengths:  600
	Read Speed: Normal,  Delay: 100 msec,  Measurements/Data Point: 8

600

Time	T° 600	A1	A2	A3	A4	A5	A6	A7	A8	A9	A10	A11	A12	B1	B2	B3	B4	B5	B6	B7	B8	B9	B10	B11	B12	C1	C2	C3	C4	C5	C6	C7	C8	C9	C10	C11	C12	D1	D2	D3	D4	D5	D6	D7	D8	D9	D10	D11	D12	E1	E2	E3	E4	E5	E6	E7	E8	E9	E10	E11	E12	F1	F2	F3	F4	F5	F6	F7	F8	F9	F10	F11	F12	G1	G2	G3	G4	G5	G6	G7	G8	G9	G10	G11	G12	H1	H2	H3	H4	H5	H6	H7	H8	H9	H10	H11	H12
0:00:34	34.2	0.174	0.172	0.185	0.177	0.167	0.172	0.171	0.172	0.176	0.174	0.173	0.172	0.167	0.179	0.174	0.172	0.172	0.176	0.175	0.174	0.175	0.175	0.177	0.172	0.170	0.170	0.175	0.178	0.174	0.180	0.171	0.183	0.171	0.173	0.169	0.172	0.188	0.190	0.190	0.189	0.173	0.175	0.172	0.179	0.203	0.194	0.190	0.186	0.180	0.183	0.183	0.179	0.178	0.174	0.177	0.174	0.179	0.175	0.202	0.175	0.190	0.187	0.188	0.174	0.175	0.178	0.176	0.183	0.175	0.178	0.177	0.174	0.177	0.175	0.177	0.183	0.176	0.179	0.179	0.175	0.180	0.185	0.176	0.173	0.172	0.173	0.175	0.177	0.173	0.173	0.178	0.175	0.181	0.179	0.174	0.183
1:00:34	34.4	0.171	0.168	0.184	0.176	0.165	0.172	0.170	0.171	0.176	0.172	0.169	0.169	0.166	0.179	0.175	0.172	0.169	0.176	0.174	0.173	0.175	0.175	0.177	0.172	0.171	0.170	0.174	0.178	0.175	0.182	0.172	0.182	0.171	0.173	0.169	0.170	0.191	0.192	0.192	0.192	0.173	0.174	0.172	0.176	0.203	0.196	0.188	0.184	0.180	0.184	0.183	0.180	0.179	0.174	0.177	0.174	0.179	0.175	0.199	0.172	0.192	0.191	0.189	0.174	0.175	0.177	0.178	0.183	0.176	0.177	0.179	0.173	0.176	0.175	0.179	0.185	0.176	0.180	0.178	0.175	0.178	0.185	0.173	0.172	0.171	0.174	0.175	0.175	0.173	0.181	0.177	0.174	0.180	0.178	0.173	0.182
2:00:35	34.4	0.169	0.166	0.182	0.174	0.164	0.168	0.170	0.169	0.176	0.171	0.169	0.167	0.165	0.178	0.173	0.170	0.168	0.175	0.173	0.175	0.174	0.174	0.176	0.171	0.170	0.170	0.172	0.177	0.174	0.180	0.172	0.182	0.169	0.171	0.169	0.169	0.191	0.190	0.193	0.192	0.170	0.173	0.170	0.174	0.202	0.197	0.188	0.185	0.179	0.182	0.180	0.178	0.176	0.172	0.174	0.173	0.178	0.175	0.198	0.169	0.193	0.190	0.189	0.173	0.173	0.176	0.177	0.181	0.174	0.176	0.176	0.171	0.175	0.173	0.177	0.184	0.174	0.179	0.176	0.174	0.176	0.183	0.172	0.170	0.170	0.173	0.173	0.174	0.172	0.179	0.174	0.177	0.178	0.177	0.173	0.183
3:00:35	34.4	0.168	0.166	0.180	0.172	0.162	0.167	0.168	0.168	0.174	0.170	0.169	0.167	0.164	0.176	0.172	0.170	0.166	0.174	0.173	0.174	0.173	0.174	0.175	0.170	0.169	0.169	0.171	0.175	0.173	0.178	0.171	0.181	0.168	0.171	0.168	0.168	0.191	0.190	0.193	0.192	0.170	0.172	0.168	0.173	0.200	0.196	0.187	0.185	0.178	0.181	0.178	0.175	0.173	0.169	0.173	0.172	0.173	0.174	0.197	0.170	0.194	0.189	0.189	0.172	0.172	0.174	0.174	0.180	0.173	0.175	0.174	0.170	0.175	0.172	0.176	0.184	0.173	0.178	0.175	0.172	0.176	0.182	0.171	0.169	0.169	0.172	0.173	0.172	0.172	0.177	0.174	0.175	0.177	0.176	0.172	0.182
4:00:36	34.4	0.168	0.166	0.180	0.172	0.161	0.166	0.167	0.167	0.173	0.170	0.169	0.166	0.164	0.175	0.171	0.169	0.164	0.172	0.172	0.172	0.173	0.173	0.175	0.169	0.168	0.170	0.170	0.175	0.172	0.177	0.170	0.180	0.167	0.170	0.166	0.168	0.191	0.189	0.194	0.192	0.169	0.170	0.167	0.171	0.199	0.195	0.186	0.184	0.177	0.180	0.177	0.174	0.170	0.168	0.171	0.171	0.172	0.172	0.196	0.169	0.194	0.189	0.188	0.170	0.170	0.173	0.173	0.180	0.172	0.174	0.173	0.168	0.174	0.171	0.175	0.182	0.172	0.177	0.173	0.171	0.175	0.181	0.171	0.168	0.167	0.170	0.171	0.171	0.171	0.177	0.173	0.173	0.176	0.175	0.172	0.180
5:00:36	34.4	0.167	0.165	0.179	0.171	0.162	0.165	0.167	0.167	0.172	0.169	0.168	0.164	0.163	0.174	0.171	0.169	0.163	0.171	0.172	0.170	0.172	0.172	0.174	0.169	0.168	0.168	0.170	0.174	0.171	0.176	0.168	0.179	0.166	0.169	0.166	0.167	0.191	0.190	0.193	0.191	0.167	0.169	0.167	0.172	0.198	0.195	0.186	0.184	0.177	0.179	0.176	0.173	0.169	0.168	0.170	0.171	0.171	0.172	0.195	0.168	0.193	0.190	0.187	0.169	0.168	0.173	0.173	0.179	0.171	0.174	0.172	0.169	0.173	0.170	0.174	0.182	0.172	0.172	0.170	0.171	0.174	0.180	0.170	0.168	0.166	0.170	0.170	0.170	0.170	0.175	0.172	0.173	0.175	0.174	0.171	0.179
6:00:36	34.4	0.167	0.165	0.179	0.171	0.161	0.164	0.166	0.166	0.172	0.168	0.167	0.164	0.163	0.173	0.170	0.168	0.163	0.171	0.171	0.169	0.171	0.171	0.173	0.169	0.167	0.168	0.168	0.173	0.171	0.175	0.168	0.179	0.166	0.169	0.166	0.167	0.190	0.189	0.193	0.190	0.167	0.168	0.166	0.171	0.198	0.194	0.185	0.183	0.176	0.179	0.175	0.172	0.168	0.167	0.170	0.170	0.170	0.172	0.194	0.167	0.192	0.188	0.186	0.168	0.167	0.172	0.172	0.177	0.170	0.173	0.172	0.168	0.172	0.169	0.173	0.181	0.171	0.172	0.169	0.170	0.173	0.179	0.169	0.167	0.166	0.169	0.170	0.169	0.169	0.172	0.170	0.171	0.175	0.174	0.170	0.178
7:00:37	34.4	0.167	0.165	0.178	0.170	0.161	0.163	0.165	0.165	0.172	0.168	0.166	0.164	0.162	0.173	0.170	0.168	0.163	0.170	0.170	0.169	0.171	0.171	0.172	0.169	0.167	0.168	0.168	0.172	0.171	0.175	0.167	0.177	0.165	0.167	0.165	0.166	0.189	0.188	0.193	0.189	0.166	0.168	0.166	0.171	0.196	0.194	0.185	0.182	0.176	0.179	0.174	0.172	0.168	0.166	0.169	0.169	0.170	0.171	0.194	0.166	0.192	0.188	0.185	0.168	0.167	0.172	0.173	0.180	0.169	0.174	0.171	0.167	0.172	0.168	0.172	0.180	0.170	0.171	0.169	0.170	0.172	0.179	0.169	0.167	0.165	0.168	0.170	0.169	0.168	0.173	0.170	0.171	0.174	0.173	0.170	0.178
8:00:38	34.4	0.166	0.164	0.178	0.170	0.160	0.163	0.165	0.165	0.171	0.168	0.166	0.164	0.162	0.172	0.169	0.168	0.162	0.169	0.169	0.169	0.171	0.170	0.172	0.168	0.166	0.168	0.168	0.171	0.171	0.174	0.167	0.176	0.165	0.167	0.165	0.166	0.189	0.188	0.192	0.189	0.165	0.168	0.166	0.170	0.196	0.193	0.184	0.182	0.176	0.178	0.174	0.172	0.167	0.166	0.169	0.169	0.170	0.170	0.193	0.167	0.192	0.187	0.184	0.169	0.166	0.171	0.173	0.177	0.169	0.173	0.171	0.167	0.171	0.168	0.171	0.180	0.169	0.170	0.168	0.169	0.172	0.178	0.169	0.167	0.165	0.168	0.169	0.168	0.167	0.178	0.170	0.170	0.173	0.173	0.169	0.177
9:00:37	34.4	0.166	0.164	0.178	0.170	0.160	0.163	0.165	0.165	0.171	0.168	0.166	0.163	0.161	0.171	0.169	0.167	0.163	0.168	0.168	0.168	0.171	0.171	0.171	0.168	0.166	0.167	0.168	0.171	0.171	0.174	0.166	0.176	0.165	0.167	0.164	0.166	0.187	0.188	0.191	0.188	0.165	0.167	0.166	0.170	0.195	0.192	0.184	0.182	0.174	0.178	0.173	0.173	0.167	0.165	0.169	0.167	0.170	0.169	0.192	0.166	0.191	0.187	0.185	0.168	0.166	0.170	0.171	0.176	0.168	0.173	0.171	0.166	0.171	0.167	0.171	0.180	0.170	0.170	0.168	0.168	0.172	0.178	0.169	0.167	0.165	0.168	0.169	0.167	0.167	0.177	0.170	0.169	0.173	0.172	0.169	0.177
10:00:38	34.4	0.166	0.164	0.178	0.170	0.159	0.163	0.164	0.165	0.171	0.167	0.166	0.163	0.161	0.171	0.168	0.166	0.162	0.168	0.168	0.168	0.170	0.169	0.171	0.168	0.165	0.167	0.168	0.171	0.170	0.173	0.165	0.175	0.164	0.166	0.165	0.166	0.187	0.187	0.191	0.188	0.165	0.167	0.165	0.169	0.195	0.192	0.183	0.181	0.175	0.177	0.174	0.172	0.167	0.165	0.169	0.167	0.170	0.168	0.192	0.167	0.191	0.187	0.183	0.167	0.166	0.169	0.171	0.176	0.168	0.173	0.171	0.166	0.170	0.167	0.170	0.179	0.168	0.169	0.167	0.168	0.172	0.178	0.169	0.167	0.165	0.167	0.168	0.167	0.166	0.172	0.169	0.169	0.173	0.172	0.169	0.177
11:00:39	34.4	0.166	0.164	0.179	0.169	0.159	0.163	0.164	0.164	0.171	0.167	0.165	0.163	0.161	0.170	0.168	0.166	0.162	0.167	0.168	0.168	0.170	0.169	0.171	0.168	0.165	0.167	0.167	0.171	0.170	0.172	0.165	0.174	0.164	0.166	0.164	0.166	0.187	0.188	0.190	0.187	0.164	0.166	0.166	0.168	0.194	0.192	0.185	0.182	0.174	0.176	0.173	0.172	0.167	0.165	0.168	0.167	0.170	0.168	0.192	0.166	0.190	0.186	0.184	0.167	0.166	0.168	0.170	0.176	0.168	0.172	0.171	0.165	0.170	0.167	0.170	0.178	0.167	0.169	0.167	0.168	0.171	0.177	0.169	0.166	0.165	0.166	0.167	0.167	0.166	0.172	0.169	0.169	0.173	0.172	0.169	0.177
12:00:39	34.4	0.166	0.164	0.179	0.169	0.160	0.163	0.164	0.164	0.171	0.167	0.165	0.163	0.161	0.170	0.168	0.166	0.162	0.167	0.167	0.169	0.170	0.169	0.171	0.168	0.164	0.166	0.167	0.172	0.169	0.172	0.165	0.175	0.164	0.167	0.164	0.166	0.186	0.189	0.189	0.187	0.164	0.166	0.166	0.168	0.194	0.192	0.184	0.181	0.174	0.176	0.172	0.171	0.166	0.164	0.168	0.166	0.169	0.168	0.192	0.166	0.190	0.188	0.183	0.167	0.166	0.168	0.169	0.175	0.168	0.172	0.171	0.165	0.169	0.166	0.170	0.177	0.165	0.169	0.166	0.168	0.170	0.177	0.169	0.166	0.164	0.166	0.167	0.166	0.165	0.176	0.169	0.169	0.173	0.172	0.169	0.176
13:00:39	34.4	0.166	0.164	0.179	0.170	0.159	0.163	0.164	0.164	0.171	0.168	0.165	0.163	0.162	0.170	0.168	0.165	0.162	0.167	0.167	0.168	0.170	0.169	0.170	0.168	0.165	0.166	0.167	0.171	0.170	0.171	0.165	0.174	0.164	0.167	0.165	0.166	0.186	0.187	0.190	0.187	0.164	0.166	0.166	0.168	0.193	0.192	0.183	0.181	0.174	0.176	0.173	0.172	0.166	0.164	0.168	0.166	0.170	0.168	0.192	0.166	0.190	0.186	0.182	0.167	0.165	0.168	0.170	0.175	0.168	0.172	0.171	0.167	0.170	0.166	0.169	0.177	0.165	0.169	0.166	0.167	0.171	0.177	0.169	0.167	0.165	0.167	0.168	0.166	0.165	0.181	0.169	0.169	0.173	0.172	0.169	0.176
14:00:40	34.4	0.166	0.164	0.179	0.170	0.159	0.163	0.164	0.164	0.171	0.167	0.165	0.163	0.161	0.169	0.167	0.165	0.162	0.166	0.167	0.168	0.170	0.169	0.170	0.168	0.164	0.165	0.167	0.170	0.169	0.171	0.165	0.173	0.164	0.166	0.164	0.166	0.186	0.186	0.188	0.186	0.164	0.165	0.165	0.168	0.193	0.192	0.183	0.181	0.174	0.176	0.173	0.172	0.166	0.164	0.168	0.165	0.169	0.168	0.192	0.165	0.189	0.186	0.182	0.167	0.165	0.167	0.170	0.176	0.168	0.172	0.170	0.165	0.170	0.166	0.169	0.177	0.164	0.168	0.166	0.167	0.170	0.176	0.168	0.166	0.165	0.166	0.168	0.166	0.166	0.171	0.168	0.169	0.173	0.171	0.168	0.175
15:00:40	34.4	0.166	0.164	0.179	0.170	0.159	0.163	0.164	0.167	0.171	0.167	0.165	0.163	0.161	0.170	0.167	0.165	0.161	0.167	0.167	0.168	0.170	0.169	0.170	0.168	0.164	0.165	0.168	0.170	0.170	0.171	0.165	0.174	0.164	0.166	0.172	0.166	0.185	0.186	0.188	0.186	0.164	0.165	0.165	0.168	0.193	0.190	0.182	0.181	0.174	0.176	0.174	0.171	0.166	0.164	0.167	0.165	0.170	0.168	0.192	0.165	0.190	0.185	0.183	0.166	0.165	0.168	0.169	0.177	0.168	0.172	0.170	0.165	0.170	0.167	0.169	0.177	0.164	0.168	0.166	0.167	0.170	0.177	0.168	0.167	0.165	0.166	0.167	0.166	0.165	0.174	0.169	0.169	0.173	0.171	0.169	0.176
16:00:41	34.4	0.166	0.165	0.179	0.170	0.161	0.163	0.164	0.164	0.171	0.167	0.165	0.162	0.161	0.169	0.168	0.165	0.162	0.166	0.167	0.168	0.170	0.169	0.170	0.168	0.164	0.165	0.167	0.171	0.170	0.171	0.165	0.174	0.164	0.166	0.164	0.166	0.186	0.186	0.189	0.187	0.164	0.164	0.166	0.167	0.192	0.190	0.182	0.181	0.173	0.175	0.172	0.172	0.166	0.164	0.168	0.165	0.169	0.168	0.192	0.165	0.189	0.187	0.182	0.167	0.165	0.167	0.170	0.175	0.167	0.172	0.170	0.165	0.171	0.166	0.169	0.177	0.163	0.169	0.166	0.176	0.170	0.176	0.169	0.166	0.165	0.166	0.167	0.166	0.164	0.173	0.169	0.169	0.173	0.171	0.169	0.176
17:00:42	34.4	0.165	0.165	0.179	0.169	0.160	0.163	0.163	0.164	0.171	0.167	0.165	0.163	0.161	0.170	0.167	0.164	0.162	0.166	0.167	0.168	0.170	0.169	0.170	0.168	0.163	0.165	0.167	0.170	0.169	0.171	0.165	0.174	0.164	0.166	0.165	0.166	0.186	0.186	0.187	0.186	0.164	0.164	0.166	0.168	0.192	0.189	0.182	0.180	0.173	0.176	0.172	0.170	0.166	0.164	0.168	0.165	0.170	0.167	0.192	0.166	0.189	0.185	0.181	0.166	0.166	0.167	0.170	0.175	0.167	0.172	0.169	0.165	0.170	0.166	0.169	0.178	0.162	0.168	0.166	0.167	0.171	0.175	0.168	0.166	0.165	0.166	0.167	0.165	0.165	0.173	0.168	0.169	0.173	0.172	0.168	0.175
18:00:43	34.4	0.165	0.165	0.179	0.170	0.159	0.163	0.164	0.164	0.171	0.166	0.165	0.163	0.162	0.169	0.167	0.164	0.162	0.166	0.167	0.167	0.172	0.168	0.170	0.168	0.163	0.165	0.167	0.170	0.169	0.171	0.165	0.173	0.164	0.166	0.164	0.166	0.186	0.186	0.188	0.185	0.164	0.165	0.165	0.167	0.193	0.189	0.182	0.180	0.175	0.175	0.173	0.171	0.166	0.164	0.168	0.165	0.169	0.167	0.192	0.166	0.189	0.186	0.182	0.167	0.165	0.168	0.172	0.176	0.167	0.172	0.170	0.166	0.170	0.166	0.169	0.177	0.161	0.168	0.166	0.167	0.171	0.175	0.169	0.166	0.165	0.166	0.167	0.166	0.164	0.176	0.169	0.169	0.173	0.171	0.168	0.176
19:00:43	34.4	0.165	0.165	0.179	0.169	0.159	0.162	0.163	0.164	0.170	0.166	0.164	0.162	0.162	0.169	0.167	0.164	0.162	0.166	0.166	0.167	0.170	0.168	0.170	0.168	0.164	0.165	0.166	0.170	0.169	0.171	0.164	0.173	0.164	0.165	0.164	0.166	0.186	0.186	0.187	0.186	0.164	0.164	0.166	0.167	0.192	0.189	0.182	0.180	0.174	0.175	0.172	0.171	0.166	0.164	0.167	0.165	0.169	0.167	0.191	0.165	0.190	0.185	0.182	0.166	0.165	0.167	0.171	0.175	0.168	0.172	0.169	0.165	0.170	0.165	0.168	0.176	0.161	0.168	0.165	0.166	0.171	0.175	0.169	0.166	0.165	0.166	0.167	0.165	0.164	0.175	0.168	0.169	0.173	0.171	0.168	0.175
20:00:43	34.5	0.165	0.165	0.179	0.169	0.159	0.163	0.163	0.164	0.171	0.167	0.165	0.162	0.162	0.169	0.167	0.164	0.161	0.166	0.166	0.167	0.170	0.168	0.170	0.168	0.164	0.165	0.166	0.170	0.170	0.170	0.164	0.172	0.163	0.165	0.164	0.166	0.185	0.185	0.187	0.185	0.164	0.164	0.166	0.167	0.191	0.189	0.182	0.180	0.174	0.175	0.171	0.170	0.166	0.164	0.167	0.165	0.169	0.168	0.191	0.165	0.188	0.185	0.182	0.166	0.165	0.167	0.170	0.175	0.168	0.172	0.169	0.165	0.169	0.166	0.169	0.176	0.161	0.168	0.165	0.170	0.171	0.175	0.169	0.166	0.165	0.166	0.167	0.165	0.164	0.173	0.168	0.169	0.173	0.171	0.168	0.176
21:00:44	34.6	0.165	0.164	0.179	0.169	0.159	0.163	0.163	0.164	0.170	0.167	0.164	0.162	0.162	0.169	0.167	0.164	0.161	0.166	0.166	0.167	0.170	0.167	0.169	0.167	0.164	0.165	0.166	0.169	0.169	0.169	0.164	0.172	0.163	0.164	0.164	0.165	0.185	0.185	0.187	0.185	0.164	0.164	0.165	0.166	0.191	0.189	0.181	0.179	0.173	0.175	0.171	0.169	0.165	0.164	0.167	0.165	0.169	0.167	0.192	0.165	0.188	0.184	0.181	0.166	0.167	0.167	0.170	0.175	0.168	0.172	0.169	0.165	0.169	0.166	0.168	0.176	0.163	0.168	0.165	0.166	0.170	0.174	0.168	0.167	0.165	0.166	0.167	0.165	0.164	0.171	0.168	0.168	0.173	0.172	0.168	0.175
22:00:44	34.6	0.165	0.164	0.179	0.169	0.159	0.162	0.163	0.164	0.171	0.167	0.165	0.162	0.163	0.169	0.167	0.164	0.161	0.166	0.166	0.167	0.169	0.168	0.169	0.167	0.164	0.165	0.166	0.169	0.169	0.169	0.164	0.172	0.163	0.165	0.164	0.165	0.184	0.185	0.187	0.185	0.163	0.163	0.166	0.166	0.191	0.188	0.182	0.179	0.173	0.174	0.171	0.170	0.165	0.164	0.167	0.165	0.169	0.167	0.191	0.165	0.188	0.184	0.184	0.165	0.165	0.167	0.170	0.174	0.167	0.172	0.169	0.165	0.170	0.166	0.168	0.176	0.168	0.167	0.166	0.183	0.170	0.175	0.167	0.169	0.165	0.165	0.167	0.166	0.164	0.175	0.168	0.168	0.172	0.171	0.168	0.175
23:00:47	34.5	0.165	0.164	0.179	0.168	0.158	0.162	0.163	0.164	0.170	0.166	0.165	0.162	0.161	0.169	0.167	0.164	0.161	0.166	0.166	0.166	0.169	0.167	0.170	0.167	0.164	0.164	0.166	0.169	0.169	0.169	0.164	0.171	0.163	0.165	0.163	0.165	0.184	0.185	0.186	0.185	0.164	0.163	0.165	0.167	0.190	0.187	0.181	0.180	0.172	0.174	0.171	0.169	0.165	0.164	0.167	0.165	0.169	0.167	0.191	0.166	0.188	0.184	0.181	0.166	0.164	0.167	0.168	0.174	0.168	0.172	0.169	0.165	0.169	0.166	0.169	0.176	0.172	0.167	0.165	0.166	0.170	0.175	0.167	0.167	0.165	0.166	0.167	0.168	0.165	0.176	0.168	0.169	0.173	0.170	0.168	0.175
0:00:00																																																																																																	

Results
	1	2	3	4	5	6	7	8	9	10	11	12
A	-0.026	-0.021	-0.024	-0.023	-0.022	-0.029	-0.017	-0.021	-0.016	-0.015	-0.015	-0.026	Max V [600]
	0.894	0.705	0.969	0.931	0.991	0.930	0.912	0.975	0.941	0.829	0.614	0.849	R-Squared [600]
	2:00:35	2:00:35	2:00:35	2:00:35	2:00:35	2:00:35	4:00:36	2:00:35	3:00:35	2:00:35	2:00:35	2:00:35	t at Max V [600]
	?????	?????	0:03:01	?????	?????	0:10:07	0:50:29	0:01:30	1:11:49	?????	?????	?????	Lagtime [600]
B	-0.013	-0.021	-0.018	-0.013	-0.029	-0.021	-0.015	-0.027	-0.012	-0.015	-0.015	-0.013	Max V [600]
	0.986	0.999	0.980	0.875	0.988	0.987	0.942	0.979	0.954	0.989	0.955	0.993	R-Squared [600]
	2:00:35	3:00:35	3:00:35	2:00:35	2:00:35	3:00:35	2:00:35	4:00:36	2:00:35	3:00:35	3:00:35	2:00:35	t at Max V [600]
	0:12:43	0:55:46	1:24:21	0:03:34	?????	0:49:24	?????	3:00:35	?????	1:14:13	1:08:45	0:03:38	Lagtime [600]
C	-0.013	-0.008	-0.022	-0.018	-0.015	-0.022	-0.016	-0.015	-0.018	-0.017	0.026	-0.017	Max V [600]
	0.993	0.845	0.981	0.978	0.976	0.947	0.973	0.967	0.966	0.917	0.493	0.926	R-Squared [600]
	3:00:35	4:00:36	2:00:35	3:00:35	3:00:35	3:00:35	4:00:36	7:00:37	3:00:35	3:00:35	13:00:40	2:00:35	t at Max V [600]
	2:00:35	2:10:35	?????	1:18:11	1:53:55	1:32:53	2:55:41	1:01:57	0:26:55	1:05:09	15:09:57	?????	Lagtime [600]
D	-0.012	-0.011	0.016	-0.011	-0.022	-0.022	-0.024	-0.031	-0.022	-0.011	-0.014	-0.010	Max V [600]
	0.921	0.621	0.877	0.965	0.936	0.995	0.946	0.962	0.987	0.821	0.980	0.963	R-Squared [600]
	7:00:37	14:00:40	2:00:35	5:00:36	3:00:35	2:00:35	2:00:35	2:00:35	3:00:35	16:00:42	2:00:35	5:00:36	t at Max V [600]
	8:38:58	10:22:07	?????	7:59:45	0:31:15	?????	0:20:18	?????	0:34:55	10:11:11	?????	0:35:25	Lagtime [600]
E	-0.013	-0.018	-0.029	-0.029	-0.043	-0.029	-0.029	-0.016	-0.038	-0.017	-0.023	-0.026	Max V [600]
	0.980	0.986	0.975	0.982	0.981	0.938	0.964	0.995	0.914	0.934	0.966	0.842	R-Squared [600]
	3:00:35	3:00:35	3:00:35	3:00:35	3:00:35	3:00:35	3:00:35	5:00:36	3:00:35	3:00:35	2:00:35	2:00:35	t at Max V [600]
	0:36:52	0:54:58	0:44:07	1:27:19	1:10:46	0:47:23	0:36:26	0:46:41	0:51:11	1:20:58	?????	?????	Lagtime [600]
F	0.013	-0.010	-0.013	-0.020	-0.027	-0.021	-0.022	-0.015	-0.020	-0.015	-0.027	-0.026	Max V [600]
	0.773	0.880	0.973	0.999	0.996	0.980	0.814	0.764	0.995	0.997	0.895	0.992	R-Squared [600]
	2:00:35	6:00:37	6:00:37	3:00:35	3:00:35	2:00:35	3:00:35	9:00:38	3:00:35	2:00:35	3:00:35	2:00:35	t at Max V [600]
	?????	8:08:22	3:56:02	0:57:39	0:35:50	0:10:48	2:31:02	2:13:55	1:12:47	?????	1:52:20	0:05:13	Lagtime [600]
G	-0.014	-0.022	-0.019	-0.015	0.047	-0.034	-0.033	0.053	-0.023	-0.019	-0.020	-0.020	Max V [600]
	0.998	0.955	0.952	0.970	0.874	0.914	0.986	0.499	0.971	0.991	0.933	0.959	R-Squared [600]
	2:00:35	3:00:35	3:00:35	4:00:36	21:00:45	4:00:36	3:00:35	20:00:44	2:00:35	2:00:35	2:00:35	2:00:35	t at Max V [600]
	?????	0:26:32	2:32:25	3:01:16	?????	2:22:27	0:29:03	21:35:17	?????	0:11:00	?????	?????	Lagtime [600]
H	-0.021	-0.018	-0.020	-0.027	-0.016	-0.028	-0.022	-0.022	-0.021	-0.018	-0.013	-0.020	Max V [600]
	0.982	0.969	0.984	0.965	0.999	0.908	0.941	0.982	0.994	0.971	0.983	0.995	R-Squared [600]
	2:00:35	3:00:35	3:00:35	2:00:35	5:00:36	4:00:36	2:00:35	4:00:36	2:00:35	2:00:35	4:00:36	4:00:36	t at Max V [600]
	0:02:28	1:24:21	1:16:34	?????	1:59:58	5:44:05	?????	3:18:46	0:03:23	0:18:21	0:23:22	2:06:41	Lagtime [600]

