
Software Version	3.11.19



Experiment File Path:	C:\Users\patil-group\Desktop\Sweeteners_stacker\NT5007_07_24_76_Rep1.xpt
Protocol File Path:	C:\Users\Public\Documents\Protocols\Screening-protocol.prt



Plate Number	Plate 23
Date	12/12/2021
Time	15:36:54
Reader Type:	Epoch 2
Reader Serial Number:	2103223
Reading Type	Reader

Procedure Details

Plate Type	96 WELL PLATE
Discontinuous Kinetics	Runtime 1:00:00 (D:HH:MM), Interval 0:01:00, 25 Reads
	Pause after each run
Eject plate on completion	
Shake	Linear: 0:00:30 (HH:MM:SS)
	Frequency: 567 cpm (3 mm)
Read	Absorbance Endpoint
	Full Plate
	Wavelengths:  600
	Read Speed: Normal,  Delay: 100 msec,  Measurements/Data Point: 8

600

Time	T° 600	A1	A2	A3	A4	A5	A6	A7	A8	A9	A10	A11	A12	B1	B2	B3	B4	B5	B6	B7	B8	B9	B10	B11	B12	C1	C2	C3	C4	C5	C6	C7	C8	C9	C10	C11	C12	D1	D2	D3	D4	D5	D6	D7	D8	D9	D10	D11	D12	E1	E2	E3	E4	E5	E6	E7	E8	E9	E10	E11	E12	F1	F2	F3	F4	F5	F6	F7	F8	F9	F10	F11	F12	G1	G2	G3	G4	G5	G6	G7	G8	G9	G10	G11	G12	H1	H2	H3	H4	H5	H6	H7	H8	H9	H10	H11	H12
0:00:34	34.2	0.184	0.174	0.179	0.174	0.176	0.174	0.170	0.174	0.174	0.174	0.176	0.172	0.181	0.170	0.178	0.175	0.173	0.176	0.180	0.179	0.185	0.175	0.172	0.171	0.174	0.176	0.178	0.172	0.179	0.173	0.175	0.179	0.180	0.173	0.173	0.178	0.170	0.174	0.176	0.178	0.172	0.175	0.174	0.173	0.176	0.177	0.177	0.177	0.174	0.171	0.176	0.176	0.172	0.173	0.185	0.174	0.175	0.175	0.176	0.173	0.175	0.171	0.178	0.178	0.173	0.182	0.173	0.176	0.175	0.181	0.175	0.176	0.182	0.172	0.174	0.181	0.171	0.173	0.174	0.177	0.173	0.174	0.175	0.176	0.177	0.173	0.174	0.189	0.172	0.174	0.175	0.173	0.174	0.175	0.170	0.174
1:00:34	34.4	0.181	0.173	0.178	0.172	0.173	0.172	0.172	0.173	0.171	0.171	0.175	0.169	0.175	0.169	0.176	0.173	0.172	0.174	0.176	0.177	0.182	0.173	0.170	0.170	0.173	0.175	0.177	0.172	0.177	0.172	0.175	0.178	0.178	0.172	0.172	0.177	0.169	0.173	0.175	0.177	0.171	0.174	0.177	0.173	0.174	0.176	0.175	0.176	0.173	0.170	0.176	0.175	0.171	0.172	0.183	0.172	0.174	0.173	0.175	0.171	0.173	0.170	0.177	0.177	0.172	0.180	0.171	0.174	0.173	0.180	0.173	0.174	0.181	0.171	0.173	0.180	0.170	0.172	0.174	0.175	0.172	0.173	0.175	0.175	0.178	0.173	0.175	0.188	0.171	0.174	0.173	0.172	0.173	0.175	0.170	0.174
2:00:35	34.4	0.180	0.172	0.176	0.170	0.172	0.171	0.169	0.172	0.169	0.172	0.174	0.168	0.174	0.169	0.175	0.172	0.171	0.173	0.175	0.176	0.180	0.172	0.169	0.169	0.173	0.174	0.176	0.171	0.177	0.172	0.174	0.177	0.178	0.171	0.171	0.175	0.169	0.172	0.172	0.176	0.169	0.174	0.173	0.171	0.173	0.175	0.173	0.175	0.172	0.170	0.175	0.173	0.171	0.172	0.182	0.172	0.173	0.173	0.174	0.171	0.172	0.170	0.176	0.176	0.171	0.179	0.170	0.174	0.172	0.178	0.173	0.174	0.180	0.170	0.173	0.179	0.170	0.171	0.171	0.175	0.171	0.172	0.174	0.174	0.177	0.175	0.174	0.186	0.170	0.173	0.171	0.171	0.173	0.174	0.170	0.173
3:00:35	34.4	0.180	0.172	0.176	0.169	0.171	0.171	0.168	0.172	0.169	0.170	0.173	0.168	0.174	0.168	0.175	0.171	0.170	0.172	0.175	0.175	0.179	0.171	0.168	0.169	0.172	0.173	0.175	0.170	0.176	0.170	0.173	0.176	0.177	0.171	0.170	0.175	0.169	0.172	0.171	0.175	0.169	0.173	0.171	0.171	0.172	0.175	0.172	0.174	0.172	0.170	0.174	0.173	0.170	0.171	0.182	0.172	0.173	0.172	0.174	0.170	0.172	0.169	0.175	0.174	0.171	0.179	0.170	0.173	0.172	0.178	0.173	0.173	0.179	0.170	0.172	0.179	0.170	0.171	0.171	0.174	0.171	0.172	0.174	0.175	0.176	0.171	0.173	0.185	0.170	0.172	0.171	0.174	0.171	0.173	0.169	0.172
4:00:36	34.4	0.179	0.171	0.175	0.169	0.171	0.170	0.167	0.171	0.168	0.169	0.172	0.168	0.173	0.168	0.174	0.171	0.169	0.170	0.177	0.175	0.178	0.171	0.166	0.169	0.171	0.173	0.174	0.169	0.176	0.170	0.173	0.175	0.176	0.170	0.170	0.174	0.168	0.171	0.171	0.174	0.168	0.172	0.174	0.170	0.171	0.173	0.171	0.174	0.172	0.169	0.174	0.172	0.169	0.171	0.181	0.170	0.172	0.172	0.173	0.169	0.171	0.168	0.174	0.173	0.171	0.178	0.168	0.173	0.171	0.177	0.174	0.173	0.178	0.169	0.172	0.179	0.169	0.170	0.170	0.173	0.170	0.172	0.172	0.173	0.175	0.170	0.172	0.184	0.169	0.172	0.171	0.170	0.171	0.172	0.168	0.171
5:00:36	34.4	0.178	0.171	0.175	0.169	0.171	0.169	0.166	0.170	0.168	0.169	0.172	0.167	0.172	0.167	0.173	0.170	0.169	0.170	0.176	0.173	0.177	0.170	0.165	0.168	0.171	0.172	0.174	0.169	0.176	0.169	0.172	0.174	0.175	0.169	0.169	0.174	0.167	0.171	0.170	0.173	0.168	0.171	0.173	0.169	0.170	0.173	0.170	0.173	0.171	0.168	0.174	0.172	0.169	0.170	0.180	0.170	0.171	0.171	0.172	0.168	0.171	0.167	0.174	0.172	0.170	0.178	0.168	0.172	0.171	0.175	0.173	0.172	0.177	0.169	0.171	0.178	0.168	0.169	0.170	0.173	0.170	0.171	0.172	0.173	0.175	0.169	0.172	0.183	0.169	0.171	0.170	0.169	0.170	0.172	0.168	0.170
6:00:36	34.4	0.178	0.171	0.174	0.168	0.170	0.169	0.167	0.169	0.168	0.169	0.171	0.168	0.172	0.168	0.173	0.169	0.168	0.169	0.173	0.173	0.176	0.170	0.165	0.168	0.171	0.171	0.173	0.168	0.175	0.168	0.171	0.174	0.175	0.169	0.168	0.173	0.167	0.170	0.170	0.172	0.167	0.171	0.172	0.169	0.169	0.172	0.170	0.173	0.171	0.168	0.173	0.172	0.169	0.170	0.179	0.169	0.170	0.171	0.172	0.168	0.171	0.167	0.174	0.170	0.170	0.177	0.168	0.172	0.171	0.174	0.173	0.175	0.177	0.169	0.171	0.177	0.168	0.169	0.170	0.173	0.169	0.171	0.172	0.173	0.174	0.168	0.171	0.182	0.169	0.171	0.169	0.169	0.170	0.172	0.167	0.171
7:00:37	34.4	0.177	0.171	0.174	0.168	0.170	0.169	0.166	0.169	0.168	0.168	0.171	0.167	0.171	0.167	0.173	0.169	0.168	0.169	0.173	0.173	0.175	0.169	0.165	0.168	0.170	0.171	0.173	0.168	0.175	0.168	0.171	0.174	0.174	0.169	0.168	0.173	0.166	0.170	0.170	0.172	0.167	0.170	0.171	0.169	0.169	0.172	0.170	0.172	0.170	0.168	0.173	0.171	0.168	0.169	0.179	0.169	0.170	0.170	0.172	0.168	0.171	0.167	0.173	0.170	0.169	0.176	0.168	0.172	0.171	0.173	0.173	0.172	0.176	0.168	0.172	0.177	0.167	0.169	0.169	0.172	0.169	0.171	0.172	0.172	0.174	0.167	0.171	0.181	0.168	0.170	0.170	0.168	0.169	0.171	0.167	0.171
8:00:38	34.4	0.177	0.170	0.174	0.168	0.169	0.168	0.166	0.168	0.168	0.168	0.171	0.167	0.171	0.167	0.172	0.169	0.167	0.168	0.172	0.172	0.174	0.169	0.165	0.168	0.170	0.170	0.172	0.168	0.175	0.167	0.171	0.174	0.174	0.168	0.168	0.172	0.166	0.170	0.169	0.171	0.166	0.170	0.170	0.168	0.169	0.171	0.170	0.172	0.170	0.168	0.172	0.171	0.168	0.169	0.179	0.169	0.170	0.170	0.171	0.168	0.170	0.167	0.173	0.169	0.169	0.177	0.167	0.171	0.170	0.174	0.173	0.172	0.176	0.168	0.171	0.176	0.167	0.168	0.169	0.172	0.169	0.170	0.171	0.173	0.173	0.167	0.170	0.180	0.168	0.169	0.169	0.168	0.169	0.171	0.168	0.170
9:00:37	34.4	0.176	0.170	0.174	0.168	0.168	0.168	0.166	0.168	0.167	0.168	0.171	0.167	0.171	0.166	0.172	0.168	0.167	0.168	0.171	0.172	0.174	0.169	0.165	0.168	0.170	0.170	0.172	0.167	0.175	0.167	0.170	0.173	0.173	0.168	0.168	0.173	0.166	0.170	0.168	0.170	0.166	0.169	0.170	0.167	0.169	0.171	0.169	0.172	0.170	0.167	0.172	0.171	0.167	0.169	0.178	0.169	0.170	0.169	0.171	0.168	0.170	0.167	0.173	0.169	0.169	0.175	0.167	0.172	0.170	0.173	0.172	0.172	0.175	0.168	0.171	0.176	0.166	0.168	0.169	0.171	0.169	0.170	0.171	0.172	0.173	0.168	0.170	0.179	0.168	0.169	0.169	0.168	0.169	0.171	0.167	0.170
10:00:38	34.4	0.176	0.169	0.173	0.167	0.168	0.168	0.166	0.168	0.167	0.167	0.170	0.166	0.170	0.166	0.171	0.168	0.167	0.167	0.171	0.171	0.173	0.168	0.164	0.167	0.170	0.170	0.171	0.167	0.175	0.167	0.170	0.173	0.173	0.167	0.167	0.172	0.165	0.169	0.168	0.170	0.166	0.169	0.170	0.168	0.168	0.171	0.169	0.172	0.169	0.167	0.171	0.171	0.167	0.168	0.177	0.168	0.169	0.169	0.171	0.168	0.170	0.166	0.172	0.169	0.169	0.174	0.167	0.171	0.170	0.172	0.172	0.172	0.175	0.167	0.170	0.176	0.166	0.168	0.168	0.171	0.169	0.170	0.171	0.172	0.173	0.167	0.169	0.178	0.168	0.169	0.168	0.168	0.169	0.171	0.167	0.170
11:00:38	34.4	0.176	0.168	0.173	0.167	0.168	0.167	0.165	0.167	0.167	0.167	0.170	0.166	0.171	0.166	0.171	0.168	0.167	0.167	0.171	0.171	0.173	0.168	0.164	0.167	0.169	0.169	0.171	0.167	0.175	0.167	0.169	0.173	0.173	0.168	0.168	0.172	0.165	0.169	0.168	0.170	0.166	0.169	0.169	0.167	0.168	0.170	0.169	0.172	0.169	0.167	0.171	0.170	0.167	0.168	0.177	0.168	0.169	0.169	0.171	0.168	0.170	0.166	0.172	0.168	0.168	0.174	0.167	0.171	0.170	0.172	0.172	0.172	0.174	0.167	0.170	0.175	0.165	0.167	0.167	0.171	0.169	0.170	0.171	0.172	0.173	0.167	0.169	0.178	0.168	0.169	0.169	0.168	0.169	0.171	0.167	0.170
12:00:39	34.4	0.176	0.168	0.173	0.167	0.168	0.167	0.165	0.168	0.167	0.167	0.170	0.166	0.170	0.165	0.172	0.168	0.166	0.167	0.171	0.171	0.173	0.168	0.166	0.167	0.169	0.169	0.171	0.166	0.174	0.166	0.169	0.173	0.172	0.167	0.168	0.172	0.165	0.169	0.168	0.170	0.166	0.168	0.169	0.167	0.168	0.170	0.169	0.172	0.169	0.167	0.171	0.170	0.167	0.168	0.176	0.168	0.169	0.169	0.171	0.168	0.170	0.166	0.172	0.168	0.169	0.173	0.167	0.171	0.170	0.172	0.176	0.171	0.174	0.167	0.170	0.175	0.165	0.167	0.168	0.171	0.168	0.170	0.171	0.172	0.172	0.167	0.169	0.178	0.167	0.169	0.168	0.168	0.169	0.171	0.167	0.170
13:00:39	34.4	0.175	0.168	0.172	0.167	0.167	0.167	0.165	0.168	0.166	0.167	0.169	0.166	0.170	0.165	0.171	0.168	0.166	0.167	0.171	0.171	0.172	0.168	0.164	0.167	0.169	0.168	0.171	0.166	0.175	0.166	0.169	0.173	0.172	0.167	0.166	0.172	0.165	0.168	0.168	0.170	0.166	0.168	0.169	0.167	0.167	0.170	0.168	0.171	0.169	0.166	0.170	0.170	0.166	0.168	0.176	0.168	0.168	0.169	0.170	0.167	0.170	0.166	0.172	0.168	0.168	0.173	0.166	0.171	0.170	0.172	0.172	0.171	0.174	0.167	0.170	0.175	0.164	0.167	0.168	0.171	0.168	0.169	0.171	0.171	0.172	0.167	0.169	0.177	0.167	0.169	0.167	0.168	0.168	0.171	0.167	0.169
14:00:40	34.4	0.175	0.169	0.173	0.167	0.167	0.167	0.165	0.167	0.167	0.167	0.169	0.166	0.170	0.165	0.171	0.168	0.166	0.167	0.171	0.170	0.173	0.168	0.164	0.168	0.169	0.169	0.170	0.166	0.175	0.166	0.169	0.173	0.172	0.167	0.167	0.172	0.165	0.169	0.168	0.169	0.166	0.168	0.169	0.166	0.167	0.170	0.169	0.172	0.169	0.166	0.170	0.169	0.166	0.168	0.176	0.168	0.169	0.169	0.171	0.168	0.170	0.166	0.175	0.168	0.168	0.174	0.166	0.171	0.170	0.172	0.172	0.171	0.174	0.167	0.170	0.175	0.164	0.167	0.168	0.171	0.168	0.169	0.171	0.171	0.172	0.167	0.169	0.177	0.168	0.169	0.167	0.168	0.169	0.171	0.167	0.170
15:00:40	34.4	0.175	0.169	0.173	0.167	0.167	0.166	0.164	0.167	0.166	0.166	0.169	0.166	0.170	0.165	0.171	0.168	0.166	0.167	0.170	0.170	0.172	0.168	0.164	0.167	0.169	0.168	0.171	0.166	0.174	0.166	0.169	0.172	0.172	0.167	0.167	0.172	0.165	0.169	0.167	0.169	0.167	0.168	0.169	0.166	0.167	0.170	0.168	0.171	0.169	0.166	0.170	0.169	0.166	0.167	0.175	0.168	0.168	0.168	0.170	0.168	0.170	0.166	0.171	0.168	0.168	0.173	0.167	0.171	0.170	0.172	0.172	0.179	0.174	0.166	0.170	0.175	0.163	0.167	0.168	0.171	0.169	0.169	0.170	0.173	0.172	0.166	0.169	0.177	0.168	0.170	0.168	0.168	0.168	0.171	0.167	0.169
16:00:41	34.4	0.175	0.168	0.173	0.167	0.167	0.166	0.164	0.166	0.166	0.166	0.169	0.166	0.170	0.165	0.171	0.167	0.166	0.167	0.170	0.170	0.175	0.168	0.164	0.167	0.169	0.168	0.170	0.166	0.174	0.165	0.169	0.173	0.173	0.167	0.167	0.172	0.165	0.168	0.168	0.169	0.165	0.168	0.169	0.166	0.167	0.170	0.168	0.171	0.169	0.166	0.170	0.169	0.166	0.167	0.175	0.167	0.169	0.169	0.170	0.168	0.170	0.166	0.172	0.168	0.168	0.173	0.166	0.171	0.169	0.172	0.172	0.171	0.173	0.166	0.170	0.175	0.163	0.166	0.167	0.171	0.168	0.169	0.170	0.171	0.172	0.166	0.169	0.177	0.169	0.169	0.167	0.168	0.169	0.171	0.166	0.169
17:00:41	34.4	0.175	0.168	0.173	0.167	0.168	0.166	0.164	0.165	0.166	0.166	0.169	0.166	0.169	0.165	0.170	0.168	0.166	0.166	0.170	0.170	0.172	0.168	0.164	0.167	0.168	0.168	0.170	0.166	0.174	0.166	0.168	0.172	0.172	0.167	0.167	0.172	0.165	0.168	0.168	0.169	0.165	0.167	0.168	0.166	0.167	0.170	0.169	0.171	0.168	0.166	0.170	0.169	0.166	0.167	0.175	0.167	0.168	0.168	0.170	0.168	0.170	0.166	0.172	0.168	0.168	0.172	0.166	0.171	0.170	0.171	0.172	0.171	0.173	0.166	0.170	0.175	0.163	0.167	0.167	0.171	0.168	0.169	0.170	0.171	0.172	0.166	0.169	0.177	0.168	0.169	0.167	0.168	0.169	0.171	0.167	0.169
18:00:43	34.4	0.175	0.169	0.173	0.167	0.168	0.166	0.163	0.166	0.167	0.166	0.169	0.166	0.169	0.164	0.171	0.168	0.167	0.166	0.169	0.171	0.172	0.168	0.165	0.168	0.168	0.169	0.170	0.166	0.174	0.166	0.168	0.173	0.173	0.167	0.167	0.172	0.165	0.168	0.168	0.169	0.165	0.168	0.168	0.166	0.167	0.170	0.168	0.172	0.169	0.166	0.170	0.169	0.166	0.168	0.175	0.168	0.169	0.168	0.170	0.167	0.170	0.166	0.172	0.167	0.168	0.172	0.167	0.171	0.170	0.171	0.172	0.171	0.173	0.166	0.170	0.175	0.163	0.166	0.167	0.171	0.168	0.169	0.170	0.171	0.172	0.166	0.169	0.176	0.167	0.169	0.168	0.168	0.169	0.171	0.167	0.169
19:00:43	34.4	0.175	0.168	0.173	0.167	0.168	0.166	0.164	0.165	0.167	0.166	0.169	0.166	0.169	0.164	0.170	0.167	0.165	0.166	0.169	0.170	0.172	0.168	0.164	0.167	0.168	0.168	0.170	0.166	0.174	0.166	0.168	0.172	0.172	0.167	0.167	0.172	0.165	0.168	0.167	0.169	0.165	0.167	0.168	0.166	0.167	0.170	0.168	0.171	0.168	0.166	0.170	0.169	0.166	0.167	0.175	0.168	0.168	0.168	0.170	0.167	0.170	0.165	0.172	0.168	0.168	0.172	0.166	0.171	0.169	0.171	0.172	0.171	0.173	0.166	0.170	0.174	0.163	0.166	0.167	0.171	0.168	0.169	0.171	0.171	0.173	0.166	0.169	0.176	0.168	0.168	0.167	0.168	0.169	0.170	0.167	0.169
20:00:43	34.5	0.175	0.169	0.174	0.167	0.168	0.166	0.164	0.165	0.166	0.166	0.171	0.166	0.169	0.164	0.170	0.167	0.165	0.166	0.169	0.170	0.172	0.167	0.164	0.167	0.168	0.168	0.169	0.166	0.174	0.166	0.169	0.172	0.172	0.167	0.168	0.172	0.165	0.169	0.167	0.169	0.165	0.167	0.168	0.166	0.167	0.170	0.168	0.171	0.168	0.166	0.170	0.168	0.166	0.167	0.175	0.168	0.169	0.168	0.171	0.167	0.170	0.166	0.172	0.167	0.168	0.172	0.167	0.171	0.170	0.171	0.172	0.171	0.173	0.167	0.170	0.175	0.165	0.166	0.167	0.171	0.169	0.169	0.171	0.171	0.172	0.166	0.169	0.176	0.167	0.168	0.167	0.167	0.168	0.171	0.167	0.169
21:00:44	34.6	0.175	0.168	0.173	0.167	0.167	0.168	0.164	0.166	0.167	0.166	0.169	0.166	0.169	0.164	0.170	0.167	0.165	0.166	0.169	0.170	0.172	0.168	0.164	0.167	0.168	0.168	0.169	0.166	0.174	0.166	0.169	0.172	0.172	0.167	0.167	0.172	0.165	0.168	0.167	0.168	0.165	0.167	0.168	0.166	0.167	0.170	0.168	0.171	0.168	0.166	0.170	0.168	0.166	0.167	0.175	0.168	0.169	0.169	0.170	0.167	0.170	0.165	0.172	0.167	0.168	0.172	0.167	0.171	0.170	0.171	0.172	0.171	0.173	0.166	0.170	0.174	0.176	0.166	0.167	0.170	0.168	0.169	0.171	0.171	0.172	0.166	0.168	0.176	0.167	0.168	0.167	0.167	0.167	0.170	0.167	0.169
22:00:44	34.6	0.175	0.168	0.172	0.167	0.167	0.166	0.164	0.165	0.166	0.166	0.169	0.166	0.168	0.164	0.170	0.167	0.165	0.166	0.169	0.169	0.171	0.167	0.164	0.167	0.168	0.169	0.169	0.166	0.174	0.165	0.168	0.172	0.172	0.167	0.167	0.172	0.165	0.168	0.167	0.169	0.165	0.167	0.168	0.166	0.167	0.170	0.168	0.171	0.168	0.166	0.169	0.168	0.166	0.167	0.174	0.168	0.168	0.168	0.171	0.168	0.170	0.165	0.172	0.167	0.168	0.171	0.167	0.171	0.170	0.171	0.172	0.171	0.173	0.166	0.170	0.174	0.190	0.166	0.167	0.170	0.168	0.169	0.171	0.174	0.172	0.166	0.169	0.175	0.169	0.169	0.167	0.167	0.168	0.170	0.166	0.169
23:00:47	34.5	0.175	0.168	0.172	0.167	0.167	0.166	0.163	0.165	0.166	0.166	0.169	0.166	0.168	0.165	0.170	0.166	0.165	0.166	0.172	0.170	0.171	0.167	0.164	0.167	0.168	0.168	0.169	0.166	0.174	0.165	0.168	0.172	0.171	0.167	0.167	0.171	0.165	0.168	0.167	0.168	0.164	0.167	0.168	0.167	0.167	0.169	0.169	0.171	0.168	0.166	0.169	0.168	0.166	0.166	0.174	0.168	0.168	0.168	0.170	0.167	0.170	0.166	0.171	0.167	0.168	0.171	0.167	0.171	0.170	0.171	0.172	0.177	0.173	0.166	0.170	0.174	0.199	0.166	0.167	0.170	0.168	0.169	0.170	0.171	0.172	0.167	0.168	0.175	0.168	0.168	0.167	0.167	0.168	0.170	0.167	0.169
0:00:00																																																																																																	

Results
	1	2	3	4	5	6	7	8	9	10	11	12
A	-0.020	-0.011	-0.015	-0.020	-0.019	-0.016	-0.021	-0.014	-0.021	-0.017	-0.014	-0.018	Max V [600]
	0.900	0.983	0.967	0.926	0.846	0.939	0.865	1.000	0.846	0.804	0.985	0.814	R-Squared [600]
	2:00:35	2:00:35	2:00:35	2:00:35	2:00:35	2:00:35	3:00:35	2:00:35	2:00:35	2:00:35	3:00:35	2:00:35	t at Max V [600]
	?????	?????	?????	?????	?????	?????	1:39:56	?????	?????	?????	0:21:02	?????	Lagtime [600]
B	-0.028	-0.010	-0.013	-0.016	-0.017	-0.023	-0.025	-0.020	-0.028	-0.015	-0.023	-0.011	Max V [600]
	0.733	0.901	0.946	0.941	0.975	0.989	0.880	0.931	0.919	0.967	0.954	0.958	R-Squared [600]
	2:00:35	2:00:35	2:00:35	2:00:35	2:00:35	2:00:35	6:00:37	2:00:35	2:00:35	2:00:35	2:00:35	2:00:35	t at Max V [600]
	?????	?????	?????	?????	?????	?????	2:23:19	?????	?????	?????	?????	?????	Lagtime [600]
C	-0.012	-0.013	-0.017	-0.013	-0.012	-0.016	-0.014	-0.017	-0.016	-0.014	-0.015	-0.016	Max V [600]
	0.985	0.988	0.992	0.992	0.908	0.970	0.974	0.958	0.978	0.998	0.969	0.969	R-Squared [600]
	2:00:35	2:00:35	2:00:35	2:00:35	2:00:35	2:00:35	3:00:35	2:00:35	2:00:35	2:00:35	2:00:35	2:00:35	t at Max V [600]
	?????	?????	0:02:51	?????	?????	?????	0:38:14	?????	?????	?????	?????	?????	Lagtime [600]
D	-0.010	-0.011	-0.022	-0.018	-0.015	-0.014	-0.017	-0.016	-0.020	-0.016	-0.025	-0.016	Max V [600]
	0.893	0.976	0.863	0.985	0.979	0.995	0.966	0.985	0.939	0.973	0.978	0.961	R-Squared [600]
	5:00:36	2:00:35	2:00:35	4:00:36	2:00:35	3:00:35	6:00:37	3:00:35	2:00:35	2:00:35	2:00:35	2:00:35	t at Max V [600]
	1:14:35	?????	?????	0:21:53	?????	0:39:08	4:09:00	0:24:19	?????	?????	?????	?????	Lagtime [600]
E	-0.008	-0.009	-0.010	-0.013	-0.012	-0.010	-0.015	-0.013	-0.012	-0.012	-0.012	-0.014	Max V [600]
	0.904	0.984	0.970	0.974	0.971	0.991	0.969	0.971	0.953	0.950	0.989	0.982	R-Squared [600]
	3:00:35	5:00:36	2:00:35	2:00:35	2:00:35	3:00:35	2:00:35	2:00:35	5:00:36	2:00:35	3:00:35	2:00:35	t at Max V [600]
	?????	?????	?????	?????	?????	0:16:34	?????	?????	0:28:34	?????	0:01:23	?????	Lagtime [600]
F	-0.013	-0.013	-0.016	-0.023	-0.009	-0.015	-0.018	-0.012	-0.013	-0.018	-0.014	-0.026	Max V [600]
	0.958	0.932	0.975	0.998	0.847	0.885	0.928	0.865	0.955	0.986	0.583	0.523	R-Squared [600]
	2:00:35	3:00:35	2:00:35	2:00:35	5:00:36	2:00:35	2:00:35	2:00:35	2:00:35	5:00:36	14:00:40	17:00:42	t at Max V [600]
	?????	0:24:43	?????	0:04:03	?????	?????	?????	?????	?????	?????	11:16:21	15:04:29	Lagtime [600]
G	-0.018	-0.013	-0.009	-0.009	0.162	-0.013	-0.017	-0.013	-0.011	-0.010	-0.013	-0.012	Max V [600]
	0.992	0.934	0.961	0.845	0.968	0.986	0.882	0.976	0.959	0.957	0.967	0.903	R-Squared [600]
	2:00:35	2:00:35	2:00:35	2:00:35	21:00:45	3:00:35	2:00:35	2:00:35	2:00:35	2:00:35	3:00:35	2:00:35	t at Max V [600]
	?????	?????	?????	?????	20:15:48	0:14:25	0:20:34	?????	?????	?????	0:46:43	?????	Lagtime [600]
H	-0.013	-0.028	-0.015	-0.022	-0.013	-0.014	-0.017	-0.020	-0.015	-0.012	-0.009	-0.014	Max V [600]
	0.972	0.890	0.934	0.981	0.985	0.994	0.825	0.706	0.986	0.982	0.998	0.996	R-Squared [600]
	3:00:35	4:00:36	3:00:35	2:00:35	2:00:35	3:00:35	2:00:35	5:00:36	2:00:35	3:00:35	4:00:36	3:00:35	t at Max V [600]
	1:35:58	2:36:23	1:22:59	0:05:59	?????	0:45:24	?????	2:13:35	0:03:09	0:22:14	0:28:56	0:21:02	Lagtime [600]


