Time	A1	A2	A3	A4	A5	A6	A7	A8	A9	A10	A11	A12	B1	B2	B3	B4	B5	B6	B7	B8	B9	B10	B11	B12	C1	C2	C3	C4	C5	C6	C7	C8	C9	C10	C11	C12	D1	D2	D3	D4	D5	D6	D7	D8	D9	D10	D11	D12	E1	E2	E3	E4	E5	E6	E7	E8	E9	E10	E11	E12	F1	F2	F3	F4	F5	F6	F7	F8	F9	F10	F11	F12	G1	G2	G3	G4	G5	G6	G7	G8	G9	G10	G11	G12	H1	H2	H3	H4	H5	H6	H7	H8	H9	H10	H11	H12
0	0.168	0.162	0.159	0.161	0.164	0.171	0.161	0.159	0.162	0.163	0.161	0.173	0.165	0.163	0.160	0.172	0.166	0.179	0.165	0.165	0.165	0.165	0.174	0.171	0.169	0.160	0.166	0.162	0.161	0.164	0.160	0.163	0.155	0.164	0.163	0.193	0.161	0.162	0.157	0.165	0.178	0.183	0.162	0.159	0.157	0.162	0.164	0.176	0.166	0.163	0.167	0.163	0.168	0.162	0.160	0.163	0.166	0.164	0.161	0.170	0.169	0.168	0.165	0.160	0.169	0.164	0.162	0.167	0.156	0.165	0.158	0.166	0.169	0.163	0.164	0.169	0.163	0.173	0.169	0.173	0.164	0.170	0.173	0.167	0.170	0.163	0.166	0.162	0.164	0.158	0.174	0.164	0.165	0.168	0.169	0.170
1	0.176	0.169	0.167	0.167	0.170	0.177	0.168	0.165	0.168	0.169	0.168	0.180	0.170	0.170	0.167	0.181	0.171	0.182	0.172	0.168	0.168	0.168	0.177	0.173	0.174	0.165	0.173	0.167	0.167	0.171	0.164	0.167	0.161	0.167	0.167	0.196	0.166	0.167	0.161	0.173	0.183	0.189	0.167	0.163	0.162	0.166	0.168	0.181	0.173	0.166	0.171	0.167	0.171	0.165	0.166	0.167	0.168	0.168	0.165	0.174	0.172	0.172	0.171	0.164	0.172	0.168	0.166	0.170	0.162	0.170	0.163	0.171	0.174	0.168	0.168	0.171	0.171	0.175	0.169	0.176	0.168	0.172	0.175	0.171	0.176	0.168	0.169	0.168	0.167	0.163	0.176	0.170	0.170	0.170	0.172	0.174
2	0.193	0.187	0.183	0.183	0.185	0.193	0.184	0.179	0.181	0.185	0.184	0.195	0.185	0.184	0.181	0.193	0.181	0.193	0.182	0.179	0.179	0.179	0.189	0.187	0.187	0.177	0.183	0.177	0.177	0.180	0.174	0.177	0.171	0.177	0.178	0.209	0.179	0.178	0.172	0.183	0.192	0.199	0.177	0.174	0.173	0.176	0.177	0.194	0.185	0.177	0.180	0.177	0.180	0.174	0.176	0.176	0.177	0.177	0.176	0.187	0.183	0.182	0.181	0.172	0.182	0.179	0.175	0.182	0.172	0.180	0.174	0.193	0.187	0.180	0.177	0.180	0.179	0.183	0.178	0.184	0.176	0.182	0.186	0.185	0.190	0.183	0.182	0.181	0.182	0.174	0.189	0.180	0.183	0.182	0.185	0.188
3	0.221	0.220	0.207	0.211	0.212	0.222	0.213	0.203	0.205	0.212	0.213	0.223	0.211	0.210	0.202	0.213	0.201	0.213	0.202	0.199	0.200	0.201	0.211	0.212	0.211	0.200	0.203	0.197	0.196	0.199	0.193	0.197	0.191	0.196	0.198	0.231	0.204	0.201	0.196	0.203	0.210	0.216	0.194	0.197	0.192	0.196	0.198	0.217	0.212	0.199	0.200	0.196	0.199	0.192	0.194	0.194	0.196	0.197	0.196	0.210	0.208	0.203	0.203	0.192	0.199	0.197	0.194	0.199	0.191	0.200	0.196	0.215	0.213	0.202	0.199	0.199	0.198	0.202	0.198	0.203	0.193	0.203	0.210	0.210	0.216	0.209	0.204	0.203	0.206	0.194	0.210	0.201	0.204	0.204	0.208	0.213
4	0.264	0.265	0.254	0.255	0.256	0.263	0.260	0.245	0.243	0.254	0.255	0.264	0.252	0.257	0.241	0.257	0.235	0.249	0.238	0.230	0.236	0.239	0.251	0.252	0.253	0.239	0.239	0.229	0.230	0.235	0.224	0.234	0.224	0.234	0.234	0.271	0.249	0.248	0.242	0.241	0.246	0.254	0.227	0.239	0.230	0.232	0.234	0.258	0.261	0.243	0.240	0.232	0.234	0.227	0.231	0.225	0.230	0.228	0.228	0.247	0.259	0.243	0.243	0.225	0.231	0.235	0.230	0.239	0.228	0.240	0.240	0.244	0.258	0.243	0.234	0.234	0.232	0.235	0.232	0.238	0.227	0.240	0.251	0.245	0.255	0.251	0.247	0.240	0.244	0.227	0.247	0.238	0.244	0.239	0.244	0.251
5	0.328	0.338	0.328	0.316	0.321	0.332	0.325	0.306	0.293	0.319	0.315	0.318	0.324	0.339	0.316	0.325	0.290	0.307	0.296	0.280	0.289	0.305	0.316	0.308	0.327	0.308	0.302	0.276	0.290	0.293	0.266	0.294	0.283	0.300	0.301	0.327	0.317	0.326	0.316	0.306	0.305	0.319	0.291	0.308	0.287	0.288	0.300	0.322	0.331	0.313	0.308	0.289	0.292	0.287	0.291	0.276	0.290	0.275	0.279	0.301	0.328	0.309	0.309	0.278	0.281	0.303	0.292	0.308	0.294	0.305	0.319	0.311	0.335	0.316	0.296	0.292	0.293	0.287	0.287	0.299	0.287	0.308	0.316	0.301	0.318	0.323	0.309	0.296	0.309	0.275	0.309	0.306	0.313	0.284	0.297	0.309
6	0.399	0.410	0.405	0.391	0.393	0.403	0.393	0.374	0.356	0.390	0.385	0.379	0.400	0.423	0.397	0.404	0.372	0.384	0.376	0.355	0.363	0.382	0.392	0.372	0.404	0.388	0.382	0.347	0.373	0.369	0.340	0.377	0.360	0.379	0.384	0.393	0.392	0.407	0.397	0.391	0.383	0.401	0.374	0.395	0.368	0.364	0.380	0.393	0.404	0.394	0.385	0.372	0.369	0.369	0.370	0.350	0.366	0.353	0.356	0.367	0.404	0.387	0.390	0.353	0.357	0.384	0.370	0.388	0.374	0.382	0.396	0.384	0.417	0.413	0.384	0.373	0.377	0.367	0.371	0.384	0.368	0.389	0.402	0.366	0.384	0.401	0.387	0.377	0.393	0.342	0.389	0.387	0.396	0.353	0.369	0.375
7	0.412	0.431	0.443	0.433	0.432	0.443	0.434	0.419	0.394	0.421	0.409	0.398	0.433	0.469	0.462	0.467	0.438	0.453	0.449	0.426	0.430	0.439	0.441	0.402	0.449	0.458	0.450	0.415	0.442	0.437	0.415	0.444	0.429	0.446	0.445	0.428	0.442	0.472	0.464	0.463	0.450	0.467	0.443	0.464	0.436	0.434	0.448	0.427	0.446	0.460	0.450	0.439	0.435	0.437	0.438	0.414	0.435	0.420	0.425	0.409	0.455	0.452	0.457	0.426	0.427	0.452	0.438	0.455	0.442	0.446	0.453	0.422	0.448	0.468	0.451	0.443	0.448	0.437	0.445	0.453	0.436	0.450	0.456	0.399	0.413	0.437	0.438	0.441	0.454	0.387	0.449	0.441	0.450	0.403	0.409	0.402
8	0.417	0.437	0.450	0.442	0.441	0.451	0.441	0.431	0.400	0.431	0.416	0.407	0.434	0.470	0.469	0.475	0.451	0.467	0.460	0.439	0.436	0.446	0.446	0.410	0.450	0.466	0.465	0.440	0.469	0.463	0.440	0.466	0.444	0.459	0.451	0.435	0.450	0.488	0.491	0.496	0.487	0.501	0.475	0.494	0.465	0.455	0.456	0.429	0.449	0.468	0.477	0.476	0.470	0.468	0.472	0.458	0.459	0.441	0.434	0.420	0.461	0.464	0.479	0.463	0.458	0.481	0.464	0.478	0.463	0.460	0.458	0.433	0.457	0.480	0.457	0.465	0.471	0.456	0.462	0.468	0.448	0.456	0.466	0.410	0.420	0.439	0.444	0.451	0.462	0.394	0.454	0.443	0.459	0.412	0.416	0.408
9	0.426	0.447	0.460	0.454	0.451	0.462	0.448	0.439	0.407	0.436	0.426	0.418	0.439	0.472	0.476	0.481	0.458	0.473	0.465	0.442	0.443	0.453	0.456	0.418	0.458	0.473	0.469	0.447	0.472	0.468	0.446	0.470	0.450	0.464	0.458	0.439	0.454	0.490	0.489	0.496	0.495	0.504	0.475	0.494	0.470	0.461	0.460	0.438	0.451	0.479	0.478	0.482	0.475	0.473	0.474	0.460	0.464	0.445	0.441	0.427	0.463	0.467	0.480	0.467	0.462	0.482	0.466	0.475	0.466	0.462	0.461	0.438	0.463	0.491	0.461	0.467	0.473	0.461	0.466	0.468	0.453	0.460	0.475	0.419	0.426	0.445	0.450	0.459	0.470	0.401	0.458	0.448	0.466	0.420	0.424	0.417
10	0.438	0.458	0.474	0.469	0.462	0.474	0.459	0.452	0.418	0.447	0.440	0.431	0.442	0.477	0.489	0.489	0.471	0.483	0.476	0.453	0.455	0.467	0.468	0.429	0.468	0.485	0.480	0.457	0.484	0.481	0.457	0.482	0.463	0.479	0.469	0.447	0.464	0.499	0.499	0.505	0.505	0.514	0.487	0.503	0.480	0.473	0.472	0.447	0.458	0.488	0.487	0.491	0.482	0.481	0.478	0.463	0.475	0.456	0.455	0.439	0.472	0.475	0.487	0.477	0.472	0.489	0.473	0.482	0.476	0.471	0.474	0.449	0.475	0.504	0.470	0.476	0.482	0.470	0.474	0.476	0.458	0.470	0.488	0.433	0.435	0.453	0.458	0.470	0.480	0.411	0.467	0.458	0.477	0.430	0.435	0.429
11	0.451	0.478	0.489	0.486	0.477	0.490	0.473	0.465	0.431	0.458	0.452	0.444	0.447	0.480	0.501	0.505	0.485	0.497	0.490	0.466	0.468	0.479	0.485	0.442	0.479	0.497	0.494	0.472	0.498	0.493	0.471	0.497	0.476	0.493	0.480	0.458	0.475	0.513	0.511	0.518	0.518	0.527	0.499	0.515	0.493	0.488	0.485	0.457	0.470	0.503	0.498	0.505	0.494	0.496	0.488	0.468	0.488	0.469	0.469	0.451	0.483	0.486	0.498	0.491	0.482	0.502	0.486	0.493	0.490	0.481	0.488	0.463	0.488	0.519	0.480	0.486	0.495	0.485	0.485	0.488	0.470	0.483	0.506	0.447	0.447	0.462	0.468	0.485	0.493	0.423	0.478	0.467	0.491	0.441	0.447	0.442
12	0.457	0.488	0.502	0.501	0.489	0.502	0.484	0.478	0.442	0.469	0.463	0.455	0.455	0.486	0.516	0.524	0.500	0.513	0.505	0.482	0.481	0.493	0.498	0.453	0.489	0.511	0.508	0.487	0.513	0.508	0.487	0.511	0.492	0.511	0.494	0.473	0.486	0.524	0.525	0.534	0.535	0.544	0.515	0.531	0.507	0.504	0.498	0.469	0.482	0.513	0.512	0.521	0.505	0.506	0.500	0.477	0.502	0.483	0.485	0.463	0.494	0.498	0.511	0.508	0.496	0.517	0.498	0.503	0.505	0.494	0.505	0.477	0.500	0.529	0.494	0.500	0.511	0.501	0.498	0.500	0.484	0.495	0.519	0.461	0.458	0.473	0.481	0.502	0.504	0.435	0.491	0.479	0.504	0.453	0.458	0.453
13	0.468	0.496	0.514	0.513	0.500	0.513	0.491	0.488	0.451	0.477	0.474	0.464	0.459	0.491	0.527	0.534	0.512	0.524	0.515	0.492	0.492	0.502	0.509	0.461	0.499	0.523	0.520	0.501	0.527	0.521	0.498	0.525	0.506	0.524	0.504	0.483	0.495	0.536	0.538	0.548	0.551	0.559	0.528	0.545	0.518	0.517	0.508	0.476	0.489	0.526	0.525	0.536	0.521	0.522	0.513	0.487	0.516	0.495	0.498	0.474	0.500	0.509	0.524	0.522	0.512	0.528	0.511	0.515	0.518	0.507	0.517	0.488	0.509	0.540	0.508	0.513	0.520	0.513	0.509	0.511	0.494	0.506	0.531	0.472	0.467	0.478	0.489	0.510	0.515	0.443	0.499	0.488	0.514	0.462	0.467	0.463
14	0.475	0.503	0.525	0.523	0.509	0.522	0.501	0.498	0.458	0.486	0.482	0.473	0.459	0.495	0.537	0.544	0.524	0.534	0.526	0.500	0.502	0.512	0.518	0.471	0.509	0.532	0.529	0.513	0.539	0.533	0.511	0.535	0.516	0.535	0.513	0.494	0.504	0.545	0.546	0.558	0.563	0.571	0.538	0.557	0.531	0.528	0.517	0.487	0.497	0.532	0.535	0.547	0.531	0.533	0.521	0.498	0.525	0.506	0.507	0.483	0.508	0.517	0.532	0.534	0.520	0.538	0.519	0.523	0.528	0.517	0.527	0.498	0.520	0.552	0.516	0.521	0.529	0.526	0.517	0.521	0.504	0.517	0.546	0.483	0.476	0.488	0.498	0.521	0.525	0.453	0.506	0.497	0.524	0.472	0.476	0.472
15	0.482	0.511	0.532	0.530	0.514	0.527	0.506	0.504	0.467	0.490	0.491	0.481	0.462	0.494	0.547	0.554	0.533	0.540	0.532	0.509	0.509	0.520	0.524	0.479	0.519	0.541	0.536	0.522	0.547	0.540	0.520	0.542	0.524	0.544	0.519	0.499	0.509	0.554	0.554	0.567	0.572	0.579	0.547	0.564	0.540	0.535	0.525	0.496	0.503	0.539	0.542	0.555	0.540	0.540	0.530	0.507	0.533	0.513	0.512	0.492	0.516	0.526	0.538	0.542	0.529	0.545	0.527	0.531	0.538	0.524	0.534	0.505	0.528	0.561	0.526	0.530	0.540	0.532	0.525	0.529	0.509	0.523	0.552	0.490	0.484	0.492	0.503	0.527	0.532	0.461	0.513	0.504	0.531	0.478	0.483	0.479
16	0.488	0.517	0.539	0.537	0.520	0.532	0.513	0.511	0.474	0.497	0.497	0.488	0.467	0.494	0.554	0.561	0.540	0.547	0.539	0.517	0.516	0.528	0.530	0.486	0.525	0.548	0.543	0.528	0.554	0.548	0.525	0.548	0.534	0.552	0.525	0.506	0.514	0.561	0.559	0.574	0.580	0.587	0.555	0.571	0.548	0.543	0.533	0.502	0.509	0.548	0.549	0.562	0.546	0.548	0.538	0.515	0.540	0.522	0.517	0.500	0.522	0.536	0.548	0.551	0.540	0.558	0.535	0.537	0.543	0.532	0.541	0.512	0.535	0.570	0.530	0.537	0.544	0.541	0.530	0.536	0.517	0.530	0.561	0.500	0.491	0.498	0.510	0.534	0.540	0.467	0.518	0.509	0.536	0.486	0.490	0.487
17	0.494	0.519	0.542	0.540	0.523	0.536	0.515	0.516	0.480	0.504	0.502	0.494	0.469	0.497	0.558	0.567	0.546	0.552	0.544	0.521	0.521	0.529	0.533	0.491	0.527	0.552	0.547	0.533	0.559	0.554	0.533	0.553	0.540	0.557	0.530	0.510	0.521	0.566	0.565	0.578	0.584	0.592	0.557	0.576	0.553	0.549	0.538	0.507	0.514	0.549	0.554	0.568	0.551	0.553	0.541	0.518	0.546	0.526	0.523	0.506	0.527	0.543	0.551	0.557	0.544	0.559	0.538	0.540	0.549	0.536	0.546	0.520	0.540	0.576	0.534	0.542	0.549	0.546	0.535	0.541	0.523	0.532	0.566	0.506	0.499	0.502	0.514	0.539	0.541	0.474	0.522	0.512	0.539	0.490	0.496	0.493
18	0.500	0.523	0.545	0.544	0.526	0.539	0.518	0.520	0.486	0.509	0.508	0.501	0.473	0.507	0.560	0.572	0.552	0.557	0.548	0.525	0.524	0.535	0.540	0.496	0.531	0.556	0.552	0.538	0.563	0.559	0.536	0.558	0.544	0.560	0.536	0.516	0.526	0.569	0.568	0.582	0.590	0.597	0.565	0.579	0.558	0.554	0.543	0.512	0.517	0.555	0.559	0.572	0.555	0.558	0.547	0.529	0.552	0.533	0.530	0.511	0.528	0.547	0.552	0.565	0.550	0.564	0.542	0.545	0.554	0.541	0.549	0.523	0.544	0.577	0.538	0.545	0.554	0.549	0.537	0.546	0.527	0.538	0.567	0.512	0.505	0.507	0.519	0.542	0.544	0.479	0.526	0.516	0.543	0.496	0.500	0.497
19	0.504	0.526	0.547	0.546	0.529	0.541	0.521	0.524	0.490	0.512	0.511	0.506	0.475	0.504	0.563	0.575	0.554	0.559	0.551	0.529	0.527	0.538	0.542	0.500	0.534	0.557	0.553	0.541	0.566	0.561	0.538	0.561	0.545	0.564	0.536	0.518	0.529	0.573	0.570	0.590	0.592	0.600	0.566	0.582	0.564	0.556	0.545	0.515	0.518	0.556	0.562	0.575	0.563	0.563	0.552	0.533	0.554	0.535	0.534	0.515	0.529	0.543	0.555	0.567	0.556	0.569	0.545	0.548	0.558	0.544	0.553	0.520	0.547	0.578	0.539	0.547	0.558	0.555	0.541	0.547	0.525	0.541	0.570	0.517	0.509	0.507	0.520	0.544	0.548	0.483	0.529	0.519	0.543	0.501	0.504	0.502
20	0.507	0.527	0.548	0.551	0.531	0.540	0.522	0.526	0.495	0.512	0.513	0.510	0.477	0.506	0.564	0.578	0.556	0.559	0.551	0.532	0.528	0.538	0.542	0.504	0.536	0.559	0.555	0.549	0.564	0.563	0.540	0.559	0.546	0.563	0.538	0.519	0.530	0.572	0.571	0.589	0.590	0.599	0.568	0.582	0.565	0.556	0.548	0.517	0.520	0.555	0.561	0.576	0.562	0.563	0.556	0.535	0.554	0.538	0.535	0.517	0.531	0.548	0.560	0.569	0.557	0.570	0.548	0.550	0.562	0.543	0.552	0.523	0.550	0.581	0.541	0.549	0.556	0.555	0.542	0.547	0.525	0.539	0.569	0.521	0.512	0.509	0.522	0.548	0.548	0.485	0.530	0.519	0.544	0.502	0.507	0.505
21	0.510	0.528	0.549	0.552	0.534	0.542	0.525	0.528	0.498	0.514	0.515	0.514	0.478	0.507	0.563	0.575	0.555	0.562	0.555	0.530	0.529	0.538	0.540	0.506	0.538	0.559	0.557	0.548	0.563	0.564	0.542	0.559	0.547	0.565	0.534	0.522	0.532	0.573	0.573	0.585	0.590	0.598	0.570	0.583	0.559	0.558	0.546	0.520	0.522	0.557	0.563	0.576	0.565	0.564	0.559	0.537	0.555	0.539	0.535	0.520	0.530	0.546	0.560	0.570	0.552	0.567	0.550	0.549	0.560	0.545	0.550	0.523	0.552	0.579	0.541	0.548	0.555	0.552	0.543	0.544	0.526	0.537	0.569	0.524	0.515	0.512	0.524	0.548	0.551	0.488	0.533	0.520	0.544	0.505	0.509	0.509
22	0.513	0.530	0.548	0.552	0.534	0.543	0.524	0.530	0.501	0.519	0.517	0.516	0.480	0.506	0.563	0.569	0.553	0.561	0.550	0.532	0.529	0.538	0.539	0.508	0.537	0.555	0.557	0.549	0.566	0.561	0.545	0.559	0.545	0.560	0.536	0.524	0.534	0.566	0.574	0.586	0.590	0.599	0.569	0.585	0.558	0.562	0.546	0.522	0.521	0.556	0.561	0.577	0.564	0.565	0.560	0.538	0.554	0.535	0.534	0.522	0.532	0.543	0.557	0.567	0.551	0.570	0.550	0.549	0.560	0.543	0.548	0.525	0.554	0.582	0.538	0.547	0.553	0.552	0.543	0.544	0.526	0.537	0.566	0.527	0.517	0.513	0.526	0.549	0.547	0.490	0.530	0.522	0.544	0.505	0.511	0.511
23	0.514	0.529	0.547	0.551	0.533	0.543	0.524	0.531	0.503	0.517	0.518	0.518	0.481	0.506	0.557	0.565	0.553	0.558	0.552	0.529	0.528	0.536	0.536	0.510	0.538	0.555	0.553	0.545	0.561	0.563	0.543	0.555	0.545	0.555	0.534	0.524	0.534	0.564	0.569	0.580	0.588	0.596	0.567	0.580	0.551	0.558	0.542	0.522	0.522	0.554	0.559	0.576	0.563	0.563	0.560	0.537	0.552	0.534	0.530	0.522	0.534	0.543	0.556	0.566	0.552	0.562	0.548	0.547	0.552	0.540	0.541	0.525	0.554	0.577	0.538	0.545	0.551	0.551	0.543	0.542	0.522	0.536	0.563	0.527	0.519	0.512	0.525	0.548	0.544	0.491	0.529	0.521	0.542	0.506	0.512	0.513
