Time	A1	A2	A3	A4	A5	A6	A7	A8	A9	A10	A11	A12	B1	B2	B3	B4	B5	B6	B7	B8	B9	B10	B11	B12	C1	C2	C3	C4	C5	C6	C7	C8	C9	C10	C11	C12	D1	D2	D3	D4	D5	D6	D7	D8	D9	D10	D11	D12	E1	E2	E3	E4	E5	E6	E7	E8	E9	E10	E11	E12	F1	F2	F3	F4	F5	F6	F7	F8	F9	F10	F11	F12	G1	G2	G3	G4	G5	G6	G7	G8	G9	G10	G11	G12	H1	H2	H3	H4	H5	H6	H7	H8	H9	H10	H11	H12
0	0.160	0.159	0.162	0.160	0.158	0.158	0.161	0.163	0.159	0.164	0.242	0.168	0.168	0.161	0.158	0.163	0.162	0.159	0.159	0.158	0.158	0.157	0.159	0.183	0.178	0.157	0.165	0.162	0.164	0.169	0.162	0.169	0.199	0.162	0.168	0.172	0.164	0.165	0.155	0.155	0.158	0.163	0.159	0.158	0.162	0.161	0.158	0.171	0.165	0.170	0.158	0.159	0.159	0.164	0.173	0.162	0.159	0.156	0.165	0.175	0.164	0.162	0.159	0.158	0.157	0.160	0.169	0.161	0.158	0.162	0.161	0.189	0.168	0.168	0.161	0.155	0.167	0.160	0.165	0.171	0.160	0.163	0.163	0.167	0.173	0.164	0.169	0.160	0.163	0.163	0.164	0.159	0.159	0.160	0.162	0.176
1	0.167	0.165	0.167	0.166	0.163	0.163	0.166	0.169	0.164	0.170	0.156	0.171	0.173	0.167	0.162	0.168	0.166	0.163	0.163	0.162	0.163	0.168	0.164	0.186	0.182	0.162	0.167	0.166	0.166	0.171	0.164	0.171	0.202	0.166	0.171	0.177	0.169	0.169	0.159	0.159	0.162	0.167	0.163	0.162	0.164	0.165	0.162	0.176	0.170	0.173	0.162	0.163	0.162	0.168	0.176	0.165	0.163	0.160	0.168	0.180	0.169	0.166	0.163	0.161	0.161	0.163	0.171	0.164	0.161	0.165	0.165	0.193	0.172	0.172	0.164	0.159	0.342	0.233	0.183	0.188	0.180	0.163	0.164	0.169	0.176	0.164	0.170	0.518	0.161	0.544	0.250	0.156	0.161	0.163	0.163	0.178
2	0.183	0.182	0.181	0.181	0.176	0.176	0.208	0.199	0.206	0.211	0.169	0.182	0.189	0.181	0.175	0.180	0.178	0.175	0.175	0.211	0.199	0.200	0.199	0.207	0.194	0.174	0.177	0.177	0.176	0.181	0.174	0.180	0.275	0.214	0.229	0.227	0.182	0.181	0.170	0.169	0.171	0.177	0.172	0.173	0.174	0.176	0.205	0.230	0.182	0.184	0.173	0.172	0.172	0.177	0.185	0.174	0.173	0.171	0.179	0.277	0.182	0.177	0.174	0.172	0.172	0.173	0.180	0.173	0.171	0.177	0.177	0.205	0.188	0.185	0.176	0.170	0.308	0.231	0.196	0.199	0.190	0.177	0.180	0.185	0.191	0.182	0.184	0.463	0.173	0.173	0.238	0.167	0.175	0.177	0.178	0.192
3	0.213	0.210	0.207	0.204	0.201	0.201	0.206	0.219	0.218	0.235	0.196	0.242	0.218	0.206	0.197	0.202	0.200	0.197	0.196	0.231	0.213	0.223	0.253	0.291	0.219	0.198	0.198	0.197	0.196	0.200	0.194	0.200	0.307	0.225	0.229	0.241	0.207	0.204	0.191	0.188	0.189	0.196	0.191	0.192	0.193	0.198	0.259	0.237	0.205	0.208	0.193	0.191	0.191	0.196	0.202	0.190	0.192	0.191	0.200	0.246	0.206	0.200	0.196	0.191	0.191	0.192	0.198	0.192	0.192	0.199	0.202	0.229	0.217	0.212	0.199	0.190	0.289	0.242	0.221	0.220	0.212	0.200	0.205	0.212	0.216	0.207	0.208	0.408	0.196	0.193	0.253	0.188	0.200	0.201	0.203	0.218
4	0.254	0.251	0.246	0.242	0.238	0.612	0.378	0.269	0.223	0.408	0.236	0.243	0.259	0.246	0.232	0.237	0.235	0.231	0.231	0.259	0.267	0.224	0.229	0.245	0.257	0.236	0.235	0.232	0.231	0.233	0.227	0.233	0.316	0.247	0.254	0.320	0.244	0.240	0.225	0.221	0.220	0.228	0.223	0.225	0.225	0.233	0.227	0.238	0.243	0.247	0.225	0.222	0.221	0.228	0.230	0.216	0.223	0.223	0.234	0.273	0.244	0.238	0.233	0.225	0.223	0.224	0.229	0.223	0.225	0.232	0.239	0.263	0.261	0.252	0.237	0.222	0.290	0.267	0.255	0.255	0.245	0.236	0.242	0.250	0.251	0.244	0.391	0.372	0.232	0.226	0.281	0.223	0.235	0.236	0.239	0.255
5	0.304	0.302	0.296	0.289	0.284	0.494	0.370	0.314	0.264	0.276	0.282	0.290	0.311	0.297	0.277	0.280	0.279	0.272	0.276	0.297	0.313	0.266	0.273	0.353	0.304	0.286	0.287	0.278	0.280	0.279	0.270	0.276	0.348	0.283	0.295	0.370	0.291	0.288	0.270	0.263	0.263	0.271	0.266	0.272	0.263	0.278	0.269	0.277	0.294	0.299	0.266	0.266	0.264	0.269	0.267	0.250	0.262	0.263	0.275	0.310	0.292	0.288	0.279	0.267	0.266	0.266	0.273	0.261	0.268	0.275	0.284	0.309	0.322	0.318	0.294	0.262	0.307	0.300	0.296	0.296	0.283	0.279	0.291	0.298	0.296	0.290	0.345	0.371	0.278	0.267	0.315	0.264	0.281	0.281	0.284	0.304
6	0.359	0.360	0.351	0.344	0.338	0.450	0.361	0.359	0.327	0.327	0.414	0.334	0.373	0.369	0.337	0.342	0.343	0.334	0.347	0.347	0.358	0.318	0.381	0.386	0.363	0.360	0.360	0.349	0.352	0.351	0.336	0.339	0.395	0.330	0.319	0.327	0.355	0.361	0.341	0.327	0.331	0.336	0.331	0.346	0.321	0.347	0.328	0.323	0.364	0.383	0.336	0.340	0.335	0.335	0.323	0.301	0.321	0.318	0.333	0.357	0.362	0.360	0.348	0.336	0.338	0.336	0.347	0.315	0.323	0.326	0.341	0.361	0.403	0.412	0.374	0.323	0.349	0.352	0.349	0.346	0.331	0.337	0.352	0.353	0.330	0.347	0.368	0.395	0.336	0.318	0.357	0.313	0.334	0.333	0.335	0.356
7	0.379	0.385	0.387	0.381	0.373	0.418	0.388	0.381	0.358	0.354	0.345	0.342	0.404	0.417	0.400	0.413	0.415	0.407	0.423	0.407	0.408	0.372	0.363	0.385	0.404	0.424	0.432	0.420	0.419	0.424	0.409	0.408	0.453	0.384	0.375	0.365	0.410	0.431	0.412	0.401	0.403	0.407	0.405	0.417	0.391	0.419	0.391	0.342	0.408	0.451	0.408	0.415	0.409	0.405	0.392	0.365	0.392	0.384	0.395	0.391	0.416	0.434	0.425	0.412	0.417	0.413	0.427	0.385	0.396	0.390	0.394	0.402	0.434	0.463	0.439	0.403	0.414	0.423	0.420	0.409	0.378	0.392	0.402	0.382	0.362	0.390	0.408	0.433	0.386	0.363	0.395	0.352	0.378	0.371	0.370	0.380
8	0.384	0.395	0.400	0.393	0.382	0.403	0.398	0.394	0.369	0.362	0.355	0.351	0.413	0.423	0.414	0.425	0.427	0.422	0.435	0.418	0.429	0.383	0.363	0.391	0.412	0.432	0.444	0.441	0.440	0.447	0.435	0.430	0.462	0.402	0.394	0.378	0.420	0.443	0.434	0.427	0.442	0.440	0.435	0.445	0.417	0.430	0.404	0.348	0.414	0.460	0.432	0.451	0.440	0.437	0.427	0.410	0.421	0.401	0.408	0.399	0.425	0.448	0.440	0.447	0.451	0.445	0.457	0.414	0.416	0.407	0.407	0.412	0.451	0.480	0.451	0.424	0.429	0.438	0.451	0.427	0.400	0.409	0.414	0.395	0.375	0.397	0.418	0.438	0.401	0.376	0.411	0.362	0.392	0.383	0.382	0.391
9	0.396	0.408	0.417	0.408	0.394	0.408	0.407	0.417	0.382	0.371	0.371	0.364	0.421	0.432	0.425	0.434	0.438	0.431	0.444	0.431	0.440	0.394	0.372	0.402	0.423	0.442	0.452	0.449	0.446	0.453	0.442	0.438	0.470	0.413	0.405	0.391	0.430	0.452	0.441	0.435	0.450	0.450	0.443	0.454	0.429	0.442	0.416	0.359	0.422	0.467	0.439	0.458	0.445	0.443	0.435	0.418	0.429	0.412	0.418	0.411	0.436	0.457	0.447	0.457	0.460	0.454	0.463	0.425	0.427	0.418	0.421	0.425	0.464	0.493	0.457	0.433	0.435	0.447	0.462	0.435	0.414	0.420	0.430	0.412	0.389	0.409	0.428	0.442	0.414	0.387	0.422	0.375	0.406	0.396	0.395	0.405
10	0.408	0.423	0.434	0.425	0.408	0.420	0.419	0.430	0.493	0.417	0.382	0.374	0.430	0.444	0.440	0.450	0.452	0.445	0.456	0.448	0.452	0.407	0.384	0.379	0.437	0.455	0.462	0.458	0.457	0.464	0.455	0.450	0.478	0.425	0.418	0.405	0.444	0.463	0.451	0.447	0.461	0.461	0.454	0.464	0.442	0.456	0.430	0.392	0.432	0.480	0.449	0.469	0.453	0.453	0.448	0.423	0.441	0.422	0.432	0.425	0.447	0.469	0.460	0.472	0.470	0.466	0.473	0.438	0.441	0.436	0.438	0.442	0.480	0.509	0.469	0.445	0.445	0.463	0.468	0.450	0.423	0.434	0.447	0.428	0.402	0.422	0.441	0.456	0.429	0.399	0.434	0.390	0.423	0.410	0.410	0.419
11	0.423	0.439	0.454	0.443	0.424	0.433	0.432	0.434	0.527	0.438	0.399	0.388	0.440	0.450	0.458	0.469	0.468	0.462	0.473	0.463	0.468	0.423	0.399	0.396	0.453	0.472	0.476	0.475	0.472	0.477	0.470	0.465	0.492	0.442	0.433	0.420	0.462	0.479	0.466	0.460	0.474	0.477	0.469	0.479	0.456	0.472	0.448	0.411	0.443	0.494	0.462	0.483	0.464	0.467	0.453	0.432	0.455	0.436	0.448	0.441	0.462	0.484	0.478	0.491	0.488	0.481	0.486	0.454	0.457	0.453	0.459	0.458	0.495	0.528	0.484	0.458	0.460	0.474	0.476	0.466	0.437	0.450	0.466	0.445	0.417	0.436	0.456	0.470	0.446	0.414	0.447	0.406	0.441	0.425	0.425	0.434
12	0.434	0.452	0.470	0.459	0.438	0.446	0.442	0.457	0.510	0.444	0.409	0.397	0.449	0.459	0.475	0.488	0.488	0.479	0.487	0.478	0.482	0.438	0.436	0.399	0.466	0.490	0.492	0.491	0.488	0.494	0.487	0.481	0.508	0.456	0.448	0.425	0.477	0.495	0.482	0.479	0.494	0.494	0.484	0.496	0.473	0.489	0.461	0.426	0.453	0.508	0.477	0.501	0.478	0.483	0.466	0.443	0.472	0.453	0.467	0.456	0.473	0.500	0.494	0.512	0.507	0.499	0.503	0.472	0.476	0.472	0.475	0.474	0.512	0.544	0.498	0.474	0.475	0.494	0.495	0.478	0.451	0.464	0.482	0.459	0.428	0.449	0.474	0.486	0.462	0.428	0.461	0.419	0.456	0.439	0.439	0.448
13	0.445	0.463	0.485	0.472	0.449	0.456	0.452	0.467	0.516	0.444	0.420	0.408	0.457	0.466	0.488	0.503	0.500	0.493	0.499	0.489	0.495	0.450	0.455	0.415	0.478	0.502	0.504	0.505	0.501	0.507	0.499	0.496	0.517	0.467	0.457	0.437	0.486	0.504	0.496	0.495	0.509	0.509	0.500	0.509	0.487	0.502	0.476	0.439	0.464	0.520	0.490	0.515	0.492	0.496	0.480	0.455	0.486	0.465	0.480	0.469	0.486	0.513	0.507	0.526	0.517	0.515	0.517	0.486	0.488	0.485	0.490	0.486	0.524	0.557	0.508	0.488	0.486	0.505	0.517	0.488	0.461	0.475	0.499	0.473	0.438	0.459	0.486	0.494	0.473	0.439	0.471	0.431	0.469	0.451	0.452	0.461
14	0.455	0.473	0.497	0.484	0.459	0.466	0.459	0.467	0.521	0.450	0.429	0.417	0.463	0.469	0.501	0.516	0.513	0.504	0.509	0.499	0.506	0.462	0.467	0.425	0.487	0.513	0.513	0.516	0.511	0.516	0.510	0.506	0.523	0.479	0.468	0.447	0.500	0.513	0.507	0.513	0.521	0.521	0.511	0.520	0.499	0.515	0.486	0.448	0.473	0.530	0.501	0.525	0.502	0.507	0.491	0.464	0.496	0.476	0.493	0.481	0.498	0.523	0.518	0.537	0.531	0.525	0.527	0.499	0.500	0.498	0.502	0.499	0.536	0.570	0.518	0.499	0.496	0.512	0.528	0.503	0.475	0.490	0.511	0.485	0.449	0.467	0.497	0.505	0.484	0.449	0.482	0.442	0.481	0.462	0.461	0.472
15	0.464	0.483	0.508	0.494	0.469	0.475	0.467	0.483	0.520	0.454	0.434	0.424	0.469	0.475	0.510	0.526	0.523	0.515	0.520	0.507	0.515	0.472	0.476	0.433	0.497	0.523	0.522	0.525	0.520	0.526	0.520	0.515	0.532	0.489	0.474	0.457	0.506	0.523	0.515	0.522	0.531	0.529	0.521	0.530	0.510	0.525	0.493	0.456	0.479	0.537	0.510	0.534	0.510	0.515	0.502	0.473	0.505	0.486	0.503	0.491	0.508	0.531	0.527	0.548	0.542	0.535	0.536	0.508	0.510	0.509	0.514	0.509	0.546	0.580	0.526	0.508	0.506	0.516	0.531	0.513	0.479	0.497	0.520	0.495	0.457	0.475	0.501	0.510	0.492	0.457	0.490	0.451	0.490	0.471	0.471	0.481
16	0.475	0.492	0.518	0.504	0.478	0.484	0.476	0.483	0.526	0.463	0.443	0.432	0.475	0.479	0.521	0.534	0.531	0.524	0.530	0.519	0.522	0.480	0.486	0.442	0.504	0.527	0.527	0.533	0.528	0.533	0.528	0.524	0.538	0.497	0.484	0.464	0.514	0.531	0.523	0.532	0.538	0.537	0.527	0.538	0.519	0.532	0.501	0.466	0.487	0.546	0.516	0.542	0.518	0.524	0.509	0.481	0.512	0.493	0.511	0.499	0.517	0.538	0.536	0.556	0.548	0.543	0.543	0.515	0.518	0.519	0.522	0.517	0.554	0.587	0.532	0.515	0.513	0.523	0.537	0.525	0.490	0.504	0.530	0.505	0.465	0.483	0.508	0.519	0.500	0.465	0.493	0.459	0.499	0.479	0.479	0.489
17	0.478	0.498	0.526	0.512	0.484	0.491	0.477	0.488	0.520	0.460	0.450	0.438	0.481	0.482	0.528	0.542	0.538	0.530	0.534	0.529	0.529	0.487	0.491	0.448	0.512	0.531	0.533	0.539	0.536	0.539	0.537	0.529	0.546	0.503	0.489	0.471	0.520	0.538	0.529	0.538	0.545	0.543	0.534	0.543	0.528	0.540	0.506	0.473	0.494	0.552	0.521	0.550	0.525	0.531	0.517	0.488	0.518	0.499	0.516	0.508	0.522	0.544	0.544	0.562	0.556	0.550	0.549	0.522	0.523	0.525	0.529	0.525	0.561	0.593	0.538	0.521	0.519	0.527	0.543	0.534	0.501	0.510	0.537	0.513	0.473	0.489	0.515	0.520	0.505	0.471	0.500	0.466	0.506	0.487	0.486	0.496
18	0.483	0.503	0.532	0.517	0.491	0.497	0.483	0.494	0.526	0.464	0.455	0.444	0.486	0.487	0.533	0.547	0.545	0.534	0.541	0.537	0.533	0.494	0.500	0.454	0.518	0.536	0.539	0.545	0.542	0.542	0.541	0.536	0.549	0.509	0.494	0.477	0.524	0.545	0.533	0.542	0.549	0.548	0.538	0.548	0.529	0.544	0.511	0.479	0.499	0.555	0.528	0.554	0.534	0.536	0.524	0.494	0.525	0.506	0.522	0.515	0.529	0.548	0.550	0.569	0.560	0.554	0.550	0.526	0.529	0.530	0.535	0.531	0.564	0.597	0.543	0.528	0.522	0.530	0.546	0.542	0.502	0.516	0.539	0.519	0.478	0.494	0.521	0.525	0.509	0.476	0.503	0.472	0.511	0.491	0.492	0.502
19	0.490	0.507	0.536	0.522	0.495	0.501	0.486	0.498	0.536	0.466	0.459	0.447	0.489	0.489	0.537	0.551	0.549	0.539	0.546	0.544	0.535	0.499	0.502	0.460	0.524	0.539	0.540	0.550	0.546	0.546	0.543	0.539	0.557	0.510	0.499	0.482	0.528	0.549	0.536	0.546	0.551	0.553	0.540	0.550	0.534	0.546	0.514	0.484	0.504	0.557	0.535	0.558	0.535	0.539	0.528	0.498	0.530	0.509	0.525	0.521	0.532	0.554	0.547	0.571	0.563	0.556	0.554	0.530	0.531	0.533	0.539	0.536	0.565	0.598	0.544	0.533	0.526	0.532	0.549	0.540	0.504	0.521	0.543	0.524	0.483	0.498	0.523	0.529	0.513	0.481	0.504	0.475	0.517	0.496	0.497	0.506
20	0.492	0.511	0.541	0.525	0.499	0.505	0.486	0.499	0.526	0.470	0.463	0.451	0.492	0.493	0.541	0.554	0.551	0.542	0.549	0.548	0.538	0.503	0.506	0.465	0.529	0.541	0.545	0.552	0.545	0.546	0.546	0.540	0.562	0.511	0.501	0.486	0.531	0.551	0.536	0.547	0.553	0.554	0.545	0.553	0.537	0.549	0.516	0.488	0.508	0.558	0.535	0.560	0.537	0.541	0.532	0.502	0.537	0.512	0.525	0.525	0.537	0.555	0.551	0.574	0.564	0.561	0.556	0.535	0.534	0.537	0.541	0.539	0.570	0.599	0.547	0.534	0.527	0.533	0.547	0.546	0.510	0.526	0.545	0.527	0.487	0.501	0.530	0.532	0.515	0.483	0.507	0.478	0.521	0.499	0.502	0.510
21	0.494	0.514	0.542	0.527	0.502	0.507	0.489	0.500	0.528	0.475	0.465	0.454	0.495	0.494	0.542	0.554	0.552	0.543	0.546	0.552	0.539	0.505	0.509	0.466	0.532	0.542	0.543	0.550	0.544	0.552	0.548	0.543	0.563	0.514	0.503	0.488	0.533	0.550	0.538	0.549	0.553	0.556	0.544	0.552	0.539	0.549	0.517	0.492	0.509	0.557	0.536	0.561	0.538	0.543	0.534	0.506	0.532	0.511	0.525	0.529	0.538	0.556	0.551	0.567	0.560	0.562	0.559	0.538	0.536	0.538	0.541	0.541	0.571	0.599	0.547	0.532	0.529	0.533	0.547	0.545	0.513	0.526	0.545	0.530	0.491	0.502	0.529	0.532	0.516	0.485	0.509	0.480	0.523	0.503	0.504	0.514
22	0.498	0.516	0.545	0.528	0.505	0.509	0.495	0.501	0.531	0.482	0.467	0.456	0.498	0.496	0.542	0.556	0.552	0.543	0.547	0.554	0.539	0.507	0.510	0.470	0.534	0.543	0.543	0.549	0.543	0.547	0.546	0.543	0.559	0.513	0.504	0.490	0.535	0.549	0.539	0.547	0.556	0.558	0.546	0.554	0.535	0.552	0.517	0.494	0.511	0.555	0.537	0.559	0.537	0.542	0.538	0.509	0.535	0.511	0.526	0.531	0.540	0.554	0.551	0.574	0.567	0.559	0.557	0.537	0.536	0.538	0.540	0.543	0.572	0.597	0.547	0.531	0.527	0.533	0.545	0.532	0.508	0.526	0.544	0.532	0.493	0.505	0.531	0.533	0.517	0.485	0.510	0.481	0.526	0.506	0.507	0.519
23	0.500	0.516	0.545	0.529	0.505	0.510	0.496	0.499	0.528	0.487	0.468	0.458	0.501	0.498	0.542	0.554	0.551	0.543	0.544	0.552	0.537	0.507	0.511	0.471	0.536	0.541	0.539	0.547	0.543	0.546	0.546	0.540	0.560	0.511	0.503	0.492	0.536	0.547	0.536	0.549	0.554	0.555	0.544	0.551	0.539	0.544	0.516	0.496	0.513	0.552	0.535	0.559	0.534	0.542	0.537	0.510	0.535	0.512	0.525	0.532	0.541	0.552	0.549	0.567	0.561	0.557	0.553	0.535	0.534	0.538	0.539	0.544	0.568	0.594	0.543	0.532	0.527	0.530	0.544	0.545	0.503	0.526	0.543	0.532	0.495	0.505	0.531	0.531	0.516	0.486	0.512	0.482	0.526	0.507	0.508	0.521
