Time	A1	A2	A3	A4	A5	A6	A7	A8	A9	A10	A11	A12	B1	B2	B3	B4	B5	B6	B7	B8	B9	B10	B11	B12	C1	C2	C3	C4	C5	C6	C7	C8	C9	C10	C11	C12	D1	D2	D3	D4	D5	D6	D7	D8	D9	D10	D11	D12	E1	E2	E3	E4	E5	E6	E7	E8	E9	E10	E11	E12	F1	F2	F3	F4	F5	F6	F7	F8	F9	F10	F11	F12	G1	G2	G3	G4	G5	G6	G7	G8	G9	G10	G11	G12	H1	H2	H3	H4	H5	H6	H7	H8	H9	H10	H11	H12
0	0.170	0.160	0.155	0.157	0.159	0.162	0.158	0.149	0.207	0.461	0.159	0.160	0.161	0.161	0.157	0.167	0.163	0.163	0.157	0.158	0.168	0.161	0.157	0.164	0.179	0.162	0.159	0.165	0.170	0.161	0.161	0.165	0.166	0.161	0.160	0.168	0.167	0.163	0.161	0.169	0.164	0.167	0.167	0.174	0.164	0.162	0.165	0.159	0.162	0.159	0.176	0.173	0.169	0.165	0.169	0.160	0.160	0.162	0.163	0.158	0.177	0.162	0.160	0.160	0.160	0.173	0.175	0.161	0.158	0.164	0.170	0.164	0.168	0.166	0.158	0.163	0.188	0.164	0.164	0.163	0.179	0.164	0.166	0.171	0.345	0.171	0.165	0.164	0.160	0.160	0.164	0.168	0.160	0.168	0.170	0.166
1	0.163	0.152	0.153	0.155	0.157	0.159	0.159	0.154	0.156	0.156	0.157	0.160	0.153	0.154	0.152	0.158	0.157	0.151	0.154	0.172	0.188	0.180	0.155	0.161	0.168	0.155	0.155	0.159	0.205	0.161	0.161	0.166	0.165	0.161	0.163	0.187	0.158	0.158	0.169	0.172	0.167	0.170	0.167	0.175	0.165	0.162	0.168	0.189	0.150	0.148	0.184	0.172	0.169	0.166	0.169	0.161	0.163	0.161	0.164	0.155	0.176	0.154	0.164	0.161	0.160	0.173	0.176	0.164	0.159	0.164	0.170	0.167	0.165	0.163	0.451	0.227	0.192	0.167	0.174	0.165	0.173	0.157	0.160	0.166	0.168	0.167	0.184	0.177	0.178	0.177	0.180	0.162	0.157	0.163	0.159	0.162
2	0.176	0.168	0.170	0.170	0.174	0.174	0.176	0.169	0.173	0.171	0.175	0.177	0.166	0.169	0.167	0.174	0.171	0.171	0.167	0.165	0.183	0.180	0.172	0.179	0.182	0.169	0.170	0.173	0.179	0.170	0.169	0.175	0.176	0.172	0.176	0.189	0.173	0.172	0.166	0.180	0.177	0.179	0.176	0.183	0.174	0.171	0.170	0.168	0.172	0.169	0.183	0.180	0.176	0.173	0.176	0.168	0.172	0.454	0.163	0.166	0.189	0.161	0.174	0.171	0.170	0.181	0.183	0.172	0.169	0.195	0.173	0.171	0.180	0.179	0.167	0.180	0.181	0.176	0.173	0.175	0.164	0.168	0.170	0.177	0.185	0.201	0.187	0.183	0.178	0.179	0.180	0.177	0.172	0.174	0.171	0.173
3	0.202	0.196	0.194	0.196	0.198	0.199	0.201	0.196	0.197	0.197	0.201	0.199	0.190	0.193	0.190	0.197	0.191	0.191	0.189	0.190	0.198	0.193	0.195	0.198	0.204	0.192	0.193	0.193	0.199	0.191	0.189	0.193	0.196	0.194	0.303	0.204	0.232	0.195	0.184	0.199	0.194	0.198	0.195	0.202	0.193	0.191	0.192	0.188	0.194	0.190	0.196	0.196	0.192	0.191	0.192	0.184	0.190	0.182	0.184	0.187	0.212	0.183	0.194	0.189	0.188	0.198	0.200	0.189	0.188	0.184	0.193	0.192	0.208	0.203	0.187	0.198	0.193	0.196	0.191	0.195	0.184	0.190	0.192	0.200	0.207	0.213	0.205	0.203	0.193	0.197	0.194	0.197	0.191	0.195	0.193	0.197
4	0.240	0.236	0.234	0.234	0.234	0.236	0.240	0.235	0.231	0.235	0.239	0.232	0.231	0.232	0.224	0.230	0.225	0.224	0.223	0.223	0.226	0.228	0.230	0.231	0.240	0.228	0.226	0.224	0.228	0.223	0.222	0.224	0.229	0.229	0.251	0.232	0.240	0.231	0.216	0.231	0.225	0.230	0.227	0.233	0.225	0.223	0.227	0.223	0.229	0.223	0.222	0.225	0.220	0.220	0.219	0.209	0.220	0.213	0.219	0.216	0.248	0.224	0.228	0.221	0.218	0.228	0.228	0.220	0.221	0.222	0.230	0.225	0.247	0.240	0.223	0.229	0.225	0.228	0.222	0.229	0.220	0.228	0.228	0.238	0.243	0.245	0.239	0.235	0.225	0.229	0.223	0.231	0.229	0.229	0.229	0.230
5	0.284	0.281	0.280	0.280	0.278	0.280	0.287	0.281	0.280	0.280	0.288	0.276	0.273	0.276	0.265	0.272	0.266	0.263	0.263	0.262	0.263	0.273	0.275	0.277	0.281	0.270	0.266	0.264	0.264	0.263	0.260	0.263	0.268	0.269	0.287	0.276	0.275	0.274	0.256	0.271	0.264	0.270	0.269	0.273	0.264	0.263	0.270	0.266	0.266	0.263	0.254	0.264	0.257	0.259	0.254	0.242	0.256	0.254	0.260	0.256	0.289	0.267	0.271	0.260	0.257	0.266	0.266	0.258	0.261	0.261	0.271	0.267	0.298	0.289	0.263	0.268	0.264	0.269	0.262	0.271	0.261	0.271	0.276	0.283	0.291	0.286	0.280	0.275	0.268	0.268	0.262	0.273	0.272	0.269	0.271	0.272
6	0.326	0.329	0.327	0.328	0.325	0.326	0.335	0.327	0.324	0.319	0.325	0.315	0.319	0.328	0.316	0.322	0.313	0.310	0.309	0.305	0.307	0.348	0.317	0.317	0.324	0.321	0.321	0.315	0.308	0.320	0.305	0.322	0.322	0.801	0.317	0.318	0.317	0.328	0.301	0.326	0.319	0.333	0.334	0.325	0.318	0.309	0.314	0.306	0.309	0.310	0.296	0.321	0.311	0.319	0.306	0.285	0.310	0.301	0.305	0.295	0.339	0.322	0.336	0.315	0.317	0.327	0.324	0.315	0.317	0.312	0.317	0.306	0.356	0.355	0.316	0.320	0.321	0.328	0.322	0.334	0.314	0.323	0.325	0.330	0.340	0.334	0.329	0.336	0.321	0.325	0.304	0.327	0.324	0.313	0.313	0.313
7	0.337	0.346	0.354	0.358	0.358	0.360	0.366	0.356	0.407	0.342	0.342	0.323	0.337	0.362	0.369	0.380	0.370	0.369	0.370	0.358	0.345	0.404	0.353	0.335	0.350	0.371	0.392	0.376	0.364	0.386	0.381	0.390	0.394	0.378	0.387	0.336	0.351	0.394	0.358	0.393	0.385	0.402	0.401	0.390	0.380	0.455	0.356	0.332	0.346	0.368	0.354	0.390	0.377	0.388	0.371	0.342	0.492	0.419	0.353	0.321	0.379	0.388	0.412	0.389	0.392	0.399	0.391	0.381	0.387	0.379	0.414	0.334	0.386	0.405	0.377	0.393	0.392	0.404	0.395	0.407	0.383	0.380	0.358	0.343	0.368	0.370	0.376	0.389	0.367	0.382	0.344	0.370	0.369	0.348	0.337	0.327
8	0.347	0.357	0.365	0.369	0.370	0.369	0.376	0.366	0.395	0.352	0.352	0.335	0.346	0.370	0.384	0.396	0.384	0.383	0.381	0.370	0.362	0.406	0.362	0.345	0.361	0.384	0.405	0.399	0.387	0.408	0.409	0.411	0.408	0.393	0.372	0.348	0.358	0.409	0.383	0.429	0.425	0.436	0.429	0.422	0.410	0.462	0.375	0.340	0.352	0.378	0.383	0.430	0.413	0.419	0.409	0.389	0.489	0.431	0.367	0.332	0.388	0.402	0.434	0.429	0.425	0.437	0.423	0.416	0.408	0.398	0.425	0.346	0.399	0.421	0.392	0.413	0.416	0.427	0.416	0.425	0.400	0.390	0.370	0.355	0.378	0.380	0.385	0.401	0.381	0.393	0.357	0.381	0.382	0.357	0.345	0.368
9	0.359	0.369	0.379	0.385	0.383	0.382	0.389	0.381	0.408	0.367	0.367	0.345	0.355	0.378	0.396	0.410	0.395	0.393	0.391	0.380	0.371	0.381	0.372	0.358	0.371	0.396	0.414	0.410	0.400	0.419	0.418	0.420	0.420	0.406	0.397	0.358	0.369	0.420	0.392	0.440	0.435	0.446	0.437	0.431	0.422	0.475	0.388	0.350	0.361	0.391	0.393	0.439	0.422	0.424	0.418	0.399	0.488	0.432	0.376	0.345	0.398	0.414	0.443	0.440	0.433	0.445	0.431	0.426	0.415	0.409	0.442	0.357	0.413	0.436	0.402	0.422	0.424	0.435	0.422	0.433	0.407	0.402	0.385	0.370	0.389	0.391	0.393	0.413	0.392	0.402	0.369	0.391	0.395	0.368	0.356	0.360
10	0.373	0.385	0.396	0.402	0.399	0.398	0.404	0.396	0.421	0.381	0.378	0.353	0.367	0.387	0.411	0.424	0.410	0.406	0.405	0.393	0.380	0.399	0.393	0.370	0.387	0.412	0.429	0.422	0.425	0.432	0.431	0.432	0.432	0.421	0.414	0.370	0.384	0.438	0.410	0.451	0.451	0.461	0.450	0.447	0.437	0.499	0.402	0.363	0.374	0.404	0.405	0.452	0.431	0.435	0.427	0.405	0.492	0.440	0.390	0.360	0.412	0.427	0.455	0.455	0.444	0.460	0.441	0.437	0.431	0.424	0.464	0.373	0.432	0.455	0.415	0.436	0.437	0.447	0.434	0.447	0.418	0.416	0.405	0.385	0.402	0.404	0.404	0.428	0.407	0.413	0.384	0.402	0.409	0.378	0.369	0.362
11	0.389	0.400	0.414	0.419	0.417	0.416	0.420	0.412	0.435	0.397	0.395	0.368	0.376	0.396	0.428	0.442	0.427	0.422	0.421	0.408	0.395	0.416	0.412	0.385	0.401	0.431	0.446	0.441	0.442	0.449	0.449	0.450	0.453	0.439	0.433	0.385	0.400	0.456	0.429	0.471	0.468	0.477	0.468	0.464	0.454	0.508	0.419	0.376	0.389	0.418	0.419	0.468	0.442	0.449	0.438	0.416	0.504	0.450	0.409	0.375	0.428	0.445	0.469	0.474	0.459	0.477	0.456	0.453	0.450	0.442	0.478	0.389	0.451	0.474	0.431	0.451	0.452	0.462	0.449	0.465	0.434	0.433	0.426	0.402	0.417	0.418	0.419	0.447	0.425	0.427	0.410	0.415	0.426	0.392	0.384	0.376
12	0.400	0.413	0.430	0.434	0.432	0.429	0.434	0.426	0.444	0.409	0.406	0.377	0.385	0.407	0.448	0.458	0.444	0.437	0.438	0.423	0.411	0.432	0.426	0.398	0.417	0.448	0.463	0.459	0.461	0.466	0.466	0.466	0.469	0.455	0.448	0.396	0.416	0.473	0.449	0.492	0.488	0.497	0.487	0.486	0.471	0.528	0.436	0.390	0.404	0.434	0.436	0.486	0.455	0.462	0.452	0.426	0.511	0.461	0.430	0.390	0.442	0.459	0.486	0.493	0.477	0.496	0.470	0.470	0.465	0.459	0.488	0.404	0.466	0.490	0.447	0.467	0.468	0.480	0.465	0.482	0.448	0.448	0.441	0.415	0.430	0.432	0.433	0.463	0.440	0.439	0.429	0.429	0.441	0.405	0.397	0.387
13	0.409	0.422	0.443	0.447	0.444	0.441	0.447	0.438	0.452	0.420	0.417	0.386	0.391	0.415	0.460	0.470	0.457	0.448	0.450	0.436	0.425	0.444	0.440	0.409	0.429	0.460	0.476	0.473	0.466	0.480	0.482	0.481	0.484	0.470	0.461	0.408	0.428	0.486	0.457	0.510	0.503	0.512	0.506	0.501	0.487	0.536	0.447	0.398	0.414	0.446	0.449	0.502	0.471	0.477	0.468	0.439	0.515	0.470	0.441	0.401	0.455	0.471	0.500	0.510	0.493	0.511	0.486	0.487	0.479	0.473	0.505	0.419	0.481	0.504	0.459	0.483	0.481	0.493	0.479	0.496	0.461	0.460	0.456	0.426	0.441	0.443	0.444	0.478	0.453	0.449	0.442	0.439	0.453	0.414	0.406	0.395
14	0.418	0.433	0.455	0.459	0.455	0.452	0.457	0.450	0.460	0.430	0.429	0.396	0.397	0.421	0.471	0.482	0.468	0.460	0.462	0.448	0.436	0.456	0.451	0.419	0.439	0.474	0.487	0.487	0.486	0.492	0.494	0.491	0.496	0.483	0.473	0.419	0.442	0.498	0.466	0.519	0.518	0.524	0.518	0.513	0.499	0.538	0.458	0.409	0.423	0.455	0.461	0.513	0.481	0.487	0.477	0.448	0.520	0.480	0.452	0.411	0.468	0.482	0.512	0.522	0.506	0.523	0.498	0.499	0.490	0.484	0.513	0.430	0.492	0.517	0.470	0.494	0.491	0.505	0.487	0.509	0.469	0.469	0.467	0.437	0.449	0.454	0.455	0.490	0.463	0.457	0.448	0.448	0.464	0.423	0.415	0.405
15	0.427	0.443	0.467	0.470	0.466	0.462	0.468	0.459	0.469	0.440	0.437	0.402	0.402	0.426	0.482	0.493	0.483	0.470	0.471	0.459	0.446	0.467	0.462	0.428	0.449	0.482	0.498	0.496	0.491	0.502	0.505	0.502	0.510	0.491	0.485	0.428	0.456	0.507	0.487	0.531	0.531	0.537	0.526	0.529	0.510	0.538	0.468	0.419	0.431	0.464	0.471	0.522	0.492	0.499	0.487	0.459	0.528	0.501	0.461	0.422	0.478	0.495	0.523	0.533	0.514	0.534	0.509	0.514	0.503	0.494	0.521	0.441	0.503	0.527	0.480	0.504	0.504	0.514	0.497	0.520	0.479	0.482	0.479	0.447	0.458	0.463	0.465	0.501	0.473	0.467	0.450	0.458	0.473	0.431	0.423	0.413
16	0.433	0.451	0.476	0.479	0.475	0.471	0.476	0.469	0.478	0.448	0.445	0.411	0.407	0.431	0.490	0.501	0.492	0.479	0.481	0.468	0.455	0.476	0.471	0.437	0.457	0.491	0.508	0.505	0.500	0.512	0.515	0.512	0.517	0.501	0.494	0.437	0.465	0.514	0.498	0.541	0.541	0.541	0.535	0.532	0.517	0.551	0.479	0.427	0.440	0.473	0.478	0.531	0.501	0.508	0.495	0.466	0.529	0.509	0.471	0.430	0.488	0.501	0.530	0.541	0.522	0.542	0.518	0.522	0.511	0.502	0.528	0.449	0.512	0.536	0.487	0.513	0.513	0.522	0.508	0.526	0.489	0.493	0.487	0.456	0.467	0.469	0.473	0.509	0.481	0.473	0.455	0.466	0.481	0.437	0.430	0.420
17	0.440	0.457	0.484	0.487	0.482	0.478	0.483	0.477	0.480	0.456	0.453	0.417	0.412	0.434	0.498	0.508	0.500	0.488	0.490	0.476	0.463	0.482	0.478	0.444	0.465	0.497	0.514	0.515	0.505	0.520	0.522	0.521	0.524	0.508	0.501	0.444	0.474	0.521	0.504	0.550	0.549	0.548	0.540	0.545	0.525	0.554	0.483	0.435	0.447	0.481	0.482	0.538	0.512	0.513	0.505	0.473	0.535	0.515	0.476	0.437	0.493	0.510	0.538	0.548	0.532	0.551	0.525	0.530	0.518	0.512	0.534	0.457	0.521	0.544	0.494	0.518	0.520	0.528	0.516	0.536	0.497	0.496	0.494	0.463	0.473	0.476	0.480	0.517	0.487	0.480	0.455	0.471	0.489	0.443	0.438	0.425
18	0.445	0.463	0.489	0.494	0.489	0.485	0.490	0.483	0.484	0.463	0.460	0.422	0.415	0.440	0.502	0.517	0.506	0.494	0.496	0.482	0.468	0.489	0.483	0.450	0.471	0.506	0.519	0.519	0.507	0.527	0.528	0.527	0.529	0.514	0.507	0.451	0.481	0.527	0.509	0.555	0.555	0.555	0.549	0.548	0.533	0.560	0.490	0.441	0.451	0.487	0.488	0.543	0.516	0.519	0.510	0.481	0.542	0.526	0.483	0.444	0.500	0.514	0.540	0.556	0.538	0.556	0.529	0.533	0.522	0.516	0.537	0.464	0.528	0.552	0.498	0.524	0.525	0.534	0.518	0.539	0.500	0.501	0.500	0.470	0.478	0.481	0.485	0.522	0.493	0.484	0.459	0.477	0.495	0.449	0.443	0.431
19	0.449	0.468	0.496	0.499	0.495	0.491	0.497	0.490	0.487	0.468	0.465	0.426	0.418	0.443	0.508	0.522	0.513	0.499	0.503	0.488	0.476	0.494	0.487	0.455	0.476	0.511	0.523	0.526	0.509	0.531	0.531	0.530	0.533	0.518	0.511	0.456	0.488	0.533	0.512	0.558	0.561	0.560	0.553	0.553	0.536	0.562	0.497	0.445	0.457	0.492	0.489	0.547	0.520	0.525	0.516	0.487	0.543	0.527	0.487	0.448	0.505	0.519	0.543	0.558	0.542	0.561	0.536	0.539	0.526	0.522	0.542	0.469	0.534	0.555	0.503	0.528	0.529	0.537	0.522	0.541	0.505	0.506	0.504	0.474	0.483	0.486	0.490	0.527	0.498	0.487	0.462	0.481	0.499	0.454	0.449	0.435
20	0.454	0.472	0.499	0.503	0.499	0.495	0.501	0.495	0.490	0.472	0.469	0.428	0.422	0.447	0.511	0.524	0.516	0.502	0.507	0.491	0.478	0.497	0.492	0.460	0.479	0.514	0.528	0.528	0.513	0.533	0.534	0.531	0.535	0.521	0.515	0.460	0.492	0.536	0.513	0.561	0.563	0.560	0.559	0.558	0.539	0.568	0.498	0.449	0.463	0.495	0.493	0.555	0.523	0.526	0.520	0.491	0.552	0.526	0.490	0.452	0.510	0.522	0.546	0.564	0.544	0.562	0.536	0.539	0.528	0.523	0.549	0.474	0.537	0.557	0.504	0.532	0.532	0.539	0.523	0.543	0.506	0.510	0.507	0.477	0.488	0.489	0.493	0.530	0.501	0.489	0.468	0.484	0.503	0.458	0.452	0.439
21	0.456	0.475	0.502	0.506	0.502	0.498	0.504	0.497	0.493	0.476	0.472	0.432	0.424	0.449	0.513	0.526	0.519	0.505	0.510	0.494	0.482	0.501	0.494	0.464	0.483	0.515	0.529	0.531	0.515	0.535	0.536	0.533	0.539	0.523	0.517	0.464	0.495	0.539	0.514	0.559	0.559	0.561	0.562	0.557	0.540	0.567	0.501	0.453	0.467	0.497	0.493	0.557	0.523	0.527	0.522	0.495	0.553	0.527	0.493	0.456	0.514	0.524	0.545	0.562	0.547	0.564	0.538	0.542	0.528	0.526	0.543	0.477	0.540	0.558	0.506	0.533	0.533	0.540	0.523	0.547	0.508	0.510	0.509	0.481	0.491	0.493	0.495	0.534	0.503	0.490	0.469	0.486	0.506	0.461	0.455	0.442
22	0.459	0.477	0.504	0.509	0.505	0.501	0.507	0.499	0.495	0.479	0.475	0.434	0.426	0.451	0.514	0.528	0.522	0.507	0.511	0.497	0.484	0.501	0.496	0.466	0.487	0.516	0.531	0.531	0.515	0.535	0.534	0.533	0.538	0.523	0.517	0.467	0.497	0.541	0.512	0.563	0.561	0.560	0.557	0.557	0.541	0.567	0.501	0.456	0.469	0.498	0.493	0.556	0.522	0.528	0.524	0.497	0.552	0.526	0.493	0.458	0.517	0.522	0.544	0.562	0.545	0.563	0.540	0.539	0.530	0.527	0.542	0.480	0.541	0.557	0.506	0.533	0.532	0.541	0.525	0.546	0.509	0.511	0.508	0.482	0.493	0.495	0.497	0.535	0.505	0.492	0.472	0.487	0.508	0.464	0.457	0.444
23	0.461	0.477	0.505	0.509	0.506	0.503	0.509	0.502	0.497	0.480	0.477	0.436	0.428	0.453	0.514	0.527	0.522	0.507	0.512	0.498	0.483	0.502	0.496	0.468	0.486	0.516	0.528	0.533	0.515	0.534	0.534	0.531	0.538	0.522	0.518	0.469	0.497	0.538	0.511	0.559	0.561	0.559	0.555	0.557	0.541	0.571	0.502	0.457	0.472	0.499	0.492	0.555	0.523	0.528	0.524	0.498	0.548	0.523	0.493	0.459	0.517	0.524	0.542	0.561	0.545	0.560	0.539	0.542	0.529	0.524	0.541	0.481	0.543	0.556	0.505	0.533	0.531	0.539	0.524	0.543	0.510	0.511	0.508	0.483	0.495	0.496	0.499	0.536	0.505	0.492	0.473	0.487	0.509	0.465	0.459	0.446
