

Software Version	3.11.19



Experiment File Path:	C:\Users\patil-group\Desktop\Sweeteners_stacker\121121_NT5025_42_78_Rep3\NT5025_42_78.xpt
Protocol File Path:	C:\Users\Public\Documents\Protocols\Screening-protocol.prt



Plate Number	Plate 5
Date	12/11/2021
Time	14:40:54
Reader Type:	Epoch 2
Reader Serial Number:	2103223
Reading Type	Reader

Procedure Details

Plate Type	96 WELL PLATE
Discontinuous Kinetics	Runtime 1:00:00 (D:HH:MM), Interval 0:01:00, 25 Reads
	Pause after each run
Eject plate on completion	
Shake	Linear: 0:00:30 (HH:MM:SS)
	Frequency: 567 cpm (3 mm)
Read	Absorbance Endpoint
	Full Plate
	Wavelengths:  600
	Read Speed: Normal,  Delay: 100 msec,  Measurements/Data Point: 8

600

Time	T° 600	A1	A2	A3	A4	A5	A6	A7	A8	A9	A10	A11	A12	B1	B2	B3	B4	B5	B6	B7	B8	B9	B10	B11	B12	C1	C2	C3	C4	C5	C6	C7	C8	C9	C10	C11	C12	D1	D2	D3	D4	D5	D6	D7	D8	D9	D10	D11	D12	E1	E2	E3	E4	E5	E6	E7	E8	E9	E10	E11	E12	F1	F2	F3	F4	F5	F6	F7	F8	F9	F10	F11	F12	G1	G2	G3	G4	G5	G6	G7	G8	G9	G10	G11	G12	H1	H2	H3	H4	H5	H6	H7	H8	H9	H10	H11	H12
0:00:34	34.5	0.177	0.192	0.184	0.187	0.181	0.188	0.192	0.182	0.185	0.189	0.181	0.187	0.180	0.184	0.184	0.183	0.177	0.181	0.186	0.191	0.192	0.180	0.188	0.196	0.177	0.174	0.180	0.187	0.183	0.183	0.175	0.184	0.190	0.180	0.191	0.182	0.183	0.181	0.183	0.181	0.189	0.184	0.184	0.188	0.180	0.188	0.188	0.186	0.183	0.182	0.191	0.197	0.190	0.185	0.187	0.196	0.186	0.189	0.183	0.189	0.183	0.177	0.177	0.189	0.183	0.180	0.181	0.178	0.182	0.183	0.181	0.189	0.178	0.175	0.177	0.175	0.181	0.183	0.179	0.181	0.180	0.203	0.186	0.180	0.186	0.181	0.193	0.183	0.229	0.190	0.186	0.190	0.180	0.182	0.183	0.186
1:00:32	34.8	0.183	0.197	0.188	0.193	0.187	0.194	0.197	0.188	0.191	0.195	0.189	0.192	0.186	0.189	0.190	0.187	0.182	0.185	0.190	0.195	0.195	0.184	0.193	0.201	0.181	0.178	0.181	0.183	0.186	0.185	0.177	0.186	0.192	0.185	0.195	0.186	0.188	0.186	0.187	0.186	0.192	0.187	0.187	0.192	0.183	0.191	0.193	0.191	0.188	0.187	0.194	0.201	0.193	0.190	0.190	0.199	0.190	0.193	0.188	0.194	0.188	0.181	0.181	0.193	0.186	0.183	0.185	0.182	0.185	0.187	0.185	0.194	0.184	0.180	0.182	0.180	0.185	0.187	0.184	0.185	0.184	0.201	0.191	0.185	0.192	0.186	0.198	0.188	0.201	0.196	0.190	0.195	0.185	0.187	0.188	0.192
2:00:32	34.9	0.194	0.207	0.195	0.202	0.197	0.202	0.205	0.196	0.200	0.203	0.198	0.203	0.197	0.198	0.198	0.196	0.191	0.193	0.197	0.202	0.202	0.193	0.202	0.211	0.190	0.185	0.189	0.190	0.192	0.189	0.184	0.191	0.197	0.190	0.201	0.193	0.197	0.194	0.195	0.194	0.199	0.195	0.194	0.199	0.191	0.199	0.200	0.200	0.197	0.195	0.200	0.210	0.200	0.196	0.197	0.206	0.198	0.202	0.196	0.202	0.198	0.190	0.189	0.200	0.194	0.190	0.192	0.189	0.193	0.195	0.193	0.202	0.193	0.190	0.190	0.188	0.192	0.195	0.192	0.193	0.193	0.209	0.198	0.194	0.202	0.196	0.208	0.197	0.201	0.202	0.199	0.203	0.194	0.195	0.197	0.201
3:00:33	34.9	0.212	0.224	0.211	0.217	0.214	0.218	0.221	0.212	0.216	0.220	0.215	0.221	0.214	0.214	0.214	0.211	0.206	0.208	0.212	0.217	0.217	0.208	0.218	0.228	0.205	0.199	0.201	0.202	0.204	0.200	0.194	0.202	0.208	0.203	0.214	0.207	0.213	0.209	0.210	0.209	0.213	0.209	0.208	0.212	0.205	0.213	0.214	0.215	0.212	0.210	0.213	0.225	0.213	0.209	0.210	0.219	0.212	0.215	0.211	0.216	0.214	0.205	0.203	0.214	0.207	0.204	0.205	0.202	0.207	0.210	0.208	0.217	0.209	0.205	0.205	0.203	0.208	0.208	0.207	0.207	0.208	0.224	0.211	0.208	0.220	0.213	0.224	0.213	0.217	0.217	0.214	0.218	0.210	0.211	0.213	0.217
4:00:34	34.9	0.229	0.240	0.226	0.232	0.230	0.233	0.237	0.228	0.232	0.236	0.232	0.237	0.230	0.230	0.228	0.223	0.221	0.222	0.226	0.231	0.231	0.224	0.234	0.244	0.220	0.210	0.212	0.213	0.215	0.209	0.204	0.212	0.219	0.214	0.227	0.220	0.228	0.223	0.223	0.220	0.225	0.220	0.220	0.224	0.217	0.225	0.228	0.229	0.228	0.224	0.226	0.238	0.225	0.221	0.221	0.230	0.225	0.229	0.225	0.229	0.229	0.218	0.216	0.225	0.219	0.214	0.216	0.213	0.220	0.223	0.222	0.231	0.224	0.220	0.220	0.218	0.222	0.225	0.221	0.223	0.221	0.236	0.225	0.222	0.236	0.229	0.241	0.228	0.232	0.232	0.227	0.231	0.224	0.226	0.228	0.232
5:00:34	34.9	0.252	0.263	0.247	0.253	0.254	0.256	0.260	0.251	0.255	0.259	0.254	0.260	0.253	0.254	0.252	0.247	0.244	0.246	0.249	0.254	0.254	0.247	0.257	0.266	0.243	0.233	0.236	0.235	0.238	0.230	0.224	0.233	0.240	0.236	0.249	0.243	0.251	0.247	0.247	0.244	0.246	0.244	0.242	0.246	0.241	0.248	0.251	0.252	0.250	0.247	0.250	0.262	0.247	0.243	0.245	0.254	0.249	0.252	0.248	0.252	0.252	0.242	0.240	0.248	0.242	0.237	0.238	0.236	0.244	0.247	0.245	0.254	0.245	0.241	0.241	0.240	0.243	0.243	0.243	0.244	0.242	0.257	0.244	0.242	0.259	0.252	0.263	0.251	0.257	0.255	0.250	0.255	0.247	0.249	0.251	0.255
6:00:35	34.9	0.271	0.281	0.265	0.271	0.273	0.274	0.279	0.270	0.273	0.277	0.272	0.278	0.272	0.274	0.272	0.267	0.264	0.265	0.268	0.272	0.273	0.266	0.274	0.284	0.261	0.253	0.254	0.256	0.260	0.251	0.247	0.254	0.260	0.256	0.268	0.260	0.270	0.266	0.267	0.266	0.267	0.265	0.264	0.267	0.261	0.268	0.269	0.270	0.268	0.266	0.268	0.282	0.267	0.263	0.265	0.272	0.270	0.271	0.266	0.270	0.271	0.261	0.261	0.271	0.264	0.259	0.260	0.257	0.264	0.266	0.264	0.272	0.263	0.259	0.260	0.258	0.263	0.262	0.261	0.262	0.261	0.274	0.262	0.259	0.278	0.271	0.281	0.269	0.303	0.275	0.270	0.274	0.266	0.267	0.269	0.273
7:00:36	34.9	0.298	0.307	0.287	0.294	0.298	0.299	0.303	0.294	0.298	0.302	0.298	0.304	0.298	0.296	0.294	0.288	0.285	0.287	0.288	0.293	0.295	0.289	0.298	0.309	0.282	0.272	0.274	0.273	0.276	0.266	0.261	0.271	0.276	0.273	0.286	0.281	0.293	0.286	0.286	0.285	0.285	0.282	0.281	0.284	0.279	0.287	0.289	0.292	0.291	0.287	0.287	0.303	0.285	0.281	0.282	0.288	0.289	0.292	0.286	0.289	0.294	0.281	0.280	0.289	0.282	0.277	0.278	0.274	0.283	0.286	0.284	0.293	0.287	0.282	0.282	0.279	0.283	0.282	0.282	0.282	0.282	0.296	0.281	0.280	0.304	0.295	0.306	0.293	0.299	0.298	0.292	0.297	0.288	0.291	0.293	0.297
8:00:37	34.9	0.326	0.335	0.314	0.320	0.327	0.327	0.331	0.322	0.326	0.330	0.324	0.330	0.327	0.326	0.323	0.315	0.313	0.315	0.316	0.320	0.323	0.317	0.326	0.336	0.311	0.298	0.297	0.298	0.300	0.290	0.284	0.294	0.299	0.298	0.312	0.308	0.322	0.315	0.315	0.312	0.311	0.308	0.307	0.310	0.305	0.314	0.316	0.320	0.319	0.315	0.315	0.331	0.310	0.306	0.308	0.314	0.316	0.321	0.312	0.315	0.323	0.309	0.307	0.315	0.308	0.302	0.303	0.300	0.310	0.313	0.310	0.320	0.315	0.308	0.309	0.307	0.311	0.308	0.308	0.308	0.308	0.322	0.304	0.301	0.333	0.326	0.336	0.322	0.329	0.327	0.320	0.326	0.317	0.320	0.321	0.325
9:00:37	34.9	0.352	0.361	0.337	0.344	0.353	0.352	0.356	0.347	0.351	0.355	0.349	0.354	0.353	0.355	0.350	0.342	0.340	0.341	0.343	0.347	0.348	0.343	0.350	0.361	0.338	0.326	0.326	0.325	0.327	0.317	0.311	0.322	0.325	0.326	0.338	0.334	0.348	0.343	0.343	0.340	0.339	0.336	0.338	0.337	0.332	0.341	0.342	0.345	0.345	0.342	0.341	0.359	0.337	0.333	0.334	0.338	0.343	0.347	0.336	0.339	0.349	0.337	0.336	0.344	0.337	0.331	0.331	0.328	0.338	0.340	0.336	0.344	0.338	0.333	0.334	0.332	0.335	0.333	0.333	0.334	0.332	0.346	0.325	0.322	0.359	0.352	0.363	0.349	0.356	0.355	0.347	0.352	0.343	0.346	0.345	0.350
10:00:38	34.9	0.368	0.381	0.356	0.363	0.371	0.371	0.376	0.367	0.372	0.373	0.365	0.370	0.373	0.377	0.374	0.366	0.363	0.365	0.366	0.370	0.370	0.364	0.371	0.379	0.361	0.352	0.351	0.351	0.352	0.342	0.337	0.347	0.350	0.351	0.362	0.356	0.371	0.367	0.369	0.366	0.366	0.362	0.361	0.362	0.358	0.367	0.364	0.367	0.366	0.366	0.365	0.384	0.362	0.360	0.359	0.360	0.370	0.371	0.357	0.358	0.371	0.363	0.362	0.371	0.365	0.358	0.357	0.354	0.364	0.364	0.359	0.363	0.358	0.353	0.356	0.355	0.358	0.355	0.354	0.356	0.353	0.365	0.342	0.338	0.379	0.374	0.384	0.370	0.379	0.377	0.370	0.374	0.365	0.367	0.366	0.369
11:00:38	34.9	0.372	0.386	0.363	0.369	0.377	0.378	0.382	0.373	0.378	0.379	0.369	0.373	0.378	0.385	0.385	0.379	0.375	0.378	0.377	0.384	0.384	0.374	0.378	0.384	0.374	0.371	0.371	0.371	0.374	0.365	0.358	0.370	0.371	0.370	0.379	0.370	0.381	0.383	0.385	0.386	0.384	0.382	0.381	0.382	0.376	0.385	0.380	0.380	0.374	0.378	0.380	0.398	0.380	0.380	0.377	0.378	0.388	0.385	0.366	0.368	0.378	0.377	0.381	0.392	0.387	0.379	0.379	0.376	0.381	0.379	0.374	0.374	0.363	0.358	0.365	0.363	0.367	0.365	0.361	0.366	0.362	0.370	0.348	0.343	0.384	0.381	0.390	0.378	0.387	0.385	0.381	0.384	0.374	0.376	0.373	0.375
12:00:39	34.8	0.375	0.390	0.367	0.373	0.380	0.382	0.386	0.376	0.381	0.382	0.371	0.374	0.384	0.389	0.390	0.383	0.380	0.383	0.382	0.388	0.387	0.378	0.382	0.386	0.378	0.376	0.378	0.379	0.382	0.374	0.371	0.382	0.380	0.379	0.383	0.373	0.385	0.387	0.391	0.392	0.390	0.389	0.388	0.389	0.381	0.389	0.383	0.382	0.378	0.383	0.384	0.402	0.385	0.388	0.383	0.384	0.393	0.390	0.370	0.371	0.383	0.382	0.386	0.398	0.394	0.386	0.385	0.382	0.385	0.382	0.377	0.376	0.367	0.362	0.369	0.368	0.372	0.370	0.367	0.371	0.367	0.374	0.349	0.343	0.388	0.386	0.395	0.383	0.390	0.389	0.384	0.388	0.378	0.380	0.377	0.378
13:00:40	34.9	0.373	0.391	0.369	0.375	0.381	0.384	0.387	0.378	0.382	0.381	0.370	0.370	0.386	0.393	0.394	0.387	0.384	0.387	0.386	0.392	0.390	0.380	0.383	0.385	0.382	0.381	0.383	0.384	0.387	0.378	0.375	0.386	0.384	0.383	0.386	0.376	0.389	0.390	0.395	0.396	0.395	0.394	0.392	0.394	0.386	0.394	0.387	0.385	0.382	0.388	0.389	0.407	0.390	0.391	0.387	0.386	0.398	0.394	0.373	0.371	0.387	0.386	0.391	0.402	0.398	0.391	0.391	0.387	0.390	0.388	0.380	0.376	0.369	0.365	0.373	0.372	0.377	0.375	0.373	0.375	0.371	0.378	0.347	0.340	0.388	0.388	0.397	0.386	0.394	0.392	0.387	0.392	0.382	0.383	0.378	0.377
14:00:40	34.9	0.365	0.385	0.366	0.369	0.375	0.380	0.380	0.372	0.377	0.376	0.363	0.363	0.377	0.388	0.390	0.383	0.380	0.384	0.382	0.392	0.390	0.379	0.379	0.379	0.382	0.384	0.387	0.388	0.390	0.384	0.379	0.390	0.388	0.386	0.388	0.374	0.383	0.388	0.393	0.398	0.395	0.395	0.395	0.395	0.388	0.393	0.385	0.382	0.375	0.384	0.386	0.401	0.389	0.392	0.387	0.387	0.397	0.389	0.369	0.369	0.380	0.387	0.394	0.406	0.402	0.396	0.394	0.392	0.393	0.388	0.380	0.372	0.360	0.355	0.364	0.362	0.369	0.368	0.365	0.367	0.364	0.367	0.342	0.334	0.382	0.379	0.387	0.376	0.384	0.383	0.379	0.384	0.376	0.376	0.370	0.372
15:00:41	34.9	0.356	0.374	0.357	0.361	0.365	0.370	0.371	0.363	0.367	0.366	0.357	0.357	0.368	0.378	0.380	0.374	0.370	0.374	0.374	0.381	0.379	0.369	0.369	0.370	0.372	0.378	0.379	0.380	0.382	0.379	0.376	0.387	0.384	0.378	0.380	0.366	0.374	0.378	0.383	0.387	0.386	0.385	0.385	0.386	0.378	0.384	0.376	0.371	0.367	0.375	0.377	0.391	0.379	0.382	0.378	0.378	0.386	0.381	0.361	0.360	0.372	0.375	0.382	0.396	0.392	0.386	0.385	0.383	0.381	0.378	0.373	0.365	0.353	0.348	0.356	0.354	0.361	0.360	0.358	0.359	0.356	0.361	0.336	0.328	0.372	0.371	0.379	0.368	0.376	0.374	0.372	0.376	0.367	0.368	0.362	0.362
16:00:41	34.9	0.349	0.366	0.350	0.354	0.358	0.362	0.364	0.356	0.360	0.359	0.348	0.350	0.360	0.370	0.372	0.367	0.364	0.367	0.366	0.374	0.371	0.361	0.361	0.362	0.364	0.368	0.370	0.372	0.374	0.370	0.368	0.377	0.376	0.371	0.371	0.357	0.367	0.369	0.375	0.378	0.377	0.376	0.376	0.378	0.370	0.377	0.368	0.364	0.359	0.368	0.369	0.382	0.372	0.374	0.370	0.371	0.378	0.373	0.354	0.353	0.364	0.367	0.373	0.387	0.383	0.378	0.377	0.374	0.373	0.370	0.365	0.356	0.346	0.341	0.348	0.347	0.353	0.354	0.351	0.351	0.349	0.354	0.328	0.322	0.364	0.363	0.370	0.360	0.368	0.366	0.364	0.368	0.359	0.360	0.355	0.355
17:00:42	34.8	0.342	0.359	0.343	0.347	0.351	0.355	0.357	0.348	0.353	0.351	0.341	0.342	0.353	0.363	0.364	0.359	0.356	0.360	0.359	0.366	0.364	0.354	0.354	0.354	0.357	0.360	0.363	0.365	0.366	0.364	0.360	0.370	0.368	0.363	0.364	0.350	0.359	0.361	0.367	0.369	0.369	0.369	0.368	0.370	0.363	0.368	0.361	0.356	0.353	0.360	0.361	0.374	0.365	0.366	0.362	0.363	0.369	0.365	0.347	0.346	0.357	0.359	0.365	0.379	0.375	0.369	0.369	0.366	0.365	0.363	0.357	0.349	0.339	0.334	0.341	0.340	0.346	0.347	0.344	0.344	0.342	0.347	0.322	0.317	0.357	0.355	0.363	0.352	0.360	0.359	0.357	0.360	0.351	0.353	0.348	0.348
18:00:43	34.9	0.335	0.353	0.336	0.341	0.344	0.348	0.351	0.342	0.346	0.345	0.334	0.336	0.345	0.355	0.357	0.352	0.349	0.353	0.352	0.359	0.356	0.348	0.347	0.347	0.350	0.353	0.356	0.357	0.359	0.356	0.353	0.362	0.361	0.356	0.356	0.343	0.352	0.354	0.358	0.362	0.361	0.361	0.361	0.363	0.356	0.361	0.354	0.349	0.346	0.353	0.354	0.365	0.357	0.359	0.354	0.355	0.362	0.358	0.340	0.340	0.350	0.351	0.357	0.370	0.367	0.361	0.361	0.359	0.358	0.356	0.350	0.342	0.333	0.328	0.335	0.333	0.340	0.340	0.338	0.338	0.336	0.341	0.316	0.313	0.350	0.348	0.356	0.345	0.352	0.352	0.349	0.353	0.345	0.346	0.341	0.341
19:00:43	34.9	0.329	0.346	0.331	0.335	0.338	0.342	0.344	0.335	0.340	0.339	0.329	0.331	0.339	0.348	0.350	0.345	0.342	0.346	0.346	0.353	0.350	0.341	0.341	0.341	0.343	0.346	0.349	0.350	0.352	0.350	0.346	0.355	0.355	0.349	0.349	0.336	0.345	0.347	0.352	0.355	0.354	0.354	0.354	0.356	0.349	0.354	0.347	0.342	0.339	0.346	0.347	0.358	0.351	0.351	0.347	0.348	0.355	0.351	0.334	0.333	0.343	0.344	0.350	0.362	0.360	0.354	0.353	0.352	0.351	0.350	0.343	0.336	0.327	0.322	0.328	0.327	0.333	0.333	0.332	0.332	0.330	0.335	0.312	0.309	0.344	0.341	0.350	0.339	0.345	0.345	0.343	0.346	0.338	0.339	0.335	0.335
20:00:44	34.9	0.325	0.341	0.326	0.331	0.332	0.336	0.339	0.330	0.334	0.333	0.324	0.327	0.333	0.342	0.344	0.339	0.336	0.339	0.340	0.346	0.343	0.334	0.335	0.336	0.336	0.339	0.343	0.343	0.345	0.343	0.339	0.349	0.348	0.343	0.342	0.330	0.339	0.341	0.345	0.348	0.348	0.348	0.348	0.348	0.343	0.348	0.340	0.335	0.333	0.340	0.341	0.351	0.344	0.345	0.341	0.341	0.349	0.345	0.329	0.329	0.338	0.338	0.343	0.355	0.353	0.347	0.346	0.345	0.345	0.343	0.337	0.330	0.322	0.317	0.323	0.321	0.327	0.328	0.326	0.326	0.324	0.329	0.309	0.307	0.338	0.335	0.343	0.333	0.339	0.339	0.337	0.340	0.332	0.334	0.329	0.330
21:00:44	34.9	0.320	0.336	0.322	0.326	0.327	0.332	0.334	0.325	0.329	0.329	0.321	0.324	0.328	0.336	0.338	0.333	0.330	0.333	0.334	0.340	0.337	0.329	0.329	0.332	0.330	0.333	0.337	0.337	0.341	0.336	0.332	0.343	0.342	0.336	0.336	0.324	0.333	0.334	0.339	0.342	0.342	0.342	0.342	0.342	0.336	0.342	0.334	0.330	0.328	0.334	0.335	0.345	0.339	0.338	0.334	0.336	0.343	0.339	0.324	0.325	0.332	0.332	0.338	0.349	0.346	0.341	0.340	0.339	0.339	0.337	0.331	0.326	0.317	0.312	0.317	0.317	0.322	0.323	0.321	0.320	0.319	0.324	0.306	0.305	0.333	0.329	0.338	0.327	0.333	0.333	0.331	0.335	0.327	0.328	0.324	0.326
22:00:45	34.9	0.317	0.332	0.318	0.323	0.323	0.327	0.330	0.321	0.325	0.326	0.318	0.322	0.324	0.330	0.332	0.328	0.324	0.328	0.328	0.335	0.332	0.324	0.325	0.329	0.324	0.327	0.331	0.331	0.332	0.330	0.326	0.336	0.335	0.330	0.330	0.319	0.328	0.329	0.333	0.336	0.336	0.335	0.335	0.336	0.331	0.336	0.328	0.325	0.323	0.328	0.329	0.339	0.333	0.333	0.328	0.330	0.337	0.334	0.320	0.322	0.327	0.326	0.331	0.343	0.340	0.335	0.334	0.333	0.333	0.332	0.326	0.323	0.312	0.308	0.312	0.311	0.317	0.318	0.316	0.315	0.314	0.320	0.304	0.303	0.329	0.325	0.333	0.322	0.328	0.328	0.326	0.330	0.322	0.324	0.320	0.323
23:00:46	34.9	0.314	0.329	0.316	0.320	0.320	0.323	0.327	0.318	0.321	0.323	0.316	0.320	0.321	0.325	0.327	0.323	0.320	0.323	0.324	0.330	0.327	0.320	0.322	0.326	0.320	0.321	0.325	0.325	0.326	0.325	0.320	0.330	0.330	0.325	0.324	0.316	0.323	0.323	0.327	0.330	0.331	0.330	0.330	0.330	0.325	0.331	0.323	0.321	0.319	0.323	0.324	0.333	0.328	0.327	0.323	0.326	0.332	0.329	0.317	0.320	0.323	0.321	0.326	0.337	0.334	0.329	0.328	0.328	0.327	0.326	0.321	0.320	0.309	0.304	0.308	0.306	0.312	0.313	0.312	0.310	0.309	0.315	0.302	0.301	0.326	0.321	0.329	0.318	0.323	0.324	0.322	0.325	0.318	0.320	0.317	0.320
24:00:47	34.9	0.312	0.326	0.313	0.318	0.317	0.320	0.325	0.315	0.319	0.321	0.314	0.318	0.317	0.322	0.323	0.319	0.316	0.319	0.320	0.325	0.323	0.317	0.319	0.324	0.315	0.317	0.319	0.319	0.321	0.319	0.315	0.324	0.324	0.319	0.320	0.313	0.319	0.318	0.322	0.324	0.326	0.325	0.325	0.325	0.320	0.326	0.319	0.318	0.316	0.319	0.318	0.329	0.323	0.322	0.318	0.321	0.326	0.324	0.314	0.318	0.319	0.316	0.321	0.331	0.328	0.324	0.323	0.323	0.322	0.322	0.317	0.318	0.306	0.301	0.304	0.303	0.308	0.309	0.308	0.306	0.305	0.312	0.300	0.299	0.323	0.317	0.326	0.314	0.320	0.320	0.318	0.322	0.315	0.317	0.314	0.318
25:00:48	34.9	0.310	0.324	0.311	0.315	0.315	0.318	0.322	0.313	0.317	0.319	0.312	0.316	0.315	0.319	0.320	0.317	0.312	0.315	0.316	0.322	0.320	0.314	0.316	0.322	0.312	0.312	0.314	0.314	0.316	0.314	0.309	0.319	0.320	0.315	0.316	0.311	0.316	0.314	0.318	0.320	0.321	0.321	0.320	0.320	0.316	0.321	0.316	0.315	0.312	0.315	0.314	0.324	0.319	0.317	0.314	0.318	0.322	0.320	0.312	0.316	0.316	0.312	0.316	0.327	0.323	0.318	0.318	0.318	0.318	0.318	0.313	0.316	0.304	0.298	0.301	0.300	0.305	0.305	0.304	0.303	0.302	0.309	0.299	0.298	0.321	0.314	0.323	0.311	0.318	0.318	0.315	0.319	0.312	0.314	0.312	0.317
26:00:48	34.9	0.308	0.322	0.310	0.314	0.313	0.316	0.321	0.311	0.315	0.318	0.311	0.314	0.313	0.316	0.318	0.314	0.309	0.312	0.314	0.319	0.317	0.312	0.314	0.320	0.309	0.308	0.311	0.310	0.312	0.310	0.305	0.314	0.316	0.311	0.313	0.308	0.313	0.311	0.314	0.316	0.316	0.317	0.316	0.316	0.312	0.318	0.313	0.313	0.310	0.312	0.311	0.320	0.315	0.313	0.310	0.314	0.318	0.317	0.310	0.314	0.314	0.308	0.312	0.322	0.318	0.314	0.313	0.314	0.315	0.315	0.311	0.314	0.302	0.296	0.298	0.297	0.302	0.302	0.302	0.300	0.299	0.306	0.297	0.296	0.319	0.312	0.320	0.309	0.315	0.315	0.313	0.317	0.310	0.312	0.310	0.315
27:00:48	34.9	0.307	0.320	0.308	0.312	0.311	0.315	0.319	0.310	0.313	0.316	0.309	0.313	0.311	0.314	0.316	0.312	0.307	0.310	0.311	0.317	0.315	0.310	0.313	0.318	0.308	0.305	0.308	0.306	0.308	0.306	0.301	0.310	0.313	0.308	0.311	0.307	0.311	0.308	0.312	0.312	0.313	0.314	0.312	0.313	0.309	0.315	0.311	0.311	0.308	0.309	0.308	0.317	0.312	0.310	0.308	0.311	0.315	0.315	0.309	0.313	0.312	0.306	0.309	0.319	0.315	0.310	0.309	0.310	0.312	0.312	0.309	0.313	0.300	0.295	0.297	0.295	0.300	0.300	0.300	0.298	0.297	0.304	0.296	0.294	0.317	0.310	0.319	0.307	0.313	0.313	0.311	0.315	0.308	0.311	0.309	0.314

0:00:00																																																																																																	
0:00:00																																																																																																	
0:00:00																																																																																																	
0:00:00																																																																																																	
0:00:00																																																																																																	
0:00:00																																																																																																	
0:00:00																																																																																																	
0:00:00																																																																																																	
0:00:00																																																																																																	
0:00:00																																																																																																	
0:00:00																																																																																																	
0:00:00																																																																																																	
0:00:00																																																																																																	
0:00:00																																																																																																	
0:00:00																																																																																																	
0:00:00																																																																																																	
0:00:00																																																																																																	
0:00:00																																																																																																	
0:00:00																																																																																																	
0:00:00																																																																																																	
0:00:00																																																																																																	

Results
	1	2	3	4	5	6	7	8	9	10	11	12
A	?????	?????	?????	?????	?????	?????	?????	?????	?????	?????	?????	?????	Max V [600]
	?????	?????	?????	?????	?????	?????	?????	?????	?????	?????	?????	?????	R-Squared [600]
	?????	?????	?????	?????	?????	?????	?????	?????	?????	?????	?????	?????	t at Max V [600]
	?????	?????	?????	?????	?????	?????	?????	?????	?????	?????	?????	?????	Lagtime [600]
B	?????	?????	?????	?????	?????	?????	?????	?????	?????	?????	?????	?????	Max V [600]
	?????	?????	?????	?????	?????	?????	?????	?????	?????	?????	?????	?????	R-Squared [600]
	?????	?????	?????	?????	?????	?????	?????	?????	?????	?????	?????	?????	t at Max V [600]
	?????	?????	?????	?????	?????	?????	?????	?????	?????	?????	?????	?????	Lagtime [600]
C	?????	?????	?????	?????	?????	?????	?????	?????	?????	?????	?????	?????	Max V [600]
	?????	?????	?????	?????	?????	?????	?????	?????	?????	?????	?????	?????	R-Squared [600]
	?????	?????	?????	?????	?????	?????	?????	?????	?????	?????	?????	?????	t at Max V [600]
	?????	?????	?????	?????	?????	?????	?????	?????	?????	?????	?????	?????	Lagtime [600]
D	?????	?????	?????	?????	?????	?????	?????	?????	?????	?????	?????	?????	Max V [600]
	?????	?????	?????	?????	?????	?????	?????	?????	?????	?????	?????	?????	R-Squared [600]
	?????	?????	?????	?????	?????	?????	?????	?????	?????	?????	?????	?????	t at Max V [600]
	?????	?????	?????	?????	?????	?????	?????	?????	?????	?????	?????	?????	Lagtime [600]
E	?????	?????	?????	?????	?????	?????	?????	?????	?????	?????	?????	?????	Max V [600]
	?????	?????	?????	?????	?????	?????	?????	?????	?????	?????	?????	?????	R-Squared [600]
	?????	?????	?????	?????	?????	?????	?????	?????	?????	?????	?????	?????	t at Max V [600]
	?????	?????	?????	?????	?????	?????	?????	?????	?????	?????	?????	?????	Lagtime [600]
F	?????	?????	?????	?????	?????	?????	?????	?????	?????	?????	?????	?????	Max V [600]
	?????	?????	?????	?????	?????	?????	?????	?????	?????	?????	?????	?????	R-Squared [600]
	?????	?????	?????	?????	?????	?????	?????	?????	?????	?????	?????	?????	t at Max V [600]
	?????	?????	?????	?????	?????	?????	?????	?????	?????	?????	?????	?????	Lagtime [600]
G	?????	?????	?????	?????	?????	?????	?????	?????	?????	?????	?????	?????	Max V [600]
	?????	?????	?????	?????	?????	?????	?????	?????	?????	?????	?????	?????	R-Squared [600]
	?????	?????	?????	?????	?????	?????	?????	?????	?????	?????	?????	?????	t at Max V [600]
	?????	?????	?????	?????	?????	?????	?????	?????	?????	?????	?????	?????	Lagtime [600]
H	?????	?????	?????	?????	?????	?????	?????	?????	?????	?????	?????	?????	Max V [600]
	?????	?????	?????	?????	?????	?????	?????	?????	?????	?????	?????	?????	R-Squared [600]
	?????	?????	?????	?????	?????	?????	?????	?????	?????	?????	?????	?????	t at Max V [600]
	?????	?????	?????	?????	?????	?????	?????	?????	?????	?????	?????	?????	Lagtime [600]

