

Software Version	3.11.19



Experiment File Path:	C:\Users\patil-group\Desktop\Sweeteners_stacker\121121_NT5025_42_78_Rep3\NT5025_42_78.xpt
Protocol File Path:	C:\Users\Public\Documents\Protocols\Screening-protocol.prt



Plate Number	Plate 1
Date	12/11/2021
Time	14:33:29
Reader Type:	Epoch 2
Reader Serial Number:	2103223
Reading Type	Reader

Procedure Details

Plate Type	96 WELL PLATE
Discontinuous Kinetics	Runtime 1:00:00 (D:HH:MM), Interval 0:01:00, 25 Reads
	Pause after each run
Eject plate on completion	
Shake	Linear: 0:00:30 (HH:MM:SS)
	Frequency: 567 cpm (3 mm)
Read	Absorbance Endpoint
	Full Plate
	Wavelengths:  600
	Read Speed: Normal,  Delay: 100 msec,  Measurements/Data Point: 8

600

Time	T° 600	A1	A2	A3	A4	A5	A6	A7	A8	A9	A10	A11	A12	B1	B2	B3	B4	B5	B6	B7	B8	B9	B10	B11	B12	C1	C2	C3	C4	C5	C6	C7	C8	C9	C10	C11	C12	D1	D2	D3	D4	D5	D6	D7	D8	D9	D10	D11	D12	E1	E2	E3	E4	E5	E6	E7	E8	E9	E10	E11	E12	F1	F2	F3	F4	F5	F6	F7	F8	F9	F10	F11	F12	G1	G2	G3	G4	G5	G6	G7	G8	G9	G10	G11	G12	H1	H2	H3	H4	H5	H6	H7	H8	H9	H10	H11	H12
0:00:34	34.6	0.196	0.192	0.200	0.194	0.185	0.183	0.191	0.194	0.203	0.208	0.191	0.200	0.190	0.206	0.195	0.208	0.203	0.187	0.191	0.195	0.196	0.206	0.190	0.196	0.192	0.198	0.183	0.195	0.188	0.215	0.196	0.194	0.193	0.214	0.191	0.188	0.191	0.183	0.194	0.203	0.193	0.199	0.196	0.186	0.194	0.204	0.188	0.375	0.201	0.186	0.190	0.209	0.182	0.198	0.203	0.193	0.190	0.189	0.189	0.186	0.188	0.183	0.187	0.198	0.204	0.193	0.194	0.193	0.188	0.187	0.195	0.192	0.191	0.187	0.187	0.194	0.200	0.196	0.185	0.196	0.189	0.191	0.191	0.191	0.188	0.198	0.177	0.175	0.201	0.181	0.194	0.189	0.189	0.189	0.195	0.186
1:00:32	34.9	0.200	0.199	0.205	0.199	0.191	0.189	0.195	0.198	0.208	0.212	0.195	0.204	0.194	0.205	0.200	0.214	0.206	0.193	0.196	0.200	0.201	0.210	0.196	0.202	0.197	0.201	0.189	0.206	0.204	0.245	0.219	0.218	0.225	0.239	0.207	0.194	0.193	0.192	0.197	0.207	0.227	0.233	0.232	0.222	0.235	0.234	0.216	0.247	0.204	0.188	0.197	0.209	0.188	0.244	0.245	0.229	0.230	0.223	0.215	0.192	0.197	0.187	0.189	0.201	0.204	0.197	0.230	0.235	0.232	0.237	0.219	0.197	0.200	0.190	0.190	0.195	0.200	0.201	0.200	0.221	0.216	0.216	0.203	0.196	0.196	0.201	0.184	0.185	0.205	0.191	0.195	0.207	0.194	0.194	0.198	0.192
2:00:32	34.9	0.211	0.208	0.215	0.210	0.202	0.200	0.206	0.208	0.218	0.222	0.207	0.216	0.204	0.214	0.210	0.225	0.242	0.202	0.205	0.210	0.211	0.221	0.207	0.213	0.208	0.209	0.198	0.211	0.202	0.227	0.211	0.209	0.208	0.227	0.208	0.205	0.201	0.202	0.205	0.217	0.205	0.214	0.210	0.200	0.211	0.216	0.202	0.399	0.211	0.197	0.207	0.217	0.199	0.220	0.218	0.207	0.207	0.205	0.204	0.201	0.207	0.196	0.197	0.208	0.211	0.205	0.215	0.220	0.213	0.202	0.206	0.205	0.211	0.198	0.196	0.202	0.206	0.209	0.199	0.210	0.203	0.204	0.204	0.204	0.207	0.211	0.194	0.194	0.214	0.199	0.206	0.207	0.204	0.204	0.208	0.203
3:00:33	34.9	0.230	0.227	0.233	0.228	0.220	0.218	0.223	0.226	0.237	0.240	0.226	0.235	0.223	0.232	0.228	0.244	0.236	0.220	0.224	0.229	0.230	0.239	0.227	0.233	0.228	0.224	0.215	0.229	0.220	0.243	0.229	0.227	0.226	0.245	0.226	0.224	0.219	0.220	0.222	0.236	0.222	0.228	0.225	0.216	0.224	0.231	0.218	0.772	0.227	0.212	0.224	0.232	0.215	0.227	0.230	0.221	0.221	0.220	0.219	0.216	0.225	0.213	0.213	0.224	0.226	0.222	0.224	0.224	0.219	0.217	0.222	0.221	0.233	0.215	0.216	0.217	0.221	0.226	0.215	0.226	0.219	0.220	0.219	0.219	0.225	0.228	0.211	0.211	0.231	0.215	0.220	0.223	0.221	0.222	0.226	0.226
4:00:34	34.9	0.228	0.231	0.234	0.232	0.230	0.229	0.235	0.245	0.247	0.252	0.239	0.244	0.233	0.238	0.239	0.253	0.250	0.233	0.239	0.241	0.240	0.249	0.243	0.246	0.237	0.232	0.230	0.237	0.230	0.249	0.239	0.238	0.238	0.252	0.238	0.239	0.217	0.227	0.235	0.233	0.230	0.236	0.234	0.227	0.230	0.237	0.231	0.255	0.228	0.228	0.237	0.236	0.223	0.236	0.239	0.228	0.230	0.230	0.242	0.230	0.231	0.223	0.229	0.230	0.230	0.225	0.233	0.232	0.229	0.228	0.240	0.235	0.236	0.226	0.219	0.227	0.233	0.231	0.227	0.236	0.230	0.231	0.229	0.234	0.234	0.237	0.223	0.226	0.243	0.230	0.227	0.236	0.233	0.234	0.239	0.236
5:00:34	35.0	0.251	0.256	0.254	0.255	0.250	0.250	0.256	0.266	0.268	0.273	0.261	0.267	0.257	0.262	0.263	0.279	0.281	0.255	0.261	0.263	0.263	0.271	0.265	0.269	0.262	0.257	0.256	0.258	0.251	0.274	0.263	0.265	0.261	0.274	0.261	0.264	0.237	0.248	0.261	0.258	0.255	0.262	0.262	0.254	0.262	0.266	0.253	0.569	0.248	0.254	0.256	0.260	0.244	0.265	0.267	0.257	0.260	0.259	0.259	0.253	0.252	0.245	0.256	0.250	0.253	0.247	0.265	0.261	0.263	0.252	0.260	0.259	0.259	0.247	0.246	0.250	0.255	0.254	0.250	0.258	0.258	0.253	0.252	0.253	0.255	0.258	0.245	0.247	0.264	0.253	0.252	0.259	0.256	0.257	0.262	0.261
6:00:35	35.0	0.269	0.273	0.271	0.271	0.268	0.267	0.273	0.283	0.287	0.290	0.279	0.285	0.275	0.279	0.281	0.296	0.291	0.274	0.279	0.282	0.282	0.290	0.283	0.287	0.280	0.274	0.272	0.278	0.269	0.289	0.281	0.280	0.279	0.291	0.279	0.282	0.253	0.267	0.278	0.277	0.272	0.277	0.275	0.268	0.271	0.277	0.270	0.665	0.263	0.270	0.275	0.279	0.263	0.279	0.280	0.270	0.273	0.271	0.276	0.271	0.269	0.262	0.273	0.269	0.272	0.267	0.278	0.276	0.273	0.268	0.278	0.280	0.273	0.265	0.258	0.268	0.274	0.277	0.267	0.276	0.272	0.270	0.268	0.272	0.272	0.274	0.263	0.265	0.282	0.271	0.272	0.276	0.273	0.277	0.280	0.277
7:00:36	34.9	0.295	0.299	0.294	0.295	0.291	0.292	0.298	0.308	0.312	0.315	0.304	0.311	0.300	0.303	0.305	0.321	0.320	0.297	0.302	0.306	0.307	0.316	0.309	0.314	0.304	0.297	0.295	0.302	0.292	0.312	0.305	0.306	0.303	0.315	0.304	0.309	0.274	0.291	0.300	0.299	0.294	0.300	0.298	0.291	0.293	0.300	0.295	0.389	0.285	0.293	0.298	0.302	0.286	0.300	0.301	0.290	0.295	0.293	0.296	0.293	0.293	0.286	0.296	0.292	0.296	0.291	0.296	0.298	0.295	0.292	0.301	0.301	0.299	0.289	0.278	0.292	0.297	0.301	0.290	0.299	0.295	0.294	0.290	0.294	0.297	0.297	0.287	0.290	0.307	0.295	0.298	0.301	0.299	0.302	0.307	0.305
8:00:37	34.9	0.322	0.326	0.321	0.322	0.318	0.319	0.325	0.336	0.339	0.347	0.332	0.340	0.327	0.331	0.333	0.351	0.343	0.326	0.330	0.335	0.336	0.345	0.338	0.344	0.332	0.325	0.322	0.331	0.320	0.340	0.334	0.335	0.332	0.344	0.334	0.338	0.298	0.319	0.327	0.327	0.322	0.328	0.326	0.319	0.324	0.327	0.323	0.818	0.309	0.318	0.325	0.329	0.314	0.328	0.329	0.318	0.323	0.322	0.323	0.320	0.319	0.311	0.323	0.318	0.324	0.320	0.323	0.326	0.323	0.321	0.327	0.329	0.322	0.314	0.302	0.319	0.325	0.327	0.318	0.327	0.324	0.322	0.314	0.318	0.324	0.322	0.313	0.316	0.333	0.321	0.326	0.328	0.327	0.332	0.335	0.333
9:00:37	34.9	0.344	0.350	0.343	0.344	0.341	0.343	0.348	0.360	0.364	0.366	0.356	0.363	0.351	0.355	0.359	0.375	0.369	0.352	0.356	0.361	0.362	0.372	0.363	0.368	0.355	0.349	0.347	0.356	0.346	0.366	0.360	0.361	0.358	0.368	0.358	0.363	0.319	0.344	0.352	0.352	0.346	0.352	0.351	0.344	0.348	0.352	0.348	0.357	0.331	0.342	0.349	0.352	0.339	0.353	0.353	0.340	0.348	0.346	0.346	0.343	0.341	0.334	0.346	0.341	0.348	0.344	0.346	0.352	0.349	0.346	0.349	0.353	0.343	0.337	0.323	0.343	0.349	0.351	0.341	0.352	0.348	0.346	0.337	0.341	0.344	0.343	0.336	0.340	0.356	0.345	0.350	0.352	0.351	0.357	0.358	0.356
10:00:38	34.9	0.351	0.358	0.352	0.356	0.349	0.351	0.359	0.369	0.379	0.377	0.365	0.370	0.361	0.364	0.371	0.387	0.382	0.367	0.371	0.375	0.376	0.384	0.374	0.377	0.366	0.361	0.360	0.370	0.361	0.381	0.372	0.375	0.371	0.382	0.369	0.374	0.328	0.356	0.366	0.370	0.364	0.368	0.368	0.360	0.361	0.369	0.363	0.724	0.340	0.353	0.364	0.366	0.356	0.370	0.369	0.358	0.364	0.362	0.362	0.359	0.348	0.342	0.360	0.352	0.365	0.359	0.365	0.369	0.363	0.363	0.360	0.370	0.352	0.346	0.334	0.354	0.363	0.366	0.355	0.368	0.363	0.362	0.353	0.357	0.351	0.350	0.344	0.349	0.366	0.356	0.361	0.363	0.362	0.369	0.370	0.365
11:00:38	34.9	0.356	0.363	0.357	0.360	0.355	0.357	0.364	0.375	0.380	0.381	0.370	0.374	0.365	0.369	0.376	0.392	0.386	0.371	0.375	0.379	0.380	0.388	0.379	0.381	0.370	0.365	0.365	0.375	0.366	0.385	0.377	0.379	0.376	0.386	0.374	0.379	0.332	0.362	0.369	0.374	0.368	0.373	0.372	0.365	0.366	0.373	0.367	0.516	0.344	0.359	0.368	0.371	0.362	0.374	0.373	0.363	0.369	0.367	0.365	0.361	0.353	0.347	0.365	0.356	0.370	0.365	0.366	0.373	0.368	0.367	0.363	0.373	0.356	0.351	0.339	0.360	0.367	0.370	0.361	0.372	0.368	0.367	0.355	0.359	0.356	0.355	0.349	0.355	0.371	0.361	0.366	0.369	0.367	0.374	0.374	0.369
12:00:39	34.9	0.359	0.367	0.363	0.366	0.359	0.363	0.369	0.380	0.385	0.386	0.373	0.377	0.370	0.375	0.382	0.397	0.393	0.378	0.382	0.385	0.386	0.394	0.383	0.385	0.374	0.371	0.371	0.381	0.371	0.391	0.383	0.386	0.382	0.392	0.380	0.382	0.336	0.367	0.375	0.379	0.374	0.379	0.378	0.371	0.370	0.378	0.371	0.733	0.347	0.363	0.373	0.377	0.367	0.380	0.377	0.366	0.374	0.371	0.370	0.363	0.357	0.352	0.370	0.361	0.375	0.371	0.371	0.378	0.374	0.373	0.366	0.374	0.358	0.355	0.343	0.364	0.372	0.375	0.365	0.377	0.373	0.372	0.355	0.359	0.358	0.358	0.352	0.359	0.375	0.366	0.370	0.372	0.371	0.378	0.376	0.370
13:00:39	34.9	0.354	0.364	0.363	0.368	0.358	0.361	0.368	0.378	0.385	0.383	0.371	0.372	0.370	0.374	0.385	0.399	0.394	0.381	0.384	0.387	0.389	0.395	0.383	0.382	0.374	0.372	0.373	0.385	0.375	0.395	0.385	0.388	0.384	0.392	0.379	0.380	0.335	0.369	0.378	0.382	0.377	0.382	0.381	0.373	0.372	0.380	0.370	0.405	0.345	0.363	0.375	0.379	0.370	0.383	0.379	0.366	0.376	0.373	0.369	0.360	0.355	0.351	0.371	0.362	0.376	0.373	0.373	0.381	0.376	0.374	0.363	0.372	0.358	0.353	0.343	0.365	0.373	0.376	0.366	0.377	0.373	0.372	0.351	0.354	0.355	0.356	0.350	0.357	0.373	0.364	0.368	0.371	0.369	0.375	0.373	0.366
14:00:40	34.9	0.347	0.358	0.357	0.363	0.352	0.355	0.362	0.372	0.378	0.377	0.365	0.366	0.363	0.368	0.380	0.394	0.390	0.378	0.381	0.382	0.384	0.389	0.376	0.375	0.367	0.367	0.369	0.378	0.371	0.391	0.381	0.386	0.379	0.388	0.372	0.373	0.327	0.359	0.368	0.374	0.366	0.372	0.371	0.363	0.364	0.371	0.364	0.541	0.336	0.354	0.365	0.368	0.360	0.372	0.371	0.361	0.367	0.364	0.364	0.354	0.347	0.341	0.360	0.352	0.367	0.363	0.364	0.373	0.368	0.368	0.356	0.365	0.348	0.344	0.333	0.354	0.364	0.366	0.356	0.368	0.364	0.363	0.345	0.348	0.349	0.350	0.342	0.349	0.364	0.356	0.360	0.363	0.363	0.369	0.367	0.359
15:00:41	34.9	0.342	0.350	0.348	0.354	0.343	0.347	0.355	0.366	0.372	0.370	0.359	0.360	0.357	0.362	0.374	0.387	0.384	0.371	0.374	0.376	0.377	0.382	0.371	0.369	0.361	0.357	0.358	0.366	0.359	0.383	0.375	0.374	0.372	0.381	0.366	0.367	0.321	0.352	0.361	0.366	0.359	0.364	0.363	0.356	0.356	0.363	0.355	0.363	0.330	0.348	0.357	0.361	0.353	0.365	0.364	0.354	0.359	0.357	0.356	0.348	0.340	0.335	0.353	0.345	0.360	0.355	0.357	0.365	0.360	0.358	0.350	0.358	0.339	0.337	0.326	0.347	0.357	0.359	0.349	0.361	0.357	0.356	0.338	0.342	0.341	0.342	0.335	0.341	0.356	0.348	0.353	0.355	0.353	0.359	0.358	0.354
16:00:41	34.9	0.337	0.343	0.341	0.347	0.336	0.340	0.347	0.358	0.368	0.365	0.354	0.355	0.351	0.354	0.364	0.380	0.373	0.361	0.366	0.367	0.371	0.376	0.367	0.364	0.356	0.350	0.351	0.359	0.353	0.374	0.365	0.367	0.363	0.372	0.361	0.361	0.315	0.345	0.354	0.359	0.352	0.357	0.357	0.349	0.349	0.357	0.348	0.569	0.323	0.341	0.350	0.355	0.346	0.358	0.357	0.345	0.352	0.350	0.350	0.342	0.334	0.328	0.346	0.339	0.353	0.349	0.350	0.358	0.353	0.351	0.344	0.351	0.333	0.330	0.321	0.340	0.350	0.358	0.343	0.354	0.350	0.349	0.333	0.336	0.335	0.336	0.329	0.334	0.350	0.342	0.346	0.348	0.347	0.352	0.351	0.346
17:00:42	34.9	0.330	0.336	0.334	0.340	0.330	0.334	0.340	0.351	0.357	0.357	0.348	0.349	0.346	0.347	0.357	0.372	0.371	0.354	0.359	0.359	0.362	0.371	0.364	0.358	0.350	0.344	0.345	0.352	0.346	0.367	0.358	0.359	0.355	0.364	0.355	0.355	0.308	0.339	0.347	0.352	0.345	0.350	0.350	0.342	0.343	0.349	0.341	0.352	0.317	0.335	0.344	0.348	0.339	0.351	0.349	0.338	0.346	0.344	0.344	0.336	0.328	0.322	0.340	0.333	0.346	0.343	0.343	0.351	0.346	0.344	0.338	0.345	0.326	0.324	0.313	0.333	0.344	0.351	0.336	0.347	0.343	0.342	0.328	0.332	0.328	0.330	0.323	0.328	0.343	0.335	0.340	0.342	0.341	0.345	0.344	0.339
18:00:42	34.9	0.324	0.330	0.328	0.334	0.324	0.328	0.334	0.345	0.352	0.351	0.343	0.344	0.339	0.341	0.351	0.366	0.359	0.347	0.352	0.352	0.355	0.363	0.357	0.353	0.343	0.337	0.338	0.346	0.339	0.361	0.352	0.353	0.349	0.358	0.348	0.349	0.303	0.333	0.341	0.345	0.339	0.344	0.344	0.336	0.336	0.343	0.335	0.659	0.311	0.329	0.338	0.341	0.333	0.345	0.343	0.332	0.339	0.337	0.338	0.331	0.322	0.317	0.333	0.327	0.339	0.336	0.337	0.344	0.340	0.338	0.332	0.340	0.321	0.318	0.308	0.328	0.338	0.345	0.330	0.341	0.336	0.336	0.325	0.329	0.323	0.325	0.318	0.322	0.338	0.330	0.334	0.336	0.335	0.340	0.338	0.334
19:00:42	34.9	0.319	0.325	0.323	0.328	0.318	0.322	0.329	0.340	0.344	0.345	0.338	0.340	0.332	0.335	0.345	0.359	0.352	0.340	0.346	0.346	0.348	0.356	0.350	0.348	0.337	0.331	0.333	0.340	0.333	0.354	0.346	0.346	0.343	0.351	0.342	0.343	0.298	0.328	0.336	0.339	0.333	0.338	0.338	0.330	0.331	0.337	0.329	0.470	0.306	0.324	0.333	0.336	0.327	0.339	0.337	0.327	0.333	0.332	0.334	0.327	0.318	0.312	0.328	0.322	0.334	0.331	0.331	0.338	0.334	0.332	0.327	0.335	0.317	0.313	0.302	0.322	0.332	0.340	0.325	0.335	0.331	0.330	0.322	0.326	0.319	0.321	0.314	0.318	0.333	0.325	0.329	0.331	0.330	0.334	0.333	0.330
20:00:43	34.9	0.315	0.320	0.318	0.323	0.314	0.318	0.323	0.335	0.341	0.342	0.333	0.336	0.327	0.330	0.339	0.354	0.346	0.334	0.340	0.340	0.342	0.350	0.345	0.343	0.332	0.326	0.328	0.334	0.327	0.349	0.340	0.340	0.338	0.346	0.337	0.337	0.294	0.323	0.331	0.334	0.328	0.333	0.332	0.325	0.326	0.332	0.325	0.326	0.302	0.319	0.328	0.331	0.322	0.333	0.332	0.323	0.328	0.327	0.331	0.324	0.314	0.307	0.323	0.317	0.329	0.326	0.326	0.333	0.329	0.327	0.324	0.332	0.317	0.309	0.298	0.318	0.327	0.334	0.319	0.330	0.326	0.326	0.320	0.324	0.316	0.318	0.310	0.314	0.328	0.320	0.325	0.326	0.326	0.330	0.330	0.327
21:00:44	34.9	0.312	0.319	0.314	0.318	0.310	0.314	0.319	0.331	0.335	0.337	0.329	0.333	0.322	0.325	0.335	0.349	0.341	0.329	0.335	0.335	0.337	0.346	0.340	0.340	0.328	0.321	0.323	0.329	0.322	0.344	0.336	0.335	0.333	0.341	0.333	0.334	0.291	0.319	0.326	0.329	0.324	0.328	0.328	0.320	0.321	0.328	0.321	0.406	0.299	0.315	0.323	0.326	0.317	0.329	0.329	0.319	0.323	0.323	0.328	0.322	0.310	0.303	0.319	0.313	0.324	0.321	0.321	0.328	0.324	0.323	0.321	0.329	0.311	0.306	0.295	0.314	0.323	0.330	0.315	0.326	0.322	0.322	0.317	0.322	0.313	0.315	0.307	0.310	0.325	0.317	0.322	0.323	0.323	0.327	0.327	0.324
22:00:45	34.9	0.309	0.313	0.310	0.315	0.307	0.311	0.316	0.328	0.332	0.334	0.325	0.331	0.319	0.322	0.331	0.346	0.337	0.324	0.331	0.331	0.333	0.342	0.339	0.337	0.325	0.317	0.319	0.325	0.318	0.340	0.332	0.331	0.329	0.337	0.330	0.331	0.288	0.315	0.322	0.325	0.320	0.325	0.323	0.316	0.319	0.324	0.318	0.318	0.297	0.312	0.319	0.322	0.314	0.325	0.324	0.316	0.319	0.319	0.326	0.321	0.308	0.300	0.315	0.309	0.320	0.317	0.318	0.324	0.320	0.319	0.319	0.327	0.312	0.303	0.292	0.310	0.320	0.326	0.312	0.322	0.318	0.319	0.315	0.320	0.311	0.313	0.304	0.308	0.322	0.314	0.320	0.320	0.320	0.324	0.325	0.322
23:00:46	34.9	0.307	0.311	0.308	0.312	0.304	0.308	0.313	0.325	0.329	0.331	0.322	0.329	0.316	0.319	0.328	0.343	0.337	0.321	0.327	0.327	0.329	0.339	0.335	0.335	0.323	0.314	0.316	0.322	0.314	0.336	0.328	0.327	0.326	0.334	0.327	0.328	0.286	0.312	0.318	0.321	0.316	0.321	0.320	0.313	0.314	0.321	0.315	0.576	0.294	0.309	0.316	0.319	0.310	0.325	0.321	0.313	0.316	0.316	0.324	0.318	0.305	0.297	0.312	0.306	0.317	0.314	0.320	0.320	0.317	0.316	0.316	0.324	0.306	0.301	0.291	0.308	0.316	0.323	0.309	0.319	0.316	0.315	0.313	0.318	0.310	0.310	0.302	0.305	0.320	0.312	0.317	0.318	0.318	0.322	0.323	0.320
24:00:46	34.9	0.306	0.310	0.305	0.309	0.302	0.306	0.310	0.323	0.327	0.329	0.320	0.327	0.314	0.317	0.325	0.340	0.330	0.317	0.324	0.325	0.326	0.337	0.334	0.332	0.320	0.311	0.313	0.319	0.310	0.333	0.326	0.324	0.323	0.331	0.326	0.326	0.284	0.310	0.316	0.318	0.314	0.318	0.317	0.310	0.312	0.318	0.313	0.314	0.292	0.307	0.313	0.316	0.307	0.319	0.319	0.310	0.313	0.314	0.323	0.317	0.304	0.294	0.309	0.304	0.314	0.311	0.312	0.317	0.315	0.314	0.315	0.323	0.308	0.299	0.289	0.306	0.314	0.321	0.306	0.317	0.314	0.313	0.311	0.315	0.308	0.309	0.300	0.304	0.318	0.310	0.315	0.316	0.317	0.320	0.321	0.319
25:00:47	34.9	0.304	0.308	0.303	0.307	0.300	0.305	0.308	0.321	0.333	0.328	0.319	0.326	0.312	0.315	0.323	0.338	0.327	0.314	0.322	0.323	0.324	0.335	0.340	0.330	0.319	0.309	0.311	0.317	0.308	0.331	0.323	0.321	0.321	0.329	0.324	0.325	0.283	0.308	0.314	0.316	0.311	0.316	0.315	0.308	0.310	0.317	0.312	0.312	0.291	0.305	0.311	0.313	0.305	0.316	0.317	0.308	0.311	0.312	0.321	0.315	0.302	0.293	0.307	0.302	0.313	0.309	0.309	0.315	0.313	0.312	0.313	0.321	0.305	0.297	0.286	0.304	0.313	0.318	0.304	0.315	0.312	0.312	0.308	0.313	0.307	0.307	0.299	0.302	0.316	0.308	0.314	0.315	0.315	0.319	0.319	0.318
26:00:47	34.9	0.303	0.306	0.302	0.305	0.299	0.303	0.307	0.320	0.324	0.326	0.317	0.324	0.310	0.314	0.322	0.337	0.326	0.313	0.320	0.321	0.322	0.333	0.339	0.328	0.317	0.307	0.309	0.315	0.306	0.329	0.322	0.319	0.320	0.328	0.322	0.323	0.281	0.306	0.312	0.314	0.310	0.315	0.313	0.307	0.308	0.315	0.310	0.323	0.290	0.303	0.309	0.312	0.303	0.316	0.315	0.304	0.309	0.310	0.320	0.313	0.301	0.291	0.306	0.300	0.311	0.308	0.308	0.313	0.311	0.310	0.311	0.320	0.302	0.296	0.285	0.302	0.311	0.317	0.303	0.314	0.310	0.310	0.305	0.309	0.306	0.306	0.298	0.301	0.315	0.307	0.313	0.313	0.314	0.317	0.318	0.316
27:00:48	34.9	0.302	0.305	0.300	0.304	0.297	0.302	0.305	0.319	0.323	0.325	0.316	0.322	0.309	0.312	0.320	0.335	0.324	0.311	0.319	0.319	0.321	0.332	0.337	0.327	0.316	0.306	0.307	0.313	0.304	0.327	0.320	0.317	0.318	0.326	0.321	0.322	0.280	0.305	0.310	0.313	0.308	0.313	0.311	0.305	0.307	0.314	0.309	0.533	0.289	0.302	0.308	0.310	0.302	0.313	0.313	0.300	0.308	0.309	0.318	0.311	0.300	0.290	0.304	0.299	0.309	0.306	0.306	0.312	0.309	0.309	0.310	0.318	0.301	0.295	0.285	0.301	0.309	0.315	0.301	0.313	0.309	0.308	0.301	0.304	0.305	0.305	0.297	0.300	0.314	0.305	0.311	0.312	0.312	0.316	0.317	0.315

0:00:00																																																																																																	
0:00:00																																																																																																	
0:00:00																																																																																																	
0:00:00																																																																																																	
0:00:00																																																																																																	
0:00:00																																																																																																	
0:00:00																																																																																																	
0:00:00																																																																																																	
0:00:00																																																																																																	
0:00:00																																																																																																	
0:00:00																																																																																																	
0:00:00																																																																																																	
0:00:00																																																																																																	
0:00:00																																																																																																	
0:00:00																																																																																																	
0:00:00																																																																																																	
0:00:00																																																																																																	
0:00:00																																																																																																	
0:00:00																																																																																																	
0:00:00																																																																																																	
0:00:00																																																																																																	

Results
	1	2	3	4	5	6	7	8	9	10	11	12
A	?????	?????	?????	?????	?????	?????	?????	?????	?????	?????	?????	?????	Max V [600]
	?????	?????	?????	?????	?????	?????	?????	?????	?????	?????	?????	?????	R-Squared [600]
	?????	?????	?????	?????	?????	?????	?????	?????	?????	?????	?????	?????	t at Max V [600]
	?????	?????	?????	?????	?????	?????	?????	?????	?????	?????	?????	?????	Lagtime [600]
B	?????	?????	?????	?????	?????	?????	?????	?????	?????	?????	?????	?????	Max V [600]
	?????	?????	?????	?????	?????	?????	?????	?????	?????	?????	?????	?????	R-Squared [600]
	?????	?????	?????	?????	?????	?????	?????	?????	?????	?????	?????	?????	t at Max V [600]
	?????	?????	?????	?????	?????	?????	?????	?????	?????	?????	?????	?????	Lagtime [600]
C	?????	?????	?????	?????	?????	?????	?????	?????	?????	?????	?????	?????	Max V [600]
	?????	?????	?????	?????	?????	?????	?????	?????	?????	?????	?????	?????	R-Squared [600]
	?????	?????	?????	?????	?????	?????	?????	?????	?????	?????	?????	?????	t at Max V [600]
	?????	?????	?????	?????	?????	?????	?????	?????	?????	?????	?????	?????	Lagtime [600]
D	?????	?????	?????	?????	?????	?????	?????	?????	?????	?????	?????	?????	Max V [600]
	?????	?????	?????	?????	?????	?????	?????	?????	?????	?????	?????	?????	R-Squared [600]
	?????	?????	?????	?????	?????	?????	?????	?????	?????	?????	?????	?????	t at Max V [600]
	?????	?????	?????	?????	?????	?????	?????	?????	?????	?????	?????	?????	Lagtime [600]
E	?????	?????	?????	?????	?????	?????	?????	?????	?????	?????	?????	?????	Max V [600]
	?????	?????	?????	?????	?????	?????	?????	?????	?????	?????	?????	?????	R-Squared [600]
	?????	?????	?????	?????	?????	?????	?????	?????	?????	?????	?????	?????	t at Max V [600]
	?????	?????	?????	?????	?????	?????	?????	?????	?????	?????	?????	?????	Lagtime [600]
F	?????	?????	?????	?????	?????	?????	?????	?????	?????	?????	?????	?????	Max V [600]
	?????	?????	?????	?????	?????	?????	?????	?????	?????	?????	?????	?????	R-Squared [600]
	?????	?????	?????	?????	?????	?????	?????	?????	?????	?????	?????	?????	t at Max V [600]
	?????	?????	?????	?????	?????	?????	?????	?????	?????	?????	?????	?????	Lagtime [600]
G	?????	?????	?????	?????	?????	?????	?????	?????	?????	?????	?????	?????	Max V [600]
	?????	?????	?????	?????	?????	?????	?????	?????	?????	?????	?????	?????	R-Squared [600]
	?????	?????	?????	?????	?????	?????	?????	?????	?????	?????	?????	?????	t at Max V [600]
	?????	?????	?????	?????	?????	?????	?????	?????	?????	?????	?????	?????	Lagtime [600]
H	?????	?????	?????	?????	?????	?????	?????	?????	?????	?????	?????	?????	Max V [600]
	?????	?????	?????	?????	?????	?????	?????	?????	?????	?????	?????	?????	R-Squared [600]
	?????	?????	?????	?????	?????	?????	?????	?????	?????	?????	?????	?????	t at Max V [600]
	?????	?????	?????	?????	?????	?????	?????	?????	?????	?????	?????	?????	Lagtime [600]

