
Software Version	3.11.19



Experiment File Path:	C:\Users\patil-group\Desktop\Sweeteners_stacker\NT5007_07_24_76_Rep1.xpt
Protocol File Path:	C:\Users\Public\Documents\Protocols\Screening-protocol.prt



Plate Number	Plate 8
Date	12/12/2021
Time	15:09:09
Reader Type:	Epoch 2
Reader Serial Number:	2103223
Reading Type	Reader

Procedure Details

Plate Type	96 WELL PLATE
Discontinuous Kinetics	Runtime 1:00:00 (D:HH:MM), Interval 0:01:00, 25 Reads
	Pause after each run
Eject plate on completion	
Shake	Linear: 0:00:30 (HH:MM:SS)
	Frequency: 567 cpm (3 mm)
Read	Absorbance Endpoint
	Full Plate
	Wavelengths:  600
	Read Speed: Normal,  Delay: 100 msec,  Measurements/Data Point: 8

600

Time	T° 600	A1	A2	A3	A4	A5	A6	A7	A8	A9	A10	A11	A12	B1	B2	B3	B4	B5	B6	B7	B8	B9	B10	B11	B12	C1	C2	C3	C4	C5	C6	C7	C8	C9	C10	C11	C12	D1	D2	D3	D4	D5	D6	D7	D8	D9	D10	D11	D12	E1	E2	E3	E4	E5	E6	E7	E8	E9	E10	E11	E12	F1	F2	F3	F4	F5	F6	F7	F8	F9	F10	F11	F12	G1	G2	G3	G4	G5	G6	G7	G8	G9	G10	G11	G12	H1	H2	H3	H4	H5	H6	H7	H8	H9	H10	H11	H12
0:00:34	34.5	0.170	0.173	0.178	0.172	0.174	0.168	0.171	0.171	0.168	0.172	0.171	0.167	0.178	0.173	0.176	0.176	0.168	0.170	0.178	0.171	0.173	0.168	0.172	0.167	0.179	0.172	0.174	0.175	0.180	0.171	0.174	0.173	0.169	0.169	0.170	0.168	0.175	0.184	0.177	0.184	0.171	0.170	0.171	0.171	0.171	0.176	0.167	0.166	0.172	0.172	0.171	0.173	0.170	0.172	0.175	0.173	0.169	0.177	0.169	0.172	0.169	0.177	0.183	0.179	0.173	0.177	0.171	0.175	0.169	0.172	0.171	0.175	0.174	0.172	0.174	0.178	0.172	0.172	0.172	0.169	0.180	0.174	0.172	0.169	0.173	0.173	0.177	0.178	0.172	0.173	0.169	0.179	0.175	0.175	0.174	0.175
1:00:34	34.5	0.175	0.176	0.181	0.176	0.178	0.172	0.174	0.174	0.172	0.176	0.176	0.172	0.181	0.176	0.178	0.179	0.171	0.171	0.180	0.173	0.175	0.171	0.178	0.172	0.184	0.175	0.177	0.177	0.182	0.173	0.176	0.175	0.171	0.171	0.175	0.172	0.179	0.186	0.178	0.185	0.173	0.171	0.173	0.173	0.172	0.177	0.172	0.172	0.174	0.175	0.172	0.175	0.172	0.173	0.177	0.175	0.172	0.178	0.174	0.175	0.172	0.179	0.185	0.180	0.175	0.179	0.172	0.176	0.171	0.174	0.175	0.179	0.179	0.175	0.176	0.180	0.174	0.174	0.174	0.171	0.182	0.176	0.175	0.174	0.177	0.176	0.179	0.181	0.175	0.177	0.172	0.181	0.178	0.178	0.177	0.179
2:00:35	34.5	0.190	0.189	0.194	0.188	0.191	0.184	0.187	0.186	0.183	0.189	0.189	0.186	0.195	0.187	0.191	0.189	0.181	0.181	0.191	0.184	0.185	0.182	0.190	0.185	0.195	0.185	0.186	0.186	0.191	0.182	0.185	0.185	0.180	0.181	0.185	0.184	0.191	0.195	0.187	0.193	0.181	0.179	0.181	0.182	0.181	0.187	0.183	0.183	0.186	0.183	0.182	0.183	0.180	0.181	0.184	0.183	0.180	0.187	0.184	0.187	0.184	0.189	0.193	0.188	0.183	0.186	0.180	0.185	0.180	0.182	0.185	0.190	0.190	0.185	0.186	0.189	0.183	0.184	0.183	0.181	0.192	0.186	0.186	0.185	0.192	0.189	0.190	0.191	0.186	0.188	0.183	0.192	0.190	0.190	0.190	0.193
3:00:35	34.5	0.217	0.215	0.220	0.214	0.216	0.209	0.212	0.212	0.210	0.215	0.216	0.218	0.223	0.213	0.212	0.212	0.204	0.203	0.212	0.206	0.207	0.205	0.214	0.211	0.221	0.208	0.207	0.208	0.211	0.201	0.204	0.204	0.201	0.202	0.210	0.209	0.219	0.217	0.207	0.212	0.199	0.197	0.200	0.200	0.200	0.209	0.205	0.207	0.210	0.204	0.202	0.202	0.199	0.199	0.202	0.200	0.199	0.207	0.205	0.212	0.211	0.211	0.213	0.208	0.202	0.204	0.202	0.204	0.199	0.203	0.207	0.214	0.220	0.210	0.210	0.212	0.204	0.204	0.205	0.203	0.212	0.209	0.210	0.211	0.223	0.216	0.217	0.218	0.214	0.213	0.209	0.217	0.219	0.216	0.218	0.219
4:00:36	34.5	0.255	0.274	0.261	0.264	0.255	0.250	0.261	0.250	0.258	0.265	0.252	0.256	0.263	0.253	0.254	0.250	0.242	0.239	0.252	0.240	0.243	0.243	0.262	0.250	0.259	0.241	0.244	0.241	0.246	0.234	0.235	0.237	0.238	0.243	0.240	0.249	0.259	0.251	0.240	0.244	0.234	0.228	0.232	0.230	0.230	0.242	0.241	0.244	0.247	0.240	0.237	0.233	0.232	0.230	0.234	0.235	0.236	0.244	0.244	0.259	0.261	0.245	0.246	0.240	0.235	0.237	0.232	0.239	0.237	0.238	0.247	0.265	0.270	0.249	0.249	0.247	0.241	0.239	0.245	0.237	0.254	0.251	0.263	0.264	0.263	0.264	0.258	0.274	0.258	0.259	0.251	0.260	0.269	0.278	0.274	0.275
5:00:36	34.5	0.277	0.267	0.275	0.271	0.272	0.274	0.271	0.289	0.273	0.272	0.285	0.300	0.283	0.273	0.272	0.266	0.270	0.274	0.274	0.266	0.259	0.263	0.292	0.274	0.276	0.274	0.266	0.267	0.269	0.260	0.274	0.262	0.263	0.283	0.262	0.268	0.277	0.276	0.268	0.291	0.266	0.256	0.259	0.257	0.259	0.269	0.272	0.266	0.289	0.267	0.266	0.262	0.264	0.269	0.274	0.263	0.263	0.268	0.263	0.287	0.303	0.276	0.281	0.277	0.269	0.279	0.264	0.276	0.269	0.280	0.291	0.305	0.288	0.278	0.270	0.280	0.274	0.286	0.270	0.274	0.285	0.278	0.285	0.331	0.307	0.308	0.294	0.313	0.298	0.292	0.284	0.276	0.293	0.317	0.288	0.320
6:00:36	34.5	0.304	0.301	0.304	0.309	0.297	0.290	0.304	0.300	0.294	0.303	0.293	0.289	0.311	0.303	0.298	0.306	0.306	0.297	0.296	0.291	0.298	0.286	0.296	0.286	0.309	0.295	0.303	0.287	0.299	0.283	0.282	0.298	0.281	0.298	0.298	0.294	0.305	0.303	0.303	0.292	0.290	0.277	0.280	0.287	0.281	0.313	0.286	0.306	0.303	0.287	0.279	0.288	0.291	0.286	0.305	0.267	0.309	0.309	0.285	0.306	0.306	0.298	0.294	0.291	0.308	0.286	0.290	0.291	0.286	0.294	0.305	0.294	0.307	0.307	0.325	0.295	0.298	0.293	0.316	0.310	0.318	0.314	0.313	0.325	0.332	0.325	0.328	0.322	0.333	0.311	0.311	0.319	0.325	0.308	0.331	0.300
7:00:36	34.5	0.312	0.313	0.318	0.317	0.313	0.303	0.306	0.307	0.301	0.305	0.307	0.296	0.315	0.313	0.312	0.313	0.308	0.308	0.317	0.308	0.312	0.302	0.304	0.300	0.318	0.309	0.320	0.308	0.313	0.306	0.307	0.305	0.305	0.309	0.300	0.298	0.314	0.317	0.310	0.314	0.309	0.301	0.305	0.304	0.314	0.307	0.310	0.299	0.321	0.311	0.304	0.308	0.304	0.304	0.325	0.472	0.305	0.311	0.307	0.311	0.301	0.320	0.319	0.316	0.305	0.306	0.321	0.316	0.308	0.310	0.309	0.317	0.308	0.303	0.307	0.316	0.307	0.313	0.318	0.316	0.318	0.316	0.317	0.311	0.308	0.306	0.324	0.311	0.318	0.324	0.322	0.315	0.328	0.321	0.311	0.303
8:00:37	34.5	0.316	0.312	0.311	0.317	0.316	0.305	0.307	0.306	0.302	0.307	0.303	0.296	0.311	0.311	0.314	0.316	0.312	0.311	0.316	0.312	0.308	0.301	0.305	0.299	0.318	0.314	0.313	0.314	0.320	0.308	0.317	0.311	0.309	0.301	0.305	0.300	0.310	0.320	0.313	0.317	0.307	0.303	0.304	0.306	0.312	0.315	0.302	0.298	0.303	0.307	0.312	0.312	0.312	0.309	0.400	0.438	0.309	0.321	0.299	0.309	0.303	0.310	0.321	0.320	0.312	0.315	0.309	0.322	0.309	0.310	0.305	0.302	0.306	0.301	0.306	0.310	0.304	0.314	0.309	0.311	0.327	0.309	0.301	0.311	0.311	0.305	0.310	0.317	0.315	0.315	0.311	0.316	0.318	0.311	0.312	0.307
9:00:37	34.5	0.309	0.307	0.319	0.308	0.310	0.302	0.306	0.299	0.298	0.302	0.303	0.294	0.309	0.307	0.314	0.318	0.311	0.310	0.315	0.310	0.305	0.301	0.303	0.295	0.320	0.310	0.313	0.311	0.316	0.306	0.310	0.310	0.306	0.300	0.302	0.297	0.307	0.317	0.311	0.317	0.306	0.302	0.304	0.309	0.305	0.306	0.301	0.298	0.305	0.304	0.306	0.310	0.308	0.305	0.299	0.511	0.307	0.305	0.299	0.300	0.302	0.309	0.317	0.313	0.310	0.312	0.306	0.312	0.306	0.306	0.302	0.302	0.301	0.302	0.306	0.308	0.301	0.311	0.305	0.307	0.310	0.302	0.299	0.297	0.308	0.306	0.313	0.313	0.315	0.316	0.307	0.313	0.313	0.311	0.302	0.301
10:00:38	34.5	0.304	0.303	0.303	0.302	0.308	0.297	0.300	0.299	0.298	0.301	0.303	0.294	0.305	0.305	0.310	0.313	0.305	0.306	0.310	0.304	0.301	0.297	0.300	0.293	0.311	0.307	0.308	0.309	0.315	0.304	0.307	0.308	0.302	0.298	0.300	0.294	0.309	0.314	0.310	0.316	0.303	0.300	0.302	0.302	0.302	0.304	0.298	0.294	0.304	0.302	0.307	0.311	0.306	0.304	0.303	0.357	0.303	0.303	0.299	0.299	0.302	0.307	0.317	0.315	0.307	0.308	0.302	0.305	0.303	0.303	0.301	0.300	0.302	0.301	0.306	0.309	0.300	0.309	0.302	0.302	0.308	0.300	0.298	0.295	0.305	0.304	0.308	0.312	0.314	0.312	0.305	0.308	0.312	0.309	0.299	0.301
11:00:38	34.5	0.302	0.301	0.302	0.303	0.304	0.293	0.294	0.298	0.295	0.300	0.297	0.291	0.303	0.301	0.311	0.307	0.301	0.302	0.304	0.298	0.297	0.294	0.297	0.294	0.311	0.304	0.303	0.304	0.311	0.301	0.306	0.303	0.298	0.296	0.298	0.292	0.306	0.308	0.304	0.310	0.300	0.298	0.299	0.296	0.296	0.304	0.298	0.293	0.298	0.297	0.306	0.306	0.302	0.300	0.305	0.345	0.300	0.305	0.300	0.304	0.300	0.305	0.315	0.310	0.304	0.305	0.299	0.302	0.298	0.303	0.299	0.299	0.301	0.303	0.304	0.307	0.299	0.307	0.299	0.300	0.304	0.297	0.293	0.292	0.301	0.300	0.307	0.310	0.312	0.314	0.301	0.305	0.305	0.300	0.296	0.296
12:00:39	34.5	0.302	0.302	0.303	0.300	0.302	0.288	0.292	0.292	0.292	0.294	0.294	0.288	0.299	0.300	0.309	0.303	0.298	0.295	0.299	0.289	0.293	0.288	0.291	0.286	0.304	0.298	0.298	0.300	0.307	0.297	0.299	0.297	0.292	0.292	0.292	0.287	0.300	0.304	0.302	0.309	0.296	0.295	0.296	0.292	0.292	0.297	0.293	0.290	0.297	0.296	0.305	0.305	0.301	0.300	0.305	0.295	0.299	0.304	0.293	0.290	0.301	0.308	0.314	0.309	0.302	0.302	0.296	0.304	0.302	0.306	0.294	0.295	0.307	0.309	0.306	0.304	0.297	0.304	0.296	0.295	0.299	0.297	0.289	0.287	0.305	0.299	0.303	0.314	0.315	0.314	0.298	0.297	0.297	0.294	0.291	0.292
13:00:39	34.5	0.302	0.300	0.295	0.301	0.300	0.287	0.291	0.292	0.287	0.288	0.289	0.286	0.296	0.292	0.297	0.302	0.294	0.295	0.299	0.292	0.299	0.284	0.287	0.283	0.311	0.300	0.301	0.299	0.305	0.294	0.297	0.296	0.292	0.287	0.288	0.283	0.306	0.306	0.302	0.306	0.293	0.290	0.290	0.287	0.291	0.297	0.290	0.282	0.303	0.299	0.299	0.303	0.299	0.299	0.300	0.302	0.295	0.289	0.284	0.285	0.302	0.301	0.308	0.307	0.302	0.302	0.295	0.302	0.298	0.292	0.293	0.294	0.305	0.306	0.301	0.304	0.293	0.303	0.297	0.294	0.297	0.291	0.286	0.283	0.305	0.304	0.308	0.306	0.310	0.309	0.298	0.295	0.297	0.293	0.290	0.285
14:00:40	34.5	0.299	0.300	0.297	0.298	0.299	0.290	0.289	0.287	0.288	0.286	0.287	0.283	0.293	0.299	0.303	0.302	0.295	0.293	0.302	0.296	0.296	0.281	0.286	0.280	0.307	0.299	0.300	0.298	0.304	0.294	0.299	0.299	0.296	0.283	0.287	0.280	0.299	0.303	0.301	0.306	0.294	0.292	0.296	0.292	0.294	0.288	0.282	0.282	0.300	0.300	0.297	0.302	0.298	0.298	0.298	0.295	0.290	0.289	0.281	0.283	0.300	0.301	0.307	0.304	0.297	0.298	0.293	0.296	0.294	0.289	0.284	0.288	0.305	0.302	0.299	0.304	0.291	0.300	0.292	0.288	0.293	0.291	0.286	0.285	0.303	0.304	0.308	0.305	0.306	0.306	0.292	0.297	0.299	0.297	0.288	0.285
15:00:39	34.5	0.297	0.297	0.294	0.296	0.299	0.288	0.287	0.284	0.285	0.287	0.287	0.282	0.292	0.298	0.297	0.303	0.295	0.296	0.301	0.296	0.296	0.283	0.286	0.280	0.307	0.301	0.303	0.300	0.306	0.298	0.298	0.300	0.293	0.284	0.286	0.280	0.299	0.303	0.300	0.306	0.294	0.291	0.296	0.294	0.294	0.284	0.280	0.273	0.297	0.297	0.298	0.300	0.297	0.295	0.299	0.294	0.286	0.286	0.279	0.279	0.299	0.299	0.305	0.300	0.296	0.297	0.289	0.290	0.290	0.289	0.285	0.285	0.304	0.301	0.298	0.302	0.290	0.300	0.287	0.286	0.292	0.288	0.288	0.288	0.303	0.304	0.306	0.304	0.304	0.302	0.290	0.296	0.301	0.297	0.288	0.285
16:00:40	34.5	0.294	0.295	0.294	0.294	0.298	0.284	0.283	0.283	0.285	0.285	0.287	0.280	0.290	0.297	0.300	0.303	0.295	0.297	0.299	0.292	0.293	0.283	0.288	0.281	0.303	0.301	0.305	0.299	0.304	0.297	0.298	0.299	0.292	0.282	0.286	0.280	0.298	0.302	0.300	0.305	0.294	0.293	0.295	0.292	0.290	0.283	0.278	0.277	0.293	0.295	0.298	0.298	0.295	0.295	0.299	0.293	0.282	0.285	0.278	0.279	0.298	0.300	0.304	0.301	0.292	0.297	0.286	0.287	0.290	0.291	0.287	0.288	0.301	0.298	0.299	0.301	0.290	0.296	0.288	0.289	0.295	0.289	0.291	0.288	0.303	0.302	0.305	0.305	0.305	0.303	0.292	0.296	0.300	0.292	0.288	0.287
17:00:40	34.5	0.291	0.292	0.294	0.290	0.294	0.281	0.281	0.281	0.281	0.284	0.287	0.279	0.292	0.294	0.300	0.303	0.294	0.298	0.297	0.290	0.293	0.284	0.290	0.282	0.300	0.302	0.302	0.299	0.303	0.296	0.300	0.297	0.290	0.284	0.287	0.284	0.295	0.302	0.300	0.305	0.294	0.291	0.295	0.290	0.288	0.285	0.280	0.281	0.289	0.295	0.296	0.298	0.293	0.294	0.298	0.290	0.285	0.286	0.279	0.284	0.296	0.299	0.304	0.300	0.292	0.294	0.288	0.288	0.289	0.292	0.289	0.291	0.296	0.298	0.296	0.301	0.290	0.293	0.288	0.291	0.295	0.292	0.297	0.289	0.302	0.300	0.302	0.306	0.307	0.305	0.288	0.297	0.300	0.292	0.289	0.286
18:00:42	34.5	0.291	0.296	0.293	0.289	0.291	0.283	0.286	0.282	0.281	0.285	0.285	0.278	0.290	0.296	0.298	0.301	0.294	0.296	0.296	0.289	0.290	0.287	0.293	0.282	0.295	0.302	0.299	0.299	0.303	0.295	0.296	0.295	0.288	0.283	0.288	0.285	0.294	0.303	0.301	0.304	0.291	0.290	0.293	0.289	0.288	0.286	0.283	0.286	0.285	0.295	0.296	0.296	0.294	0.294	0.295	0.288	0.285	0.288	0.279	0.289	0.296	0.300	0.304	0.298	0.291	0.295	0.288	0.290	0.290	0.292	0.293	0.293	0.295	0.293	0.296	0.299	0.294	0.293	0.288	0.292	0.295	0.291	0.299	0.288	0.303	0.301	0.303	0.307	0.308	0.308	0.286	0.296	0.299	0.294	0.286	0.287
19:00:42	34.5	0.294	0.297	0.301	0.296	0.289	0.283	0.284	0.283	0.281	0.284	0.284	0.279	0.287	0.296	0.300	0.299	0.292	0.295	0.296	0.289	0.290	0.286	0.293	0.282	0.298	0.300	0.300	0.299	0.303	0.293	0.296	0.295	0.288	0.282	0.287	0.285	0.292	0.302	0.299	0.304	0.291	0.289	0.292	0.288	0.288	0.289	0.284	0.284	0.282	0.295	0.296	0.295	0.294	0.295	0.292	0.286	0.285	0.288	0.279	0.290	0.293	0.299	0.303	0.298	0.291	0.295	0.292	0.293	0.287	0.292	0.299	0.290	0.294	0.291	0.298	0.300	0.295	0.293	0.288	0.290	0.295	0.289	0.302	0.287	0.304	0.302	0.308	0.307	0.308	0.306	0.285	0.295	0.301	0.296	0.285	0.287
20:00:42	34.5	0.293	0.297	0.297	0.292	0.291	0.285	0.288	0.285	0.281	0.283	0.283	0.280	0.286	0.299	0.296	0.296	0.290	0.291	0.295	0.287	0.289	0.287	0.289	0.283	0.297	0.295	0.296	0.295	0.301	0.292	0.295	0.295	0.288	0.283	0.287	0.285	0.288	0.301	0.299	0.304	0.290	0.288	0.291	0.288	0.287	0.290	0.283	0.282	0.285	0.295	0.295	0.296	0.294	0.297	0.292	0.289	0.283	0.287	0.281	0.291	0.290	0.301	0.304	0.297	0.292	0.295	0.291	0.290	0.285	0.291	0.300	0.287	0.295	0.289	0.297	0.301	0.292	0.291	0.286	0.287	0.294	0.291	0.298	0.287	0.300	0.301	0.309	0.307	0.306	0.303	0.289	0.295	0.302	0.297	0.288	0.288
21:00:43	34.6	0.293	0.299	0.298	0.293	0.290	0.286	0.287	0.286	0.280	0.285	0.285	0.281	0.284	0.293	0.305	0.297	0.285	0.289	0.292	0.284	0.287	0.281	0.287	0.284	0.297	0.294	0.293	0.292	0.297	0.290	0.295	0.295	0.287	0.281	0.285	0.285	0.290	0.298	0.294	0.301	0.288	0.285	0.287	0.288	0.286	0.286	0.286	0.285	0.285	0.295	0.296	0.297	0.295	0.296	0.290	0.286	0.283	0.287	0.283	0.288	0.292	0.298	0.303	0.295	0.293	0.292	0.287	0.291	0.286	0.290	0.297	0.287	0.297	0.292	0.296	0.300	0.290	0.289	0.285	0.287	0.295	0.293	0.289	0.288	0.301	0.300	0.307	0.306	0.302	0.301	0.290	0.297	0.302	0.292	0.289	0.289
22:00:43	34.6	0.294	0.296	0.298	0.292	0.292	0.285	0.287	0.289	0.286	0.285	0.287	0.280	0.287	0.292	0.302	0.297	0.288	0.285	0.292	0.286	0.287	0.283	0.290	0.285	0.301	0.294	0.295	0.290	0.298	0.288	0.290	0.289	0.285	0.284	0.284	0.286	0.289	0.295	0.290	0.297	0.285	0.284	0.286	0.287	0.282	0.289	0.283	0.282	0.286	0.286	0.291	0.298	0.291	0.296	0.289	0.286	0.282	0.296	0.285	0.285	0.292	0.294	0.300	0.298	0.289	0.289	0.286	0.292	0.285	0.297	0.288	0.288	0.300	0.295	0.296	0.296	0.291	0.291	0.290	0.291	0.293	0.286	0.290	0.287	0.301	0.299	0.304	0.308	0.304	0.302	0.290	0.291	0.296	0.293	0.290	0.289
23:00:44	34.6	0.294	0.295	0.297	0.292	0.293	0.286	0.287	0.289	0.286	0.288	0.288	0.282	0.286	0.287	0.294	0.297	0.285	0.286	0.292	0.288	0.289	0.284	0.289	0.284	0.303	0.296	0.294	0.292	0.298	0.290	0.292	0.291	0.285	0.284	0.289	0.286	0.289	0.297	0.292	0.295	0.286	0.283	0.286	0.285	0.282	0.286	0.283	0.284	0.290	0.293	0.294	0.294	0.290	0.292	0.289	0.286	0.287	0.292	0.286	0.284	0.294	0.299	0.300	0.298	0.290	0.289	0.288	0.294	0.289	0.292	0.288	0.288	0.300	0.295	0.299	0.299	0.294	0.294	0.290	0.292	0.292	0.288	0.289	0.287	0.300	0.297	0.303	0.302	0.304	0.302	0.292	0.293	0.298	0.293	0.291	0.290
0:00:00																																																																																																	

Results
	1	2	3	4	5	6	7	8	9	10	11	12
A	0.482	0.461	0.459	0.498	0.449	0.460	0.489	0.508	0.475	0.474	0.470	0.544	Max V [600]
	0.993	0.904	0.982	0.966	0.987	0.978	0.972	0.978	0.967	0.961	0.976	0.971	R-Squared [600]
	4:00:36	4:00:36	4:00:36	4:00:36	4:00:36	4:00:36	4:00:36	4:00:36	4:00:36	4:00:36	3:00:35	3:00:35	t at Max V [600]
	1:18:25	1:14:55	1:21:29	1:24:26	1:21:13	1:22:34	1:24:23	1:29:13	1:21:31	1:18:15	1:09:05	1:10:54	Lagtime [600]
B	0.487	0.486	0.457	0.480	0.526	0.506	0.453	0.458	0.463	0.442	0.499	0.451	Max V [600]
	0.990	0.991	0.985	0.986	0.995	0.992	0.988	0.997	0.986	0.989	0.956	0.977	R-Squared [600]
	4:00:36	4:00:36	4:00:36	4:00:36	4:00:36	4:00:36	4:00:36	4:00:36	4:00:36	4:00:36	3:00:35	3:00:35	t at Max V [600]
	1:22:01	1:30:58	1:28:28	1:37:45	1:43:15	1:43:28	1:32:49	1:35:16	1:38:35	1:26:41	1:10:12	1:05:19	Lagtime [600]
C	0.471	0.474	0.490	0.435	0.459	0.438	0.440	0.471	0.437	0.525	0.461	0.463	Max V [600]
	0.991	0.994	0.991	0.994	0.994	0.995	0.971	0.991	0.987	0.980	0.995	0.989	R-Squared [600]
	4:00:36	4:00:36	4:00:36	4:00:36	4:00:36	4:00:36	4:00:36	4:00:36	4:00:36	4:00:36	4:00:36	4:00:36	t at Max V [600]
	1:26:28	1:36:19	1:44:11	1:36:27	1:43:45	1:41:48	1:40:17	1:44:58	1:34:58	1:43:18	1:30:09	1:23:24	Lagtime [600]
D	0.478	0.456	0.486	0.464	0.474	0.429	0.432	0.445	0.467	0.521	0.453	0.506	Max V [600]
	0.988	0.997	0.994	0.945	0.991	0.995	0.994	0.994	0.997	0.986	0.982	0.992	R-Squared [600]
	4:00:36	4:00:36	4:00:36	4:00:36	4:00:36	5:00:36	5:00:36	4:00:36	5:00:36	4:00:36	4:00:36	4:00:36	t at Max V [600]
	1:23:33	1:38:26	1:48:22	1:45:24	1:47:56	1:49:36	1:46:51	1:46:05	1:55:57	1:49:50	1:25:52	1:32:27	Lagtime [600]
E	0.519	0.449	0.433	0.449	0.478	0.467	0.637	1.114	0.535	0.508	0.434	0.521	Max V [600]
	0.981	0.992	0.982	0.995	0.993	0.985	0.952	0.810	0.982	0.987	0.987	0.980	R-Squared [600]
	4:00:36	4:00:36	4:00:36	4:00:36	4:00:36	4:00:36	6:00:37	7:00:37	4:00:36	4:00:36	4:00:36	4:00:36	t at Max V [600]
	1:35:20	1:37:56	1:36:08	1:46:49	1:49:05	1:49:02	2:32:31	3:45:56	1:53:27	1:49:38	1:25:01	1:31:14	Lagtime [600]
F	0.562	0.472	0.447	0.458	0.529	0.458	0.493	0.474	0.468	0.501	0.539	0.543	Max V [600]
	0.953	0.995	0.982	0.984	0.986	0.963	0.999	0.981	0.985	0.980	0.977	0.947	R-Squared [600]
	3:00:35	4:00:36	4:00:36	4:00:36	4:00:36	4:00:36	5:00:36	4:00:36	4:00:36	4:00:36	4:00:36	3:00:35	t at Max V [600]
	1:18:47	1:38:54	1:42:23	1:44:41	1:55:35	1:47:13	1:56:08	1:45:28	1:41:00	1:44:58	1:39:23	1:18:57	Lagtime [600]
G	0.502	0.521	0.562	0.464	0.497	0.498	0.553	0.550	0.545	0.538	0.548	0.667	Max V [600]
	0.965	0.996	0.976	0.985	0.993	0.963	0.987	0.992	0.992	0.994	0.981	0.927	R-Squared [600]
	4:00:36	4:00:36	4:00:36	4:00:36	4:00:36	4:00:36	4:00:36	4:00:36	4:00:36	4:00:36	4:00:36	4:00:36	t at Max V [600]
	1:19:23	1:38:09	1:48:29	1:36:10	1:43:02	1:42:03	1:50:41	1:49:07	1:48:50	1:43:31	1:36:32	1:39:02	Lagtime [600]
H	0.609	0.607	0.586	0.593	0.630	0.540	0.552	0.522	0.571	0.609	0.589	0.605	Max V [600]
	0.994	0.980	0.997	0.959	0.996	0.984	0.994	0.986	0.988	0.944	0.979	0.950	R-Squared [600]
	4:00:36	4:00:36	4:00:36	4:00:36	4:00:36	4:00:36	4:00:36	4:00:36	4:00:36	3:00:35	4:00:36	3:00:35	t at Max V [600]
	1:31:58	1:36:31	1:42:54	1:36:53	1:44:10	1:33:40	1:37:27	1:38:52	1:32:32	1:20:34	1:34:06	1:16:57	Lagtime [600]


