Time	A1	A2	A3	A4	A5	A6	A7	A8	A9	A10	A11	A12	B1	B2	B3	B4	B5	B6	B7	B8	B9	B10	B11	B12	C1	C2	C3	C4	C5	C6	C7	C8	C9	C10	C11	C12	D1	D2	D3	D4	D5	D6	D7	D8	D9	D10	D11	D12	E1	E2	E3	E4	E5	E6	E7	E8	E9	E10	E11	E12	F1	F2	F3	F4	F5	F6	F7	F8	F9	F10	F11	F12	G1	G2	G3	G4	G5	G6	G7	G8	G9	G10	G11	G12	H1	H2	H3	H4	H5	H6	H7	H8	H9	H10	H11	H12
0	0.173	0.171	0.176	0.176	0.182	0.171	0.175	0.178	0.172	0.171	0.172	0.176	0.179	0.180	0.178	0.176	0.173	0.170	0.174	0.175	0.187	0.171	0.176	0.164	0.178	0.175	0.180	0.178	0.174	0.174	0.171	0.185	0.174	0.172	0.170	0.171	0.182	0.177	0.175	0.173	0.174	0.178	0.172	0.171	0.166	0.173	0.170	0.172	0.174	0.174	0.177	0.182	0.177	0.171	0.172	0.174	0.171	0.176	0.173	0.180	0.178	0.174	0.186	0.173	0.180	0.176	0.175	0.176	0.174	0.176	0.170	0.172	0.179	0.176	0.178	0.174	0.174	0.173	0.176	0.171	0.171	0.173	0.172	0.171	0.188	0.174	0.178	0.174	0.172	0.175	0.172	0.172	0.175	0.170	0.169	0.171
1	0.176	0.174	0.177	0.178	0.183	0.174	0.178	0.180	0.176	0.173	0.174	0.179	0.181	0.182	0.179	0.178	0.175	0.172	0.176	0.177	0.188	0.173	0.178	0.168	0.180	0.177	0.181	0.179	0.175	0.175	0.172	0.186	0.175	0.174	0.172	0.174	0.182	0.179	0.176	0.174	0.175	0.179	0.173	0.173	0.167	0.175	0.172	0.175	0.176	0.176	0.179	0.183	0.178	0.172	0.173	0.175	0.173	0.177	0.174	0.183	0.181	0.175	0.188	0.175	0.182	0.177	0.175	0.177	0.175	0.177	0.172	0.174	0.181	0.177	0.179	0.176	0.176	0.174	0.178	0.172	0.172	0.175	0.174	0.174	0.189	0.176	0.180	0.177	0.174	0.177	0.173	0.174	0.178	0.173	0.172	0.174
2	0.180	0.178	0.181	0.182	0.188	0.177	0.182	0.185	0.179	0.177	0.178	0.183	0.185	0.186	0.184	0.183	0.179	0.176	0.180	0.181	0.192	0.178	0.182	0.171	0.184	0.181	0.185	0.184	0.179	0.179	0.176	0.190	0.179	0.178	0.176	0.178	0.186	0.182	0.180	0.178	0.178	0.183	0.177	0.177	0.172	0.179	0.176	0.179	0.180	0.180	0.182	0.187	0.181	0.176	0.176	0.179	0.177	0.181	0.178	0.187	0.185	0.180	0.190	0.179	0.186	0.180	0.179	0.180	0.178	0.182	0.176	0.178	0.185	0.181	0.184	0.181	0.180	0.179	0.182	0.176	0.177	0.179	0.178	0.178	0.193	0.181	0.184	0.181	0.179	0.182	0.177	0.179	0.182	0.177	0.176	0.178
3	0.182	0.180	0.184	0.184	0.189	0.179	0.184	0.186	0.182	0.179	0.180	0.185	0.187	0.188	0.186	0.185	0.181	0.178	0.182	0.183	0.194	0.180	0.184	0.173	0.186	0.184	0.188	0.186	0.181	0.181	0.178	0.193	0.181	0.180	0.178	0.180	0.187	0.184	0.184	0.180	0.181	0.185	0.179	0.179	0.174	0.181	0.178	0.181	0.183	0.182	0.185	0.189	0.184	0.178	0.179	0.181	0.179	0.184	0.180	0.188	0.187	0.182	0.192	0.181	0.189	0.183	0.182	0.183	0.181	0.183	0.178	0.180	0.188	0.184	0.188	0.183	0.183	0.181	0.184	0.179	0.179	0.181	0.180	0.180	0.197	0.184	0.186	0.183	0.182	0.184	0.180	0.180	0.183	0.179	0.178	0.180
4	0.184	0.182	0.185	0.185	0.189	0.181	0.186	0.189	0.183	0.181	0.182	0.186	0.189	0.189	0.188	0.186	0.183	0.179	0.184	0.185	0.195	0.181	0.186	0.175	0.188	0.185	0.189	0.188	0.183	0.183	0.180	0.194	0.183	0.182	0.180	0.182	0.189	0.186	0.185	0.182	0.181	0.187	0.181	0.181	0.175	0.182	0.179	0.182	0.184	0.184	0.187	0.191	0.185	0.180	0.180	0.183	0.181	0.185	0.181	0.190	0.189	0.183	0.194	0.183	0.190	0.185	0.183	0.185	0.182	0.185	0.179	0.182	0.189	0.185	0.188	0.185	0.184	0.183	0.186	0.180	0.181	0.183	0.182	0.182	0.199	0.186	0.188	0.186	0.184	0.186	0.182	0.182	0.185	0.180	0.179	0.182
5	0.186	0.185	0.187	0.187	0.191	0.183	0.188	0.191	0.185	0.184	0.184	0.189	0.192	0.192	0.190	0.188	0.185	0.181	0.186	0.187	0.198	0.184	0.188	0.178	0.190	0.187	0.191	0.189	0.185	0.185	0.181	0.196	0.185	0.184	0.182	0.184	0.191	0.187	0.187	0.184	0.184	0.189	0.182	0.183	0.177	0.184	0.181	0.185	0.187	0.186	0.189	0.192	0.187	0.181	0.182	0.185	0.183	0.187	0.183	0.192	0.191	0.185	0.195	0.185	0.192	0.186	0.185	0.186	0.184	0.188	0.181	0.184	0.192	0.187	0.191	0.187	0.188	0.185	0.188	0.183	0.182	0.185	0.184	0.184	0.202	0.188	0.191	0.189	0.186	0.189	0.185	0.184	0.187	0.183	0.182	0.185
6	0.190	0.188	0.189	0.189	0.193	0.187	0.191	0.194	0.189	0.187	0.188	0.193	0.196	0.195	0.193	0.191	0.188	0.184	0.189	0.189	0.200	0.186	0.191	0.182	0.193	0.190	0.194	0.192	0.187	0.187	0.184	0.198	0.187	0.186	0.185	0.188	0.194	0.190	0.189	0.186	0.186	0.191	0.185	0.185	0.180	0.187	0.184	0.188	0.190	0.188	0.191	0.194	0.189	0.184	0.184	0.187	0.185	0.189	0.186	0.195	0.194	0.188	0.198	0.187	0.194	0.189	0.187	0.189	0.186	0.190	0.185	0.187	0.195	0.190	0.193	0.189	0.189	0.187	0.190	0.185	0.185	0.188	0.186	0.187	0.204	0.193	0.195	0.192	0.190	0.192	0.187	0.187	0.190	0.186	0.185	0.188
7	0.193	0.192	0.191	0.191	0.196	0.190	0.195	0.197	0.192	0.190	0.191	0.196	0.198	0.198	0.196	0.195	0.191	0.187	0.192	0.192	0.203	0.190	0.194	0.185	0.197	0.193	0.196	0.195	0.190	0.190	0.186	0.201	0.190	0.189	0.188	0.191	0.197	0.193	0.191	0.192	0.188	0.193	0.187	0.188	0.182	0.190	0.187	0.191	0.193	0.191	0.194	0.197	0.192	0.186	0.187	0.190	0.188	0.192	0.188	0.198	0.197	0.190	0.201	0.190	0.197	0.191	0.189	0.191	0.189	0.193	0.186	0.190	0.198	0.193	0.196	0.192	0.192	0.190	0.192	0.187	0.188	0.191	0.189	0.190	0.209	0.197	0.199	0.197	0.194	0.196	0.190	0.190	0.193	0.189	0.188	0.191
8	0.197	0.195	0.194	0.194	0.199	0.193	0.198	0.201	0.195	0.194	0.195	0.200	0.202	0.201	0.199	0.197	0.193	0.190	0.194	0.195	0.206	0.192	0.197	0.188	0.200	0.196	0.199	0.198	0.193	0.192	0.190	0.204	0.193	0.192	0.191	0.194	0.200	0.196	0.194	0.192	0.190	0.196	0.189	0.190	0.185	0.192	0.190	0.195	0.196	0.194	0.197	0.200	0.194	0.189	0.189	0.192	0.191	0.195	0.191	0.201	0.200	0.193	0.203	0.193	0.199	0.194	0.192	0.194	0.192	0.196	0.190	0.193	0.201	0.196	0.199	0.195	0.194	0.192	0.195	0.190	0.191	0.194	0.192	0.194	0.214	0.202	0.204	0.201	0.199	0.201	0.193	0.194	0.197	0.193	0.192	0.194
9	0.200	0.198	0.197	0.197	0.203	0.196	0.201	0.203	0.199	0.197	0.198	0.203	0.205	0.203	0.201	0.200	0.196	0.192	0.197	0.199	0.209	0.196	0.202	0.191	0.203	0.199	0.202	0.200	0.195	0.195	0.192	0.207	0.196	0.195	0.193	0.198	0.203	0.199	0.197	0.194	0.194	0.198	0.193	0.193	0.188	0.195	0.193	0.198	0.199	0.197	0.200	0.202	0.197	0.192	0.192	0.195	0.193	0.197	0.194	0.203	0.204	0.196	0.206	0.195	0.202	0.197	0.195	0.196	0.194	0.198	0.192	0.196	0.205	0.199	0.201	0.198	0.197	0.195	0.198	0.193	0.194	0.196	0.194	0.197	0.218	0.206	0.209	0.205	0.203	0.205	0.197	0.197	0.199	0.195	0.195	0.197
10	0.203	0.201	0.200	0.199	0.205	0.199	0.204	0.206	0.202	0.201	0.202	0.207	0.208	0.207	0.204	0.202	0.199	0.195	0.200	0.201	0.212	0.198	0.203	0.194	0.206	0.202	0.205	0.203	0.199	0.198	0.195	0.209	0.199	0.198	0.196	0.201	0.206	0.202	0.200	0.197	0.196	0.201	0.195	0.196	0.190	0.198	0.196	0.201	0.202	0.200	0.202	0.205	0.200	0.195	0.195	0.198	0.196	0.200	0.197	0.206	0.207	0.200	0.209	0.198	0.204	0.199	0.197	0.199	0.197	0.201	0.195	0.199	0.207	0.202	0.204	0.201	0.200	0.198	0.201	0.196	0.196	0.199	0.197	0.199	0.223	0.211	0.214	0.210	0.208	0.210	0.199	0.200	0.202	0.198	0.198	0.200
11	0.206	0.204	0.203	0.202	0.208	0.202	0.207	0.209	0.204	0.203	0.204	0.209	0.211	0.209	0.207	0.205	0.202	0.198	0.202	0.203	0.214	0.201	0.205	0.197	0.209	0.205	0.208	0.205	0.201	0.200	0.197	0.211	0.201	0.200	0.199	0.204	0.208	0.204	0.203	0.199	0.198	0.203	0.198	0.198	0.192	0.200	0.199	0.204	0.204	0.202	0.204	0.208	0.202	0.197	0.197	0.200	0.199	0.203	0.199	0.209	0.209	0.202	0.211	0.201	0.207	0.202	0.200	0.202	0.199	0.203	0.197	0.202	0.210	0.204	0.208	0.203	0.202	0.200	0.204	0.199	0.199	0.202	0.199	0.202	0.227	0.216	0.218	0.214	0.212	0.214	0.201	0.202	0.205	0.201	0.201	0.203
12	0.209	0.206	0.205	0.204	0.209	0.204	0.209	0.211	0.207	0.205	0.207	0.212	0.213	0.211	0.209	0.206	0.203	0.200	0.205	0.205	0.216	0.203	0.207	0.199	0.211	0.207	0.210	0.207	0.202	0.202	0.199	0.213	0.203	0.202	0.201	0.206	0.210	0.206	0.204	0.200	0.200	0.205	0.200	0.200	0.194	0.202	0.200	0.206	0.206	0.204	0.206	0.209	0.204	0.199	0.199	0.202	0.201	0.205	0.201	0.211	0.211	0.204	0.213	0.202	0.209	0.203	0.202	0.203	0.201	0.205	0.199	0.204	0.212	0.206	0.209	0.205	0.204	0.203	0.205	0.200	0.201	0.204	0.201	0.204	0.230	0.219	0.221	0.217	0.215	0.217	0.203	0.204	0.206	0.203	0.203	0.205
13	0.211	0.208	0.207	0.205	0.211	0.206	0.210	0.213	0.208	0.207	0.208	0.213	0.215	0.212	0.210	0.208	0.205	0.201	0.206	0.207	0.218	0.204	0.208	0.200	0.212	0.208	0.211	0.209	0.204	0.204	0.201	0.215	0.205	0.203	0.202	0.208	0.213	0.208	0.206	0.202	0.202	0.207	0.202	0.202	0.196	0.204	0.202	0.208	0.208	0.206	0.208	0.211	0.206	0.200	0.201	0.204	0.203	0.206	0.202	0.213	0.213	0.205	0.214	0.204	0.210	0.205	0.204	0.205	0.203	0.207	0.200	0.205	0.214	0.208	0.210	0.206	0.206	0.204	0.206	0.202	0.202	0.205	0.203	0.206	0.232	0.222	0.223	0.219	0.217	0.219	0.204	0.205	0.208	0.205	0.205	0.207
14	0.212	0.209	0.208	0.207	0.212	0.207	0.211	0.214	0.210	0.208	0.209	0.215	0.216	0.213	0.212	0.209	0.206	0.203	0.208	0.207	0.218	0.205	0.209	0.202	0.214	0.209	0.212	0.210	0.205	0.204	0.202	0.216	0.206	0.204	0.203	0.209	0.213	0.209	0.207	0.203	0.203	0.208	0.203	0.203	0.197	0.205	0.203	0.209	0.209	0.207	0.209	0.212	0.207	0.202	0.202	0.205	0.203	0.208	0.203	0.214	0.214	0.207	0.216	0.205	0.212	0.206	0.205	0.206	0.204	0.208	0.201	0.207	0.215	0.209	0.211	0.207	0.208	0.205	0.207	0.203	0.203	0.206	0.204	0.208	0.234	0.223	0.225	0.221	0.219	0.222	0.206	0.206	0.209	0.206	0.206	0.207
15	0.213	0.210	0.210	0.208	0.213	0.208	0.212	0.214	0.210	0.209	0.210	0.216	0.217	0.214	0.212	0.209	0.207	0.203	0.208	0.208	0.219	0.205	0.210	0.203	0.214	0.210	0.212	0.210	0.206	0.205	0.203	0.216	0.206	0.204	0.203	0.210	0.214	0.210	0.208	0.203	0.204	0.209	0.204	0.203	0.197	0.205	0.204	0.210	0.209	0.208	0.210	0.212	0.208	0.202	0.202	0.206	0.204	0.208	0.204	0.215	0.215	0.207	0.216	0.206	0.212	0.207	0.205	0.206	0.204	0.208	0.203	0.208	0.216	0.209	0.212	0.208	0.207	0.206	0.208	0.204	0.204	0.207	0.205	0.209	0.234	0.224	0.227	0.222	0.220	0.223	0.206	0.207	0.209	0.207	0.207	0.208
16	0.213	0.211	0.210	0.209	0.213	0.209	0.213	0.215	0.211	0.210	0.211	0.216	0.218	0.214	0.213	0.209	0.208	0.204	0.208	0.208	0.219	0.206	0.211	0.203	0.215	0.211	0.213	0.211	0.206	0.206	0.203	0.217	0.207	0.205	0.204	0.211	0.214	0.210	0.209	0.203	0.204	0.209	0.204	0.204	0.198	0.206	0.204	0.210	0.210	0.208	0.211	0.213	0.208	0.203	0.203	0.206	0.204	0.209	0.205	0.216	0.215	0.208	0.217	0.206	0.213	0.208	0.206	0.207	0.205	0.209	0.202	0.208	0.217	0.210	0.213	0.209	0.208	0.206	0.208	0.204	0.204	0.207	0.205	0.210	0.235	0.225	0.227	0.223	0.221	0.223	0.207	0.207	0.210	0.207	0.208	0.209
17	0.214	0.211	0.211	0.210	0.213	0.210	0.214	0.215	0.212	0.210	0.212	0.217	0.218	0.215	0.213	0.210	0.208	0.204	0.208	0.208	0.220	0.206	0.210	0.203	0.215	0.211	0.214	0.211	0.206	0.206	0.204	0.217	0.207	0.205	0.204	0.211	0.215	0.211	0.209	0.204	0.205	0.210	0.205	0.205	0.198	0.206	0.205	0.212	0.210	0.209	0.211	0.213	0.209	0.203	0.203	0.207	0.205	0.209	0.205	0.216	0.216	0.208	0.217	0.206	0.213	0.208	0.206	0.207	0.205	0.209	0.203	0.209	0.217	0.210	0.213	0.209	0.209	0.206	0.209	0.204	0.204	0.207	0.206	0.211	0.235	0.226	0.228	0.223	0.221	0.224	0.209	0.208	0.210	0.208	0.208	0.209
18	0.214	0.212	0.212	0.210	0.214	0.210	0.214	0.215	0.212	0.210	0.212	0.217	0.218	0.215	0.214	0.210	0.208	0.204	0.209	0.209	0.220	0.207	0.211	0.203	0.216	0.212	0.214	0.212	0.207	0.206	0.205	0.217	0.207	0.205	0.205	0.211	0.215	0.211	0.209	0.204	0.205	0.210	0.205	0.205	0.198	0.206	0.205	0.211	0.210	0.209	0.211	0.213	0.209	0.203	0.204	0.207	0.205	0.209	0.205	0.217	0.215	0.209	0.217	0.207	0.213	0.208	0.206	0.208	0.205	0.209	0.203	0.209	0.217	0.210	0.213	0.209	0.209	0.207	0.209	0.205	0.205	0.208	0.206	0.211	0.235	0.226	0.229	0.224	0.222	0.225	0.207	0.208	0.211	0.208	0.208	0.209
19	0.214	0.212	0.212	0.210	0.214	0.210	0.214	0.216	0.212	0.211	0.212	0.217	0.219	0.216	0.214	0.211	0.209	0.205	0.209	0.209	0.220	0.207	0.211	0.204	0.216	0.212	0.215	0.212	0.207	0.207	0.204	0.218	0.208	0.206	0.205	0.211	0.215	0.212	0.210	0.204	0.205	0.210	0.205	0.205	0.198	0.207	0.205	0.211	0.210	0.209	0.212	0.214	0.209	0.204	0.204	0.207	0.206	0.210	0.206	0.217	0.216	0.209	0.218	0.207	0.214	0.209	0.207	0.208	0.206	0.209	0.203	0.209	0.218	0.211	0.214	0.210	0.209	0.207	0.210	0.205	0.205	0.208	0.206	0.211	0.236	0.227	0.229	0.224	0.222	0.225	0.207	0.208	0.211	0.208	0.209	0.209
20	0.215	0.212	0.213	0.211	0.214	0.211	0.214	0.216	0.213	0.211	0.212	0.217	0.219	0.216	0.215	0.212	0.209	0.205	0.209	0.209	0.221	0.207	0.211	0.204	0.216	0.213	0.215	0.213	0.207	0.207	0.205	0.218	0.208	0.206	0.205	0.212	0.215	0.212	0.210	0.204	0.206	0.211	0.206	0.206	0.198	0.208	0.205	0.211	0.211	0.210	0.212	0.214	0.209	0.204	0.205	0.208	0.206	0.210	0.206	0.217	0.216	0.210	0.218	0.208	0.214	0.209	0.207	0.209	0.206	0.209	0.203	0.209	0.218	0.211	0.215	0.210	0.210	0.207	0.210	0.206	0.205	0.208	0.206	0.212	0.236	0.227	0.230	0.224	0.222	0.225	0.207	0.209	0.211	0.209	0.209	0.209
21	0.215	0.213	0.213	0.211	0.215	0.211	0.214	0.216	0.213	0.211	0.212	0.217	0.219	0.216	0.215	0.212	0.209	0.205	0.210	0.209	0.221	0.207	0.212	0.204	0.217	0.213	0.215	0.213	0.208	0.207	0.205	0.218	0.209	0.206	0.206	0.214	0.216	0.213	0.211	0.204	0.206	0.211	0.206	0.206	0.198	0.210	0.206	0.212	0.211	0.210	0.212	0.215	0.209	0.204	0.205	0.208	0.206	0.210	0.206	0.217	0.216	0.210	0.219	0.208	0.215	0.209	0.208	0.209	0.207	0.209	0.204	0.210	0.219	0.212	0.215	0.211	0.210	0.208	0.211	0.206	0.205	0.209	0.206	0.213	0.236	0.227	0.232	0.224	0.223	0.225	0.209	0.209	0.212	0.209	0.209	0.209
22	0.215	0.212	0.214	0.211	0.215	0.211	0.214	0.216	0.213	0.211	0.212	0.217	0.219	0.216	0.215	0.212	0.209	0.205	0.210	0.210	0.221	0.207	0.211	0.204	0.217	0.213	0.215	0.213	0.208	0.208	0.205	0.218	0.209	0.206	0.205	0.214	0.215	0.213	0.211	0.204	0.206	0.211	0.206	0.207	0.198	0.212	0.206	0.211	0.211	0.210	0.213	0.215	0.209	0.204	0.205	0.208	0.207	0.210	0.206	0.217	0.216	0.210	0.219	0.208	0.215	0.209	0.208	0.209	0.207	0.210	0.204	0.210	0.218	0.212	0.215	0.211	0.210	0.208	0.211	0.206	0.206	0.209	0.206	0.214	0.236	0.227	0.235	0.224	0.223	0.226	0.207	0.209	0.212	0.209	0.209	0.209
23	0.215	0.213	0.214	0.212	0.215	0.211	0.214	0.216	0.213	0.212	0.212	0.217	0.219	0.217	0.215	0.212	0.210	0.206	0.210	0.210	0.221	0.207	0.212	0.205	0.217	0.213	0.216	0.214	0.208	0.208	0.206	0.218	0.209	0.207	0.206	0.212	0.216	0.213	0.211	0.204	0.207	0.212	0.207	0.207	0.199	0.216	0.206	0.212	0.211	0.211	0.213	0.215	0.210	0.204	0.206	0.209	0.207	0.211	0.207	0.217	0.216	0.210	0.219	0.208	0.215	0.210	0.208	0.210	0.207	0.210	0.204	0.209	0.219	0.212	0.215	0.212	0.211	0.209	0.211	0.207	0.206	0.209	0.207	0.216	0.235	0.227	0.237	0.225	0.223	0.226	0.207	0.209	0.212	0.209	0.209	0.209
