

Software Version	3.10.06



Experiment File Path:	C:\Users\patil-group\Desktop\Sweeteners_stacker\271021_NT5019_22_23_Rep3\NT5019_22_23_Rep3.xpt
Protocol File Path:	C:\Users\Public\Documents\Protocols\Screening-protocol.prt



Plate Number	Plate 9
Date	27/10/2021
Time	14:42:08
Reader Type:	Epoch 2
Reader Serial Number:	2103223
Reading Type	Reader

Procedure Details

Plate Type	96 WELL PLATE
Discontinuous Kinetics	Runtime 1:00:00 (D:HH:MM), Interval 0:01:00, 25 Reads
	Pause after each run
Eject plate on completion	
Shake	Linear: 0:00:30 (HH:MM:SS)
	Frequency: 567 cpm (3 mm)
Read	Absorbance Endpoint
	Full Plate
	Wavelengths:  600
	Read Speed: Normal,  Delay: 100 msec,  Measurements/Data Point: 8

600

Time	T° 600	A1	A2	A3	A4	A5	A6	A7	A8	A9	A10	A11	A12	B1	B2	B3	B4	B5	B6	B7	B8	B9	B10	B11	B12	C1	C2	C3	C4	C5	C6	C7	C8	C9	C10	C11	C12	D1	D2	D3	D4	D5	D6	D7	D8	D9	D10	D11	D12	E1	E2	E3	E4	E5	E6	E7	E8	E9	E10	E11	E12	F1	F2	F3	F4	F5	F6	F7	F8	F9	F10	F11	F12	G1	G2	G3	G4	G5	G6	G7	G8	G9	G10	G11	G12	H1	H2	H3	H4	H5	H6	H7	H8	H9	H10	H11	H12
0:00:34	34.6	0.197	0.204	0.192	0.204	0.211	0.193	0.186	0.187	0.194	0.183	0.182	0.179	0.225	0.233	0.241	0.234	0.228	0.219	0.237	0.233	0.218	0.214	0.205	0.185	0.218	0.253	0.275	0.284	0.264	0.212	0.266	0.265	0.263	0.275	0.245	0.194	0.239	0.266	0.265	0.273	0.264	0.272	0.277	0.246	0.263	0.254	0.237	0.184	0.199	0.223	0.230	0.227	0.234	0.231	0.249	0.227	0.233	0.195	0.201	0.178	0.185	0.227	0.240	0.211	0.228	0.245	0.249	0.230	0.220	0.243	0.204	0.185	0.199	0.191	0.210	0.191	0.228	0.189	0.224	0.190	0.203	0.192	0.189	0.175	0.189	0.203	0.205	0.191	0.201	0.180	0.219	0.205	0.199	0.177	0.178	0.178
1:00:34	34.9	0.188	0.190	0.183	0.196	0.189	0.186	0.186	0.187	0.180	0.178	0.181	0.181	0.207	0.192	0.205	0.199	0.198	0.192	0.198	0.206	0.187	0.185	0.192	0.185	0.194	0.216	0.207	0.228	0.214	0.183	0.204	0.199	0.194	0.206	0.189	0.193	0.195	0.235	0.228	0.251	0.219	0.227	0.227	0.197	0.203	0.201	0.189	0.185	0.186	0.189	0.197	0.190	0.198	0.196	0.206	0.182	0.192	0.174	0.179	0.178	0.179	0.203	0.205	0.182	0.195	0.209	0.228	0.190	0.183	0.192	0.186	0.184	0.197	0.183	0.188	0.177	0.197	0.178	0.187	0.177	0.179	0.176	0.180	0.178	0.185	0.190	0.183	0.186	0.187	0.178	0.189	0.187	0.181	0.178	0.178	0.180
2:00:34	34.6	0.196	0.193	0.187	0.197	0.193	0.190	0.190	0.194	0.186	0.184	0.189	0.191	0.214	0.193	0.201	0.195	0.199	0.193	0.192	0.200	0.184	0.189	0.199	0.197	0.198	0.198	0.196	0.202	0.201	0.186	0.200	0.193	0.191	0.196	0.192	0.200	0.196	0.202	0.199	0.212	0.195	0.211	0.198	0.193	0.192	0.192	0.192	0.191	0.189	0.187	0.190	0.187	0.186	0.184	0.189	0.180	0.184	0.177	0.184	0.186	0.183	0.196	0.199	0.182	0.188	0.197	0.200	0.183	0.179	0.186	0.190	0.191	0.200	0.186	0.189	0.180	0.193	0.183	0.184	0.182	0.182	0.181	0.188	0.186	0.194	0.196	0.188	0.193	0.187	0.184	0.189	0.187	0.187	0.184	0.187	0.190
3:00:34	34.9	0.208	0.199	0.198	0.206	0.204	0.198	0.198	0.202	0.198	0.197	0.204	0.208	0.226	0.202	0.211	0.204	0.206	0.201	0.200	0.208	0.196	0.200	0.210	0.211	0.208	0.203	0.202	0.206	0.204	0.195	0.208	0.202	0.198	0.201	0.203	0.212	0.199	0.200	0.198	0.199	0.193	0.208	0.200	0.198	0.194	0.197	0.200	0.203	0.197	0.192	0.193	0.191	0.189	0.186	0.190	0.188	0.190	0.185	0.195	0.199	0.194	0.200	0.201	0.189	0.194	0.197	0.196	0.186	0.187	0.192	0.201	0.204	0.208	0.196	0.196	0.188	0.199	0.191	0.189	0.192	0.190	0.192	0.199	0.199	0.206	0.205	0.198	0.204	0.193	0.195	0.195	0.196	0.197	0.196	0.200	0.206
4:00:34	34.6	0.232	0.234	0.227	0.236	0.235	0.224	0.225	0.229	0.225	0.222	0.224	0.226	0.261	0.242	0.242	0.238	0.238	0.232	0.235	0.240	0.230	0.235	0.248	0.240	0.241	0.240	0.230	0.239	0.230	0.219	0.236	0.228	0.229	0.232	0.236	0.240	0.232	0.235	0.225	0.225	0.215	0.228	0.224	0.220	0.219	0.223	0.228	0.228	0.224	0.221	0.218	0.216	0.213	0.206	0.214	0.211	0.216	0.207	0.222	0.225	0.221	0.229	0.228	0.213	0.218	0.219	0.219	0.207	0.214	0.224	0.233	0.231	0.235	0.224	0.227	0.213	0.225	0.218	0.216	0.220	0.220	0.220	0.229	0.224	0.237	0.232	0.227	0.229	0.219	0.219	0.223	0.224	0.223	0.224	0.224	0.227
5:00:34	34.7	0.234	0.235	0.233	0.242	0.241	0.233	0.234	0.237	0.230	0.230	0.228	0.227	0.261	0.251	0.264	0.252	0.258	0.245	0.256	0.261	0.248	0.247	0.252	0.238	0.249	0.257	0.243	0.255	0.247	0.233	0.250	0.243	0.246	0.245	0.248	0.246	0.248	0.254	0.248	0.248	0.232	0.248	0.245	0.246	0.239	0.240	0.238	0.238	0.238	0.238	0.236	0.232	0.228	0.229	0.230	0.223	0.233	0.223	0.235	0.235	0.237	0.247	0.244	0.229	0.234	0.241	0.234	0.224	0.227	0.240	0.247	0.239	0.245	0.239	0.241	0.226	0.239	0.240	0.231	0.233	0.234	0.235	0.243	0.230	0.245	0.243	0.237	0.240	0.231	0.233	0.238	0.239	0.234	0.233	0.232	0.230
6:00:34	34.7	0.226	0.229	0.229	0.237	0.234	0.229	0.232	0.234	0.226	0.224	0.224	0.224	0.253	0.238	0.254	0.238	0.248	0.241	0.246	0.249	0.235	0.233	0.239	0.234	0.240	0.250	0.246	0.255	0.253	0.239	0.252	0.248	0.246	0.238	0.239	0.246	0.245	0.255	0.254	0.253	0.242	0.259	0.255	0.254	0.245	0.241	0.237	0.232	0.235	0.238	0.243	0.244	0.239	0.240	0.240	0.231	0.236	0.227	0.230	0.228	0.239	0.254	0.250	0.239	0.245	0.249	0.243	0.234	0.234	0.239	0.238	0.230	0.240	0.241	0.243	0.234	0.243	0.247	0.233	0.235	0.235	0.230	0.234	0.226	0.242	0.236	0.236	0.242	0.232	0.234	0.239	0.237	0.232	0.230	0.227	0.227
7:00:34	34.9	0.233	0.246	0.242	0.302	0.242	0.236	0.264	0.241	0.229	0.234	0.233	0.227	0.261	0.259	0.268	0.264	0.264	0.250	0.271	0.272	0.253	0.243	0.246	0.236	0.242	0.303	0.262	0.322	0.281	0.239	0.275	0.252	0.255	0.260	0.256	0.244	0.258	0.349	0.342	0.352	0.293	0.335	0.328	0.284	0.299	0.294	0.262	0.237	0.246	0.279	0.289	0.307	0.283	0.295	0.317	0.243	0.296	0.237	0.245	0.234	0.243	0.289	0.277	0.260	0.313	0.274	0.304	0.271	0.260	0.316	0.296	0.241	0.259	0.257	0.288	0.241	0.262	0.264	0.248	0.246	0.267	0.247	0.255	0.231	0.248	0.242	0.247	0.257	0.242	0.241	0.276	0.268	0.242	0.246	0.237	0.231
8:00:32	34.9	0.226	0.225	0.224	0.240	0.229	0.226	0.228	0.229	0.221	0.222	0.225	0.225	0.247	0.233	0.248	0.235	0.240	0.233	0.240	0.245	0.233	0.231	0.238	0.236	0.236	0.245	0.237	0.256	0.247	0.232	0.246	0.241	0.240	0.238	0.235	0.238	0.242	0.266	0.263	0.263	0.244	0.275	0.267	0.256	0.251	0.244	0.237	0.232	0.230	0.236	0.246	0.250	0.238	0.247	0.250	0.227	0.243	0.224	0.231	0.229	0.231	0.248	0.248	0.236	0.251	0.249	0.251	0.235	0.232	0.250	0.244	0.232	0.238	0.236	0.243	0.229	0.238	0.244	0.229	0.230	0.232	0.230	0.236	0.228	0.241	0.237	0.234	0.241	0.230	0.231	0.241	0.239	0.229	0.228	0.230	0.227
9:00:33	34.9	0.227	0.223	0.222	0.233	0.229	0.225	0.224	0.227	0.221	0.222	0.226	0.225	0.247	0.231	0.246	0.231	0.238	0.232	0.238	0.243	0.232	0.230	0.239	0.237	0.235	0.240	0.236	0.244	0.242	0.230	0.243	0.239	0.239	0.235	0.234	0.239	0.238	0.250	0.247	0.251	0.239	0.263	0.254	0.253	0.244	0.236	0.233	0.231	0.227	0.231	0.238	0.239	0.233	0.239	0.239	0.225	0.233	0.222	0.229	0.229	0.231	0.242	0.242	0.233	0.242	0.245	0.240	0.232	0.227	0.239	0.237	0.230	0.234	0.232	0.236	0.229	0.236	0.241	0.225	0.226	0.228	0.228	0.233	0.228	0.240	0.234	0.230	0.238	0.227	0.229	0.236	0.232	0.227	0.226	0.229	0.229
10:00:33	34.9	0.227	0.223	0.223	0.232	0.229	0.224	0.223	0.227	0.221	0.222	0.227	0.226	0.248	0.231	0.245	0.231	0.238	0.233	0.237	0.242	0.232	0.230	0.239	0.238	0.235	0.239	0.235	0.242	0.242	0.230	0.243	0.240	0.238	0.234	0.233	0.240	0.237	0.245	0.244	0.245	0.237	0.260	0.252	0.251	0.242	0.235	0.231	0.230	0.227	0.229	0.237	0.237	0.232	0.238	0.237	0.225	0.230	0.221	0.228	0.228	0.230	0.241	0.240	0.233	0.240	0.243	0.237	0.229	0.227	0.235	0.236	0.229	0.234	0.231	0.236	0.226	0.235	0.241	0.224	0.226	0.226	0.226	0.231	0.227	0.239	0.234	0.231	0.236	0.226	0.229	0.235	0.231	0.228	0.224	0.229	0.229
11:00:33	34.9	0.227	0.223	0.224	0.232	0.230	0.225	0.224	0.227	0.222	0.222	0.229	0.225	0.248	0.231	0.245	0.231	0.238	0.233	0.239	0.242	0.233	0.230	0.240	0.240	0.236	0.237	0.234	0.240	0.240	0.231	0.242	0.238	0.238	0.233	0.233	0.240	0.237	0.242	0.240	0.242	0.235	0.256	0.248	0.248	0.238	0.235	0.229	0.229	0.227	0.228	0.234	0.236	0.231	0.235	0.235	0.224	0.227	0.220	0.228	0.228	0.231	0.239	0.240	0.232	0.237	0.242	0.235	0.228	0.227	0.231	0.235	0.229	0.235	0.230	0.234	0.225	0.233	0.239	0.222	0.225	0.225	0.224	0.230	0.228	0.240	0.235	0.230	0.234	0.227	0.229	0.233	0.230	0.227	0.223	0.228	0.229
12:00:33	34.9	0.227	0.222	0.223	0.232	0.229	0.225	0.225	0.227	0.221	0.222	0.230	0.225	0.249	0.231	0.246	0.231	0.238	0.234	0.238	0.243	0.233	0.231	0.241	0.240	0.237	0.236	0.234	0.238	0.239	0.231	0.240	0.239	0.238	0.233	0.234	0.240	0.236	0.240	0.239	0.243	0.234	0.253	0.246	0.246	0.236	0.233	0.229	0.229	0.227	0.228	0.234	0.235	0.232	0.235	0.233	0.223	0.227	0.221	0.228	0.229	0.231	0.239	0.239	0.231	0.236	0.241	0.234	0.227	0.226	0.231	0.235	0.229	0.234	0.230	0.232	0.225	0.234	0.238	0.222	0.225	0.224	0.224	0.230	0.228	0.240	0.235	0.228	0.234	0.227	0.229	0.232	0.230	0.228	0.222	0.229	0.229
13:00:34	34.9	0.228	0.223	0.224	0.231	0.229	0.226	0.224	0.228	0.221	0.221	0.230	0.226	0.250	0.233	0.246	0.231	0.239	0.235	0.239	0.242	0.234	0.232	0.240	0.241	0.237	0.234	0.233	0.237	0.239	0.231	0.238	0.239	0.237	0.234	0.234	0.241	0.237	0.239	0.237	0.243	0.233	0.251	0.244	0.245	0.236	0.233	0.228	0.230	0.228	0.229	0.233	0.233	0.230	0.233	0.231	0.223	0.225	0.220	0.228	0.228	0.232	0.238	0.239	0.230	0.235	0.240	0.234	0.225	0.224	0.228	0.233	0.230	0.234	0.230	0.232	0.225	0.234	0.237	0.222	0.225	0.225	0.224	0.229	0.228	0.239	0.236	0.230	0.235	0.229	0.229	0.231	0.229	0.229	0.222	0.228	0.231
14:00:35	34.9	0.228	0.223	0.225	0.230	0.229	0.226	0.223	0.228	0.223	0.222	0.231	0.226	0.251	0.232	0.247	0.232	0.240	0.235	0.240	0.242	0.233	0.232	0.241	0.241	0.238	0.237	0.234	0.237	0.240	0.232	0.239	0.238	0.237	0.234	0.234	0.241	0.237	0.238	0.236	0.241	0.232	0.251	0.244	0.243	0.235	0.232	0.230	0.230	0.229	0.228	0.233	0.233	0.229	0.232	0.230	0.223	0.225	0.220	0.229	0.229	0.232	0.239	0.237	0.230	0.233	0.240	0.233	0.225	0.225	0.229	0.233	0.230	0.235	0.230	0.231	0.224	0.234	0.236	0.223	0.226	0.224	0.225	0.230	0.228	0.240	0.236	0.230	0.234	0.229	0.230	0.230	0.229	0.229	0.223	0.229	0.231
15:00:35	34.9	0.228	0.223	0.225	0.230	0.229	0.226	0.224	0.228	0.223	0.222	0.232	0.226	0.252	0.233	0.248	0.232	0.241	0.236	0.240	0.243	0.234	0.233	0.242	0.243	0.238	0.236	0.234	0.236	0.241	0.232	0.238	0.239	0.237	0.236	0.234	0.242	0.236	0.238	0.236	0.240	0.229	0.249	0.244	0.243	0.235	0.232	0.230	0.230	0.227	0.228	0.233	0.232	0.228	0.232	0.228	0.223	0.224	0.220	0.229	0.229	0.231	0.239	0.236	0.230	0.233	0.239	0.232	0.224	0.223	0.227	0.233	0.231	0.237	0.230	0.231	0.224	0.233	0.237	0.222	0.226	0.225	0.225	0.230	0.228	0.240	0.237	0.230	0.235	0.229	0.230	0.231	0.229	0.230	0.224	0.230	0.232
16:00:36	34.9	0.228	0.224	0.225	0.230	0.229	0.226	0.224	0.228	0.222	0.222	0.233	0.226	0.252	0.235	0.248	0.234	0.241	0.237	0.242	0.244	0.235	0.234	0.242	0.243	0.239	0.236	0.235	0.237	0.240	0.233	0.238	0.240	0.238	0.236	0.234	0.243	0.236	0.237	0.236	0.239	0.230	0.249	0.243	0.243	0.236	0.232	0.230	0.232	0.228	0.227	0.233	0.233	0.228	0.231	0.228	0.224	0.225	0.219	0.227	0.230	0.233	0.239	0.236	0.229	0.232	0.240	0.233	0.223	0.223	0.228	0.233	0.231	0.237	0.231	0.232	0.225	0.234	0.237	0.223	0.227	0.224	0.225	0.230	0.230	0.240	0.237	0.231	0.235	0.230	0.230	0.229	0.230	0.229	0.225	0.231	0.232
17:00:36	34.9	0.227	0.224	0.225	0.231	0.230	0.227	0.223	0.228	0.222	0.222	0.232	0.226	0.253	0.235	0.248	0.233	0.242	0.238	0.242	0.244	0.236	0.235	0.243	0.244	0.239	0.237	0.235	0.237	0.240	0.232	0.238	0.240	0.238	0.235	0.234	0.243	0.236	0.237	0.235	0.238	0.232	0.248	0.242	0.243	0.235	0.232	0.228	0.232	0.230	0.227	0.233	0.233	0.230	0.230	0.228	0.224	0.225	0.220	0.228	0.231	0.233	0.239	0.237	0.229	0.233	0.240	0.232	0.223	0.222	0.228	0.232	0.232	0.237	0.231	0.232	0.225	0.235	0.236	0.224	0.227	0.224	0.224	0.230	0.230	0.241	0.237	0.232	0.236	0.229	0.230	0.231	0.231	0.231	0.225	0.230	0.232
18:00:36	34.9	0.228	0.224	0.226	0.230	0.229	0.227	0.224	0.229	0.223	0.222	0.233	0.227	0.253	0.236	0.249	0.235	0.242	0.238	0.242	0.245	0.237	0.236	0.245	0.245	0.240	0.237	0.235	0.237	0.240	0.233	0.239	0.240	0.238	0.236	0.235	0.244	0.237	0.237	0.236	0.236	0.231	0.248	0.241	0.244	0.236	0.232	0.228	0.232	0.229	0.228	0.234	0.233	0.230	0.232	0.228	0.224	0.226	0.220	0.227	0.231	0.234	0.240	0.236	0.229	0.233	0.240	0.233	0.224	0.223	0.228	0.232	0.231	0.238	0.232	0.233	0.225	0.234	0.237	0.223	0.228	0.226	0.224	0.231	0.230	0.241	0.238	0.232	0.236	0.231	0.231	0.230	0.230	0.231	0.226	0.231	0.232
19:00:36	34.9	0.228	0.224	0.226	0.230	0.230	0.227	0.225	0.229	0.223	0.222	0.234	0.226	0.253	0.236	0.249	0.236	0.243	0.238	0.242	0.245	0.237	0.237	0.245	0.245	0.241	0.237	0.236	0.237	0.240	0.234	0.240	0.240	0.238	0.236	0.236	0.244	0.237	0.237	0.235	0.238	0.230	0.246	0.240	0.243	0.235	0.231	0.229	0.233	0.229	0.229	0.234	0.232	0.230	0.232	0.228	0.224	0.225	0.221	0.228	0.231	0.234	0.240	0.236	0.229	0.233	0.241	0.232	0.223	0.222	0.227	0.232	0.232	0.239	0.233	0.233	0.226	0.234	0.236	0.223	0.227	0.225	0.223	0.231	0.230	0.241	0.239	0.233	0.237	0.231	0.231	0.231	0.230	0.231	0.227	0.232	0.233
20:00:36	34.9	0.228	0.225	0.226	0.231	0.231	0.228	0.225	0.230	0.223	0.223	0.235	0.227	0.253	0.237	0.250	0.236	0.244	0.239	0.244	0.246	0.238	0.237	0.246	0.246	0.242	0.238	0.237	0.238	0.241	0.235	0.240	0.241	0.240	0.235	0.237	0.245	0.238	0.237	0.235	0.236	0.230	0.245	0.240	0.243	0.234	0.231	0.230	0.232	0.230	0.229	0.234	0.233	0.230	0.231	0.228	0.225	0.226	0.222	0.229	0.231	0.235	0.240	0.237	0.230	0.233	0.241	0.232	0.223	0.221	0.228	0.232	0.232	0.239	0.233	0.233	0.227	0.235	0.237	0.225	0.227	0.225	0.223	0.232	0.231	0.242	0.239	0.234	0.237	0.231	0.232	0.231	0.231	0.231	0.227	0.233	0.234
21:00:36	35.0	0.228	0.225	0.226	0.231	0.231	0.229	0.225	0.231	0.223	0.223	0.234	0.227	0.253	0.238	0.251	0.237	0.244	0.239	0.244	0.247	0.239	0.238	0.246	0.247	0.242	0.238	0.237	0.238	0.241	0.235	0.241	0.241	0.240	0.236	0.238	0.245	0.237	0.237	0.234	0.236	0.229	0.244	0.240	0.243	0.233	0.231	0.229	0.232	0.230	0.229	0.233	0.232	0.230	0.231	0.228	0.225	0.225	0.223	0.229	0.232	0.234	0.241	0.238	0.229	0.233	0.241	0.231	0.223	0.222	0.228	0.232	0.233	0.241	0.233	0.233	0.228	0.236	0.238	0.225	0.228	0.225	0.224	0.232	0.232	0.243	0.240	0.235	0.238	0.233	0.233	0.231	0.232	0.232	0.227	0.231	0.234
22:00:37	35.1	0.229	0.225	0.226	0.232	0.232	0.229	0.226	0.230	0.224	0.224	0.234	0.227	0.253	0.238	0.251	0.237	0.245	0.239	0.245	0.248	0.240	0.238	0.247	0.246	0.242	0.238	0.238	0.238	0.241	0.236	0.242	0.242	0.240	0.237	0.239	0.245	0.238	0.236	0.234	0.235	0.231	0.243	0.240	0.244	0.234	0.232	0.230	0.232	0.231	0.230	0.234	0.232	0.231	0.231	0.229	0.226	0.226	0.223	0.229	0.233	0.235	0.241	0.239	0.231	0.233	0.242	0.233	0.223	0.223	0.228	0.232	0.234	0.241	0.234	0.233	0.229	0.236	0.238	0.226	0.229	0.227	0.225	0.233	0.232	0.242	0.241	0.236	0.238	0.233	0.234	0.231	0.232	0.234	0.228	0.233	0.232

0:00:00																																																																																																	
0:00:00																																																																																																	
0:00:00																																																																																																	
0:00:00																																																																																																	
0:00:00																																																																																																	
0:00:00																																																																																																	
0:00:00																																																																																																	
0:00:00																																																																																																	
0:00:00																																																																																																	
0:00:00																																																																																																	
0:00:00																																																																																																	
0:00:00																																																																																																	
0:00:00																																																																																																	
0:00:00																																																																																																	
0:00:00																																																																																																	
0:00:00																																																																																																	
0:00:00																																																																																																	
0:00:00																																																																																																	
0:00:00																																																																																																	
0:00:00																																																																																																	
0:00:00																																																																																																	
0:00:00																																																																																																	
0:00:00																																																																																																	
0:00:00																																																																																																	

Results
	1	2	3	4	5	6	7	8	9	10	11	12
A	?????	?????	?????	?????	?????	?????	?????	?????	?????	?????	?????	?????	Max V [600]
	?????	?????	?????	?????	?????	?????	?????	?????	?????	?????	?????	?????	R-Squared [600]
	?????	?????	?????	?????	?????	?????	?????	?????	?????	?????	?????	?????	t at Max V [600]
	?????	?????	?????	?????	?????	?????	?????	?????	?????	?????	?????	?????	Lagtime [600]
B	?????	?????	?????	?????	?????	?????	?????	?????	?????	?????	?????	?????	Max V [600]
	?????	?????	?????	?????	?????	?????	?????	?????	?????	?????	?????	?????	R-Squared [600]
	?????	?????	?????	?????	?????	?????	?????	?????	?????	?????	?????	?????	t at Max V [600]
	?????	?????	?????	?????	?????	?????	?????	?????	?????	?????	?????	?????	Lagtime [600]
C	?????	?????	?????	?????	?????	?????	?????	?????	?????	?????	?????	?????	Max V [600]
	?????	?????	?????	?????	?????	?????	?????	?????	?????	?????	?????	?????	R-Squared [600]
	?????	?????	?????	?????	?????	?????	?????	?????	?????	?????	?????	?????	t at Max V [600]
	?????	?????	?????	?????	?????	?????	?????	?????	?????	?????	?????	?????	Lagtime [600]
D	?????	?????	?????	?????	?????	?????	?????	?????	?????	?????	?????	?????	Max V [600]
	?????	?????	?????	?????	?????	?????	?????	?????	?????	?????	?????	?????	R-Squared [600]
	?????	?????	?????	?????	?????	?????	?????	?????	?????	?????	?????	?????	t at Max V [600]
	?????	?????	?????	?????	?????	?????	?????	?????	?????	?????	?????	?????	Lagtime [600]
E	?????	?????	?????	?????	?????	?????	?????	?????	?????	?????	?????	?????	Max V [600]
	?????	?????	?????	?????	?????	?????	?????	?????	?????	?????	?????	?????	R-Squared [600]
	?????	?????	?????	?????	?????	?????	?????	?????	?????	?????	?????	?????	t at Max V [600]
	?????	?????	?????	?????	?????	?????	?????	?????	?????	?????	?????	?????	Lagtime [600]
F	?????	?????	?????	?????	?????	?????	?????	?????	?????	?????	?????	?????	Max V [600]
	?????	?????	?????	?????	?????	?????	?????	?????	?????	?????	?????	?????	R-Squared [600]
	?????	?????	?????	?????	?????	?????	?????	?????	?????	?????	?????	?????	t at Max V [600]
	?????	?????	?????	?????	?????	?????	?????	?????	?????	?????	?????	?????	Lagtime [600]
G	?????	?????	?????	?????	?????	?????	?????	?????	?????	?????	?????	?????	Max V [600]
	?????	?????	?????	?????	?????	?????	?????	?????	?????	?????	?????	?????	R-Squared [600]
	?????	?????	?????	?????	?????	?????	?????	?????	?????	?????	?????	?????	t at Max V [600]
	?????	?????	?????	?????	?????	?????	?????	?????	?????	?????	?????	?????	Lagtime [600]
H	?????	?????	?????	?????	?????	?????	?????	?????	?????	?????	?????	?????	Max V [600]
	?????	?????	?????	?????	?????	?????	?????	?????	?????	?????	?????	?????	R-Squared [600]
	?????	?????	?????	?????	?????	?????	?????	?????	?????	?????	?????	?????	t at Max V [600]
	?????	?????	?????	?????	?????	?????	?????	?????	?????	?????	?????	?????	Lagtime [600]

