

Software Version	3.10.06



Experiment File Path:	C:\Users\patil-group\Desktop\Sweeteners_stacker\271021_NT5019_22_23_Rep3\NT5019_22_23_Rep3.xpt
Protocol File Path:	C:\Users\Public\Documents\Protocols\Screening-protocol.prt



Plate Number	Plate 7
Date	27/10/2021
Time	14:38:26
Reader Type:	Epoch 2
Reader Serial Number:	2103223
Reading Type	Reader

Procedure Details

Plate Type	96 WELL PLATE
Discontinuous Kinetics	Runtime 1:00:00 (D:HH:MM), Interval 0:01:00, 25 Reads
	Pause after each run
Eject plate on completion	
Shake	Linear: 0:00:30 (HH:MM:SS)
	Frequency: 567 cpm (3 mm)
Read	Absorbance Endpoint
	Full Plate
	Wavelengths:  600
	Read Speed: Normal,  Delay: 100 msec,  Measurements/Data Point: 8

600

Time	T° 600	A1	A2	A3	A4	A5	A6	A7	A8	A9	A10	A11	A12	B1	B2	B3	B4	B5	B6	B7	B8	B9	B10	B11	B12	C1	C2	C3	C4	C5	C6	C7	C8	C9	C10	C11	C12	D1	D2	D3	D4	D5	D6	D7	D8	D9	D10	D11	D12	E1	E2	E3	E4	E5	E6	E7	E8	E9	E10	E11	E12	F1	F2	F3	F4	F5	F6	F7	F8	F9	F10	F11	F12	G1	G2	G3	G4	G5	G6	G7	G8	G9	G10	G11	G12	H1	H2	H3	H4	H5	H6	H7	H8	H9	H10	H11	H12
0:00:34	34.6	0.173	0.172	0.177	0.177	0.188	0.174	0.173	0.173	0.174	0.172	0.171	0.175	0.179	0.173	0.177	0.172	0.175	0.172	0.173	0.171	0.171	0.172	0.172	0.179	0.172	0.174	0.186	0.172	0.178	0.178	0.169	0.177	0.175	0.174	0.181	0.184	0.172	0.175	0.178	0.176	0.186	0.183	0.176	0.171	0.177	0.172	0.174	0.174	0.169	0.172	0.179	0.187	0.177	0.170	0.175	0.168	0.177	0.173	0.175	0.179	0.180	0.176	0.175	0.182	0.171	0.174	0.181	0.168	0.170	0.171	0.170	0.178	0.177	0.179	0.175	0.170	0.187	0.172	0.179	0.178	0.172	0.173	0.169	0.178	0.186	0.186	0.176	0.179	0.176	0.174	0.177	0.181	0.170	0.180	0.176	0.177
1:00:34	34.9	0.180	0.179	0.183	0.183	0.194	0.178	0.179	0.179	0.180	0.178	0.177	0.181	0.184	0.177	0.180	0.175	0.178	0.175	0.176	0.176	0.175	0.176	0.177	0.184	0.178	0.178	0.187	0.178	0.180	0.180	0.173	0.179	0.178	0.176	0.184	0.183	0.177	0.180	0.181	0.178	0.188	0.185	0.177	0.175	0.180	0.175	0.178	0.179	0.174	0.176	0.180	0.188	0.181	0.174	0.178	0.171	0.179	0.176	0.179	0.184	0.185	0.179	0.178	0.184	0.174	0.177	0.183	0.171	0.172	0.175	0.174	0.182	0.182	0.183	0.179	0.173	0.189	0.175	0.181	0.181	0.176	0.176	0.174	0.183	0.191	0.191	0.182	0.184	0.180	0.179	0.181	0.186	0.175	0.185	0.180	0.183
2:00:34	34.6	0.192	0.189	0.194	0.194	0.475	0.215	0.216	0.212	0.207	0.204	0.182	0.181	0.196	0.187	0.189	0.185	0.187	0.185	0.184	0.182	0.303	0.208	0.181	0.190	0.188	0.188	0.195	0.184	0.187	0.187	0.180	0.185	0.184	0.183	0.192	0.193	0.186	0.188	0.188	0.186	0.194	0.191	0.185	0.182	0.187	0.183	0.187	0.189	0.183	0.183	0.186	0.195	0.188	0.180	0.184	0.179	0.186	0.184	0.188	0.193	0.193	0.187	0.186	0.192	0.181	0.184	0.188	0.178	0.180	0.182	0.183	0.192	0.191	0.193	0.187	0.181	0.196	0.183	0.190	0.190	0.184	0.185	0.184	0.192	0.201	0.202	0.193	0.193	0.189	0.189	0.189	0.195	0.182	0.196	0.190	0.193
3:00:34	35.0	0.208	0.204	0.209	0.209	0.435	0.225	0.232	0.224	0.221	0.219	0.199	0.204	0.210	0.201	0.202	0.198	0.200	0.198	0.197	0.194	0.253	0.217	0.200	0.207	0.201	0.201	0.203	0.196	0.199	0.195	0.191	0.197	0.196	0.196	0.206	0.205	0.200	0.200	0.198	0.196	0.201	0.199	0.196	0.194	0.199	0.196	0.199	0.214	0.196	0.196	0.194	0.206	0.197	0.190	0.195	0.189	0.197	0.195	0.199	0.207	0.206	0.200	0.196	0.203	0.193	0.195	0.197	0.190	0.191	0.195	0.195	0.206	0.207	0.209	0.199	0.195	0.206	0.194	0.200	0.202	0.198	0.198	0.197	0.208	0.218	0.217	0.208	0.207	0.205	0.202	0.204	0.209	0.195	0.212	0.206	0.211
4:00:34	34.6	0.236	0.233	0.240	0.242	0.369	0.252	0.259	0.280	0.249	0.248	0.232	0.232	0.241	0.233	0.237	0.233	0.236	0.233	0.227	0.222	0.306	0.243	0.239	0.241	0.232	0.236	0.242	0.225	0.229	0.227	0.222	0.230	0.225	0.227	0.243	0.236	0.231	0.230	0.227	0.226	0.229	0.228	0.225	0.221	0.228	0.229	0.233	0.237	0.223	0.225	0.221	0.235	0.226	0.216	0.225	0.219	0.228	0.228	0.231	0.237	0.234	0.229	0.226	0.234	0.221	0.224	0.227	0.216	0.222	0.222	0.228	0.232	0.235	0.240	0.230	0.222	0.234	0.222	0.234	0.237	0.230	0.235	0.227	0.234	0.243	0.246	0.235	0.236	0.232	0.229	0.236	0.236	0.219	0.240	0.233	0.236
5:00:34	34.7	0.225	0.219	0.229	0.233	0.225	0.216	0.218	0.215	0.221	0.216	0.213	0.218	0.231	0.228	0.233	0.234	0.233	0.229	0.227	0.223	0.220	0.220	0.229	0.230	0.229	0.235	0.249	0.231	0.235	0.234	0.234	0.236	0.235	0.234	0.240	0.226	0.232	0.235	0.237	0.232	0.236	0.237	0.234	0.238	0.238	0.236	0.236	0.229	0.225	0.228	0.229	0.241	0.229	0.223	0.231	0.225	0.235	0.235	0.239	0.234	0.241	0.235	0.231	0.238	0.232	0.231	0.236	0.224	0.229	0.232	0.232	0.232	0.225	0.238	0.232	0.228	0.242	0.228	0.237	0.244	0.232	0.232	0.227	0.229	0.235	0.240	0.233	0.237	0.233	0.230	0.234	0.240	0.227	0.236	0.230	0.225
6:00:34	34.7	0.220	0.215	0.221	0.224	0.225	0.212	0.214	0.216	0.218	0.216	0.211	0.215	0.225	0.217	0.222	0.222	0.225	0.218	0.216	0.213	0.212	0.212	0.226	0.226	0.223	0.224	0.232	0.222	0.230	0.227	0.228	0.227	0.227	0.223	0.229	0.223	0.221	0.226	0.230	0.226	0.233	0.236	0.229	0.231	0.230	0.226	0.224	0.224	0.217	0.220	0.226	0.241	0.232	0.225	0.229	0.224	0.230	0.227	0.227	0.227	0.229	0.229	0.229	0.235	0.233	0.229	0.231	0.224	0.222	0.224	0.220	0.225	0.219	0.225	0.222	0.220	0.231	0.221	0.230	0.234	0.226	0.222	0.218	0.225	0.230	0.231	0.225	0.227	0.223	0.222	0.225	0.232	0.222	0.230	0.224	0.223
7:00:34	34.9	0.222	0.213	0.221	0.230	0.228	0.217	0.217	0.219	0.220	0.218	0.217	0.219	0.225	0.221	0.228	0.226	0.224	0.218	0.218	0.214	0.217	0.217	0.234	0.228	0.221	0.227	0.251	0.225	0.230	0.228	0.230	0.235	0.233	0.230	0.231	0.225	0.220	0.228	0.230	0.228	0.236	0.238	0.234	0.233	0.235	0.236	0.231	0.227	0.216	0.219	0.228	0.250	0.224	0.226	0.233	0.225	0.232	0.230	0.234	0.228	0.230	0.227	0.235	0.233	0.231	0.229	0.246	0.227	0.235	0.237	0.226	0.228	0.221	0.229	0.223	0.222	0.235	0.222	0.242	0.241	0.240	0.231	0.223	0.227	0.229	0.231	0.224	0.229	0.225	0.226	0.223	0.233	0.220	0.231	0.224	0.223
8:00:32	35.0	0.219	0.213	0.221	0.227	0.227	0.216	0.215	0.215	0.218	0.217	0.216	0.218	0.222	0.217	0.220	0.219	0.220	0.217	0.216	0.213	0.213	0.215	0.227	0.227	0.219	0.223	0.229	0.244	0.225	0.221	0.221	0.221	0.225	0.220	0.225	0.223	0.221	0.224	0.224	0.221	0.228	0.229	0.225	0.227	0.226	0.224	0.224	0.224	0.215	0.216	0.222	0.236	0.222	0.220	0.225	0.221	0.225	0.223	0.224	0.226	0.227	0.222	0.223	0.226	0.223	0.221	0.225	0.218	0.217	0.224	0.218	0.226	0.218	0.224	0.218	0.216	0.225	0.217	0.222	0.228	0.220	0.222	0.220	0.226	0.226	0.230	0.223	0.226	0.223	0.222	0.221	0.229	0.219	0.230	0.222	0.222
9:00:32	34.9	0.218	0.213	0.221	0.226	0.228	0.216	0.216	0.216	0.219	0.217	0.216	0.219	0.222	0.217	0.220	0.218	0.218	0.216	0.216	0.213	0.213	0.215	0.227	0.228	0.217	0.219	0.226	0.220	0.224	0.220	0.220	0.219	0.224	0.219	0.225	0.223	0.217	0.225	0.224	0.220	0.226	0.228	0.222	0.225	0.224	0.222	0.221	0.224	0.215	0.216	0.218	0.232	0.221	0.217	0.223	0.218	0.222	0.222	0.224	0.226	0.225	0.221	0.221	0.225	0.222	0.221	0.224	0.215	0.215	0.221	0.217	0.226	0.218	0.222	0.218	0.215	0.226	0.216	0.220	0.227	0.220	0.221	0.220	0.227	0.227	0.230	0.223	0.225	0.223	0.222	0.220	0.229	0.220	0.231	0.222	0.222
10:00:33	34.9	0.219	0.214	0.222	0.227	0.227	0.217	0.216	0.218	0.220	0.217	0.218	0.219	0.223	0.215	0.219	0.219	0.220	0.215	0.215	0.213	0.214	0.216	0.228	0.228	0.219	0.218	0.224	0.224	0.223	0.220	0.220	0.220	0.223	0.219	0.224	0.224	0.218	0.222	0.224	0.221	0.226	0.227	0.222	0.226	0.225	0.221	0.222	0.225	0.216	0.217	0.217	0.231	0.222	0.217	0.223	0.217	0.224	0.222	0.224	0.226	0.225	0.221	0.221	0.226	0.223	0.220	0.223	0.215	0.215	0.222	0.218	0.227	0.219	0.223	0.219	0.215	0.227	0.216	0.221	0.227	0.220	0.221	0.220	0.227	0.229	0.230	0.223	0.226	0.223	0.222	0.221	0.229	0.220	0.232	0.224	0.223
11:00:33	34.9	0.219	0.214	0.222	0.228	0.228	0.218	0.218	0.219	0.221	0.218	0.220	0.220	0.221	0.216	0.219	0.219	0.220	0.216	0.216	0.214	0.215	0.216	0.229	0.230	0.218	0.218	0.224	0.219	0.223	0.220	0.221	0.221	0.224	0.220	0.225	0.232	0.218	0.224	0.224	0.221	0.226	0.227	0.222	0.226	0.225	0.222	0.222	0.225	0.214	0.217	0.217	0.229	0.221	0.218	0.223	0.219	0.223	0.223	0.223	0.226	0.224	0.221	0.219	0.226	0.223	0.221	0.224	0.216	0.216	0.221	0.219	0.226	0.220	0.222	0.218	0.216	0.227	0.217	0.221	0.227	0.220	0.223	0.221	0.229	0.228	0.230	0.224	0.226	0.224	0.222	0.222	0.230	0.220	0.233	0.225	0.223
12:00:33	34.9	0.220	0.214	0.222	0.227	0.228	0.219	0.219	0.220	0.221	0.219	0.221	0.221	0.222	0.216	0.220	0.219	0.222	0.217	0.217	0.215	0.216	0.218	0.230	0.230	0.221	0.219	0.225	0.219	0.224	0.221	0.222	0.222	0.224	0.220	0.226	0.225	0.218	0.223	0.225	0.221	0.227	0.228	0.222	0.227	0.226	0.223	0.222	0.226	0.214	0.218	0.218	0.230	0.222	0.218	0.222	0.218	0.224	0.223	0.224	0.227	0.224	0.222	0.220	0.226	0.224	0.221	0.224	0.217	0.216	0.221	0.219	0.227	0.220	0.222	0.219	0.216	0.227	0.217	0.223	0.227	0.221	0.223	0.221	0.229	0.230	0.230	0.225	0.226	0.224	0.223	0.223	0.231	0.221	0.233	0.226	0.223
13:00:34	34.9	0.221	0.215	0.222	0.228	0.229	0.219	0.220	0.222	0.222	0.220	0.222	0.223	0.223	0.217	0.221	0.220	0.222	0.218	0.218	0.216	0.216	0.218	0.231	0.231	0.220	0.220	0.225	0.235	0.225	0.221	0.223	0.223	0.224	0.221	0.228	0.235	0.219	0.225	0.226	0.222	0.228	0.228	0.223	0.228	0.226	0.223	0.223	0.227	0.215	0.219	0.219	0.231	0.222	0.219	0.224	0.218	0.224	0.224	0.225	0.228	0.225	0.222	0.220	0.227	0.224	0.222	0.225	0.218	0.216	0.222	0.220	0.228	0.220	0.223	0.220	0.216	0.226	0.218	0.223	0.227	0.222	0.222	0.222	0.230	0.230	0.232	0.225	0.227	0.225	0.224	0.224	0.232	0.221	0.233	0.226	0.224
14:00:35	34.9	0.222	0.216	0.224	0.229	0.229	0.219	0.220	0.222	0.223	0.220	0.223	0.223	0.224	0.218	0.221	0.221	0.223	0.219	0.219	0.217	0.218	0.219	0.232	0.231	0.221	0.221	0.226	0.221	0.225	0.221	0.225	0.223	0.224	0.222	0.226	0.229	0.219	0.226	0.226	0.223	0.228	0.229	0.223	0.228	0.226	0.223	0.224	0.228	0.215	0.221	0.219	0.232	0.223	0.219	0.224	0.218	0.224	0.225	0.226	0.229	0.225	0.223	0.222	0.228	0.225	0.222	0.225	0.219	0.217	0.223	0.221	0.229	0.221	0.224	0.220	0.217	0.227	0.218	0.223	0.228	0.223	0.223	0.223	0.230	0.231	0.232	0.226	0.226	0.225	0.225	0.225	0.233	0.221	0.234	0.227	0.224
15:00:35	34.9	0.222	0.217	0.225	0.230	0.230	0.220	0.221	0.222	0.222	0.221	0.223	0.223	0.226	0.219	0.222	0.221	0.224	0.220	0.219	0.218	0.218	0.221	0.231	0.232	0.222	0.223	0.226	0.222	0.227	0.221	0.225	0.224	0.225	0.222	0.226	0.227	0.220	0.226	0.226	0.224	0.229	0.230	0.223	0.229	0.227	0.224	0.226	0.229	0.217	0.221	0.220	0.233	0.224	0.220	0.225	0.221	0.224	0.225	0.227	0.229	0.227	0.224	0.223	0.228	0.225	0.222	0.226	0.219	0.217	0.223	0.221	0.230	0.222	0.225	0.220	0.218	0.228	0.219	0.224	0.228	0.223	0.223	0.224	0.231	0.232	0.233	0.226	0.227	0.226	0.225	0.225	0.234	0.221	0.234	0.229	0.225
16:00:35	34.9	0.227	0.218	0.226	0.231	0.230	0.220	0.221	0.223	0.223	0.221	0.223	0.224	0.227	0.220	0.223	0.222	0.226	0.220	0.219	0.218	0.220	0.221	0.233	0.233	0.222	0.223	0.227	0.222	0.227	0.223	0.226	0.223	0.226	0.223	0.228	0.234	0.222	0.227	0.226	0.225	0.229	0.231	0.224	0.230	0.228	0.225	0.226	0.229	0.217	0.221	0.221	0.233	0.224	0.221	0.225	0.220	0.225	0.227	0.227	0.230	0.228	0.224	0.224	0.228	0.226	0.222	0.226	0.221	0.218	0.224	0.223	0.231	0.222	0.226	0.222	0.219	0.228	0.220	0.224	0.229	0.224	0.224	0.225	0.232	0.232	0.233	0.227	0.228	0.226	0.226	0.226	0.234	0.222	0.235	0.228	0.226
17:00:36	34.9	0.224	0.219	0.226	0.231	0.230	0.221	0.222	0.223	0.224	0.222	0.224	0.225	0.227	0.220	0.224	0.224	0.226	0.220	0.219	0.219	0.220	0.222	0.233	0.233	0.223	0.224	0.227	0.223	0.227	0.223	0.225	0.223	0.228	0.224	0.229	0.228	0.222	0.229	0.228	0.225	0.230	0.231	0.225	0.230	0.228	0.226	0.226	0.229	0.218	0.223	0.222	0.234	0.225	0.221	0.226	0.220	0.225	0.226	0.228	0.230	0.229	0.226	0.225	0.231	0.226	0.223	0.227	0.220	0.218	0.225	0.224	0.231	0.223	0.227	0.222	0.220	0.229	0.221	0.225	0.229	0.223	0.225	0.225	0.232	0.233	0.234	0.227	0.228	0.227	0.227	0.227	0.234	0.222	0.235	0.229	0.227
18:00:36	34.9	0.224	0.218	0.227	0.232	0.230	0.222	0.222	0.223	0.225	0.222	0.224	0.225	0.227	0.221	0.224	0.224	0.227	0.221	0.221	0.219	0.220	0.223	0.235	0.234	0.226	0.225	0.228	0.233	0.229	0.224	0.227	0.223	0.228	0.224	0.230	0.231	0.224	0.229	0.228	0.226	0.230	0.231	0.226	0.230	0.229	0.227	0.227	0.230	0.219	0.222	0.222	0.234	0.225	0.221	0.227	0.221	0.226	0.227	0.228	0.231	0.231	0.227	0.225	0.230	0.227	0.224	0.228	0.220	0.219	0.225	0.224	0.231	0.224	0.227	0.223	0.220	0.230	0.221	0.226	0.230	0.224	0.225	0.226	0.233	0.234	0.234	0.228	0.229	0.228	0.227	0.228	0.236	0.223	0.235	0.229	0.228
19:00:36	34.9	0.224	0.219	0.227	0.233	0.230	0.222	0.223	0.223	0.225	0.223	0.225	0.226	0.228	0.221	0.225	0.225	0.227	0.222	0.221	0.220	0.220	0.224	0.235	0.234	0.225	0.226	0.228	0.224	0.229	0.225	0.227	0.224	0.228	0.226	0.230	0.237	0.225	0.229	0.229	0.227	0.231	0.232	0.225	0.231	0.230	0.227	0.228	0.230	0.220	0.224	0.222	0.235	0.226	0.222	0.226	0.221	0.227	0.228	0.229	0.232	0.231	0.229	0.226	0.231	0.228	0.224	0.229	0.222	0.219	0.225	0.225	0.233	0.224	0.228	0.223	0.220	0.230	0.222	0.226	0.232	0.224	0.226	0.226	0.233	0.234	0.236	0.228	0.229	0.229	0.228	0.228	0.236	0.223	0.236	0.230	0.228
20:00:36	34.9	0.226	0.220	0.227	0.233	0.230	0.223	0.224	0.224	0.225	0.224	0.226	0.226	0.228	0.223	0.226	0.225	0.228	0.223	0.221	0.220	0.221	0.223	0.235	0.235	0.225	0.226	0.228	0.225	0.229	0.225	0.227	0.225	0.229	0.226	0.231	0.236	0.225	0.231	0.230	0.227	0.231	0.234	0.227	0.232	0.230	0.228	0.229	0.230	0.221	0.225	0.224	0.235	0.226	0.223	0.226	0.221	0.227	0.228	0.229	0.233	0.232	0.229	0.226	0.231	0.228	0.224	0.230	0.222	0.220	0.226	0.225	0.233	0.225	0.229	0.224	0.220	0.232	0.222	0.226	0.233	0.225	0.227	0.227	0.233	0.234	0.236	0.228	0.230	0.229	0.228	0.229	0.237	0.223	0.236	0.230	0.228
21:00:36	35.0	0.226	0.220	0.228	0.233	0.231	0.223	0.224	0.225	0.226	0.224	0.225	0.226	0.229	0.223	0.227	0.227	0.228	0.223	0.222	0.220	0.221	0.225	0.236	0.235	0.226	0.226	0.230	0.226	0.230	0.226	0.228	0.227	0.229	0.227	0.232	0.234	0.227	0.230	0.230	0.227	0.231	0.235	0.227	0.232	0.231	0.228	0.231	0.232	0.221	0.224	0.224	0.235	0.226	0.223	0.227	0.222	0.228	0.229	0.230	0.233	0.232	0.229	0.227	0.232	0.228	0.224	0.230	0.223	0.221	0.226	0.225	0.233	0.225	0.228	0.224	0.221	0.232	0.222	0.227	0.234	0.225	0.228	0.227	0.233	0.235	0.236	0.229	0.230	0.230	0.229	0.229	0.236	0.224	0.237	0.231	0.229
22:00:36	35.1	0.228	0.221	0.228	0.233	0.232	0.223	0.224	0.226	0.226	0.224	0.226	0.226	0.229	0.223	0.227	0.226	0.229	0.224	0.224	0.221	0.222	0.225	0.236	0.235	0.226	0.228	0.230	0.226	0.230	0.225	0.229	0.231	0.231	0.227	0.233	0.232	0.227	0.230	0.230	0.227	0.231	0.234	0.228	0.234	0.232	0.229	0.231	0.232	0.222	0.224	0.225	0.235	0.227	0.224	0.228	0.223	0.229	0.230	0.231	0.234	0.234	0.230	0.227	0.231	0.230	0.225	0.231	0.224	0.222	0.227	0.226	0.235	0.226	0.230	0.225	0.222	0.232	0.223	0.228	0.234	0.229	0.230	0.228	0.234	0.236	0.237	0.230	0.231	0.230	0.230	0.229	0.237	0.225	0.238	0.232	0.229

0:00:00																																																																																																	
0:00:00																																																																																																	
0:00:00																																																																																																	
0:00:00																																																																																																	
0:00:00																																																																																																	
0:00:00																																																																																																	
0:00:00																																																																																																	
0:00:00																																																																																																	
0:00:00																																																																																																	
0:00:00																																																																																																	
0:00:00																																																																																																	
0:00:00																																																																																																	
0:00:00																																																																																																	
0:00:00																																																																																																	
0:00:00																																																																																																	
0:00:00																																																																																																	
0:00:00																																																																																																	
0:00:00																																																																																																	
0:00:00																																																																																																	
0:00:00																																																																																																	
0:00:00																																																																																																	
0:00:00																																																																																																	
0:00:00																																																																																																	
0:00:00																																																																																																	

Results
	1	2	3	4	5	6	7	8	9	10	11	12
A	?????	?????	?????	?????	?????	?????	?????	?????	?????	?????	?????	?????	Max V [600]
	?????	?????	?????	?????	?????	?????	?????	?????	?????	?????	?????	?????	R-Squared [600]
	?????	?????	?????	?????	?????	?????	?????	?????	?????	?????	?????	?????	t at Max V [600]
	?????	?????	?????	?????	?????	?????	?????	?????	?????	?????	?????	?????	Lagtime [600]
B	?????	?????	?????	?????	?????	?????	?????	?????	?????	?????	?????	?????	Max V [600]
	?????	?????	?????	?????	?????	?????	?????	?????	?????	?????	?????	?????	R-Squared [600]
	?????	?????	?????	?????	?????	?????	?????	?????	?????	?????	?????	?????	t at Max V [600]
	?????	?????	?????	?????	?????	?????	?????	?????	?????	?????	?????	?????	Lagtime [600]
C	?????	?????	?????	?????	?????	?????	?????	?????	?????	?????	?????	?????	Max V [600]
	?????	?????	?????	?????	?????	?????	?????	?????	?????	?????	?????	?????	R-Squared [600]
	?????	?????	?????	?????	?????	?????	?????	?????	?????	?????	?????	?????	t at Max V [600]
	?????	?????	?????	?????	?????	?????	?????	?????	?????	?????	?????	?????	Lagtime [600]
D	?????	?????	?????	?????	?????	?????	?????	?????	?????	?????	?????	?????	Max V [600]
	?????	?????	?????	?????	?????	?????	?????	?????	?????	?????	?????	?????	R-Squared [600]
	?????	?????	?????	?????	?????	?????	?????	?????	?????	?????	?????	?????	t at Max V [600]
	?????	?????	?????	?????	?????	?????	?????	?????	?????	?????	?????	?????	Lagtime [600]
E	?????	?????	?????	?????	?????	?????	?????	?????	?????	?????	?????	?????	Max V [600]
	?????	?????	?????	?????	?????	?????	?????	?????	?????	?????	?????	?????	R-Squared [600]
	?????	?????	?????	?????	?????	?????	?????	?????	?????	?????	?????	?????	t at Max V [600]
	?????	?????	?????	?????	?????	?????	?????	?????	?????	?????	?????	?????	Lagtime [600]
F	?????	?????	?????	?????	?????	?????	?????	?????	?????	?????	?????	?????	Max V [600]
	?????	?????	?????	?????	?????	?????	?????	?????	?????	?????	?????	?????	R-Squared [600]
	?????	?????	?????	?????	?????	?????	?????	?????	?????	?????	?????	?????	t at Max V [600]
	?????	?????	?????	?????	?????	?????	?????	?????	?????	?????	?????	?????	Lagtime [600]
G	?????	?????	?????	?????	?????	?????	?????	?????	?????	?????	?????	?????	Max V [600]
	?????	?????	?????	?????	?????	?????	?????	?????	?????	?????	?????	?????	R-Squared [600]
	?????	?????	?????	?????	?????	?????	?????	?????	?????	?????	?????	?????	t at Max V [600]
	?????	?????	?????	?????	?????	?????	?????	?????	?????	?????	?????	?????	Lagtime [600]
H	?????	?????	?????	?????	?????	?????	?????	?????	?????	?????	?????	?????	Max V [600]
	?????	?????	?????	?????	?????	?????	?????	?????	?????	?????	?????	?????	R-Squared [600]
	?????	?????	?????	?????	?????	?????	?????	?????	?????	?????	?????	?????	t at Max V [600]
	?????	?????	?????	?????	?????	?????	?????	?????	?????	?????	?????	?????	Lagtime [600]

