

Software Version	3.10.06



Experiment File Path:	C:\Users\patil-group\Desktop\Sweeteners_stacker\NT5001_02_03.xpt
Protocol File Path:	C:\Users\Public\Documents\Protocols\Screening-protocol.prt



Plate Number	Plate 14
Date	13/10/2021
Time	13:21:33
Reader Type:	Epoch 2
Reader Serial Number:	2103223
Reading Type	Reader

Procedure Details

Plate Type	96 WELL PLATE
Discontinuous Kinetics	Runtime 1:00:00 (D:HH:MM), Interval 0:01:00, 25 Reads
	Pause after each run
Eject plate on completion	
Set Temperature	Setpoint 37°C, Gradient 0 °C
Shake	Linear: 0:00:30 (HH:MM:SS)
	Frequency: 567 cpm (3 mm)
Read	Absorbance Endpoint
	Full Plate
	Wavelengths:  600
	Read Speed: Normal,  Delay: 100 msec,  Measurements/Data Point: 8

600

Time	T° 600	A1	A2	A3	A4	A5	A6	A7	A8	A9	A10	A11	A12	B1	B2	B3	B4	B5	B6	B7	B8	B9	B10	B11	B12	C1	C2	C3	C4	C5	C6	C7	C8	C9	C10	C11	C12	D1	D2	D3	D4	D5	D6	D7	D8	D9	D10	D11	D12	E1	E2	E3	E4	E5	E6	E7	E8	E9	E10	E11	E12	F1	F2	F3	F4	F5	F6	F7	F8	F9	F10	F11	F12	G1	G2	G3	G4	G5	G6	G7	G8	G9	G10	G11	G12	H1	H2	H3	H4	H5	H6	H7	H8	H9	H10	H11	H12
0:00:34	37.0	0.178	0.173	0.172	0.171	0.174	0.175	0.173	0.185	0.169	0.174	0.177	0.176	0.175	0.181	0.182	0.179	0.174	0.176	0.178	0.175	0.176	0.174	0.176	0.177	0.175	0.189	0.182	0.180	0.177	0.179	0.180	0.168	0.176	0.183	0.180	0.175	0.191	0.193	0.187	0.198	0.191	0.197	0.190	0.184	0.177	0.189	0.180	0.180	0.177	0.184	0.185	0.186	0.187	0.192	0.179	0.178	0.185	0.179	0.184	0.190	0.186	0.188	0.179	0.182	0.175	0.185	0.195	0.190	0.198	0.195	0.179	0.182	0.172	0.192	0.174	0.175	0.172	0.180	0.181	0.176	0.178	0.182	0.175	0.174	0.182	0.186	0.170	0.171	0.163	0.162	0.182	0.169	0.161	0.165	0.178	0.170
1:00:35	37.0	0.177	0.176	0.177	0.174	0.178	0.178	0.176	0.188	0.172	0.176	0.174	0.178	0.176	0.182	0.184	0.176	0.180	0.176	0.177	0.175	0.177	0.171	0.172	0.177	0.176	0.186	0.180	0.179	0.178	0.175	0.178	0.172	0.176	0.181	0.176	0.177	0.186	0.185	0.181	0.189	0.183	0.185	0.183	0.177	0.176	0.181	0.174	0.180	0.179	0.182	0.180	0.185	0.189	0.185	0.177	0.180	0.178	0.176	0.177	0.191	0.188	0.185	0.179	0.180	0.178	0.180	0.191	0.187	0.193	0.190	0.177	0.182	0.175	0.189	0.176	0.177	0.177	0.176	0.175	0.175	0.175	0.177	0.173	0.176	0.185	0.188	0.173	0.174	0.167	0.166	0.177	0.171	0.164	0.167	0.180	0.173
2:00:35	37.1	0.185	0.184	0.185	0.182	0.188	0.188	0.184	0.196	0.182	0.185	0.182	0.187	0.185	0.189	0.190	0.183	0.186	0.181	0.182	0.184	0.182	0.177	0.180	0.185	0.184	0.190	0.183	0.184	0.184	0.178	0.181	0.180	0.181	0.186	0.181	0.184	0.192	0.190	0.184	0.191	0.188	0.187	0.186	0.180	0.181	0.184	0.178	0.187	0.187	0.186	0.184	0.189	0.195	0.186	0.180	0.185	0.181	0.181	0.182	0.199	0.195	0.189	0.184	0.185	0.185	0.183	0.194	0.190	0.197	0.193	0.183	0.189	0.183	0.195	0.183	0.183	0.184	0.181	0.181	0.181	0.179	0.182	0.180	0.184	0.195	0.195	0.182	0.183	0.175	0.172	0.181	0.178	0.172	0.176	0.189	0.182
3:00:36	37.1	0.202	0.202	0.202	0.199	0.204	0.205	0.200	0.214	0.202	0.204	0.201	0.207	0.206	0.210	0.209	0.201	0.203	0.198	0.198	0.200	0.199	0.195	0.197	0.205	0.204	0.208	0.200	0.201	0.199	0.193	0.196	0.196	0.195	0.202	0.197	0.202	0.211	0.208	0.201	0.207	0.204	0.202	0.200	0.194	0.196	0.198	0.195	0.204	0.208	0.202	0.198	0.204	0.212	0.201	0.195	0.200	0.195	0.196	0.198	0.214	0.213	0.205	0.200	0.200	0.201	0.198	0.208	0.204	0.210	0.209	0.200	0.206	0.204	0.214	0.202	0.200	0.202	0.197	0.196	0.197	0.195	0.198	0.197	0.202	0.216	0.215	0.202	0.202	0.194	0.190	0.199	0.196	0.191	0.194	0.208	0.202
4:00:37	37.1	0.237	0.236	0.236	0.230	0.238	0.239	0.235	0.250	0.242	0.242	0.240	0.248	0.248	0.251	0.246	0.239	0.241	0.234	0.232	0.235	0.234	0.230	0.235	0.243	0.242	0.244	0.235	0.234	0.232	0.225	0.227	0.227	0.227	0.233	0.229	0.237	0.251	0.248	0.236	0.246	0.241	0.239	0.230	0.223	0.227	0.230	0.228	0.239	0.249	0.238	0.232	0.238	0.254	0.234	0.226	0.233	0.226	0.228	0.231	0.251	0.252	0.240	0.233	0.234	0.234	0.230	0.240	0.238	0.241	0.244	0.235	0.241	0.247	0.252	0.239	0.234	0.241	0.232	0.231	0.229	0.227	0.232	0.233	0.239	0.255	0.254	0.239	0.239	0.229	0.225	0.234	0.231	0.226	0.229	0.244	0.240
5:00:37	37.1	0.294	0.294	0.293	0.282	0.298	0.303	0.295	0.314	0.314	0.308	0.311	0.318	0.325	0.327	0.312	0.304	0.317	0.295	0.292	0.302	0.295	0.291	0.298	0.309	0.308	0.307	0.297	0.290	0.291	0.278	0.279	0.283	0.280	0.288	0.286	0.297	0.325	0.324	0.299	0.312	0.305	0.305	0.282	0.274	0.280	0.287	0.287	0.300	0.325	0.303	0.293	0.299	0.323	0.296	0.283	0.294	0.279	0.282	0.288	0.311	0.319	0.305	0.294	0.294	0.291	0.288	0.300	0.298	0.299	0.310	0.295	0.300	0.324	0.327	0.307	0.297	0.309	0.292	0.294	0.287	0.287	0.289	0.295	0.303	0.324	0.321	0.302	0.302	0.288	0.285	0.292	0.290	0.285	0.289	0.307	0.307
6:00:38	37.1	0.390	0.395	0.399	0.375	0.413	0.420	0.404	0.432	0.449	0.430	0.448	0.444	0.463	0.466	0.433	0.429	0.455	0.408	0.409	0.427	0.409	0.408	0.417	0.430	0.433	0.427	0.412	0.393	0.402	0.375	0.377	0.388	0.380	0.396	0.389	0.403	0.462	0.450	0.418	0.428	0.420	0.416	0.386	0.372	0.386	0.396	0.397	0.411	0.457	0.427	0.408	0.414	0.438	0.406	0.389	0.399	0.386	0.387	0.396	0.411	0.449	0.430	0.410	0.408	0.403	0.397	0.409	0.406	0.410	0.427	0.410	0.413	0.466	0.459	0.440	0.421	0.430	0.408	0.409	0.400	0.405	0.402	0.415	0.420	0.447	0.445	0.418	0.418	0.399	0.397	0.406	0.410	0.392	0.398	0.418	0.423
7:00:38	37.0	0.511	0.523	0.530	0.500	0.546	0.556	0.540	0.572	0.592	0.572	0.581	0.573	0.599	0.606	0.577	0.574	0.599	0.555	0.559	0.577	0.559	0.557	0.562	0.566	0.570	0.570	0.553	0.537	0.547	0.517	0.522	0.536	0.526	0.544	0.532	0.538	0.597	0.598	0.569	0.572	0.563	0.558	0.535	0.519	0.535	0.545	0.548	0.554	0.600	0.575	0.560	0.562	0.584	0.557	0.534	0.541	0.538	0.538	0.549	0.555	0.589	0.581	0.559	0.561	0.552	0.548	0.555	0.557	0.559	0.582	0.564	0.559	0.604	0.607	0.585	0.577	0.584	0.559	0.559	0.552	0.558	0.553	0.567	0.562	0.576	0.583	0.551	0.569	0.525	0.532	0.559	0.562	0.524	0.534	0.535	0.548
8:00:39	37.1	0.592	0.600	0.603	0.583	0.621	0.622	0.619	0.642	0.657	0.643	0.650	0.642	0.666	0.668	0.651	0.647	0.669	0.636	0.637	0.650	0.641	0.633	0.640	0.640	0.642	0.639	0.627	0.623	0.630	0.613	0.612	0.627	0.617	0.629	0.617	0.618	0.663	0.671	0.648	0.665	0.649	0.650	0.634	0.616	0.629	0.638	0.630	0.631	0.664	0.649	0.639	0.651	0.675	0.653	0.633	0.638	0.634	0.632	0.636	0.632	0.653	0.657	0.642	0.650	0.647	0.646	0.651	0.655	0.651	0.669	0.647	0.634	0.664	0.676	0.660	0.663	0.669	0.649	0.647	0.643	0.646	0.638	0.643	0.638	0.638	0.653	0.620	0.642	0.589	0.601	0.639	0.638	0.602	0.612	0.603	0.618
9:00:40	37.1	0.636	0.640	0.641	0.624	0.655	0.666	0.661	0.690	0.702	0.694	0.696	0.692	0.714	0.714	0.698	0.696	0.713	0.689	0.684	0.696	0.690	0.687	0.693	0.693	0.686	0.684	0.672	0.675	0.678	0.665	0.661	0.671	0.664	0.674	0.668	0.667	0.706	0.711	0.694	0.713	0.693	0.701	0.677	0.668	0.677	0.684	0.679	0.681	0.705	0.690	0.686	0.698	0.723	0.698	0.682	0.683	0.685	0.679	0.682	0.681	0.693	0.700	0.689	0.695	0.692	0.690	0.696	0.705	0.702	0.716	0.697	0.688	0.712	0.720	0.707	0.707	0.712	0.695	0.692	0.693	0.690	0.690	0.690	0.689	0.686	0.701	0.667	0.696	0.640	0.649	0.691	0.681	0.654	0.665	0.651	0.668
10:00:41	37.1	0.665	0.670	0.670	0.652	0.687	0.699	0.698	0.725	0.743	0.736	0.736	0.732	0.758	0.756	0.745	0.740	0.755	0.734	0.727	0.739	0.736	0.732	0.738	0.738	0.724	0.722	0.713	0.716	0.716	0.706	0.701	0.711	0.705	0.713	0.711	0.707	0.744	0.746	0.734	0.747	0.735	0.738	0.717	0.710	0.719	0.725	0.722	0.723	0.743	0.729	0.722	0.738	0.755	0.736	0.719	0.716	0.727	0.722	0.723	0.724	0.736	0.741	0.724	0.736	0.733	0.727	0.736	0.740	0.740	0.753	0.740	0.730	0.752	0.757	0.748	0.750	0.750	0.735	0.735	0.736	0.734	0.734	0.734	0.734	0.726	0.744	0.709	0.739	0.681	0.691	0.734	0.724	0.696	0.711	0.690	0.709
11:00:42	37.1	0.692	0.697	0.696	0.675	0.713	0.726	0.729	0.758	0.778	0.772	0.770	0.766	0.794	0.792	0.784	0.778	0.793	0.774	0.764	0.778	0.775	0.772	0.777	0.775	0.756	0.756	0.746	0.752	0.753	0.746	0.738	0.747	0.742	0.749	0.748	0.742	0.777	0.782	0.771	0.782	0.772	0.772	0.755	0.749	0.758	0.762	0.760	0.760	0.775	0.766	0.758	0.776	0.793	0.773	0.755	0.752	0.766	0.761	0.763	0.760	0.770	0.779	0.763	0.773	0.774	0.767	0.773	0.778	0.780	0.790	0.779	0.769	0.786	0.795	0.784	0.788	0.788	0.774	0.773	0.776	0.773	0.773	0.772	0.772	0.759	0.781	0.745	0.777	0.716	0.730	0.773	0.761	0.733	0.748	0.724	0.743
12:00:43	37.0	0.713	0.717	0.716	0.693	0.736	0.749	0.754	0.784	0.808	0.801	0.798	0.793	0.824	0.824	0.816	0.811	0.827	0.807	0.798	0.810	0.810	0.805	0.809	0.805	0.784	0.784	0.776	0.785	0.785	0.779	0.770	0.778	0.773	0.780	0.778	0.770	0.805	0.813	0.804	0.817	0.806	0.805	0.788	0.784	0.792	0.796	0.793	0.790	0.804	0.798	0.789	0.807	0.830	0.807	0.787	0.786	0.803	0.795	0.796	0.792	0.800	0.810	0.797	0.806	0.807	0.799	0.806	0.812	0.813	0.825	0.812	0.800	0.816	0.826	0.816	0.818	0.819	0.809	0.807	0.810	0.808	0.808	0.804	0.805	0.786	0.810	0.774	0.808	0.746	0.760	0.805	0.792	0.765	0.779	0.752	0.771
13:00:42	37.1	0.729	0.735	0.733	0.711	0.755	0.769	0.776	0.807	0.833	0.826	0.823	0.817	0.850	0.850	0.845	0.839	0.854	0.836	0.826	0.839	0.839	0.834	0.838	0.830	0.805	0.809	0.801	0.812	0.812	0.807	0.797	0.805	0.801	0.807	0.804	0.794	0.831	0.840	0.832	0.844	0.834	0.835	0.818	0.814	0.821	0.825	0.822	0.817	0.830	0.825	0.817	0.836	0.857	0.836	0.816	0.815	0.833	0.824	0.826	0.817	0.826	0.837	0.826	0.836	0.837	0.829	0.837	0.842	0.844	0.854	0.841	0.828	0.842	0.853	0.844	0.848	0.849	0.840	0.837	0.839	0.838	0.838	0.833	0.832	0.809	0.836	0.800	0.837	0.773	0.787	0.834	0.820	0.793	0.806	0.777	0.795
14:00:44	37.1	0.744	0.750	0.747	0.724	0.771	0.785	0.795	0.827	0.854	0.848	0.844	0.837	0.873	0.874	0.870	0.864	0.880	0.861	0.851	0.864	0.866	0.859	0.863	0.853	0.825	0.830	0.824	0.835	0.834	0.831	0.820	0.828	0.825	0.830	0.827	0.815	0.852	0.861	0.856	0.873	0.860	0.861	0.843	0.840	0.848	0.851	0.847	0.840	0.852	0.848	0.841	0.862	0.882	0.864	0.841	0.840	0.861	0.850	0.851	0.840	0.848	0.862	0.851	0.861	0.864	0.857	0.863	0.868	0.871	0.881	0.866	0.851	0.866	0.878	0.869	0.874	0.874	0.867	0.864	0.865	0.866	0.864	0.858	0.857	0.829	0.859	0.823	0.861	0.796	0.811	0.858	0.844	0.816	0.831	0.800	0.816
15:00:45	37.1	0.756	0.763	0.760	0.738	0.785	0.800	0.811	0.845	0.874	0.868	0.862	0.855	0.893	0.894	0.891	0.886	0.902	0.883	0.872	0.886	0.887	0.880	0.884	0.873	0.843	0.850	0.843	0.856	0.856	0.851	0.840	0.849	0.845	0.850	0.847	0.833	0.871	0.885	0.878	0.894	0.884	0.883	0.866	0.863	0.871	0.872	0.869	0.860	0.870	0.869	0.862	0.883	0.906	0.887	0.864	0.863	0.884	0.873	0.873	0.860	0.869	0.883	0.874	0.884	0.887	0.881	0.886	0.893	0.896	0.903	0.888	0.871	0.886	0.899	0.888	0.897	0.899	0.889	0.886	0.888	0.888	0.887	0.880	0.877	0.847	0.877	0.843	0.882	0.816	0.831	0.880	0.865	0.838	0.852	0.819	0.835
16:00:45	37.1	0.766	0.775	0.772	0.748	0.798	0.814	0.825	0.860	0.890	0.884	0.880	0.870	0.910	0.913	0.910	0.905	0.921	0.903	0.892	0.906	0.907	0.900	0.903	0.889	0.859	0.866	0.861	0.874	0.875	0.870	0.860	0.868	0.864	0.869	0.865	0.848	0.888	0.904	0.897	0.915	0.906	0.906	0.886	0.884	0.891	0.892	0.889	0.877	0.889	0.888	0.883	0.905	0.931	0.907	0.883	0.885	0.906	0.893	0.892	0.877	0.887	0.905	0.893	0.904	0.909	0.905	0.907	0.914	0.918	0.923	0.907	0.889	0.905	0.919	0.908	0.918	0.919	0.911	0.908	0.911	0.910	0.909	0.900	0.895	0.863	0.895	0.861	0.902	0.833	0.850	0.900	0.885	0.856	0.869	0.835	0.852
17:00:46	37.1	0.775	0.785	0.782	0.757	0.809	0.827	0.837	0.874	0.906	0.899	0.897	0.884	0.925	0.929	0.928	0.923	0.940	0.921	0.909	0.923	0.924	0.918	0.920	0.905	0.873	0.882	0.876	0.891	0.893	0.887	0.876	0.885	0.881	0.885	0.882	0.862	0.903	0.923	0.917	0.934	0.925	0.925	0.904	0.904	0.910	0.910	0.907	0.893	0.904	0.905	0.902	0.923	0.950	0.929	0.903	0.906	0.926	0.912	0.910	0.894	0.902	0.922	0.913	0.925	0.929	0.928	0.927	0.934	0.940	0.944	0.926	0.905	0.919	0.936	0.924	0.936	0.937	0.930	0.927	0.929	0.929	0.927	0.919	0.911	0.877	0.911	0.876	0.918	0.849	0.866	0.918	0.902	0.874	0.886	0.850	0.866
18:00:47	37.1	0.783	0.794	0.791	0.767	0.820	0.837	0.849	0.886	0.920	0.912	0.910	0.895	0.939	0.944	0.943	0.939	0.957	0.937	0.925	0.939	0.941	0.934	0.935	0.918	0.886	0.897	0.892	0.906	0.909	0.903	0.892	0.900	0.895	0.900	0.897	0.875	0.918	0.940	0.933	0.953	0.943	0.943	0.922	0.921	0.927	0.927	0.923	0.907	0.918	0.921	0.918	0.941	0.969	0.948	0.918	0.924	0.944	0.930	0.927	0.908	0.917	0.939	0.930	0.942	0.947	0.945	0.946	0.953	0.958	0.961	0.943	0.919	0.933	0.953	0.942	0.955	0.956	0.948	0.945	0.946	0.947	0.943	0.935	0.925	0.890	0.925	0.890	0.933	0.864	0.880	0.933	0.917	0.888	0.901	0.863	0.879
19:00:48	37.1	0.790	0.802	0.799	0.775	0.828	0.847	0.858	0.896	0.932	0.923	0.923	0.905	0.951	0.958	0.957	0.953	0.972	0.951	0.939	0.952	0.955	0.947	0.948	0.930	0.896	0.910	0.905	0.919	0.923	0.918	0.906	0.914	0.911	0.914	0.910	0.887	0.929	0.954	0.950	0.968	0.959	0.960	0.937	0.935	0.942	0.942	0.937	0.918	0.930	0.934	0.934	0.955	0.985	0.964	0.933	0.940	0.959	0.945	0.941	0.920	0.929	0.954	0.946	0.960	0.966	0.961	0.962	0.969	0.975	0.977	0.956	0.931	0.945	0.968	0.957	0.970	0.969	0.964	0.960	0.961	0.963	0.959	0.951	0.937	0.900	0.937	0.901	0.946	0.876	0.893	0.947	0.931	0.901	0.913	0.874	0.889
20:00:48	37.1	0.797	0.810	0.806	0.782	0.837	0.856	0.869	0.906	0.943	0.934	0.934	0.915	0.962	0.970	0.969	0.966	0.985	0.964	0.952	0.965	0.968	0.960	0.960	0.941	0.905	0.922	0.918	0.932	0.936	0.931	0.918	0.927	0.924	0.925	0.920	0.897	0.940	0.967	0.964	0.983	0.974	0.974	0.953	0.950	0.956	0.955	0.951	0.929	0.942	0.949	0.947	0.971	1.001	0.980	0.948	0.953	0.974	0.958	0.954	0.931	0.940	0.966	0.958	0.972	0.980	0.974	0.978	0.985	0.988	0.992	0.970	0.943	0.958	0.979	0.970	0.983	0.983	0.978	0.974	0.976	0.977	0.973	0.963	0.949	0.909	0.947	0.913	0.959	0.888	0.906	0.960	0.944	0.913	0.925	0.885	0.899
21:00:48	37.0	0.804	0.817	0.814	0.789	0.844	0.863	0.877	0.915	0.952	0.942	0.942	0.921	0.971	0.980	0.982	0.975	0.993	0.975	0.964	0.976	0.979	0.970	0.969	0.948	0.914	0.932	0.928	0.943	0.944	0.942	0.931	0.938	0.935	0.937	0.929	0.904	0.949	0.978	0.975	0.993	0.989	0.986	0.964	0.962	0.968	0.966	0.961	0.939	0.952	0.962	0.959	0.984	1.013	0.992	0.962	0.962	0.988	0.970	0.965	0.941	0.952	0.981	0.968	0.987	0.994	0.989	0.991	0.997	1.003	1.003	0.982	0.952	0.970	0.989	0.983	0.996	0.999	0.988	0.989	0.990	0.989	0.986	0.972	0.961	0.919	0.958	0.924	0.969	0.900	0.917	0.972	0.955	0.923	0.935	0.894	0.908
22:00:48	37.0	0.810	0.822	0.820	0.795	0.852	0.872	0.886	0.924	0.963	0.952	0.952	0.931	0.980	0.989	0.993	0.986	1.006	0.985	0.975	0.987	0.991	0.982	0.982	0.959	0.923	0.943	0.940	0.953	0.957	0.954	0.942	0.949	0.946	0.948	0.941	0.915	0.959	0.989	0.987	1.006	0.997	0.999	0.976	0.975	0.980	0.977	0.972	0.948	0.961	0.969	0.970	0.994	1.025	1.005	0.970	0.974	0.998	0.981	0.976	0.950	0.960	0.986	0.980	0.998	1.006	1.000	1.002	1.009	1.013	1.014	0.993	0.963	0.977	1.000	0.993	1.006	1.008	1.000	0.998	1.000	1.001	0.996	0.985	0.967	0.925	0.966	0.931	0.979	0.908	0.926	0.981	0.964	0.932	0.944	0.902	0.914
23:00:49	37.1	0.817	0.829	0.826	0.801	0.859	0.880	0.893	0.933	0.972	0.961	0.961	0.938	0.987	0.997	1.001	0.996	1.012	0.995	0.984	0.997	1.000	0.991	0.991	0.967	0.928	0.951	0.948	0.963	0.965	0.963	0.952	0.959	0.957	0.959	0.951	0.924	0.965	0.995	0.995	1.013	1.006	1.008	0.986	0.985	0.991	0.987	0.982	0.958	0.968	0.978	0.979	1.002	1.031	1.014	0.980	0.981	1.008	0.992	0.987	0.960	0.968	0.997	0.991	1.006	1.015	1.009	1.011	1.017	1.023	1.022	1.003	0.971	0.985	1.007	1.000	1.015	1.016	1.009	1.007	1.010	1.010	1.006	0.994	0.979	0.932	0.974	0.940	0.988	0.918	0.935	0.991	0.973	0.942	0.954	0.910	0.922
0:00:00																																																																																																	

Results
	1	2	3	4	5	6	7	8	9	10	11	12
A	1.545	1.595	1.618	1.539	1.691	1.699	1.686	1.736	1.846	1.777	1.816	1.739	Max V [600]
	0.988	0.986	0.985	0.984	0.986	0.985	0.986	0.985	0.984	0.985	0.986	0.988	R-Squared [600]
	6:00:38	6:00:38	6:00:38	6:00:38	6:00:38	6:00:38	6:00:38	6:00:38	6:00:38	6:00:38	6:00:38	6:00:38	t at Max V [600]
	3:33:50	3:32:26	3:32:14	3:35:48	3:33:03	3:31:48	3:34:52	3:32:25	3:27:52	3:31:39	3:32:21	3:25:58	Lagtime [600]
B	1.850	1.855	1.790	1.810	1.895	1.775	1.795	1.840	1.795	1.787	1.789	1.753	Max V [600]
	0.986	0.983	0.985	0.984	0.986	0.984	0.983	0.984	0.983	0.983	0.985	0.987	R-Squared [600]
	6:00:38	6:00:38	6:00:38	6:00:38	6:00:38	6:00:38	6:00:38	6:00:38	6:00:38	6:00:38	6:00:38	6:00:38	t at Max V [600]
	3:26:32	3:28:04	3:34:35	3:37:06	3:31:37	3:40:04	3:42:18	3:37:51	3:40:19	3:40:55	3:38:13	3:31:55	Lagtime [600]
C	1.769	1.755	1.733	1.709	1.752	1.692	1.690	1.755	1.712	1.746	1.703	1.673	Max V [600]
	0.986	0.984	0.985	0.982	0.983	0.980	0.978	0.981	0.979	0.981	0.982	0.986	R-Squared [600]
	6:00:38	6:00:38	6:00:38	6:00:38	6:00:38	6:00:38	6:00:38	6:00:38	6:00:38	6:00:38	6:00:38	6:00:38	t at Max V [600]
	3:31:14	3:38:38	3:40:54	3:42:52	3:41:51	3:49:18	3:48:30	3:41:21	3:46:24	3:46:01	3:45:23	3:34:53	Lagtime [600]
D	1.827	1.864	1.821	1.831	1.791	1.794	1.771	1.718	1.765	1.789	1.777	1.730	Max V [600]
	0.985	0.987	0.983	0.987	0.986	0.988	0.978	0.977	0.980	0.982	0.982	0.984	R-Squared [600]
	6:00:38	6:00:38	6:00:38	6:00:38	6:00:38	6:00:38	6:00:38	6:00:38	6:00:38	6:00:38	6:00:38	6:00:38	t at Max V [600]
	3:33:39	3:38:12	3:44:39	3:45:46	3:43:56	3:48:36	3:54:19	3:54:25	3:47:39	3:52:05	3:46:37	3:37:51	Lagtime [600]
E	1.839	1.824	1.802	1.815	1.839	1.834	1.774	1.760	1.791	1.772	1.784	1.677	Max V [600]
	0.985	0.984	0.982	0.984	0.988	0.983	0.982	0.985	0.978	0.979	0.980	0.983	R-Squared [600]
	6:00:38	6:00:38	6:00:38	6:00:38	6:00:38	6:00:38	6:00:38	6:00:38	6:00:38	6:00:38	6:00:38	6:00:38	t at Max V [600]
	3:27:19	3:41:10	3:46:40	3:44:36	3:35:07	3:51:27	3:48:43	3:42:40	3:53:30	3:48:20	3:48:21	3:36:00	Lagtime [600]
F	1.789	1.847	1.803	1.830	1.812	1.821	1.796	1.821	1.799	1.868	1.819	1.743	Max V [600]
	0.983	0.984	0.983	0.982	0.982	0.981	0.984	0.982	0.982	0.984	0.982	0.983	R-Squared [600]
	6:00:38	6:00:38	6:00:38	6:00:38	6:00:38	6:00:38	6:00:38	6:00:38	6:00:38	6:00:38	6:00:38	6:00:38	t at Max V [600]
	3:31:46	3:42:36	3:42:41	3:45:20	3:42:39	3:50:25	3:48:59	3:48:26	3:50:14	3:46:01	3:42:09	3:38:41	Lagtime [600]
G	1.858	1.880	1.865	1.894	1.885	1.835	1.828	1.822	1.849	1.795	1.820	1.762	Max V [600]
	0.983	0.985	0.985	0.983	0.986	0.983	0.985	0.982	0.982	0.982	0.983	0.985	R-Squared [600]
	6:00:38	6:00:38	6:00:38	6:00:38	6:00:38	6:00:38	6:00:38	6:00:38	6:00:38	6:00:38	6:00:38	6:00:38	t at Max V [600]
	3:24:55	3:35:38	3:34:50	3:41:29	3:35:07	3:45:37	3:45:23	3:45:22	3:47:04	3:46:37	3:40:25	3:33:49	Lagtime [600]
H	1.693	1.769	1.685	1.786	1.597	1.663	1.798	1.810	1.649	1.681	1.576	1.662	Max V [600]
	0.986	0.986	0.986	0.982	0.986	0.984	0.981	0.981	0.986	0.985	0.989	0.989	R-Squared [600]
	6:00:38	6:00:38	6:00:38	6:00:38	6:00:38	6:00:38	6:00:38	6:00:38	6:00:38	6:00:38	6:00:38	6:00:38	t at Max V [600]
	3:23:22	3:30:36	3:28:18	3:33:33	3:28:15	3:32:58	3:44:51	3:38:27	3:32:29	3:33:39	3:26:20	3:26:03	Lagtime [600]

