

Software Version	3.10.06



Experiment File Path:	C:\Users\patil-group\Desktop\Sweeteners_stacker\NT5001_02_03.xpt
Protocol File Path:	C:\Users\Public\Documents\Protocols\Screening-protocol.prt



Plate Number	Plate 13
Date	13/10/2021
Time	13:19:39
Reader Type:	Epoch 2
Reader Serial Number:	2103223
Reading Type	Reader

Procedure Details

Plate Type	96 WELL PLATE
Discontinuous Kinetics	Runtime 1:00:00 (D:HH:MM), Interval 0:01:00, 25 Reads
	Pause after each run
Eject plate on completion	
Set Temperature	Setpoint 37°C, Gradient 0 °C
Shake	Linear: 0:00:30 (HH:MM:SS)
	Frequency: 567 cpm (3 mm)
Read	Absorbance Endpoint
	Full Plate
	Wavelengths:  600
	Read Speed: Normal,  Delay: 100 msec,  Measurements/Data Point: 8

600

Time	T° 600	A1	A2	A3	A4	A5	A6	A7	A8	A9	A10	A11	A12	B1	B2	B3	B4	B5	B6	B7	B8	B9	B10	B11	B12	C1	C2	C3	C4	C5	C6	C7	C8	C9	C10	C11	C12	D1	D2	D3	D4	D5	D6	D7	D8	D9	D10	D11	D12	E1	E2	E3	E4	E5	E6	E7	E8	E9	E10	E11	E12	F1	F2	F3	F4	F5	F6	F7	F8	F9	F10	F11	F12	G1	G2	G3	G4	G5	G6	G7	G8	G9	G10	G11	G12	H1	H2	H3	H4	H5	H6	H7	H8	H9	H10	H11	H12
0:00:34	37.0	0.179	0.167	0.166	0.169	0.169	0.168	0.170	0.169	0.168	0.173	0.179	0.182	0.183	0.166	0.166	0.166	0.166	0.174	0.168	0.167	0.166	0.167	0.171	0.167	0.170	0.163	0.179	0.173	0.173	0.178	0.174	0.170	0.169	0.174	0.178	0.174	0.164	0.163	0.162	0.167	0.179	0.176	0.172	0.167	0.166	0.175	0.171	0.167	0.168	0.173	0.162	0.168	0.175	0.174	0.177	0.173	0.181	0.176	0.176	0.169	0.169	0.166	0.165	0.166	0.173	0.174	0.164	0.170	0.167	0.182	0.179	0.182	0.168	0.166	0.168	0.178	0.175	0.172	0.172	0.171	0.172	0.179	0.178	0.185	0.186	0.171	0.175	0.167	0.188	0.173	0.169	0.169	0.167	0.168	0.176	0.178
1:00:35	37.0	0.181	0.170	0.170	0.171	0.170	0.170	0.172	0.172	0.171	0.177	0.181	0.182	0.184	0.169	0.169	0.169	0.169	0.176	0.171	0.170	0.168	0.170	0.171	0.169	0.173	0.166	0.176	0.171	0.172	0.168	0.175	0.169	0.168	0.175	0.179	0.175	0.167	0.166	0.165	0.166	0.176	0.175	0.172	0.169	0.169	0.176	0.170	0.172	0.171	0.175	0.165	0.168	0.174	0.172	0.176	0.174	0.179	0.173	0.175	0.169	0.172	0.169	0.167	0.169	0.174	0.173	0.167	0.172	0.169	0.182	0.176	0.183	0.171	0.168	0.169	0.175	0.172	0.172	0.169	0.172	0.173	0.173	0.178	0.185	0.188	0.173	0.178	0.170	0.184	0.175	0.172	0.171	0.170	0.170	0.175	0.181
2:00:35	37.1	0.191	0.178	0.179	0.180	0.178	0.177	0.180	0.179	0.180	0.184	0.186	0.190	0.193	0.178	0.177	0.176	0.177	0.183	0.177	0.176	0.175	0.176	0.179	0.178	0.181	0.174	0.182	0.177	0.177	0.173	0.182	0.174	0.173	0.179	0.185	0.182	0.176	0.174	0.173	0.173	0.181	0.179	0.178	0.175	0.175	0.181	0.176	0.179	0.179	0.182	0.172	0.174	0.178	0.176	0.180	0.178	0.184	0.178	0.181	0.176	0.180	0.177	0.175	0.174	0.180	0.176	0.174	0.178	0.175	0.186	0.181	0.191	0.180	0.177	0.177	0.181	0.179	0.178	0.174	0.178	0.178	0.177	0.183	0.192	0.197	0.182	0.187	0.178	0.190	0.183	0.179	0.179	0.178	0.178	0.183	0.190
3:00:36	37.1	0.213	0.200	0.201	0.199	0.198	0.196	0.197	0.197	0.199	0.202	0.204	0.208	0.213	0.198	0.195	0.195	0.197	0.200	0.194	0.193	0.193	0.193	0.196	0.197	0.201	0.193	0.199	0.194	0.193	0.188	0.197	0.189	0.188	0.194	0.202	0.201	0.196	0.193	0.190	0.191	0.196	0.195	0.193	0.191	0.191	0.197	0.192	0.197	0.199	0.199	0.188	0.190	0.193	0.190	0.193	0.192	0.199	0.193	0.198	0.193	0.201	0.197	0.193	0.192	0.195	0.191	0.189	0.193	0.191	0.200	0.196	0.208	0.201	0.197	0.196	0.198	0.196	0.195	0.189	0.194	0.192	0.192	0.201	0.209	0.217	0.203	0.208	0.198	0.208	0.201	0.196	0.197	0.197	0.196	0.201	0.209
4:00:37	37.1	0.255	0.242	0.242	0.239	0.237	0.234	0.234	0.234	0.236	0.239	0.242	0.246	0.255	0.237	0.233	0.230	0.234	0.235	0.228	0.228	0.228	0.228	0.233	0.237	0.241	0.231	0.234	0.228	0.227	0.219	0.228	0.220	0.220	0.226	0.236	0.237	0.236	0.230	0.225	0.225	0.231	0.231	0.225	0.221	0.221	0.229	0.226	0.231	0.239	0.235	0.221	0.223	0.225	0.222	0.222	0.221	0.228	0.225	0.233	0.228	0.242	0.236	0.230	0.228	0.230	0.223	0.221	0.224	0.222	0.230	0.229	0.244	0.243	0.237	0.233	0.235	0.230	0.231	0.220	0.225	0.224	0.225	0.238	0.245	0.257	0.244	0.248	0.236	0.246	0.237	0.232	0.233	0.234	0.232	0.238	0.247
5:00:37	37.1	0.330	0.320	0.315	0.310	0.308	0.301	0.299	0.298	0.301	0.305	0.310	0.313	0.325	0.305	0.298	0.292	0.297	0.293	0.287	0.287	0.287	0.287	0.295	0.302	0.309	0.295	0.295	0.285	0.284	0.272	0.279	0.274	0.272	0.281	0.294	0.300	0.302	0.292	0.283	0.282	0.291	0.293	0.277	0.271	0.273	0.282	0.282	0.291	0.308	0.295	0.278	0.277	0.279	0.279	0.270	0.271	0.279	0.277	0.290	0.289	0.316	0.307	0.291	0.296	0.291	0.276	0.275	0.276	0.274	0.284	0.286	0.305	0.317	0.306	0.298	0.297	0.287	0.293	0.272	0.278	0.277	0.279	0.300	0.305	0.326	0.314	0.315	0.302	0.309	0.299	0.291	0.295	0.295	0.292	0.303	0.314
6:00:38	37.1	0.465	0.468	0.447	0.450	0.439	0.424	0.424	0.418	0.425	0.433	0.439	0.437	0.453	0.439	0.423	0.408	0.411	0.401	0.396	0.395	0.397	0.396	0.408	0.425	0.435	0.416	0.418	0.394	0.392	0.368	0.371	0.372	0.368	0.382	0.401	0.414	0.431	0.419	0.396	0.394	0.406	0.407	0.373	0.363	0.365	0.381	0.388	0.402	0.444	0.416	0.395	0.382	0.389	0.386	0.358	0.359	0.370	0.372	0.397	0.401	0.455	0.444	0.415	0.423	0.413	0.381	0.389	0.375	0.371	0.390	0.393	0.426	0.459	0.442	0.433	0.425	0.398	0.417	0.372	0.375	0.379	0.382	0.416	0.415	0.454	0.447	0.439	0.432	0.423	0.409	0.404	0.407	0.406	0.404	0.420	0.436
7:00:38	37.0	0.589	0.597	0.582	0.585	0.575	0.565	0.569	0.561	0.569	0.580	0.579	0.566	0.583	0.580	0.573	0.555	0.557	0.548	0.543	0.542	0.545	0.541	0.551	0.565	0.572	0.571	0.568	0.546	0.548	0.510	0.509	0.520	0.512	0.531	0.548	0.559	0.556	0.557	0.535	0.536	0.546	0.544	0.513	0.502	0.503	0.520	0.529	0.523	0.583	0.565	0.549	0.536	0.543	0.535	0.504	0.504	0.515	0.515	0.551	0.545	0.589	0.586	0.568	0.570	0.565	0.535	0.546	0.531	0.524	0.547	0.551	0.578	0.582	0.580	0.579	0.571	0.546	0.565	0.524	0.524	0.531	0.532	0.565	0.555	0.582	0.576	0.580	0.577	0.567	0.557	0.556	0.555	0.552	0.550	0.565	0.578
8:00:39	37.0	0.657	0.663	0.650	0.649	0.643	0.641	0.638	0.640	0.645	0.648	0.645	0.637	0.654	0.651	0.650	0.633	0.638	0.633	0.625	0.630	0.632	0.625	0.633	0.641	0.645	0.645	0.643	0.635	0.632	0.604	0.604	0.617	0.611	0.623	0.639	0.639	0.617	0.623	0.608	0.615	0.622	0.627	0.605	0.593	0.596	0.604	0.610	0.594	0.652	0.640	0.623	0.631	0.644	0.637	0.616	0.612	0.621	0.616	0.643	0.628	0.657	0.657	0.646	0.654	0.660	0.630	0.640	0.635	0.624	0.638	0.641	0.655	0.644	0.639	0.645	0.649	0.629	0.646	0.615	0.620	0.623	0.625	0.646	0.637	0.647	0.641	0.653	0.641	0.640	0.638	0.637	0.642	0.638	0.636	0.647	0.655
9:00:40	37.1	0.707	0.705	0.701	0.697	0.696	0.692	0.690	0.692	0.700	0.698	0.696	0.686	0.703	0.697	0.694	0.683	0.694	0.684	0.678	0.687	0.687	0.682	0.690	0.692	0.695	0.696	0.691	0.685	0.686	0.662	0.662	0.668	0.668	0.680	0.693	0.694	0.660	0.670	0.656	0.658	0.667	0.671	0.660	0.648	0.650	0.657	0.661	0.642	0.700	0.686	0.668	0.679	0.701	0.683	0.670	0.668	0.679	0.678	0.693	0.681	0.702	0.703	0.690	0.699	0.704	0.684	0.695	0.684	0.679	0.686	0.690	0.698	0.690	0.682	0.690	0.696	0.683	0.692	0.663	0.674	0.675	0.671	0.696	0.692	0.696	0.691	0.704	0.688	0.698	0.691	0.686	0.701	0.698	0.694	0.705	0.711
10:00:41	37.1	0.749	0.749	0.745	0.737	0.739	0.738	0.735	0.739	0.745	0.742	0.740	0.729	0.748	0.739	0.738	0.728	0.739	0.731	0.725	0.733	0.733	0.729	0.734	0.739	0.740	0.739	0.732	0.731	0.732	0.707	0.709	0.714	0.714	0.724	0.737	0.739	0.703	0.712	0.697	0.702	0.706	0.710	0.703	0.691	0.694	0.704	0.705	0.684	0.744	0.728	0.709	0.723	0.737	0.722	0.714	0.711	0.725	0.726	0.737	0.725	0.743	0.742	0.733	0.737	0.743	0.728	0.737	0.727	0.723	0.730	0.735	0.741	0.729	0.725	0.732	0.738	0.722	0.734	0.709	0.719	0.718	0.717	0.741	0.734	0.736	0.732	0.748	0.730	0.743	0.737	0.732	0.746	0.744	0.741	0.750	0.754
11:00:41	37.1	0.782	0.781	0.781	0.773	0.775	0.775	0.772	0.776	0.783	0.778	0.776	0.764	0.783	0.778	0.777	0.767	0.779	0.772	0.765	0.775	0.774	0.768	0.774	0.776	0.777	0.776	0.770	0.771	0.772	0.750	0.749	0.755	0.756	0.765	0.777	0.777	0.739	0.748	0.735	0.742	0.744	0.747	0.745	0.731	0.735	0.744	0.745	0.720	0.779	0.768	0.747	0.764	0.776	0.762	0.755	0.752	0.772	0.768	0.778	0.764	0.780	0.779	0.771	0.776	0.780	0.766	0.776	0.769	0.764	0.769	0.775	0.778	0.765	0.763	0.770	0.775	0.763	0.772	0.751	0.760	0.759	0.757	0.783	0.772	0.771	0.769	0.786	0.765	0.782	0.776	0.773	0.787	0.784	0.778	0.789	0.791
12:00:42	37.1	0.810	0.809	0.812	0.803	0.808	0.808	0.804	0.809	0.815	0.810	0.806	0.793	0.814	0.810	0.811	0.801	0.812	0.806	0.800	0.810	0.810	0.805	0.811	0.807	0.808	0.809	0.802	0.806	0.807	0.786	0.784	0.791	0.793	0.801	0.811	0.810	0.769	0.780	0.768	0.775	0.776	0.781	0.781	0.768	0.770	0.780	0.779	0.752	0.811	0.800	0.782	0.799	0.812	0.797	0.793	0.788	0.806	0.806	0.814	0.797	0.809	0.810	0.805	0.809	0.813	0.802	0.812	0.805	0.800	0.805	0.809	0.812	0.795	0.793	0.802	0.808	0.797	0.807	0.786	0.796	0.794	0.793	0.814	0.805	0.799	0.798	0.816	0.797	0.811	0.809	0.806	0.821	0.819	0.811	0.823	0.822
13:00:42	37.1	0.834	0.834	0.839	0.830	0.832	0.836	0.831	0.838	0.843	0.837	0.835	0.818	0.839	0.837	0.839	0.831	0.843	0.837	0.830	0.840	0.840	0.834	0.838	0.836	0.834	0.836	0.830	0.837	0.838	0.817	0.814	0.821	0.825	0.832	0.842	0.838	0.794	0.807	0.796	0.805	0.806	0.811	0.812	0.797	0.801	0.811	0.808	0.780	0.838	0.827	0.810	0.830	0.843	0.827	0.825	0.820	0.838	0.837	0.845	0.826	0.836	0.838	0.835	0.839	0.842	0.834	0.843	0.837	0.831	0.837	0.839	0.840	0.820	0.821	0.829	0.836	0.824	0.834	0.816	0.825	0.824	0.823	0.843	0.832	0.824	0.823	0.842	0.824	0.838	0.837	0.834	0.851	0.848	0.840	0.850	0.849
14:00:43	37.0	0.855	0.856	0.862	0.854	0.856	0.860	0.855	0.861	0.867	0.861	0.857	0.840	0.862	0.861	0.864	0.855	0.868	0.862	0.856	0.866	0.866	0.860	0.867	0.859	0.858	0.860	0.856	0.863	0.864	0.843	0.838	0.848	0.851	0.859	0.867	0.862	0.817	0.832	0.821	0.832	0.832	0.839	0.839	0.823	0.827	0.836	0.833	0.802	0.863	0.853	0.837	0.857	0.869	0.856	0.852	0.847	0.866	0.865	0.870	0.850	0.860	0.863	0.860	0.864	0.870	0.860	0.868	0.864	0.859	0.864	0.865	0.864	0.843	0.844	0.854	0.862	0.850	0.861	0.842	0.852	0.849	0.848	0.869	0.855	0.844	0.846	0.865	0.848	0.862	0.861	0.859	0.875	0.874	0.864	0.875	0.872
15:00:44	37.1	0.874	0.876	0.883	0.874	0.878	0.881	0.875	0.881	0.889	0.882	0.877	0.858	0.883	0.883	0.886	0.878	0.891	0.884	0.878	0.889	0.890	0.882	0.884	0.880	0.878	0.881	0.878	0.886	0.887	0.867	0.861	0.872	0.875	0.881	0.890	0.882	0.837	0.853	0.843	0.855	0.854	0.862	0.862	0.846	0.850	0.860	0.855	0.821	0.883	0.876	0.860	0.881	0.893	0.878	0.877	0.871	0.890	0.889	0.894	0.873	0.881	0.884	0.883	0.888	0.894	0.885	0.895	0.886	0.883	0.886	0.887	0.884	0.863	0.866	0.877	0.884	0.873	0.883	0.865	0.874	0.873	0.871	0.889	0.874	0.864	0.866	0.886	0.869	0.883	0.883	0.881	0.897	0.897	0.887	0.896	0.892
16:00:45	37.0	0.891	0.895	0.900	0.893	0.895	0.899	0.894	0.900	0.907	0.901	0.894	0.874	0.899	0.902	0.906	0.898	0.911	0.904	0.898	0.909	0.910	0.902	0.903	0.898	0.897	0.901	0.898	0.907	0.909	0.887	0.880	0.892	0.895	0.902	0.910	0.901	0.855	0.872	0.863	0.875	0.875	0.882	0.884	0.866	0.871	0.880	0.875	0.837	0.904	0.895	0.882	0.902	0.916	0.900	0.899	0.893	0.911	0.910	0.914	0.893	0.900	0.905	0.904	0.909	0.916	0.908	0.916	0.909	0.905	0.908	0.908	0.904	0.881	0.883	0.895	0.904	0.893	0.904	0.886	0.895	0.893	0.892	0.912	0.892	0.881	0.884	0.904	0.888	0.901	0.903	0.901	0.917	0.916	0.905	0.914	0.909
17:00:45	37.1	0.905	0.912	0.916	0.911	0.912	0.916	0.911	0.917	0.924	0.917	0.910	0.887	0.913	0.919	0.924	0.916	0.928	0.922	0.915	0.927	0.927	0.919	0.920	0.913	0.913	0.919	0.917	0.927	0.928	0.905	0.898	0.912	0.914	0.921	0.926	0.917	0.870	0.889	0.881	0.893	0.894	0.902	0.903	0.885	0.889	0.898	0.893	0.851	0.921	0.913	0.902	0.922	0.936	0.920	0.919	0.912	0.932	0.929	0.932	0.906	0.917	0.923	0.922	0.929	0.938	0.928	0.937	0.929	0.924	0.929	0.927	0.921	0.898	0.903	0.914	0.923	0.910	0.921	0.906	0.914	0.913	0.911	0.926	0.908	0.897	0.898	0.921	0.904	0.919	0.919	0.918	0.935	0.934	0.923	0.931	0.924
18:00:46	37.0	0.919	0.931	0.930	0.925	0.927	0.930	0.926	0.931	0.937	0.933	0.924	0.899	0.926	0.934	0.941	0.933	0.945	0.939	0.932	0.943	0.943	0.935	0.935	0.928	0.928	0.934	0.934	0.943	0.944	0.922	0.913	0.930	0.931	0.938	0.942	0.930	0.884	0.906	0.898	0.909	0.910	0.919	0.919	0.901	0.906	0.914	0.909	0.871	0.938	0.929	0.918	0.939	0.949	0.938	0.936	0.930	0.949	0.946	0.949	0.921	0.933	0.941	0.939	0.946	0.955	0.947	0.956	0.947	0.942	0.947	0.944	0.936	0.913	0.918	0.929	0.941	0.927	0.937	0.923	0.931	0.929	0.929	0.945	0.921	0.911	0.913	0.935	0.920	0.934	0.934	0.934	0.949	0.949	0.938	0.946	0.938
19:00:47	37.1	0.930	0.938	0.942	0.939	0.940	0.943	0.939	0.944	0.950	0.944	0.936	0.910	0.938	0.948	0.955	0.947	0.959	0.954	0.947	0.958	0.958	0.949	0.949	0.940	0.941	0.949	0.949	0.959	0.958	0.939	0.929	0.945	0.946	0.954	0.957	0.944	0.897	0.920	0.912	0.924	0.926	0.933	0.936	0.916	0.921	0.930	0.924	0.875	0.952	0.944	0.933	0.955	0.967	0.955	0.955	0.945	0.965	0.962	0.965	0.934	0.946	0.959	0.955	0.963	0.971	0.962	0.971	0.964	0.959	0.962	0.958	0.949	0.926	0.932	0.945	0.954	0.943	0.953	0.939	0.947	0.946	0.943	0.956	0.933	0.922	0.925	0.948	0.935	0.946	0.948	0.949	0.964	0.964	0.952	0.959	0.950
20:00:48	37.1	0.939	0.950	0.953	0.950	0.951	0.955	0.951	0.954	0.962	0.955	0.946	0.919	0.950	0.960	0.967	0.959	0.970	0.966	0.960	0.971	0.971	0.962	0.961	0.950	0.952	0.961	0.962	0.973	0.971	0.951	0.942	0.960	0.958	0.968	0.970	0.955	0.910	0.933	0.924	0.937	0.939	0.947	0.950	0.930	0.936	0.941	0.935	0.886	0.965	0.959	0.945	0.970	0.981	0.968	0.966	0.959	0.979	0.977	0.978	0.945	0.959	0.970	0.968	0.976	0.984	0.976	0.984	0.979	0.975	0.976	0.971	0.960	0.938	0.946	0.958	0.967	0.956	0.966	0.953	0.961	0.959	0.958	0.969	0.946	0.934	0.939	0.959	0.947	0.958	0.960	0.961	0.975	0.976	0.963	0.970	0.960
21:00:48	37.0	0.947	0.959	0.963	0.960	0.962	0.965	0.960	0.965	0.970	0.965	0.954	0.927	0.961	0.971	0.979	0.971	0.982	0.977	0.975	0.983	0.983	0.972	0.974	0.960	0.963	0.971	0.974	0.984	0.984	0.962	0.955	0.974	0.970	0.979	0.983	0.965	0.921	0.945	0.937	0.950	0.950	0.957	0.960	0.942	0.949	0.951	0.945	0.896	0.975	0.973	0.958	0.983	0.989	0.979	0.978	0.970	0.993	0.989	0.991	0.955	0.970	0.984	0.982	0.990	0.997	0.989	0.996	0.991	0.989	0.988	0.983	0.970	0.948	0.958	0.969	0.980	0.966	0.980	0.965	0.973	0.971	0.969	0.983	0.955	0.943	0.952	0.969	0.959	0.973	0.972	0.973	0.987	0.987	0.974	0.981	0.970
22:00:48	37.1	0.955	0.970	0.972	0.970	0.969	0.975	0.970	0.974	0.980	0.975	0.964	0.934	0.968	0.981	0.990	0.981	0.991	0.988	0.983	0.993	0.994	0.982	0.983	0.970	0.973	0.982	0.983	0.995	0.995	0.973	0.965	0.984	0.981	0.990	0.992	0.974	0.930	0.954	0.947	0.961	0.960	0.968	0.974	0.953	0.959	0.964	0.957	0.903	0.984	0.981	0.969	0.993	1.004	0.990	0.991	0.981	1.004	1.001	1.002	0.964	0.979	0.993	0.991	0.999	1.008	1.000	1.008	1.005	0.999	1.000	0.994	0.979	0.957	0.967	0.979	0.989	0.979	0.989	0.976	0.983	0.983	0.980	0.991	0.964	0.950	0.959	0.978	0.967	0.978	0.981	0.982	0.997	0.998	0.984	0.990	0.978
23:00:48	37.1	0.960	0.975	0.979	0.978	0.978	0.983	0.979	0.983	0.988	0.981	0.973	0.941	0.976	0.990	1.000	0.991	1.003	0.998	0.992	1.003	1.004	0.992	0.993	0.977	0.981	0.991	0.993	1.005	1.005	0.984	0.976	0.994	0.991	1.000	1.002	0.983	0.939	0.964	0.956	0.971	0.968	0.976	0.984	0.964	0.969	0.972	0.965	0.914	0.991	0.991	0.976	1.004	1.011	0.998	1.000	0.991	1.016	1.012	1.013	0.973	0.987	1.002	1.002	1.008	1.015	1.011	1.016	1.014	1.010	1.009	1.004	0.988	0.966	0.976	0.987	0.998	0.988	1.000	0.987	0.995	0.995	0.990	1.000	0.972	0.957	0.968	0.986	0.975	0.987	0.990	0.991	1.006	1.007	0.993	0.999	0.986
0:00:00																																																																																																	

Results
	1	2	3	4	5	6	7	8	9	10	11	12
A	1.772	1.862	1.805	1.825	1.798	1.795	1.794	1.791	1.810	1.819	1.791	1.727	Max V [600]
	0.987	0.985	0.986	0.984	0.986	0.986	0.984	0.985	0.985	0.983	0.984	0.988	R-Squared [600]
	6:00:38	6:00:38	6:00:38	6:00:38	6:00:38	6:00:38	6:00:38	6:00:38	6:00:38	6:00:38	6:00:38	6:00:38	t at Max V [600]
	3:22:10	3:24:18	3:24:47	3:28:17	3:29:43	3:32:46	3:33:49	3:34:53	3:32:49	3:33:10	3:32:55	3:31:34	Lagtime [600]
B	1.760	1.834	1.846	1.782	1.779	1.753	1.750	1.766	1.774	1.746	1.761	1.786	Max V [600]
	0.988	0.985	0.984	0.984	0.985	0.982	0.983	0.983	0.983	0.983	0.985	0.986	R-Squared [600]
	6:00:38	6:00:38	6:00:38	6:00:38	6:00:38	6:00:38	6:00:38	6:00:38	6:00:38	6:00:38	6:00:38	6:00:38	t at Max V [600]
	3:26:53	3:29:55	3:34:45	3:36:06	3:33:44	3:39:30	3:38:54	3:39:22	3:38:33	3:38:30	3:36:39	3:31:12	Lagtime [600]
C	1.787	1.842	1.818	1.794	1.791	1.693	1.665	1.731	1.726	1.740	1.767	1.772	Max V [600]
	0.987	0.982	0.983	0.981	0.979	0.981	0.983	0.978	0.982	0.979	0.983	0.985	R-Squared [600]
	6:00:38	6:00:38	6:00:38	6:00:38	6:00:38	7:00:39	7:00:39	6:00:38	7:00:39	6:00:38	6:00:38	6:00:38	t at Max V [600]
	3:29:00	3:34:55	3:41:30	3:44:07	3:44:51	4:00:23	3:53:25	3:47:16	3:57:05	3:46:09	3:41:43	3:36:14	Lagtime [600]
D	1.694	1.749	1.695	1.724	1.728	1.741	1.666	1.640	1.642	1.648	1.694	1.596	Max V [600]
	0.985	0.983	0.983	0.983	0.985	0.987	0.980	0.981	0.981	0.981	0.983	0.988	R-Squared [600]
	6:00:38	6:00:38	6:00:38	6:00:38	6:00:38	6:00:38	7:00:39	7:00:39	7:00:39	6:00:38	6:00:38	6:00:38	t at Max V [600]
	3:24:21	3:31:07	3:34:47	3:39:19	3:41:55	3:40:26	3:52:17	3:52:28	3:51:14	3:42:22	3:41:19	3:29:29	Lagtime [600]
E	1.833	1.797	1.792	1.795	1.838	1.814	1.763	1.744	1.753	1.740	1.803	1.761	Max V [600]
	0.985	0.982	0.979	0.978	0.978	0.981	0.981	0.982	0.983	0.984	0.980	0.984	R-Squared [600]
	6:00:38	6:00:38	6:00:38	6:00:38	6:00:38	6:00:38	7:00:39	7:00:39	7:00:39	7:00:39	6:00:38	6:00:38	t at Max V [600]
	3:29:08	3:37:29	3:40:27	3:45:37	3:49:41	3:49:46	4:06:46	4:03:19	4:02:38	3:59:16	3:43:48	3:39:19	Lagtime [600]
F	1.840	1.870	1.848	1.876	1.891	1.786	1.850	1.797	1.773	1.798	1.816	1.826	Max V [600]
	0.986	0.986	0.982	0.986	0.984	0.978	0.978	0.975	0.978	0.977	0.979	0.982	R-Squared [600]
	6:00:38	6:00:38	6:00:38	6:00:38	6:00:38	6:00:38	6:00:38	6:00:38	7:00:39	6:00:38	6:00:38	6:00:38	t at Max V [600]
	3:26:52	3:30:47	3:37:23	3:37:49	3:43:32	3:48:51	3:45:39	3:47:48	3:55:47	3:49:29	3:47:48	3:38:41	Lagtime [600]
G	1.778	1.797	1.840	1.838	1.760	1.836	1.738	1.729	1.752	1.756	1.802	1.724	Max V [600]
	0.984	0.982	0.981	0.984	0.982	0.984	0.977	0.978	0.978	0.979	0.984	0.985	R-Squared [600]
	6:00:38	6:00:38	6:00:38	6:00:38	6:00:38	6:00:38	6:00:38	7:00:39	6:00:38	6:00:38	6:00:38	6:00:38	t at Max V [600]
	3:22:32	3:27:50	3:34:16	3:40:35	3:42:38	3:40:09	3:48:52	3:53:49	3:46:55	3:49:38	3:39:25	3:37:59	Lagtime [600]
H	1.726	1.759	1.792	1.809	1.745	1.765	1.794	1.796	1.779	1.778	1.800	1.798	Max V [600]
	0.986	0.986	0.986	0.982	0.984	0.984	0.982	0.984	0.984	0.984	0.986	0.987	R-Squared [600]
	6:00:38	6:00:38	6:00:38	6:00:38	6:00:38	6:00:38	6:00:38	6:00:38	6:00:38	6:00:38	6:00:38	6:00:38	t at Max V [600]
	3:26:03	3:25:08	3:29:11	3:31:01	3:38:00	3:36:02	3:38:35	3:37:17	3:35:27	3:37:29	3:36:46	3:31:41	Lagtime [600]

