
Software Version	3.11.19



Experiment File Path:	C:\Users\patil-group\Desktop\Sweeteners_stacker\261121_NT5071_72_74_Rep1\NT5071_72_74_Rep1.xpt
Protocol File Path:	C:\Users\Public\Documents\Protocols\Screening-protocol.prt



Plate Number	Plate 14
Date	26/11/2021
Time	13:19:13
Reader Type:	Epoch 2
Reader Serial Number:	2103223
Reading Type	Reader

Procedure Details

Plate Type	96 WELL PLATE
Discontinuous Kinetics	Runtime 1:00:00 (D:HH:MM), Interval 0:01:00, 25 Reads
	Pause after each run
Eject plate on completion	
Shake	Linear: 0:00:30 (HH:MM:SS)
	Frequency: 567 cpm (3 mm)
Read	Absorbance Endpoint
	Full Plate
	Wavelengths:  600
	Read Speed: Normal,  Delay: 100 msec,  Measurements/Data Point: 8

600

Time	T° 600	A1	A2	A3	A4	A5	A6	A7	A8	A9	A10	A11	A12	B1	B2	B3	B4	B5	B6	B7	B8	B9	B10	B11	B12	C1	C2	C3	C4	C5	C6	C7	C8	C9	C10	C11	C12	D1	D2	D3	D4	D5	D6	D7	D8	D9	D10	D11	D12	E1	E2	E3	E4	E5	E6	E7	E8	E9	E10	E11	E12	F1	F2	F3	F4	F5	F6	F7	F8	F9	F10	F11	F12	G1	G2	G3	G4	G5	G6	G7	G8	G9	G10	G11	G12	H1	H2	H3	H4	H5	H6	H7	H8	H9	H10	H11	H12
0:00:34	34.5	0.179	0.179	0.175	0.185	0.171	0.193	0.172	0.177	0.171	0.167	0.171	0.173	0.172	0.169	0.183	0.179	0.172	0.167	0.174	0.179	0.186	0.168	0.171	0.168	0.175	0.172	0.203	0.172	0.175	0.168	0.166	0.183	0.165	0.167	0.177	0.188	0.171	0.173	0.172	0.177	0.172	0.175	0.169	0.170	0.168	0.168	0.176	0.173	0.169	0.170	0.176	0.171	0.172	0.170	0.164	0.179	0.166	0.170	0.176	0.174	0.174	0.174	0.174	0.171	0.187	0.170	0.170	0.172	0.170	0.168	0.170	0.169	0.172	0.180	0.170	0.176	0.172	0.173	0.176	0.172	0.169	0.171	0.172	0.176	0.178	0.173	0.165	0.177	0.174	0.176	0.164	0.166	0.163	0.169	0.170	0.168
1:00:33	34.7	0.183	0.181	0.179	0.188	0.175	0.187	0.175	0.181	0.175	0.171	0.174	0.177	0.175	0.173	0.186	0.182	0.176	0.171	0.179	0.183	0.186	0.172	0.174	0.171	0.178	0.176	0.207	0.175	0.179	0.173	0.171	0.186	0.169	0.171	0.180	0.190	0.174	0.177	0.176	0.179	0.176	0.179	0.173	0.175	0.172	0.172	0.180	0.177	0.173	0.174	0.180	0.175	0.175	0.174	0.167	0.182	0.170	0.173	0.180	0.177	0.177	0.178	0.179	0.175	0.188	0.173	0.173	0.175	0.174	0.172	0.173	0.172	0.176	0.182	0.174	0.179	0.174	0.177	0.178	0.174	0.172	0.174	0.175	0.179	0.177	0.174	0.167	0.179	0.176	0.179	0.167	0.169	0.166	0.188	0.172	0.170
2:00:33	34.7	0.190	0.187	0.185	0.195	0.181	0.193	0.181	0.187	0.181	0.177	0.180	0.183	0.180	0.178	0.191	0.187	0.182	0.176	0.184	0.189	0.191	0.176	0.180	0.177	0.184	0.181	0.204	0.182	0.185	0.178	0.177	0.191	0.174	0.175	0.185	0.195	0.179	0.182	0.182	0.186	0.182	0.184	0.178	0.179	0.175	0.176	0.184	0.182	0.179	0.180	0.185	0.181	0.180	0.179	0.170	0.186	0.175	0.177	0.185	0.181	0.184	0.184	0.185	0.181	0.191	0.178	0.178	0.179	0.179	0.176	0.178	0.177	0.182	0.188	0.179	0.183	0.179	0.181	0.183	0.178	0.179	0.179	0.180	0.185	0.182	0.176	0.172	0.183	0.180	0.182	0.171	0.172	0.170	0.170	0.175	0.174
3:00:34	34.7	0.199	0.197	0.195	0.204	0.192	0.201	0.191	0.196	0.190	0.186	0.190	0.194	0.190	0.186	0.199	0.196	0.191	0.184	0.192	0.196	0.198	0.184	0.188	0.186	0.192	0.189	0.217	0.189	0.192	0.185	0.182	0.197	0.181	0.183	0.193	0.203	0.189	0.190	0.190	0.194	0.189	0.191	0.185	0.185	0.181	0.184	0.192	0.190	0.187	0.187	0.192	0.189	0.186	0.186	0.174	0.192	0.181	0.184	0.192	0.189	0.192	0.193	0.194	0.189	0.195	0.186	0.185	0.187	0.186	0.183	0.186	0.186	0.191	0.195	0.187	0.190	0.186	0.188	0.190	0.183	0.186	0.186	0.188	0.194	0.187	0.182	0.178	0.188	0.185	0.188	0.176	0.177	0.175	0.175	0.181	0.180
04:00:34	34.7	0.219	0.215	0.214	0.222	0.21	0.221	0.211	0.216	0.21	0.205	0.209	0.215	0.208	0.203	0.215	0.211	0.207	0.204	0.212	0.215	0.216	0.202	0.206	0.204	0.21	0.205	0.232	0.205	0.208	0.203	0.2	0.215	0.199	0.201	0.21	0.222	0.205	0.206	0.205	0.208	0.205	0.208	0.199	0.202	0.205	0.201	0.21	0.207	0.205	0.203	0.207	0.204	0.203	0.201	0.182	0.204	0.197	0.199	0.207	0.204	0.209	0.209	0.208	0.204	0.207	0.203	0.201	0.202	0.204	0.199	0.202	0.201	0.207	0.212	0.202	0.203	0.203	0.204	0.21	0.197	0.201	0.202	0.204	0.21	0.199	0.191	0.189	0.198	0.197	0.198	0.186	0.187	0.187	0.188	0.193	0.191
05:00:34	34.8	0.237	0.233	0.233	0.241	0.229	0.239	0.23	0.235	0.231	0.224	0.228	0.236	0.227	0.221	0.232	0.228	0.225	0.22	0.228	0.232	0.233	0.219	0.236	0.222	0.229	0.222	0.231	0.221	0.224	0.219	0.217	0.231	0.215	0.218	0.228	0.238	0.224	0.223	0.222	0.224	0.221	0.225	0.217	0.218	0.22	0.218	0.227	0.225	0.223	0.22	0.223	0.22	0.218	0.216	0.19	0.215	0.212	0.217	0.223	0.221	0.227	0.242	0.225	0.22	0.221	0.218	0.217	0.219	0.221	0.215	0.219	0.219	0.227	0.229	0.219	0.217	0.221	0.22	0.226	0.213	0.218	0.22	0.22	0.228	0.215	0.206	0.204	0.212	0.211	0.212	0.201	0.202	0.203	0.203	0.23	0.207
06:00:34	34.8	0.26	0.256	0.255	0.262	0.252	0.261	0.252	0.257	0.254	0.245	0.251	0.26	0.248	0.242	0.251	0.247	0.245	0.24	0.247	0.251	0.252	0.239	0.254	0.243	0.25	0.242	0.264	0.241	0.243	0.238	0.236	0.249	0.234	0.238	0.249	0.259	0.245	0.243	0.241	0.243	0.24	0.245	0.236	0.237	0.239	0.239	0.248	0.246	0.243	0.239	0.242	0.238	0.237	0.235	0.199	0.227	0.229	0.233	0.241	0.238	0.248	0.252	0.245	0.24	0.237	0.238	0.236	0.238	0.24	0.234	0.238	0.238	0.247	0.248	0.239	0.235	0.24	0.246	0.245	0.231	0.238	0.239	0.242	0.248	0.232	0.226	0.222	0.229	0.228	0.23	0.218	0.219	0.22	0.221	0.276	0.224
07:00:34	34.7	0.284	0.28	0.279	0.286	0.275	0.285	0.276	0.281	0.276	0.269	0.274	0.284	0.272	0.265	0.273	0.269	0.268	0.263	0.269	0.272	0.274	0.262	0.279	0.266	0.273	0.264	0.267	0.262	0.265	0.259	0.258	0.27	0.255	0.261	0.272	0.281	0.268	0.265	0.263	0.264	0.261	0.265	0.257	0.258	0.26	0.261	0.27	0.269	0.266	0.261	0.263	0.259	0.258	0.255	0.208	0.241	0.251	0.254	0.262	0.259	0.271	0.277	0.267	0.262	0.256	0.259	0.256	0.259	0.261	0.254	0.26	0.26	0.27	0.27	0.261	0.255	0.261	0.261	0.267	0.251	0.261	0.261	0.264	0.271	0.253	0.246	0.241	0.247	0.247	0.249	0.237	0.238	0.239	0.241	0.314	0.244
08:00:34	34.8	0.306	0.304	0.304	0.31	0.299	0.307	0.3	0.305	0.298	0.293	0.299	0.31	0.295	0.288	0.296	0.291	0.291	0.287	0.292	0.294	0.297	0.286	0.308	0.29	0.297	0.287	0.302	0.284	0.287	0.28	0.281	0.292	0.278	0.284	0.295	0.305	0.292	0.288	0.287	0.287	0.284	0.286	0.28	0.282	0.282	0.284	0.293	0.292	0.289	0.284	0.286	0.282	0.279	0.277	0.218	0.257	0.274	0.276	0.284	0.281	0.294	0.299	0.29	0.285	0.278	0.282	0.278	0.283	0.284	0.277	0.283	0.283	0.294	0.293	0.284	0.278	0.284	0.284	0.29	0.272	0.284	0.284	0.287	0.294	0.275	0.281	0.264	0.27	0.27	0.272	0.261	0.261	0.259	0.261	0.337	0.267
09:00:34	34.8	0.327	0.326	0.326	0.333	0.321	0.329	0.322	0.328	0.319	0.315	0.321	0.333	0.317	0.31	0.318	0.314	0.314	0.31	0.314	0.316	0.32	0.308	0.319	0.312	0.319	0.309	0.309	0.306	0.309	0.299	0.303	0.315	0.3	0.307	0.318	0.327	0.314	0.311	0.309	0.31	0.305	0.306	0.301	0.304	0.305	0.307	0.315	0.314	0.311	0.306	0.308	0.305	0.301	0.299	0.229	0.272	0.296	0.298	0.305	0.302	0.316	0.323	0.314	0.307	0.298	0.304	0.3	0.305	0.307	0.299	0.304	0.304	0.316	0.315	0.306	0.299	0.307	0.306	0.313	0.293	0.307	0.306	0.309	0.317	0.297	0.3	0.287	0.291	0.292	0.295	0.284	0.284	0.279	0.281	0.351	0.289
10:00:34	34.8	0.344	0.344	0.345	0.352	0.34	0.347	0.342	0.348	0.337	0.334	0.34	0.353	0.335	0.329	0.338	0.332	0.335	0.331	0.333	0.335	0.339	0.328	0.351	0.332	0.337	0.329	0.335	0.326	0.329	0.318	0.324	0.335	0.321	0.327	0.338	0.346	0.334	0.332	0.33	0.331	0.325	0.324	0.322	0.325	0.326	0.328	0.335	0.334	0.33	0.326	0.328	0.325	0.321	0.319	0.238	0.287	0.317	0.318	0.324	0.321	0.336	0.343	0.335	0.329	0.318	0.324	0.321	0.326	0.327	0.319	0.324	0.323	0.334	0.335	0.326	0.32	0.326	0.326	0.334	0.313	0.327	0.326	0.33	0.337	0.317	0.321	0.308	0.313	0.313	0.316	0.306	0.305	0.297	0.299	0.387	0.31
11:00:34	34.7	0.359	0.36	0.361	0.368	0.356	0.362	0.359	0.365	0.352	0.349	0.356	0.37	0.35	0.346	0.355	0.349	0.352	0.35	0.35	0.352	0.356	0.346	0.369	0.347	0.354	0.347	0.348	0.343	0.347	0.335	0.343	0.353	0.34	0.345	0.356	0.364	0.351	0.35	0.349	0.349	0.343	0.341	0.341	0.344	0.345	0.346	0.354	0.352	0.347	0.344	0.347	0.344	0.339	0.337	0.247	0.299	0.335	0.335	0.341	0.336	0.352	0.362	0.355	0.347	0.335	0.342	0.339	0.345	0.345	0.336	0.341	0.339	0.35	0.351	0.344	0.338	0.344	0.344	0.353	0.331	0.346	0.343	0.348	0.353	0.333	0.336	0.327	0.331	0.333	0.336	0.325	0.324	0.313	0.316	0.393	0.327
12:00:34	34.8	0.371	0.373	0.375	0.382	0.369	0.376	0.373	0.38	0.367	0.363	0.37	0.384	0.364	0.36	0.37	0.363	0.367	0.366	0.366	0.366	0.37	0.36	0.389	0.361	0.368	0.361	0.364	0.359	0.363	0.349	0.36	0.37	0.356	0.36	0.372	0.379	0.365	0.366	0.365	0.365	0.358	0.356	0.357	0.362	0.362	0.364	0.368	0.368	0.362	0.359	0.362	0.36	0.355	0.353	0.253	0.309	0.351	0.351	0.355	0.349	0.366	0.377	0.372	0.364	0.351	0.358	0.355	0.362	0.361	0.353	0.356	0.353	0.363	0.364	0.359	0.353	0.359	0.359	0.368	0.346	0.361	0.358	0.363	0.368	0.347	0.35	0.343	0.345	0.348	0.352	0.342	0.34	0.327	0.329	0.426	0.341
13:00:34	34.8	0.382	0.384	0.387	0.394	0.381	0.388	0.386	0.392	0.379	0.374	0.383	0.398	0.375	0.372	0.383	0.376	0.381	0.38	0.378	0.379	0.383	0.374	0.399	0.373	0.381	0.374	0.378	0.372	0.377	0.363	0.375	0.385	0.371	0.374	0.387	0.393	0.378	0.38	0.379	0.38	0.372	0.369	0.372	0.377	0.378	0.379	0.382	0.382	0.374	0.373	0.377	0.374	0.369	0.367	0.257	0.318	0.365	0.364	0.368	0.36	0.378	0.391	0.387	0.379	0.364	0.372	0.369	0.377	0.374	0.369	0.369	0.365	0.374	0.377	0.373	0.366	0.373	0.373	0.382	0.361	0.375	0.371	0.377	0.381	0.358	0.36	0.357	0.359	0.362	0.366	0.356	0.353	0.339	0.342	0.41	0.353
14:00:34	34.7	0.391	0.393	0.397	0.404	0.391	0.398	0.399	0.404	0.392	0.385	0.394	0.41	0.385	0.382	0.395	0.387	0.392	0.392	0.389	0.389	0.393	0.385	0.392	0.383	0.392	0.385	0.387	0.384	0.389	0.375	0.389	0.398	0.383	0.387	0.4	0.405	0.389	0.392	0.392	0.393	0.384	0.382	0.386	0.391	0.391	0.392	0.395	0.393	0.385	0.385	0.388	0.387	0.381	0.38	0.26	0.324	0.378	0.375	0.379	0.37	0.389	0.404	0.4	0.392	0.376	0.384	0.382	0.39	0.387	0.398	0.38	0.376	0.385	0.387	0.384	0.377	0.385	0.386	0.394	0.373	0.388	0.382	0.388	0.392	0.368	0.37	0.369	0.37	0.374	0.377	0.369	0.364	0.349	0.353	0.423	0.363
15:00:34	34.7	0.399	0.402	0.405	0.413	0.4	0.407	0.412	0.414	0.405	0.394	0.405	0.421	0.393	0.392	0.405	0.397	0.403	0.404	0.4	0.399	0.403	0.396	0.403	0.393	0.402	0.395	0.4	0.394	0.399	0.387	0.401	0.408	0.395	0.398	0.412	0.416	0.399	0.403	0.403	0.404	0.395	0.392	0.397	0.404	0.404	0.405	0.406	0.404	0.395	0.395	0.399	0.398	0.393	0.39	0.263	0.33	0.389	0.385	0.389	0.379	0.398	0.414	0.411	0.403	0.387	0.395	0.393	0.402	0.398	0.419	0.391	0.386	0.395	0.397	0.395	0.388	0.396	0.396	0.407	0.386	0.399	0.392	0.399	0.403	0.377	0.378	0.38	0.38	0.385	0.388	0.38	0.375	0.359	0.364	0.451	0.373
16:00:34	34.7	0.406	0.41	0.413	0.421	0.408	0.415	0.436	0.422	0.426	0.402	0.414	0.431	0.401	0.4	0.414	0.405	0.412	0.412	0.408	0.407	0.411	0.405	0.411	0.4	0.411	0.403	0.435	0.403	0.409	0.399	0.411	0.417	0.405	0.409	0.423	0.425	0.407	0.412	0.414	0.414	0.404	0.401	0.407	0.415	0.415	0.416	0.416	0.415	0.404	0.405	0.408	0.407	0.402	0.4	0.265	0.336	0.399	0.394	0.398	0.387	0.407	0.423	0.421	0.413	0.397	0.405	0.403	0.413	0.408	0.432	0.4	0.394	0.403	0.406	0.404	0.397	0.405	0.405	0.416	0.4	0.408	0.401	0.407	0.412	0.384	0.386	0.389	0.388	0.394	0.398	0.39	0.384	0.367	0.385	0.458	0.38
17:00:34	34.7	0.412	0.417	0.42	0.428	0.415	0.423	0.455	0.431	0.451	0.41	0.423	0.44	0.408	0.407	0.423	0.413	0.419	0.42	0.416	0.414	0.419	0.412	0.419	0.408	0.419	0.412	0.444	0.411	0.417	0.42	0.421	0.426	0.414	0.418	0.434	0.434	0.416	0.42	0.423	0.423	0.413	0.41	0.416	0.426	0.426	0.427	0.426	0.424	0.412	0.413	0.416	0.416	0.411	0.409	0.268	0.34	0.408	0.402	0.406	0.394	0.414	0.432	0.431	0.423	0.405	0.415	0.412	0.422	0.416	0.455	0.408	0.401	0.41	0.413	0.413	0.405	0.413	0.414	0.426	0.422	0.417	0.409	0.415	0.421	0.391	0.393	0.398	0.397	0.403	0.406	0.399	0.392	0.375	0.404	0.466	0.388
18:00:34	34.7	0.418	0.423	0.427	0.434	0.422	0.432	0.469	0.438	0.467	0.416	0.431	0.449	0.414	0.414	0.43	0.42	0.426	0.43	0.423	0.422	0.425	0.419	0.426	0.415	0.426	0.418	0.452	0.419	0.424	0.438	0.429	0.434	0.423	0.426	0.443	0.442	0.422	0.428	0.431	0.431	0.421	0.417	0.425	0.435	0.435	0.437	0.434	0.433	0.419	0.421	0.424	0.424	0.419	0.417	0.269	0.343	0.415	0.409	0.413	0.399	0.421	0.44	0.439	0.431	0.413	0.422	0.42	0.43	0.424	0.497	0.415	0.408	0.417	0.419	0.42	0.412	0.422	0.421	0.434	0.44	0.425	0.416	0.422	0.428	0.397	0.399	0.406	0.404	0.41	0.413	0.407	0.399	0.382	0.418	0.472	0.394
19:00:34	34.7	0.422	0.428	0.432	0.441	0.427	0.448	0.489	0.444	0.491	0.772	0.717	0.543	0.419	0.42	0.436	0.426	0.432	0.434	0.429	0.427	0.43	0.425	0.432	0.591	0.432	0.425	0.459	0.426	0.431	0.451	0.437	0.441	0.43	0.433	0.452	0.449	0.429	0.435	0.439	0.439	0.428	0.424	0.432	0.444	0.444	0.446	0.442	0.442	0.426	0.427	0.431	0.431	0.426	0.425	0.271	0.347	0.422	0.415	0.42	0.404	0.427	0.447	0.447	0.439	0.42	0.43	0.427	0.438	0.431	0.527	0.422	0.414	0.423	0.425	0.428	0.418	0.428	0.428	0.443	0.451	0.431	0.423	0.428	0.434	0.401	0.404	0.412	0.41	0.417	0.42	0.414	0.405	0.388	0.433	0.478	0.399
20:00:34	34.7	0.426	0.432	0.436	0.445	0.432	0.465	0.528	0.452	0.538	0.653	0.586	0.484	0.423	0.425	0.442	0.432	0.438	0.44	0.435	0.433	0.435	0.431	0.437	0.585	0.438	0.431	0.464	0.431	0.437	0.466	0.444	0.448	0.437	0.44	0.46	0.455	0.433	0.441	0.446	0.446	0.434	0.431	0.439	0.453	0.45	0.454	0.448	0.449	0.431	0.433	0.437	0.438	0.432	0.431	0.275	0.35	0.427	0.421	0.425	0.409	0.431	0.453	0.454	0.445	0.426	0.436	0.433	0.445	0.437	0.54	0.428	0.419	0.428	0.43	0.434	0.424	0.434	0.434	0.449	0.468	0.437	0.428	0.433	0.44	0.406	0.409	0.419	0.415	0.423	0.426	0.42	0.41	0.394	0.464	0.484	0.403
21:00:34	34.7	0.43	0.436	0.441	0.449	0.437	0.478	0.56	0.458	0.561	0.472	0.477	0.479	0.428	0.429	0.447	0.436	0.443	0.445	0.44	0.438	0.44	0.436	0.443	0.536	0.443	0.435	0.444	0.437	0.443	0.495	0.451	0.454	0.443	0.446	0.467	0.461	0.438	0.446	0.452	0.451	0.44	0.437	0.445	0.46	0.458	0.462	0.454	0.455	0.435	0.439	0.442	0.443	0.438	0.437	0.275	0.353	0.433	0.425	0.431	0.412	0.437	0.458	0.46	0.452	0.432	0.442	0.439	0.451	0.443	0.553	0.432	0.424	0.433	0.435	0.439	0.429	0.44	0.44	0.455	0.5	0.443	0.433	0.438	0.445	0.41	0.413	0.424	0.42	0.428	0.431	0.425	0.415	0.399	0.498	0.488	0.407
22:00:34	34.7	0.437	0.439	0.445	0.453	0.441	0.493	0.573	0.463	0.572	0.441	0.462	0.65	0.43	0.434	0.452	0.44	0.447	0.449	0.445	0.441	0.444	0.44	0.447	0.452	0.447	0.439	0.475	0.441	0.447	0.537	0.457	0.459	0.449	0.452	0.474	0.465	0.443	0.451	0.457	0.457	0.445	0.443	0.451	0.467	0.465	0.469	0.46	0.461	0.44	0.444	0.447	0.447	0.443	0.441	0.276	0.355	0.438	0.429	0.435	0.415	0.44	0.463	0.466	0.458	0.437	0.447	0.444	0.456	0.447	0.563	0.438	0.428	0.437	0.439	0.444	0.434	0.444	0.445	0.461	0.534	0.447	0.437	0.441	0.449	0.414	0.417	0.43	0.424	0.433	0.437	0.431	0.419	0.403	0.508	0.491	0.411
23:00:34	34.6	0.445	0.442	0.449	0.457	0.443	0.521	0.586	0.735	0.701	0.416	0.436	0.455	0.433	0.437	0.456	0.444	0.451	0.454	0.449	0.445	0.447	0.716	0.435	0.409	0.452	0.443	0.451	0.446	0.451	0.548	0.463	0.463	0.455	0.457	0.48	0.814	0.446	0.455	0.462	0.462	0.451	0.448	0.456	0.473	0.471	0.474	0.465	0.466	0.444	0.448	0.451	0.452	0.448	0.445	0.278	0.357	0.442	0.433	0.44	0.418	0.442	0.466	0.471	0.462	0.441	0.452	0.448	0.461	0.451	0.569	0.441	0.432	0.44	0.443	0.448	0.438	0.448	0.449	0.466	0.545	0.451	0.441	0.444	0.453	0.417	0.42	0.434	0.427	0.438	0.441	0.435	0.423	0.407	0.518	0.495	0.416
0:00:00																																																																																																	
0:00:00																																																																																																	
0:00:00																																																																																																	
0:00:00																																																																																																	
0:00:00																																																																																																	
0:00:00																																																																																																	
0:00:00																																																																																																	
0:00:00																																																																																																	
0:00:00																																																																																																	
0:00:00																																																																																																	
0:00:00																																																																																																	
0:00:00																																																																																																	
0:00:00																																																																																																	
0:00:00																																																																																																	
0:00:00																																																																																																	
0:00:00																																																																																																	
0:00:00																																																																																																	
0:00:00																																																																																																	
0:00:00																																																																																																	
0:00:00																																																																																																	
0:00:00																																																																																																	

Results
	1	2	3	4	5	6	7	8	9	10	11	12
A	?????	?????	?????	?????	?????	?????	?????	?????	?????	?????	?????	?????	Max V [600]
	?????	?????	?????	?????	?????	?????	?????	?????	?????	?????	?????	?????	R-Squared [600]
	?????	?????	?????	?????	?????	?????	?????	?????	?????	?????	?????	?????	t at Max V [600]
	?????	?????	?????	?????	?????	?????	?????	?????	?????	?????	?????	?????	Lagtime [600]
B	?????	?????	?????	?????	?????	?????	?????	?????	?????	?????	?????	?????	Max V [600]
	?????	?????	?????	?????	?????	?????	?????	?????	?????	?????	?????	?????	R-Squared [600]
	?????	?????	?????	?????	?????	?????	?????	?????	?????	?????	?????	?????	t at Max V [600]
	?????	?????	?????	?????	?????	?????	?????	?????	?????	?????	?????	?????	Lagtime [600]
C	?????	?????	?????	?????	?????	?????	?????	?????	?????	?????	?????	?????	Max V [600]
	?????	?????	?????	?????	?????	?????	?????	?????	?????	?????	?????	?????	R-Squared [600]
	?????	?????	?????	?????	?????	?????	?????	?????	?????	?????	?????	?????	t at Max V [600]
	?????	?????	?????	?????	?????	?????	?????	?????	?????	?????	?????	?????	Lagtime [600]
D	?????	?????	?????	?????	?????	?????	?????	?????	?????	?????	?????	?????	Max V [600]
	?????	?????	?????	?????	?????	?????	?????	?????	?????	?????	?????	?????	R-Squared [600]
	?????	?????	?????	?????	?????	?????	?????	?????	?????	?????	?????	?????	t at Max V [600]
	?????	?????	?????	?????	?????	?????	?????	?????	?????	?????	?????	?????	Lagtime [600]
E	?????	?????	?????	?????	?????	?????	?????	?????	?????	?????	?????	?????	Max V [600]
	?????	?????	?????	?????	?????	?????	?????	?????	?????	?????	?????	?????	R-Squared [600]
	?????	?????	?????	?????	?????	?????	?????	?????	?????	?????	?????	?????	t at Max V [600]
	?????	?????	?????	?????	?????	?????	?????	?????	?????	?????	?????	?????	Lagtime [600]
F	?????	?????	?????	?????	?????	?????	?????	?????	?????	?????	?????	?????	Max V [600]
	?????	?????	?????	?????	?????	?????	?????	?????	?????	?????	?????	?????	R-Squared [600]
	?????	?????	?????	?????	?????	?????	?????	?????	?????	?????	?????	?????	t at Max V [600]
	?????	?????	?????	?????	?????	?????	?????	?????	?????	?????	?????	?????	Lagtime [600]
G	?????	?????	?????	?????	?????	?????	?????	?????	?????	?????	?????	?????	Max V [600]
	?????	?????	?????	?????	?????	?????	?????	?????	?????	?????	?????	?????	R-Squared [600]
	?????	?????	?????	?????	?????	?????	?????	?????	?????	?????	?????	?????	t at Max V [600]
	?????	?????	?????	?????	?????	?????	?????	?????	?????	?????	?????	?????	Lagtime [600]
H	?????	?????	?????	?????	?????	?????	?????	?????	?????	?????	?????	?????	Max V [600]
	?????	?????	?????	?????	?????	?????	?????	?????	?????	?????	?????	?????	R-Squared [600]
	?????	?????	?????	?????	?????	?????	?????	?????	?????	?????	?????	?????	t at Max V [600]
	?????	?????	?????	?????	?????	?????	?????	?????	?????	?????	?????	?????	Lagtime [600]


