

Software Version	3.10.06



Experiment File Path:	C:\Users\patil-group\Desktop\Sweeteners_stacker\251021_NT5019_22_23_Rep1\NT5019_22_23_Rep1.xpt
Protocol File Path:	C:\Users\Public\Documents\Protocols\Screening-protocol.prt



Plate Number	Plate 17
Date	25/10/2021
Time	11:46:25
Reader Type:	Epoch 2
Reader Serial Number:	2103223
Reading Type	Reader

Procedure Details

Plate Type	96 WELL PLATE
Discontinuous Kinetics	Runtime 1:00:00 (D:HH:MM), Interval 0:01:00, 25 Reads
	Pause after each run
Eject plate on completion	
Shake	Linear: 0:00:30 (HH:MM:SS)
	Frequency: 567 cpm (3 mm)
Read	Absorbance Endpoint
	Full Plate
	Wavelengths:  600
	Read Speed: Normal,  Delay: 100 msec,  Measurements/Data Point: 8

600

Time	T° 600	A1	A2	A3	A4	A5	A6	A7	A8	A9	A10	A11	A12	B1	B2	B3	B4	B5	B6	B7	B8	B9	B10	B11	B12	C1	C2	C3	C4	C5	C6	C7	C8	C9	C10	C11	C12	D1	D2	D3	D4	D5	D6	D7	D8	D9	D10	D11	D12	E1	E2	E3	E4	E5	E6	E7	E8	E9	E10	E11	E12	F1	F2	F3	F4	F5	F6	F7	F8	F9	F10	F11	F12	G1	G2	G3	G4	G5	G6	G7	G8	G9	G10	G11	G12	H1	H2	H3	H4	H5	H6	H7	H8	H9	H10	H11	H12
0:00:34	34.8	0.172	0.167	0.172	0.167	0.170	0.165	0.179	0.171	0.171	0.171	0.165	0.180	0.176	0.172	0.172	0.170	0.170	0.170	0.172	0.167	0.168	0.169	0.166	0.171	0.176	0.187	0.170	0.173	0.175	0.166	0.172	0.175	0.172	0.174	0.171	0.176	0.180	0.174	0.171	0.176	0.181	0.174	0.173	0.175	0.175	0.174	0.172	0.182	0.180	0.177	0.176	0.180	0.186	0.180	0.184	0.185	0.185	0.171	0.180	0.184	0.178	0.171	0.168	0.170	0.171	0.168	0.166	0.180	0.166	0.168	0.170	0.185	0.175	0.180	0.171	0.177	0.182	0.181	0.180	0.179	0.181	0.176	0.176	0.171	0.193	0.174	0.172	0.174	0.167	0.174	0.168	0.170	0.183	0.177	0.171	0.214
1:00:34	34.9	0.178	0.176	0.179	0.175	0.178	0.172	0.186	0.179	0.183	0.179	0.172	0.189	0.183	0.179	0.178	0.176	0.176	0.176	0.178	0.173	0.175	0.173	0.173	0.177	0.182	0.188	0.179	0.181	0.181	0.173	0.176	0.179	0.176	0.179	0.175	0.182	0.185	0.181	0.178	0.182	0.185	0.180	0.176	0.177	0.179	0.180	0.178	0.186	0.185	0.186	0.181	0.186	0.191	0.185	0.190	0.190	0.192	0.174	0.187	0.186	0.188	0.177	0.176	0.178	0.180	0.174	0.174	0.189	0.173	0.174	0.179	0.190	0.186	0.187	0.178	0.185	0.188	0.189	0.186	0.185	0.187	0.178	0.181	0.176	0.196	0.180	0.177	0.180	0.173	0.179	0.174	0.174	0.189	0.181	0.176	0.218
2:00:35	34.9	0.192	0.191	0.192	0.188	0.194	0.184	0.198	0.195	0.196	0.196	0.186	0.204	0.197	0.193	0.192	0.189	0.190	0.189	0.191	0.185	0.189	0.186	0.186	0.190	0.195	0.197	0.192	0.192	0.191	0.182	0.186	0.189	0.186	0.189	0.188	0.195	0.197	0.193	0.189	0.192	0.195	0.189	0.186	0.188	0.190	0.189	0.188	0.198	0.197	0.199	0.190	0.197	0.203	0.194	0.197	0.198	0.211	0.184	0.196	0.196	0.207	0.189	0.186	0.190	0.196	0.189	0.191	0.206	0.189	0.186	0.198	0.202	0.197	0.196	0.190	0.196	0.204	0.199	0.195	0.193	0.199	0.187	0.190	0.187	0.205	0.192	0.186	0.190	0.182	0.187	0.184	0.185	0.198	0.192	0.187	0.227
3:00:36	34.8	0.213	0.214	0.216	0.209	0.217	0.211	0.216	0.225	0.219	0.221	0.210	0.229	0.221	0.215	0.216	0.211	0.210	0.211	0.212	0.207	0.215	0.208	0.208	0.213	0.216	0.215	0.210	0.211	0.213	0.200	0.204	0.208	0.205	0.211	0.209	0.217	0.220	0.214	0.209	0.212	0.214	0.204	0.203	0.204	0.205	0.208	0.208	0.220	0.216	0.219	0.206	0.212	0.220	0.211	0.210	0.211	0.238	0.204	0.213	0.213	0.229	0.211	0.205	0.205	0.213	0.212	0.213	0.228	0.209	0.204	0.217	0.222	0.217	0.211	0.206	0.215	0.222	0.212	0.210	0.207	0.214	0.206	0.207	0.207	0.227	0.212	0.206	0.211	0.200	0.204	0.203	0.204	0.215	0.210	0.204	0.246
4:00:37	34.8	0.237	0.233	0.240	0.232	0.239	0.244	0.250	0.255	0.252	0.239	0.230	0.247	0.242	0.234	0.247	0.233	0.234	0.231	0.233	0.228	0.238	0.229	0.231	0.234	0.240	0.236	0.236	0.233	0.236	0.222	0.224	0.228	0.229	0.231	0.231	0.238	0.247	0.238	0.237	0.238	0.241	0.227	0.225	0.227	0.227	0.230	0.235	0.245	0.238	0.246	0.229	0.237	0.241	0.242	0.230	0.231	0.284	0.226	0.244	0.236	0.261	0.231	0.230	0.227	0.237	0.241	0.247	0.278	0.243	0.226	0.255	0.245	0.245	0.236	0.229	0.240	0.256	0.243	0.243	0.234	0.243	0.228	0.234	0.233	0.254	0.238	0.231	0.237	0.223	0.224	0.225	0.225	0.238	0.233	0.226	0.269
5:00:37	34.8	0.242	0.235	0.247	0.237	0.241	0.258	0.259	0.263	0.265	0.239	0.232	0.248	0.242	0.239	0.263	0.239	0.244	0.238	0.241	0.235	0.244	0.232	0.240	0.237	0.243	0.243	0.264	0.248	0.251	0.233	0.234	0.237	0.237	0.240	0.235	0.240	0.249	0.250	0.257	0.257	0.268	0.244	0.237	0.239	0.240	0.238	0.246	0.253	0.241	0.261	0.246	0.258	0.267	0.273	0.251	0.251	0.344	0.233	0.257	0.242	0.285	0.240	0.250	0.245	0.266	0.262	0.283	0.329	0.282	0.238	0.278	0.249	0.254	0.249	0.239	0.252	0.299	0.286	0.262	0.246	0.260	0.234	0.238	0.237	0.254	0.244	0.233	0.241	0.228	0.232	0.232	0.231	0.243	0.237	0.231	0.270
6:00:37	34.8	0.242	0.235	0.245	0.239	0.240	0.249	0.252	0.256	0.259	0.239	0.234	0.250	0.241	0.240	0.259	0.239	0.245	0.237	0.242	0.237	0.245	0.232	0.244	0.239	0.244	0.244	0.264	0.248	0.251	0.232	0.234	0.238	0.237	0.240	0.235	0.241	0.248	0.250	0.256	0.260	0.269	0.242	0.237	0.239	0.241	0.236	0.245	0.248	0.241	0.261	0.245	0.257	0.262	0.274	0.254	0.256	0.343	0.233	0.250	0.242	0.277	0.239	0.249	0.247	0.268	0.269	0.275	0.329	0.285	0.236	0.276	0.248	0.249	0.250	0.237	0.250	0.305	0.292	0.258	0.245	0.260	0.233	0.239	0.238	0.253	0.242	0.233	0.238	0.226	0.235	0.233	0.231	0.245	0.238	0.233	0.270
7:00:38	34.8	0.241	0.236	0.244	0.237	0.240	0.245	0.246	0.251	0.253	0.240	0.234	0.251	0.242	0.240	0.253	0.239	0.243	0.237	0.241	0.235	0.243	0.233	0.245	0.240	0.246	0.244	0.258	0.245	0.248	0.232	0.235	0.238	0.237	0.239	0.235	0.242	0.247	0.249	0.251	0.256	0.264	0.241	0.235	0.238	0.240	0.234	0.242	0.246	0.241	0.254	0.245	0.256	0.259	0.266	0.253	0.254	0.325	0.234	0.248	0.243	0.266	0.239	0.248	0.247	0.261	0.264	0.267	0.313	0.275	0.235	0.263	0.247	0.247	0.249	0.237	0.247	0.287	0.275	0.255	0.242	0.253	0.233	0.238	0.239	0.253	0.240	0.233	0.237	0.226	0.236	0.234	0.233	0.245	0.236	0.234	0.271
8:00:39	34.8	0.244	0.237	0.243	0.237	0.240	0.242	0.244	0.247	0.252	0.241	0.235	0.253	0.244	0.240	0.249	0.238	0.241	0.238	0.241	0.235	0.241	0.233	0.245	0.241	0.247	0.245	0.249	0.243	0.244	0.231	0.237	0.239	0.237	0.237	0.236	0.245	0.244	0.246	0.247	0.254	0.256	0.240	0.235	0.237	0.239	0.235	0.241	0.245	0.241	0.251	0.244	0.254	0.251	0.256	0.250	0.251	0.299	0.234	0.243	0.245	0.259	0.239	0.246	0.243	0.255	0.254	0.251	0.291	0.262	0.233	0.252	0.246	0.244	0.249	0.237	0.242	0.269	0.264	0.251	0.238	0.245	0.233	0.239	0.240	0.253	0.241	0.234	0.237	0.229	0.238	0.236	0.235	0.246	0.236	0.236	0.272
9:00:38	34.8	0.244	0.239	0.242	0.239	0.240	0.240	0.242	0.247	0.248	0.242	0.233	0.255	0.244	0.241	0.246	0.239	0.239	0.239	0.239	0.234	0.241	0.234	0.245	0.242	0.248	0.245	0.245	0.241	0.240	0.233	0.237	0.240	0.237	0.237	0.237	0.246	0.246	0.244	0.245	0.249	0.251	0.237	0.234	0.236	0.237	0.235	0.240	0.247	0.242	0.245	0.243	0.253	0.246	0.249	0.243	0.247	0.279	0.235	0.241	0.246	0.253	0.240	0.245	0.240	0.246	0.244	0.241	0.274	0.251	0.233	0.245	0.248	0.241	0.247	0.237	0.238	0.259	0.258	0.247	0.237	0.243	0.234	0.240	0.241	0.255	0.242	0.236	0.238	0.230	0.240	0.236	0.237	0.246	0.237	0.238	0.272
10:00:40	34.8	0.246	0.241	0.243	0.238	0.240	0.239	0.241	0.245	0.248	0.243	0.234	0.256	0.245	0.242	0.245	0.239	0.238	0.240	0.241	0.235	0.239	0.235	0.246	0.244	0.250	0.245	0.241	0.239	0.239	0.232	0.239	0.241	0.238	0.237	0.237	0.247	0.248	0.244	0.242	0.245	0.249	0.235	0.234	0.236	0.237	0.234	0.239	0.247	0.243	0.241	0.243	0.251	0.244	0.247	0.239	0.245	0.266	0.234	0.240	0.246	0.250	0.241	0.243	0.237	0.240	0.240	0.234	0.264	0.244	0.233	0.240	0.248	0.239	0.246	0.237	0.238	0.253	0.256	0.244	0.235	0.240	0.234	0.238	0.242	0.255	0.244	0.238	0.238	0.231	0.241	0.237	0.239	0.247	0.238	0.240	0.273
11:00:40	34.8	0.247	0.243	0.244	0.239	0.240	0.238	0.244	0.243	0.246	0.244	0.236	0.257	0.245	0.243	0.246	0.239	0.239	0.241	0.241	0.234	0.239	0.236	0.247	0.245	0.250	0.246	0.239	0.237	0.238	0.232	0.238	0.241	0.238	0.238	0.237	0.248	0.247	0.243	0.240	0.244	0.246	0.235	0.234	0.236	0.238	0.235	0.238	0.248	0.246	0.239	0.243	0.250	0.242	0.244	0.239	0.243	0.258	0.236	0.239	0.248	0.250	0.241	0.242	0.237	0.237	0.237	0.231	0.258	0.240	0.234	0.237	0.249	0.239	0.246	0.238	0.239	0.247	0.257	0.242	0.237	0.239	0.234	0.236	0.243	0.257	0.245	0.239	0.239	0.233	0.241	0.238	0.239	0.248	0.240	0.240	0.273
12:00:41	34.8	0.248	0.244	0.245	0.240	0.241	0.238	0.244	0.243	0.248	0.245	0.239	0.257	0.246	0.245	0.247	0.241	0.238	0.242	0.242	0.235	0.240	0.236	0.248	0.246	0.251	0.247	0.238	0.236	0.238	0.233	0.239	0.242	0.239	0.237	0.238	0.249	0.248	0.243	0.239	0.243	0.244	0.236	0.234	0.236	0.237	0.236	0.237	0.249	0.247	0.237	0.246	0.249	0.240	0.241	0.238	0.241	0.252	0.236	0.240	0.248	0.252	0.243	0.241	0.236	0.236	0.236	0.231	0.255	0.240	0.234	0.236	0.250	0.241	0.246	0.240	0.239	0.245	0.257	0.242	0.236	0.238	0.235	0.236	0.243	0.257	0.245	0.240	0.240	0.235	0.243	0.240	0.240	0.249	0.241	0.241	0.274
13:00:41	34.8	0.249	0.245	0.247	0.242	0.243	0.240	0.245	0.243	0.250	0.246	0.241	0.258	0.248	0.245	0.247	0.242	0.239	0.244	0.242	0.235	0.240	0.239	0.250	0.247	0.251	0.248	0.238	0.235	0.240	0.233	0.240	0.241	0.239	0.239	0.239	0.250	0.250	0.244	0.240	0.242	0.244	0.237	0.234	0.237	0.237	0.237	0.238	0.250	0.248	0.239	0.244	0.250	0.241	0.243	0.238	0.241	0.250	0.237	0.241	0.249	0.253	0.244	0.241	0.236	0.236	0.236	0.231	0.253	0.238	0.235	0.237	0.252	0.242	0.243	0.241	0.241	0.243	0.253	0.242	0.237	0.240	0.237	0.237	0.244	0.258	0.246	0.241	0.241	0.235	0.243	0.239	0.240	0.250	0.242	0.242	0.274
14:00:42	34.8	0.249	0.246	0.248	0.243	0.245	0.241	0.247	0.244	0.247	0.247	0.242	0.257	0.248	0.246	0.247	0.242	0.240	0.244	0.244	0.235	0.241	0.239	0.251	0.248	0.252	0.249	0.237	0.236	0.239	0.234	0.241	0.242	0.240	0.240	0.240	0.251	0.250	0.245	0.241	0.242	0.244	0.239	0.236	0.238	0.239	0.237	0.239	0.250	0.248	0.241	0.244	0.249	0.241	0.244	0.237	0.241	0.252	0.238	0.242	0.250	0.253	0.245	0.241	0.238	0.235	0.237	0.231	0.253	0.238	0.236	0.238	0.253	0.244	0.243	0.242	0.240	0.242	0.250	0.242	0.239	0.240	0.237	0.237	0.244	0.258	0.247	0.242	0.243	0.235	0.244	0.240	0.241	0.251	0.243	0.242	0.275
15:00:42	34.7	0.250	0.246	0.248	0.244	0.245	0.243	0.249	0.246	0.247	0.247	0.243	0.258	0.249	0.248	0.247	0.243	0.241	0.244	0.246	0.236	0.241	0.240	0.252	0.249	0.252	0.250	0.238	0.238	0.240	0.234	0.241	0.243	0.239	0.241	0.241	0.251	0.251	0.245	0.240	0.241	0.243	0.240	0.235	0.238	0.237	0.238	0.239	0.251	0.249	0.241	0.244	0.250	0.243	0.242	0.238	0.240	0.249	0.239	0.241	0.249	0.253	0.246	0.242	0.238	0.237	0.236	0.235	0.253	0.239	0.236	0.238	0.253	0.245	0.243	0.244	0.241	0.242	0.248	0.239	0.240	0.238	0.239	0.240	0.245	0.258	0.247	0.243	0.243	0.237	0.241	0.241	0.241	0.250	0.244	0.242	0.275
16:00:44	34.7	0.250	0.247	0.248	0.245	0.247	0.245	0.249	0.248	0.248	0.250	0.244	0.258	0.250	0.248	0.248	0.244	0.242	0.245	0.247	0.237	0.243	0.240	0.252	0.249	0.252	0.251	0.238	0.239	0.241	0.236	0.241	0.244	0.239	0.242	0.242	0.252	0.252	0.245	0.240	0.242	0.243	0.241	0.236	0.239	0.239	0.239	0.240	0.251	0.251	0.243	0.244	0.249	0.243	0.243	0.239	0.239	0.250	0.240	0.243	0.250	0.254	0.247	0.244	0.239	0.238	0.239	0.236	0.254	0.240	0.238	0.237	0.254	0.246	0.243	0.245	0.243	0.241	0.247	0.240	0.242	0.239	0.239	0.242	0.245	0.261	0.248	0.244	0.243	0.237	0.242	0.241	0.242	0.251	0.245	0.243	0.275
17:00:44	34.8	0.251	0.247	0.248	0.246	0.247	0.244	0.250	0.249	0.247	0.249	0.244	0.258	0.251	0.249	0.248	0.245	0.244	0.246	0.248	0.239	0.243	0.241	0.252	0.249	0.253	0.251	0.238	0.240	0.242	0.238	0.243	0.245	0.240	0.243	0.242	0.252	0.252	0.245	0.240	0.243	0.243	0.240	0.236	0.240	0.240	0.240	0.241	0.252	0.251	0.242	0.246	0.249	0.245	0.242	0.240	0.240	0.249	0.241	0.244	0.251	0.255	0.247	0.244	0.241	0.242	0.239	0.237	0.253	0.240	0.239	0.237	0.255	0.247	0.243	0.246	0.243	0.241	0.246	0.240	0.243	0.239	0.240	0.244	0.245	0.260	0.248	0.244	0.244	0.238	0.242	0.241	0.242	0.251	0.246	0.243	0.276
18:00:45	34.7	0.252	0.248	0.248	0.246	0.247	0.245	0.251	0.250	0.248	0.249	0.244	0.259	0.251	0.249	0.248	0.246	0.245	0.247	0.248	0.241	0.244	0.241	0.253	0.249	0.253	0.252	0.239	0.242	0.243	0.239	0.243	0.246	0.241	0.244	0.243	0.252	0.252	0.247	0.241	0.243	0.243	0.242	0.238	0.240	0.241	0.241	0.242	0.252	0.251	0.244	0.247	0.251	0.246	0.241	0.241	0.240	0.248	0.241	0.246	0.251	0.256	0.248	0.245	0.241	0.240	0.241	0.239	0.254	0.240	0.240	0.238	0.255	0.248	0.243	0.246	0.244	0.240	0.246	0.240	0.243	0.240	0.240	0.244	0.245	0.259	0.249	0.244	0.244	0.238	0.242	0.241	0.242	0.252	0.246	0.244	0.275
19:00:46	34.8	0.252	0.248	0.248	0.246	0.247	0.245	0.250	0.251	0.248	0.249	0.245	0.259	0.251	0.249	0.249	0.247	0.245	0.246	0.249	0.242	0.245	0.242	0.253	0.250	0.254	0.253	0.240	0.242	0.244	0.240	0.243	0.246	0.242	0.244	0.244	0.252	0.253	0.247	0.240	0.243	0.242	0.243	0.239	0.242	0.242	0.241	0.243	0.252	0.251	0.246	0.247	0.250	0.247	0.241	0.242	0.240	0.245	0.241	0.246	0.251	0.256	0.247	0.246	0.243	0.242	0.242	0.240	0.253	0.239	0.241	0.240	0.255	0.249	0.243	0.246	0.245	0.241	0.246	0.241	0.244	0.241	0.241	0.246	0.246	0.261	0.249	0.245	0.245	0.239	0.243	0.242	0.242	0.253	0.245	0.244	0.275
20:00:46	34.8	0.252	0.248	0.248	0.246	0.247	0.246	0.250	0.251	0.249	0.249	0.245	0.259	0.251	0.251	0.250	0.247	0.246	0.247	0.249	0.242	0.246	0.243	0.253	0.250	0.254	0.253	0.241	0.243	0.244	0.241	0.244	0.246	0.242	0.245	0.244	0.253	0.253	0.247	0.242	0.244	0.242	0.243	0.240	0.242	0.243	0.241	0.243	0.252	0.252	0.246	0.247	0.252	0.247	0.240	0.244	0.241	0.245	0.242	0.247	0.251	0.256	0.248	0.246	0.243	0.242	0.244	0.241	0.254	0.240	0.242	0.242	0.255	0.249	0.245	0.246	0.245	0.241	0.247	0.242	0.246	0.242	0.241	0.245	0.246	0.261	0.249	0.245	0.245	0.238	0.242	0.242	0.243	0.252	0.245	0.244	0.275
21:00:47	34.7	0.252	0.248	0.249	0.246	0.247	0.245	0.250	0.251	0.249	0.249	0.245	0.259	0.252	0.250	0.250	0.247	0.246	0.248	0.250	0.243	0.247	0.242	0.254	0.250	0.254	0.253	0.242	0.243	0.245	0.241	0.245	0.247	0.243	0.245	0.245	0.253	0.253	0.249	0.243	0.245	0.243	0.243	0.240	0.242	0.244	0.242	0.244	0.253	0.252	0.247	0.247	0.251	0.248	0.242	0.244	0.244	0.246	0.243	0.247	0.251	0.257	0.248	0.246	0.244	0.243	0.246	0.242	0.254	0.241	0.242	0.244	0.256	0.249	0.244	0.246	0.246	0.243	0.248	0.243	0.245	0.243	0.241	0.246	0.246	0.260	0.249	0.245	0.245	0.239	0.243	0.242	0.243	0.253	0.246	0.244	0.275
22:00:47	34.8	0.252	0.248	0.249	0.246	0.248	0.245	0.250	0.251	0.249	0.249	0.246	0.259	0.252	0.251	0.250	0.247	0.246	0.248	0.250	0.243	0.247	0.243	0.254	0.250	0.254	0.253	0.243	0.244	0.245	0.242	0.245	0.247	0.243	0.244	0.245	0.253	0.253	0.249	0.243	0.245	0.244	0.244	0.241	0.243	0.244	0.243	0.243	0.252	0.252	0.247	0.247	0.251	0.249	0.242	0.244	0.244	0.247	0.244	0.247	0.251	0.257	0.248	0.246	0.244	0.244	0.246	0.243	0.254	0.241	0.242	0.245	0.255	0.249	0.245	0.246	0.246	0.243	0.248	0.243	0.245	0.244	0.242	0.246	0.245	0.261	0.249	0.246	0.245	0.239	0.243	0.243	0.242	0.253	0.247	0.243	0.275
23:00:48	34.9	0.253	0.248	0.249	0.247	0.248	0.245	0.251	0.252	0.249	0.250	0.246	0.259	0.251	0.250	0.250	0.248	0.247	0.248	0.250	0.243	0.248	0.243	0.255	0.250	0.254	0.253	0.242	0.245	0.246	0.242	0.246	0.248	0.245	0.246	0.245	0.252	0.254	0.249	0.243	0.246	0.244	0.244	0.241	0.243	0.244	0.243	0.244	0.252	0.252	0.248	0.247	0.252	0.249	0.242	0.245	0.244	0.247	0.243	0.247	0.251	0.257	0.248	0.246	0.246	0.244	0.246	0.244	0.255	0.243	0.242	0.246	0.256	0.250	0.246	0.246	0.246	0.243	0.249	0.244	0.245	0.244	0.242	0.246	0.246	0.261	0.249	0.246	0.245	0.238	0.242	0.242	0.243	0.253	0.246	0.243	0.275
0:00:00																																																																																																	

Results
	1	2	3	4	5	6	7	8	9	10	11	12
A	0.288	0.282	0.307	0.279	0.297	0.389	0.327	0.379	0.366	0.297	0.280	0.289	Max V [600]
	0.971	0.974	0.978	0.970	0.972	0.979	0.964	0.973	0.976	0.976	0.963	0.974	R-Squared [600]
	3:00:36	2:00:36	3:00:36	3:00:36	2:00:36	3:00:36	3:00:36	3:00:36	3:00:36	2:00:36	2:00:36	2:00:36	t at Max V [600]
	0:39:23	0:18:34	0:40:56	0:34:09	0:19:37	0:55:32	0:51:46	0:42:19	0:37:31	0:17:35	0:21:45	0:18:26	Lagtime [600]
B	0.282	0.269	0.372	0.284	0.299	0.276	0.278	0.278	0.313	0.270	0.297	0.273	Max V [600]
	0.961	0.967	0.984	0.975	0.985	0.977	0.984	0.975	0.971	0.960	0.981	0.960	R-Squared [600]
	2:00:36	3:00:36	3:00:36	3:00:36	3:00:36	3:00:36	3:00:36	3:00:36	3:00:36	3:00:36	3:00:36	3:00:36	t at Max V [600]
	0:22:37	0:32:30	0:54:27	0:40:41	0:44:10	0:39:27	0:40:16	0:40:44	0:38:18	0:43:04	0:42:20	0:35:02	Lagtime [600]
C	0.276	0.251	0.357	0.293	0.307	0.265	0.259	0.259	0.275	0.275	0.273	0.264	Max V [600]
	0.962	0.979	0.976	0.990	0.987	0.983	0.987	0.983	0.978	0.981	0.968	0.957	R-Squared [600]
	3:00:36	3:00:36	3:00:36	3:00:36	3:00:36	3:00:36	3:00:36	3:00:36	3:00:36	3:00:36	3:00:36	3:00:36	t at Max V [600]
	0:37:37	1:04:57	0:50:46	0:45:53	0:51:34	0:45:30	0:54:46	0:54:20	0:56:47	0:50:19	0:46:48	0:36:37	Lagtime [600]
D	0.297	0.302	0.340	0.324	0.353	0.275	0.265	0.270	0.264	0.261	0.306	0.299	Max V [600]
	0.951	0.987	0.980	0.983	0.971	0.979	0.988	0.986	0.987	0.979	0.979	0.974	R-Squared [600]
	3:00:36	3:00:36	3:00:36	3:00:36	3:00:36	3:00:36	3:00:36	3:00:36	3:00:36	3:00:36	3:00:36	3:00:36	t at Max V [600]
	0:49:07	0:43:02	0:52:31	0:56:52	1:08:09	0:55:03	0:58:32	1:01:36	0:52:55	0:48:27	0:51:56	0:52:29	Lagtime [600]
E	0.255	0.328	0.281	0.306	0.319	0.371	0.260	0.260	0.627	0.267	0.314	0.253	Max V [600]
	0.968	0.988	0.981	0.975	0.979	0.953	0.966	0.977	0.950	0.976	0.971	0.973	R-Squared [600]
	3:00:36	3:00:36	3:00:36	3:00:36	3:00:36	3:00:36	3:00:36	4:00:36	3:00:36	3:00:36	3:00:36	3:00:36	t at Max V [600]
	0:41:51	0:41:33	0:58:56	0:58:09	1:01:12	1:09:08	0:59:30	1:10:24	1:11:27	0:56:27	0:54:13	1:00:58	Lagtime [600]
F	0.413	0.279	0.319	0.287	0.355	0.379	0.458	0.586	0.454	0.278	0.422	0.267	Max V [600]
	0.991	0.984	0.983	0.989	0.982	0.989	0.977	0.946	0.965	0.989	0.983	0.968	R-Squared [600]
	3:00:36	3:00:36	3:00:36	3:00:36	3:00:36	3:00:36	3:00:36	3:00:36	3:00:36	3:00:36	3:00:36	3:00:36	t at Max V [600]
	0:45:59	0:42:57	0:52:33	0:43:30	0:46:55	0:54:43	0:58:49	1:07:18	1:04:08	0:46:19	0:49:10	0:44:18	Lagtime [600]
G	0.310	0.273	0.268	0.297	0.463	0.435	0.333	0.271	0.315	0.255	0.264	0.280	Max V [600]
	0.975	0.976	0.985	0.984	0.960	0.954	0.959	0.966	0.978	0.970	0.954	0.965	R-Squared [600]
	3:00:36	3:00:36	3:00:36	3:00:36	4:00:36	4:00:36	3:00:36	3:00:36	3:00:36	3:00:36	3:00:36	3:00:36	t at Max V [600]
	0:35:37	0:50:37	0:41:27	0:43:43	1:18:00	1:30:17	1:04:10	0:54:00	0:54:44	0:58:22	0:50:31	0:45:33	Lagtime [600]
H	0.274	0.288	0.260	0.282	0.252	0.241	0.263	0.254	0.246	0.257	0.249	0.242	Max V [600]
	0.936	0.968	0.951	0.963	0.968	0.979	0.978	0.973	0.967	0.969	0.975	0.952	R-Squared [600]
	3:00:36	3:00:36	3:00:36	3:00:36	3:00:36	3:00:36	3:00:36	3:00:36	3:00:36	3:00:36	3:00:36	3:00:36	t at Max V [600]
	0:56:51	0:43:39	0:45:47	0:46:19	0:44:36	0:50:27	0:46:35	0:46:13	0:44:33	0:49:30	0:43:12	0:49:29	Lagtime [600]

