

Software Version	3.10.06



Experiment File Path:	C:\Users\patil-group\Desktop\Sweeteners_stacker\251021_NT5019_22_23_Rep1\NT5019_22_23_Rep1.xpt
Protocol File Path:	C:\Users\Public\Documents\Protocols\Screening-protocol.prt



Plate Number	Plate 13
Date	25/10/2021
Time	11:39:01
Reader Type:	Epoch 2
Reader Serial Number:	2103223
Reading Type	Reader

Procedure Details

Plate Type	96 WELL PLATE
Discontinuous Kinetics	Runtime 1:00:00 (D:HH:MM), Interval 0:01:00, 25 Reads
	Pause after each run
Eject plate on completion	
Shake	Linear: 0:00:30 (HH:MM:SS)
	Frequency: 567 cpm (3 mm)
Read	Absorbance Endpoint
	Full Plate
	Wavelengths:  600
	Read Speed: Normal,  Delay: 100 msec,  Measurements/Data Point: 8

600

Time	T° 600	A1	A2	A3	A4	A5	A6	A7	A8	A9	A10	A11	A12	B1	B2	B3	B4	B5	B6	B7	B8	B9	B10	B11	B12	C1	C2	C3	C4	C5	C6	C7	C8	C9	C10	C11	C12	D1	D2	D3	D4	D5	D6	D7	D8	D9	D10	D11	D12	E1	E2	E3	E4	E5	E6	E7	E8	E9	E10	E11	E12	F1	F2	F3	F4	F5	F6	F7	F8	F9	F10	F11	F12	G1	G2	G3	G4	G5	G6	G7	G8	G9	G10	G11	G12	H1	H2	H3	H4	H5	H6	H7	H8	H9	H10	H11	H12
0:00:34	34.7	0.190	0.165	0.167	0.167	0.164	0.164	0.170	0.165	0.163	0.165	0.170	0.173	0.169	0.167	0.169	0.171	0.163	0.169	0.180	0.165	0.163	0.163	0.165	0.167	0.173	0.169	0.166	0.170	0.185	0.171	0.171	0.169	0.167	0.168	0.168	0.177	0.166	0.165	0.165	0.178	0.169	0.188	0.168	0.169	0.161	0.164	0.167	0.184	0.165	0.164	0.164	0.168	0.172	0.165	0.162	0.167	0.172	0.168	0.163	0.170	0.173	0.173	0.174	0.164	0.160	0.164	0.178	0.166	0.167	0.165	0.169	0.171	0.179	0.170	0.167	0.177	0.158	0.169	0.163	0.165	0.162	0.175	0.165	0.175	0.176	0.173	0.163	0.164	0.165	0.164	0.163	0.164	0.162	0.165	0.170	0.176
1:00:34	34.9	0.195	0.172	0.173	0.173	0.170	0.170	0.175	0.170	0.169	0.171	0.175	0.178	0.175	0.173	0.174	0.176	0.169	0.174	0.185	0.170	0.168	0.168	0.170	0.173	0.178	0.175	0.172	0.173	0.192	0.175	0.179	0.175	0.178	0.175	0.176	0.182	0.172	0.172	0.171	0.185	0.177	0.194	0.173	0.173	0.165	0.169	0.175	0.189	0.171	0.169	0.170	0.177	0.176	0.171	0.167	0.175	0.180	0.177	0.169	0.175	0.180	0.180	0.183	0.170	0.166	0.168	0.183	0.169	0.171	0.169	0.174	0.176	0.173	0.179	0.177	0.165	0.164	0.174	0.168	0.172	0.169	0.183	0.172	0.180	0.182	0.179	0.170	0.171	0.169	0.170	0.169	0.169	0.168	0.171	0.175	0.182
2:00:35	34.9	0.205	0.182	0.183	0.183	0.180	0.179	0.184	0.179	0.177	0.181	0.184	0.188	0.186	0.183	0.184	0.186	0.178	0.183	0.193	0.178	0.177	0.178	0.181	0.185	0.186	0.185	0.186	0.179	0.202	0.182	0.189	0.187	0.189	0.185	0.191	0.192	0.181	0.183	0.179	0.195	0.190	0.203	0.181	0.181	0.173	0.178	0.181	0.197	0.180	0.178	0.181	0.187	0.183	0.180	0.174	0.183	0.189	0.185	0.177	0.187	0.190	0.190	0.193	0.179	0.175	0.175	0.190	0.178	0.179	0.177	0.183	0.185	0.185	0.196	0.192	0.175	0.175	0.186	0.176	0.182	0.179	0.191	0.180	0.187	0.193	0.190	0.180	0.180	0.178	0.178	0.177	0.178	0.178	0.181	0.187	0.192
3:00:35	34.9	0.224	0.199	0.208	0.201	0.201	0.194	0.201	0.196	0.194	0.198	0.202	0.208	0.206	0.203	0.202	0.204	0.194	0.199	0.207	0.193	0.194	0.195	0.199	0.204	0.204	0.205	0.211	0.194	0.216	0.197	0.205	0.207	0.201	0.204	0.209	0.207	0.199	0.201	0.192	0.211	0.208	0.215	0.194	0.196	0.187	0.194	0.197	0.214	0.198	0.197	0.202	0.203	0.196	0.195	0.188	0.192	0.203	0.199	0.195	0.205	0.208	0.207	0.210	0.194	0.188	0.190	0.201	0.193	0.195	0.193	0.201	0.202	0.209	0.215	0.215	0.194	0.189	0.201	0.191	0.197	0.195	0.205	0.198	0.204	0.215	0.206	0.199	0.198	0.196	0.195	0.193	0.194	0.195	0.201	0.207	0.210
4:00:36	34.8	0.248	0.224	0.234	0.225	0.230	0.216	0.224	0.214	0.214	0.219	0.223	0.233	0.229	0.223	0.224	0.226	0.216	0.220	0.226	0.216	0.215	0.216	0.223	0.229	0.229	0.228	0.249	0.213	0.233	0.215	0.226	0.226	0.227	0.227	0.238	0.225	0.222	0.223	0.214	0.238	0.244	0.235	0.211	0.216	0.205	0.216	0.217	0.235	0.220	0.217	0.231	0.225	0.215	0.214	0.204	0.203	0.221	0.221	0.218	0.231	0.234	0.232	0.238	0.214	0.209	0.208	0.221	0.224	0.215	0.214	0.223	0.226	0.237	0.246	0.245	0.219	0.212	0.222	0.211	0.224	0.216	0.225	0.220	0.228	0.242	0.227	0.220	0.219	0.219	0.214	0.214	0.224	0.217	0.220	0.231	0.234
5:00:37	34.9	0.255	0.235	0.259	0.236	0.246	0.231	0.236	0.225	0.224	0.226	0.232	0.238	0.236	0.235	0.236	0.242	0.234	0.234	0.240	0.232	0.229	0.230	0.234	0.236	0.243	0.248	0.303	0.230	0.261	0.231	0.248	0.243	0.248	0.252	0.272	0.239	0.236	0.240	0.232	0.272	0.289	0.258	0.227	0.235	0.223	0.235	0.230	0.247	0.233	0.234	0.272	0.256	0.230	0.234	0.219	0.219	0.246	0.237	0.236	0.240	0.245	0.256	0.266	0.233	0.230	0.225	0.249	0.269	0.232	0.231	0.240	0.236	0.246	0.278	0.304	0.252	0.238	0.243	0.229	0.257	0.238	0.246	0.230	0.242	0.245	0.236	0.232	0.233	0.236	0.234	0.228	0.247	0.228	0.231	0.241	0.241
6:00:37	34.8	0.257	0.234	0.247	0.234	0.243	0.231	0.237	0.227	0.226	0.228	0.234	0.240	0.237	0.236	0.236	0.240	0.235	0.234	0.241	0.233	0.229	0.228	0.237	0.239	0.241	0.251	0.320	0.234	0.277	0.236	0.258	0.248	0.260	0.258	0.279	0.243	0.236	0.240	0.241	0.295	0.317	0.276	0.237	0.244	0.228	0.238	0.231	0.246	0.235	0.233	0.291	0.271	0.235	0.244	0.229	0.238	0.257	0.240	0.237	0.238	0.242	0.263	0.276	0.243	0.239	0.231	0.265	0.284	0.236	0.234	0.241	0.235	0.246	0.284	0.323	0.266	0.248	0.248	0.231	0.270	0.246	0.249	0.229	0.239	0.245	0.237	0.233	0.234	0.235	0.232	0.229	0.245	0.228	0.233	0.239	0.242
7:00:37	34.9	0.258	0.233	0.241	0.234	0.237	0.231	0.238	0.228	0.228	0.230	0.236	0.242	0.238	0.234	0.236	0.240	0.234	0.235	0.243	0.232	0.229	0.228	0.241	0.241	0.243	0.247	0.314	0.233	0.275	0.235	0.258	0.246	0.258	0.256	0.269	0.242	0.236	0.242	0.241	0.294	0.313	0.277	0.238	0.243	0.227	0.236	0.231	0.245	0.235	0.232	0.287	0.271	0.235	0.245	0.228	0.248	0.255	0.240	0.236	0.235	0.243	0.257	0.278	0.243	0.238	0.231	0.261	0.279	0.235	0.233	0.241	0.237	0.244	0.280	0.307	0.259	0.246	0.248	0.232	0.263	0.248	0.248	0.231	0.238	0.245	0.235	0.235	0.234	0.234	0.233	0.230	0.239	0.228	0.233	0.237	0.243
8:00:38	34.8	0.260	0.234	0.240	0.235	0.233	0.236	0.241	0.232	0.231	0.232	0.239	0.244	0.239	0.234	0.237	0.239	0.233	0.235	0.243	0.231	0.230	0.229	0.243	0.242	0.243	0.246	0.295	0.233	0.266	0.236	0.252	0.243	0.253	0.251	0.259	0.243	0.237	0.237	0.239	0.279	0.295	0.270	0.236	0.243	0.226	0.235	0.233	0.246	0.237	0.232	0.273	0.264	0.234	0.243	0.227	0.248	0.252	0.239	0.235	0.238	0.242	0.250	0.267	0.240	0.235	0.230	0.258	0.265	0.235	0.232	0.239	0.238	0.242	0.271	0.281	0.251	0.241	0.243	0.232	0.253	0.242	0.245	0.231	0.239	0.246	0.236	0.235	0.235	0.233	0.233	0.233	0.236	0.229	0.234	0.238	0.245
9:00:38	34.8	0.261	0.235	0.238	0.234	0.231	0.237	0.240	0.234	0.233	0.234	0.241	0.244	0.240	0.235	0.237	0.239	0.231	0.236	0.244	0.231	0.230	0.230	0.244	0.243	0.244	0.243	0.276	0.232	0.257	0.237	0.247	0.241	0.246	0.246	0.251	0.244	0.238	0.235	0.238	0.268	0.276	0.262	0.234	0.240	0.226	0.234	0.234	0.247	0.239	0.232	0.262	0.257	0.235	0.241	0.226	0.245	0.246	0.237	0.235	0.240	0.243	0.248	0.256	0.238	0.232	0.231	0.251	0.251	0.235	0.232	0.239	0.241	0.241	0.267	0.264	0.244	0.238	0.241	0.232	0.244	0.238	0.243	0.231	0.241	0.247	0.238	0.237	0.237	0.233	0.238	0.234	0.236	0.232	0.233	0.239	0.247
10:00:39	34.8	0.262	0.236	0.239	0.235	0.232	0.237	0.242	0.235	0.235	0.235	0.242	0.246	0.241	0.234	0.237	0.238	0.232	0.236	0.245	0.230	0.231	0.230	0.244	0.244	0.245	0.241	0.260	0.232	0.252	0.237	0.243	0.239	0.239	0.245	0.245	0.245	0.239	0.234	0.237	0.262	0.266	0.258	0.233	0.238	0.226	0.233	0.234	0.248	0.239	0.233	0.252	0.252	0.235	0.240	0.227	0.242	0.242	0.237	0.234	0.240	0.244	0.247	0.248	0.237	0.231	0.231	0.247	0.243	0.234	0.232	0.238	0.243	0.243	0.266	0.255	0.240	0.237	0.240	0.232	0.240	0.237	0.241	0.230	0.244	0.248	0.239	0.238	0.238	0.233	0.235	0.235	0.235	0.233	0.235	0.240	0.248
11:00:40	34.8	0.263	0.238	0.238	0.236	0.234	0.239	0.243	0.237	0.236	0.236	0.243	0.246	0.241	0.234	0.238	0.238	0.231	0.236	0.247	0.231	0.231	0.231	0.244	0.245	0.245	0.241	0.250	0.233	0.250	0.238	0.239	0.239	0.235	0.242	0.243	0.246	0.240	0.234	0.237	0.258	0.261	0.252	0.232	0.237	0.227	0.233	0.235	0.250	0.239	0.233	0.246	0.247	0.236	0.239	0.227	0.240	0.239	0.237	0.234	0.242	0.247	0.245	0.243	0.237	0.230	0.232	0.244	0.241	0.235	0.232	0.237	0.244	0.241	0.261	0.248	0.238	0.235	0.240	0.232	0.239	0.235	0.241	0.232	0.246	0.250	0.239	0.238	0.240	0.235	0.236	0.236	0.236	0.235	0.237	0.241	0.249
12:00:41	34.8	0.264	0.239	0.240	0.237	0.236	0.240	0.243	0.237	0.238	0.237	0.244	0.247	0.242	0.236	0.238	0.239	0.231	0.237	0.249	0.232	0.232	0.231	0.244	0.246	0.247	0.240	0.245	0.233	0.250	0.238	0.237	0.239	0.237	0.241	0.240	0.246	0.241	0.234	0.236	0.256	0.256	0.251	0.234	0.237	0.227	0.234	0.235	0.250	0.240	0.233	0.244	0.244	0.237	0.239	0.227	0.236	0.238	0.239	0.235	0.243	0.247	0.244	0.243	0.236	0.230	0.233	0.243	0.238	0.235	0.233	0.238	0.244	0.240	0.261	0.244	0.237	0.234	0.242	0.233	0.240	0.235	0.241	0.233	0.247	0.251	0.240	0.239	0.240	0.236	0.238	0.237	0.236	0.236	0.238	0.244	0.250
13:00:41	34.8	0.265	0.239	0.241	0.238	0.238	0.240	0.244	0.238	0.238	0.238	0.244	0.247	0.244	0.236	0.240	0.240	0.232	0.236	0.251	0.233	0.233	0.232	0.246	0.247	0.247	0.241	0.242	0.234	0.250	0.238	0.238	0.239	0.241	0.241	0.238	0.248	0.241	0.235	0.237	0.253	0.254	0.250	0.234	0.237	0.227	0.235	0.236	0.251	0.240	0.234	0.242	0.244	0.238	0.238	0.228	0.233	0.238	0.237	0.235	0.244	0.250	0.242	0.240	0.234	0.231	0.234	0.243	0.238	0.235	0.233	0.239	0.246	0.242	0.257	0.245	0.235	0.232	0.242	0.233	0.237	0.234	0.241	0.236	0.248	0.252	0.241	0.240	0.241	0.237	0.238	0.238	0.237	0.238	0.240	0.243	0.250
14:00:42	34.8	0.265	0.241	0.242	0.241	0.240	0.242	0.244	0.238	0.239	0.239	0.244	0.247	0.243	0.237	0.240	0.241	0.233	0.237	0.252	0.234	0.234	0.234	0.248	0.246	0.248	0.242	0.240	0.234	0.248	0.239	0.238	0.241	0.240	0.241	0.239	0.248	0.242	0.235	0.236	0.249	0.255	0.251	0.234	0.239	0.228	0.234	0.238	0.251	0.240	0.236	0.238	0.243	0.238	0.237	0.230	0.232	0.238	0.238	0.234	0.244	0.250	0.242	0.241	0.234	0.233	0.235	0.244	0.238	0.237	0.234	0.239	0.246	0.242	0.254	0.242	0.235	0.232	0.242	0.234	0.238	0.235	0.241	0.239	0.248	0.253	0.242	0.241	0.240	0.238	0.245	0.239	0.239	0.240	0.242	0.246	0.251
15:00:42	34.8	0.266	0.241	0.242	0.242	0.239	0.242	0.245	0.239	0.240	0.239	0.245	0.248	0.243	0.238	0.242	0.242	0.235	0.238	0.253	0.236	0.235	0.236	0.248	0.247	0.248	0.244	0.240	0.235	0.249	0.240	0.238	0.242	0.243	0.241	0.240	0.249	0.242	0.236	0.236	0.248	0.253	0.251	0.235	0.240	0.229	0.235	0.243	0.252	0.241	0.237	0.237	0.244	0.239	0.238	0.230	0.230	0.238	0.239	0.236	0.245	0.251	0.243	0.242	0.234	0.233	0.236	0.244	0.233	0.237	0.235	0.240	0.246	0.244	0.251	0.244	0.244	0.232	0.243	0.235	0.236	0.236	0.242	0.240	0.249	0.253	0.242	0.241	0.241	0.238	0.245	0.239	0.239	0.240	0.244	0.247	0.251
16:00:43	34.8	0.266	0.241	0.242	0.242	0.239	0.242	0.245	0.239	0.240	0.240	0.245	0.248	0.244	0.239	0.242	0.243	0.237	0.239	0.253	0.238	0.236	0.236	0.249	0.247	0.248	0.244	0.238	0.237	0.248	0.241	0.238	0.243	0.243	0.242	0.239	0.249	0.242	0.238	0.236	0.246	0.250	0.250	0.235	0.240	0.231	0.236	0.241	0.251	0.242	0.239	0.236	0.243	0.240	0.239	0.232	0.230	0.238	0.239	0.237	0.245	0.251	0.242	0.241	0.235	0.236	0.237	0.246	0.235	0.237	0.235	0.241	0.247	0.243	0.248	0.243	0.236	0.233	0.245	0.237	0.238	0.236	0.243	0.242	0.249	0.254	0.242	0.242	0.242	0.239	0.246	0.241	0.240	0.240	0.244	0.247	0.252
17:00:44	34.8	0.266	0.242	0.243	0.242	0.241	0.242	0.246	0.240	0.240	0.240	0.244	0.249	0.245	0.240	0.243	0.245	0.238	0.240	0.253	0.238	0.237	0.237	0.249	0.248	0.248	0.244	0.238	0.238	0.248	0.242	0.239	0.244	0.244	0.243	0.241	0.249	0.243	0.239	0.237	0.245	0.245	0.249	0.236	0.240	0.232	0.237	0.239	0.250	0.242	0.240	0.237	0.242	0.240	0.239	0.233	0.229	0.238	0.240	0.238	0.245	0.252	0.242	0.242	0.236	0.236	0.238	0.247	0.233	0.239	0.236	0.242	0.247	0.244	0.248	0.245	0.251	0.234	0.246	0.238	0.237	0.238	0.245	0.242	0.249	0.254	0.243	0.242	0.242	0.240	0.246	0.241	0.240	0.241	0.245	0.248	0.252
18:00:44	34.7	0.266	0.242	0.243	0.243	0.241	0.243	0.246	0.240	0.241	0.240	0.245	0.248	0.245	0.241	0.244	0.245	0.239	0.241	0.254	0.239	0.237	0.238	0.250	0.248	0.249	0.244	0.240	0.238	0.250	0.243	0.240	0.244	0.245	0.244	0.242	0.249	0.243	0.241	0.237	0.245	0.243	0.249	0.236	0.241	0.233	0.239	0.239	0.251	0.242	0.241	0.238	0.243	0.241	0.241	0.235	0.230	0.239	0.241	0.239	0.246	0.253	0.244	0.243	0.237	0.237	0.238	0.249	0.232	0.240	0.236	0.243	0.248	0.245	0.248	0.244	0.236	0.234	0.247	0.239	0.238	0.238	0.246	0.243	0.249	0.254	0.243	0.242	0.242	0.241	0.241	0.242	0.241	0.241	0.245	0.248	0.252
19:00:45	34.8	0.267	0.242	0.244	0.244	0.241	0.243	0.246	0.240	0.242	0.241	0.245	0.249	0.245	0.241	0.244	0.245	0.239	0.241	0.254	0.239	0.238	0.239	0.250	0.249	0.248	0.246	0.240	0.239	0.249	0.244	0.241	0.246	0.245	0.247	0.243	0.249	0.243	0.241	0.238	0.245	0.241	0.250	0.237	0.242	0.234	0.240	0.239	0.251	0.243	0.242	0.239	0.244	0.241	0.241	0.236	0.231	0.240	0.243	0.241	0.247	0.253	0.245	0.243	0.238	0.237	0.239	0.250	0.232	0.240	0.238	0.245	0.248	0.246	0.247	0.245	0.239	0.236	0.248	0.240	0.240	0.241	0.247	0.243	0.249	0.255	0.244	0.243	0.243	0.240	0.242	0.242	0.241	0.242	0.246	0.248	0.253
20:00:46	34.8	0.266	0.242	0.244	0.243	0.242	0.244	0.246	0.241	0.242	0.241	0.245	0.249	0.245	0.242	0.245	0.246	0.239	0.242	0.255	0.240	0.239	0.239	0.251	0.249	0.249	0.246	0.240	0.239	0.249	0.244	0.242	0.247	0.245	0.248	0.245	0.249	0.243	0.241	0.238	0.246	0.241	0.250	0.237	0.242	0.234	0.240	0.239	0.251	0.243	0.243	0.239	0.244	0.241	0.242	0.235	0.232	0.242	0.243	0.241	0.247	0.253	0.246	0.244	0.238	0.237	0.239	0.250	0.234	0.241	0.239	0.245	0.248	0.247	0.246	0.246	0.237	0.237	0.248	0.241	0.240	0.241	0.247	0.243	0.250	0.255	0.243	0.243	0.243	0.241	0.241	0.242	0.241	0.241	0.246	0.248	0.253
21:00:46	34.8	0.266	0.243	0.244	0.243	0.241	0.244	0.246	0.241	0.241	0.242	0.245	0.249	0.245	0.242	0.246	0.246	0.239	0.241	0.255	0.240	0.239	0.239	0.252	0.249	0.249	0.247	0.240	0.240	0.250	0.245	0.243	0.248	0.245	0.249	0.245	0.249	0.243	0.242	0.239	0.246	0.241	0.251	0.238	0.243	0.234	0.240	0.239	0.250	0.243	0.242	0.240	0.245	0.241	0.242	0.236	0.234	0.242	0.243	0.241	0.247	0.253	0.246	0.245	0.239	0.237	0.239	0.251	0.234	0.242	0.240	0.245	0.248	0.248	0.246	0.246	0.238	0.238	0.248	0.242	0.241	0.241	0.248	0.243	0.251	0.255	0.244	0.243	0.243	0.241	0.242	0.242	0.242	0.242	0.246	0.248	0.253
22:00:47	34.8	0.267	0.243	0.244	0.244	0.242	0.244	0.246	0.241	0.242	0.242	0.245	0.249	0.245	0.242	0.245	0.246	0.240	0.242	0.255	0.240	0.239	0.240	0.251	0.249	0.249	0.246	0.241	0.240	0.249	0.245	0.243	0.248	0.246	0.249	0.245	0.250	0.244	0.243	0.239	0.247	0.241	0.252	0.239	0.243	0.235	0.241	0.239	0.251	0.244	0.242	0.242	0.246	0.241	0.243	0.236	0.234	0.243	0.243	0.241	0.247	0.253	0.247	0.245	0.239	0.237	0.240	0.251	0.234	0.242	0.240	0.246	0.248	0.248	0.248	0.246	0.239	0.238	0.249	0.241	0.242	0.242	0.247	0.244	0.250	0.255	0.244	0.243	0.243	0.241	0.242	0.242	0.242	0.242	0.246	0.248	0.253
23:00:47	34.9	0.267	0.242	0.244	0.243	0.242	0.244	0.246	0.240	0.241	0.241	0.245	0.249	0.246	0.242	0.245	0.247	0.240	0.242	0.255	0.240	0.240	0.240	0.251	0.249	0.248	0.247	0.241	0.240	0.250	0.245	0.244	0.249	0.247	0.249	0.246	0.250	0.243	0.243	0.239	0.246	0.242	0.252	0.239	0.243	0.235	0.242	0.240	0.251	0.244	0.242	0.241	0.245	0.241	0.243	0.236	0.235	0.243	0.244	0.242	0.247	0.253	0.246	0.246	0.239	0.237	0.239	0.251	0.235	0.242	0.240	0.247	0.248	0.249	0.249	0.247	0.241	0.238	0.249	0.242	0.242	0.242	0.248	0.244	0.251	0.255	0.244	0.244	0.243	0.241	0.242	0.242	0.242	0.243	0.246	0.248	0.253
0:00:00																																																																																																	

Results
	1	2	3	4	5	6	7	8	9	10	11	12
A	0.273	0.279	0.374	0.281	0.339	0.268	0.268	0.242	0.247	0.245	0.254	0.276	Max V [600]
	0.973	0.979	0.982	0.980	0.981	0.984	0.982	0.990	0.983	0.981	0.985	0.966	R-Squared [600]
	3:00:36	3:00:36	3:00:36	3:00:36	3:00:36	3:00:36	3:00:36	3:00:36	3:00:36	3:00:36	3:00:36	3:00:36	t at Max V [600]
	0:50:54	0:48:02	1:00:40	0:51:18	0:58:41	0:53:38	0:53:33	0:48:10	0:48:22	0:42:43	0:49:05	0:47:23	Lagtime [600]
B	0.275	0.276	0.274	0.285	0.281	0.261	0.240	0.271	0.268	0.268	0.281	0.282	Max V [600]
	0.978	0.989	0.987	0.986	0.983	0.988	0.984	0.979	0.985	0.988	0.981	0.975	R-Squared [600]
	3:00:36	3:00:36	3:00:36	3:00:36	3:00:36	3:00:36	3:00:36	3:00:36	3:00:36	3:00:36	3:00:36	3:00:36	t at Max V [600]
	0:42:57	0:46:16	0:50:56	0:53:54	0:56:13	0:55:02	0:56:19	0:59:10	0:54:13	0:52:36	0:50:10	0:44:19	Lagtime [600]
C	0.287	0.315	0.601	0.248	0.327	0.242	0.302	0.290	0.314	0.328	0.399	0.245	Max V [600]
	0.973	0.984	0.979	0.975	0.988	0.982	0.988	0.994	0.983	0.979	0.972	0.992	R-Squared [600]
	3:00:36	3:00:36	4:00:36	3:00:36	4:00:36	3:00:36	4:00:36	3:00:36	4:00:36	3:00:36	3:00:36	3:00:36	t at Max V [600]
	0:59:23	0:54:01	1:33:40	1:06:17	1:20:19	1:02:13	1:01:02	0:47:11	0:55:34	0:55:49	0:58:25	0:49:08	Lagtime [600]
D	0.281	0.295	0.272	0.433	0.559	0.316	0.242	0.276	0.247	0.282	0.242	0.257	Max V [600]
	0.982	0.989	0.982	0.987	0.985	0.989	0.993	0.988	0.981	0.977	0.976	0.983	R-Squared [600]
	3:00:36	3:00:36	4:00:36	4:00:36	4:00:36	4:00:36	4:00:36	4:00:36	3:00:36	3:00:36	3:00:36	3:00:36	t at Max V [600]
	0:51:11	0:48:01	1:09:10	1:33:24	1:35:55	1:22:33	1:08:08	1:15:07	1:00:58	1:00:00	0:43:58	0:55:45	Lagtime [600]
E	0.274	0.281	0.485	0.366	0.232	0.279	0.234	0.243	0.296	0.259	0.292	0.289	Max V [600]
	0.983	0.989	0.985	0.987	0.977	0.991	0.993	0.992	0.985	0.976	0.982	0.981	R-Squared [600]
	3:00:36	3:00:36	4:00:36	4:00:36	3:00:36	4:00:36	4:00:36	5:00:36	4:00:36	3:00:36	3:00:36	3:00:36	t at Max V [600]
	0:52:02	0:54:06	1:33:53	1:15:30	0:59:06	1:05:50	1:06:25	1:20:53	1:06:39	0:42:36	0:57:37	0:52:11	Lagtime [600]
F	0.289	0.323	0.368	0.282	0.282	0.245	0.330	0.483	0.264	0.267	0.287	0.267	Max V [600]
	0.980	0.976	0.981	0.990	0.986	0.979	0.983	0.970	0.981	0.978	0.984	0.977	R-Squared [600]
	3:00:36	4:00:36	4:00:36	4:00:36	4:00:36	3:00:36	4:00:36	4:00:36	3:00:36	3:00:36	3:00:36	3:00:36	t at Max V [600]
	0:48:40	1:05:22	1:10:03	1:08:46	1:11:22	1:00:10	1:37:00	1:49:02	0:59:49	1:00:34	0:58:12	0:51:13	Lagtime [600]
G	0.330	0.413	0.585	0.401	0.324	0.291	0.263	0.395	0.295	0.266	0.258	0.274	Max V [600]
	0.977	0.981	0.972	0.988	0.982	0.985	0.980	0.981	0.981	0.969	0.980	0.976	R-Squared [600]
	3:00:36	3:00:36	4:00:36	4:00:36	4:00:36	3:00:36	3:00:36	4:00:36	4:00:36	3:00:36	3:00:36	3:00:36	t at Max V [600]
	1:26:39	0:52:06	1:28:40	2:09:39	1:13:17	0:54:56	0:59:16	1:26:31	0:59:35	0:51:51	0:47:33	1:00:52	Lagtime [600]
H	0.290	0.253	0.272	0.274	0.292	0.273	0.258	0.337	0.268	0.262	0.293	0.270	Max V [600]
	0.955	0.986	0.987	0.988	0.981	0.981	0.982	0.963	0.984	0.986	0.981	0.972	R-Squared [600]
	3:00:36	3:00:36	3:00:36	3:00:36	3:00:36	3:00:36	3:00:36	3:00:36	3:00:36	3:00:36	3:00:36	3:00:36	t at Max V [600]
	0:45:58	0:44:37	0:45:52	0:49:20	1:00:55	0:56:41	0:53:03	1:05:01	0:48:14	0:42:07	0:49:05	0:48:55	Lagtime [600]

