
Software Version	3.11.19



Experiment File Path:	C:\Users\patil-group\Desktop\Sweeteners_stacker\021221_NT5076_83_24007_Rep2\NT5076_83_24007_Rep2.xpt
Protocol File Path:	C:\Users\Public\Documents\Protocols\Screening-protocol.prt



Plate Number	Plate 18
Date	02/12/2021
Time	12:40:19
Reader Type:	Epoch 2
Reader Serial Number:	2103223
Reading Type	Reader

Procedure Details

Plate Type	96 WELL PLATE
Discontinuous Kinetics	Runtime 1:00:00 (D:HH:MM), Interval 0:01:00, 25 Reads
	Pause after each run
Eject plate on completion	
Shake	Linear: 0:00:30 (HH:MM:SS)
	Frequency: 567 cpm (3 mm)
Read	Absorbance Endpoint
	Full Plate
	Wavelengths:  600
	Read Speed: Normal,  Delay: 100 msec,  Measurements/Data Point: 8

600

Time	T° 600	A1	A2	A3	A4	A5	A6	A7	A8	A9	A10	A11	A12	B1	B2	B3	B4	B5	B6	B7	B8	B9	B10	B11	B12	C1	C2	C3	C4	C5	C6	C7	C8	C9	C10	C11	C12	D1	D2	D3	D4	D5	D6	D7	D8	D9	D10	D11	D12	E1	E2	E3	E4	E5	E6	E7	E8	E9	E10	E11	E12	F1	F2	F3	F4	F5	F6	F7	F8	F9	F10	F11	F12	G1	G2	G3	G4	G5	G6	G7	G8	G9	G10	G11	G12	H1	H2	H3	H4	H5	H6	H7	H8	H9	H10	H11	H12
0:00:34	34.1	0.164	0.164	0.172	0.181	0.167	0.165	0.165	0.170	0.174	0.165	0.167	0.163	0.168	0.171	0.170	0.178	0.168	0.165	0.165	0.168	0.178	0.170	0.169	0.172	0.174	0.168	0.169	0.170	0.171	0.170	0.163	0.180	0.161	0.164	0.172	0.173	0.186	0.197	0.189	0.183	0.168	0.164	0.166	0.170	0.182	0.188	0.189	0.195	0.169	0.169	0.166	0.167	0.166	0.168	0.166	0.186	0.165	0.165	0.170	0.175	0.184	0.189	0.187	0.162	0.174	0.167	0.165	0.168	0.168	0.167	0.168	0.173	0.169	0.165	0.173	0.175	0.167	0.164	0.166	0.164	0.175	0.167	0.163	0.168	0.168	0.172	0.180	0.170	0.171	0.168	0.167	0.167	0.169	0.176	0.169	0.167
1:00:35	34.4	0.163	0.163	0.170	0.174	0.164	0.164	0.163	0.164	0.172	0.163	0.165	0.161	0.166	0.169	0.170	0.177	0.165	0.164	0.165	0.167	0.175	0.167	0.166	0.169	0.171	0.167	0.168	0.169	0.171	0.167	0.163	0.180	0.160	0.164	0.171	0.171	0.187	0.198	0.192	0.182	0.167	0.164	0.165	0.168	0.183	0.190	0.191	0.195	0.165	0.169	0.166	0.167	0.165	0.167	0.165	0.184	0.164	0.164	0.169	0.174	0.186	0.191	0.190	0.162	0.173	0.167	0.165	0.168	0.168	0.165	0.167	0.171	0.168	0.164	0.168	0.172	0.163	0.162	0.166	0.162	0.174	0.165	0.162	0.167	0.166	0.171	0.179	0.168	0.169	0.166	0.166	0.165	0.167	0.174	0.167	0.166
2:00:35	34.4	0.161	0.161	0.169	0.171	0.163	0.162	0.162	0.163	0.170	0.162	0.163	0.160	0.165	0.167	0.168	0.174	0.164	0.162	0.163	0.165	0.174	0.166	0.165	0.168	0.170	0.165	0.167	0.168	0.169	0.166	0.162	0.178	0.159	0.162	0.170	0.169	0.188	0.199	0.193	0.182	0.165	0.162	0.164	0.166	0.185	0.191	0.192	0.195	0.165	0.169	0.167	0.167	0.164	0.166	0.163	0.180	0.163	0.162	0.167	0.172	0.186	0.193	0.191	0.161	0.171	0.166	0.165	0.168	0.168	0.164	0.166	0.170	0.166	0.163	0.167	0.171	0.162	0.161	0.162	0.161	0.172	0.164	0.161	0.165	0.165	0.169	0.178	0.166	0.167	0.165	0.165	0.163	0.166	0.172	0.166	0.166
3:00:35	34.4	0.161	0.161	0.168	0.170	0.163	0.161	0.161	0.162	0.169	0.162	0.163	0.160	0.164	0.167	0.168	0.173	0.163	0.162	0.163	0.165	0.174	0.166	0.165	0.168	0.168	0.165	0.166	0.167	0.169	0.165	0.161	0.178	0.158	0.162	0.169	0.168	0.189	0.200	0.194	0.182	0.165	0.162	0.163	0.165	0.186	0.191	0.193	0.195	0.165	0.172	0.168	0.167	0.163	0.165	0.162	0.178	0.162	0.162	0.166	0.167	0.187	0.193	0.192	0.160	0.170	0.165	0.165	0.169	0.168	0.163	0.165	0.169	0.166	0.162	0.166	0.171	0.162	0.161	0.162	0.160	0.172	0.164	0.160	0.165	0.164	0.169	0.177	0.165	0.165	0.164	0.165	0.162	0.165	0.172	0.165	0.164
4:00:36	34.4	0.161	0.161	0.168	0.169	0.162	0.161	0.161	0.162	0.169	0.162	0.163	0.160	0.164	0.167	0.167	0.172	0.163	0.162	0.163	0.165	0.174	0.166	0.166	0.169	0.169	0.165	0.165	0.167	0.169	0.165	0.161	0.178	0.158	0.162	0.169	0.168	0.190	0.200	0.194	0.182	0.165	0.161	0.163	0.165	0.186	0.192	0.193	0.194	0.165	0.170	0.169	0.167	0.163	0.165	0.162	0.177	0.162	0.162	0.166	0.166	0.187	0.194	0.192	0.160	0.170	0.165	0.166	0.169	0.169	0.164	0.165	0.169	0.166	0.163	0.165	0.170	0.162	0.161	0.161	0.160	0.172	0.164	0.160	0.165	0.165	0.169	0.177	0.165	0.165	0.164	0.165	0.162	0.165	0.171	0.167	0.165
5:00:37	34.4	0.161	0.161	0.167	0.170	0.162	0.161	0.161	0.162	0.169	0.162	0.163	0.160	0.164	0.167	0.167	0.171	0.163	0.162	0.163	0.164	0.174	0.166	0.166	0.169	0.168	0.165	0.165	0.167	0.169	0.164	0.161	0.177	0.158	0.162	0.169	0.166	0.189	0.200	0.194	0.182	0.164	0.161	0.163	0.165	0.186	0.192	0.193	0.193	0.165	0.172	0.169	0.167	0.163	0.165	0.162	0.176	0.162	0.162	0.166	0.171	0.188	0.194	0.192	0.160	0.169	0.165	0.165	0.169	0.168	0.163	0.165	0.169	0.166	0.162	0.165	0.169	0.162	0.162	0.164	0.161	0.172	0.164	0.160	0.165	0.164	0.168	0.177	0.165	0.165	0.164	0.164	0.162	0.165	0.171	0.165	0.164
6:00:37	34.4	0.161	0.161	0.167	0.168	0.162	0.161	0.162	0.163	0.168	0.162	0.163	0.160	0.164	0.166	0.168	0.171	0.163	0.162	0.163	0.164	0.174	0.166	0.166	0.169	0.168	0.165	0.166	0.167	0.169	0.164	0.162	0.178	0.158	0.162	0.169	0.166	0.190	0.200	0.194	0.183	0.165	0.161	0.163	0.165	0.187	0.192	0.194	0.193	0.166	0.169	0.169	0.167	0.163	0.165	0.162	0.175	0.162	0.162	0.166	0.185	0.188	0.194	0.193	0.160	0.169	0.165	0.165	0.169	0.168	0.163	0.165	0.169	0.166	0.163	0.165	0.169	0.162	0.162	0.168	0.161	0.172	0.164	0.160	0.165	0.164	0.168	0.177	0.164	0.164	0.164	0.164	0.162	0.165	0.171	0.165	0.165
7:00:39	34.4	0.161	0.161	0.166	0.164	0.161	0.160	0.161	0.162	0.167	0.162	0.163	0.159	0.163	0.166	0.169	0.171	0.163	0.162	0.163	0.164	0.174	0.166	0.166	0.169	0.168	0.165	0.165	0.167	0.169	0.164	0.162	0.178	0.158	0.162	0.168	0.165	0.190	0.200	0.195	0.183	0.165	0.161	0.163	0.164	0.187	0.192	0.195	0.193	0.166	0.170	0.169	0.167	0.163	0.165	0.163	0.175	0.162	0.162	0.166	0.203	0.189	0.194	0.193	0.160	0.169	0.165	0.165	0.169	0.170	0.164	0.166	0.167	0.166	0.163	0.165	0.168	0.162	0.162	0.161	0.160	0.172	0.164	0.159	0.164	0.163	0.167	0.177	0.162	0.163	0.164	0.164	0.161	0.164	0.171	0.163	0.163
8:00:40	34.4	0.160	0.159	0.163	0.162	0.158	0.158	0.161	0.159	0.163	0.161	0.161	0.156	0.160	0.163	0.167	0.168	0.162	0.161	0.163	0.162	0.174	0.167	0.166	0.167	0.167	0.165	0.165	0.167	0.169	0.164	0.162	0.178	0.158	0.162	0.165	0.161	0.190	0.200	0.195	0.183	0.165	0.161	0.163	0.164	0.187	0.193	0.195	0.192	0.173	0.170	0.169	0.167	0.162	0.164	0.162	0.175	0.161	0.162	0.163	0.219	0.189	0.194	0.193	0.160	0.168	0.165	0.166	0.169	0.169	0.164	0.165	0.164	0.166	0.162	0.163	0.168	0.162	0.162	0.162	0.160	0.172	0.164	0.156	0.160	0.160	0.165	0.175	0.159	0.159	0.163	0.163	0.158	0.161	0.169	0.159	0.159
9:00:41	34.3	0.157	0.156	0.161	0.164	0.157	0.155	0.157	0.156	0.163	0.158	0.158	0.154	0.158	0.161	0.165	0.165	0.159	0.158	0.162	0.159	0.173	0.166	0.165	0.164	0.164	0.164	0.165	0.165	0.167	0.161	0.161	0.176	0.156	0.160	0.162	0.160	0.187	0.200	0.194	0.183	0.163	0.159	0.161	0.161	0.187	0.192	0.194	0.191	0.170	0.170	0.170	0.168	0.160	0.162	0.161	0.173	0.160	0.161	0.160	0.255	0.188	0.194	0.193	0.159	0.165	0.164	0.167	0.169	0.168	0.162	0.164	0.163	0.163	0.159	0.160	0.167	0.162	0.162	0.163	0.157	0.171	0.161	0.154	0.159	0.158	0.161	0.172	0.159	0.158	0.160	0.160	0.156	0.159	0.166	0.160	0.158
10:00:41	34.3	0.155	0.156	0.164	0.173	0.160	0.157	0.155	0.158	0.168	0.157	0.157	0.157	0.161	0.164	0.162	0.165	0.157	0.155	0.158	0.159	0.170	0.163	0.162	0.162	0.164	0.162	0.162	0.163	0.165	0.160	0.159	0.174	0.153	0.157	0.163	0.162	0.184	0.198	0.194	0.181	0.160	0.156	0.158	0.159	0.186	0.189	0.193	0.187	0.169	0.178	0.169	0.167	0.157	0.159	0.158	0.170	0.157	0.158	0.159	0.280	0.186	0.194	0.193	0.156	0.164	0.161	0.166	0.170	0.169	0.160	0.161	0.168	0.161	0.157	0.159	0.166	0.160	0.161	0.157	0.156	0.170	0.158	0.158	0.163	0.163	0.162	0.171	0.165	0.163	0.158	0.159	0.159	0.162	0.165	0.166	0.163
11:00:42	34.3	0.160	0.161	0.173	0.192	0.172	0.164	0.157	0.167	0.181	0.160	0.163	0.167	0.170	0.174	0.161	0.171	0.160	0.157	0.157	0.164	0.168	0.160	0.160	0.164	0.166	0.162	0.161	0.163	0.165	0.162	0.158	0.174	0.152	0.156	0.169	0.171	0.183	0.194	0.191	0.178	0.159	0.156	0.157	0.161	0.182	0.186	0.189	0.184	0.165	0.170	0.168	0.166	0.157	0.160	0.157	0.167	0.156	0.156	0.164	0.303	0.183	0.191	0.190	0.154	0.166	0.159	0.165	0.169	0.169	0.158	0.160	0.180	0.162	0.158	0.164	0.162	0.157	0.158	0.160	0.157	0.168	0.158	0.167	0.174	0.175	0.170	0.174	0.181	0.175	0.160	0.162	0.168	0.171	0.170	0.182	0.175
12:00:43	34.3	0.171	0.176	0.194	0.205	0.194	0.181	0.166	0.185	0.199	0.171	0.178	0.188	0.191	0.196	0.166	0.186	0.171	0.166	0.160	0.178	0.172	0.161	0.162	0.173	0.171	0.164	0.164	0.166	0.168	0.167	0.159	0.177	0.157	0.161	0.184	0.191	0.189	0.190	0.189	0.175	0.162	0.161	0.161	0.170	0.180	0.185	0.187	0.186	0.165	0.170	0.171	0.167	0.163	0.167	0.161	0.167	0.160	0.158	0.178	0.311	0.181	0.188	0.187	0.158	0.174	0.162	0.165	0.169	0.169	0.160	0.163	0.200	0.171	0.166	0.176	0.161	0.157	0.157	0.167	0.163	0.169	0.163	0.186	0.196	0.198	0.187	0.184	0.199	0.197	0.168	0.173	0.189	0.192	0.182	0.199	0.197
13:00:43	34.3	0.194	0.194	0.204	0.229	0.203	0.195	0.183	0.197	0.211	0.193	0.194	0.199	0.203	0.204	0.178	0.205	0.193	0.183	0.170	0.197	0.182	0.166	0.171	0.193	0.186	0.169	0.169	0.174	0.176	0.181	0.163	0.184	0.167	0.171	0.201	0.201	0.203	0.192	0.188	0.179	0.172	0.174	0.172	0.188	0.184	0.192	0.191	0.195	0.167	0.169	0.167	0.165	0.175	0.182	0.172	0.172	0.170	0.166	0.197	0.304	0.186	0.188	0.186	0.167	0.192	0.170	0.165	0.169	0.168	0.167	0.173	0.212	0.189	0.182	0.197	0.162	0.160	0.159	0.184	0.178	0.172	0.175	0.195	0.205	0.209	0.203	0.206	0.214	0.208	0.187	0.196	0.200	0.204	0.203	0.215	0.208
14:00:43	34.3	0.204	0.211	0.230	0.259	0.231	0.216	0.196	0.219	0.241	0.202	0.211	0.228	0.232	0.228	0.200	0.219	0.202	0.197	0.191	0.209	0.202	0.180	0.190	0.203	0.201	0.184	0.182	0.192	0.195	0.196	0.173	0.201	0.188	0.191	0.213	0.223	0.220	0.201	0.195	0.190	0.192	0.193	0.194	0.200	0.195	0.207	0.202	0.215	0.164	0.168	0.164	0.164	0.195	0.198	0.193	0.184	0.192	0.183	0.209	0.296	0.199	0.194	0.192	0.188	0.204	0.188	0.163	0.166	0.167	0.184	0.194	0.242	0.202	0.197	0.206	0.170	0.171	0.168	0.199	0.191	0.183	0.193	0.214	0.231	0.240	0.223	0.217	0.250	0.242	0.200	0.205	0.224	0.230	0.216	0.247	0.239
15:00:44	34.3	0.235	0.244	0.259	0.296	0.257	0.245	0.221	0.247	0.264	0.229	0.242	0.257	0.260	0.256	0.209	0.250	0.228	0.222	0.201	0.238	0.212	0.197	0.203	0.230	0.215	0.199	0.198	0.203	0.204	0.212	0.193	0.212	0.195	0.201	0.242	0.251	0.233	0.221	0.210	0.210	0.201	0.203	0.203	0.220	0.214	0.220	0.223	0.221	0.163	0.166	0.171	0.162	0.206	0.211	0.203	0.200	0.199	0.195	0.241	0.289	0.218	0.210	0.207	0.197	0.221	0.198	0.162	0.165	0.164	0.196	0.202	0.269	0.224	0.216	0.231	0.188	0.193	0.187	0.215	0.207	0.202	0.202	0.239	0.257	0.273	0.258	0.244	0.280	0.275	0.221	0.233	0.253	0.259	0.246	0.276	0.265
16:00:45	34.3	0.262	0.274	0.299	0.315	0.308	0.281	0.250	0.281	0.306	0.257	0.271	0.299	0.306	0.295	0.237	0.276	0.255	0.250	0.226	0.264	0.241	0.211	0.230	0.256	0.247	0.220	0.211	0.228	0.226	0.242	0.202	0.235	0.214	0.227	0.269	0.285	0.270	0.228	0.224	0.216	0.224	0.229	0.229	0.251	0.218	0.233	0.225	0.248	0.166	0.164	0.167	0.161	0.234	0.242	0.230	0.211	0.224	0.213	0.269	0.284	0.228	0.224	0.221	0.220	0.250	0.216	0.161	0.164	0.163	0.212	0.225	0.311	0.256	0.247	0.258	0.201	0.203	0.198	0.240	0.237	0.211	0.225	0.270	0.297	0.319	0.294	0.277	0.327	0.320	0.251	0.263	0.296	0.307	0.275	0.315	0.313
17:00:45	34.3	0.308	0.312	0.327	0.316	0.320	0.309	0.286	0.309	0.313	0.303	0.306	0.314	0.321	0.318	0.267	0.315	0.294	0.286	0.254	0.306	0.269	0.240	0.260	0.292	0.274	0.249	0.241	0.258	0.255	0.269	0.229	0.261	0.241	0.248	0.310	0.313	0.294	0.251	0.231	0.264	0.253	0.255	0.260	0.287	0.258	0.279	0.260	0.289	0.161	0.165	0.176	0.163	0.262	0.269	0.258	0.239	0.252	0.240	0.309	0.277	0.272	0.235	0.228	0.248	0.283	0.244	0.160	0.168	0.164	0.241	0.252	0.323	0.292	0.276	0.295	0.225	0.233	0.224	0.273	0.262	0.237	0.248	0.300	0.317	0.332	0.334	0.318	0.333	0.332	0.285	0.307	0.319	0.327	0.325	0.319	0.326
18:00:45	34.3	0.322	0.317	0.323	0.308	0.312	0.317	0.309	0.310	0.304	0.317	0.311	0.310	0.316	0.324	0.308	0.336	0.320	0.309	0.294	0.321	0.310	0.263	0.301	0.311	0.314	0.281	0.270	0.297	0.288	0.302	0.256	0.295	0.274	0.283	0.321	0.318	0.335	0.289	0.267	0.290	0.289	0.287	0.304	0.317	0.288	0.297	0.299	0.313	0.166	0.172	0.197	0.171	0.298	0.305	0.297	0.263	0.287	0.268	0.323	0.269	0.298	0.301	0.286	0.282	0.319	0.271	0.164	0.179	0.170	0.267	0.285	0.314	0.317	0.308	0.313	0.255	0.261	0.252	0.306	0.301	0.264	0.283	0.302	0.313	0.323	0.332	0.347	0.319	0.321	0.322	0.326	0.315	0.317	0.332	0.310	0.315
19:00:45	34.3	0.316	0.310	0.313	0.299	0.302	0.303	0.309	0.304	0.299	0.309	0.303	0.300	0.308	0.316	0.330	0.328	0.321	0.316	0.319	0.314	0.322	0.301	0.316	0.317	0.328	0.310	0.313	0.318	0.310	0.308	0.296	0.316	0.303	0.300	0.316	0.313	0.336	0.323	0.306	0.306	0.318	0.314	0.327	0.315	0.306	0.322	0.305	0.330	0.178	0.187	0.213	0.189	0.321	0.320	0.322	0.300	0.312	0.301	0.317	0.263	0.331	0.301	0.288	0.313	0.326	0.305	0.175	0.198	0.184	0.304	0.314	0.309	0.320	0.319	0.323	0.293	0.304	0.289	0.313	0.310	0.304	0.304	0.297	0.308	0.313	0.322	0.339	0.308	0.312	0.325	0.320	0.303	0.308	0.322	0.302	0.310
20:00:46	34.3	0.308	0.306	0.305	0.293	0.293	0.293	0.302	0.298	0.290	0.299	0.295	0.293	0.299	0.310	0.328	0.320	0.313	0.308	0.320	0.308	0.323	0.312	0.320	0.309	0.324	0.318	0.326	0.326	0.318	0.308	0.312	0.322	0.309	0.303	0.309	0.309	0.332	0.337	0.320	0.319	0.320	0.317	0.319	0.306	0.314	0.330	0.319	0.324	0.194	0.200	0.227	0.199	0.323	0.318	0.313	0.318	0.313	0.308	0.313	0.257	0.326	0.332	0.323	0.318	0.318	0.318	0.193	0.206	0.198	0.315	0.319	0.305	0.312	0.314	0.312	0.315	0.316	0.311	0.306	0.303	0.327	0.310	0.289	0.301	0.303	0.315	0.330	0.299	0.304	0.318	0.307	0.296	0.300	0.313	0.294	0.303
21:00:47	34.3	0.298	0.299	0.297	0.288	0.286	0.286	0.294	0.291	0.283	0.291	0.290	0.287	0.291	0.300	0.321	0.310	0.305	0.303	0.312	0.301	0.317	0.308	0.310	0.303	0.316	0.315	0.320	0.318	0.311	0.304	0.313	0.317	0.301	0.300	0.303	0.303	0.317	0.339	0.322	0.319	0.315	0.313	0.312	0.298	0.311	0.325	0.321	0.316	0.207	0.214	0.260	0.212	0.315	0.314	0.306	0.317	0.306	0.304	0.305	0.254	0.323	0.327	0.321	0.311	0.314	0.310	0.202	0.222	0.211	0.310	0.313	0.299	0.304	0.308	0.303	0.321	0.316	0.316	0.295	0.295	0.328	0.304	0.284	0.297	0.296	0.307	0.321	0.293	0.295	0.309	0.301	0.289	0.294	0.306	0.289	0.295
22:00:47	34.4	0.291	0.292	0.291	0.283	0.279	0.280	0.287	0.283	0.277	0.283	0.284	0.281	0.283	0.291	0.313	0.301	0.299	0.297	0.305	0.294	0.313	0.309	0.304	0.297	0.310	0.310	0.313	0.311	0.306	0.300	0.307	0.312	0.293	0.295	0.296	0.296	0.308	0.328	0.317	0.307	0.307	0.309	0.304	0.292	0.306	0.315	0.312	0.307	0.234	0.236	0.278	0.238	0.310	0.308	0.299	0.310	0.297	0.297	0.300	0.253	0.313	0.325	0.316	0.306	0.303	0.308	0.217	0.244	0.237	0.304	0.310	0.292	0.297	0.302	0.299	0.312	0.307	0.308	0.290	0.289	0.316	0.299	0.278	0.289	0.287	0.298	0.315	0.285	0.286	0.302	0.294	0.283	0.287	0.299	0.285	0.289
23:00:47	34.2	0.284	0.284	0.286	0.279	0.275	0.276	0.280	0.277	0.274	0.278	0.277	0.274	0.277	0.285	0.309	0.298	0.291	0.292	0.298	0.288	0.306	0.301	0.298	0.288	0.303	0.305	0.307	0.307	0.300	0.296	0.301	0.306	0.289	0.288	0.293	0.288	0.299	0.320	0.313	0.300	0.305	0.303	0.298	0.288	0.298	0.308	0.306	0.306	0.255	0.256	0.314	0.266	0.302	0.301	0.290	0.303	0.293	0.292	0.292	0.255	0.305	0.320	0.311	0.297	0.298	0.302	0.240	0.271	0.256	0.303	0.305	0.289	0.291	0.295	0.293	0.307	0.297	0.302	0.287	0.283	0.308	0.291	0.274	0.285	0.283	0.292	0.306	0.280	0.280	0.295	0.287	0.277	0.282	0.293	0.280	0.283
0:00:00																																																																																																	

Results
	1	2	3	4	5	6	7	8	9	10	11	12
A	0.516	0.497	0.525	0.478	0.518	0.490	0.485	0.477	0.450	0.504	0.473	0.500	Max V [600]
	0.983	0.986	0.994	0.991	0.974	0.994	0.996	0.996	0.970	0.981	0.988	0.985	R-Squared [600]
	16:00:44	15:00:44	15:00:44	14:00:44	15:00:44	15:00:44	16:00:44	15:00:44	15:00:44	16:00:44	15:00:44	15:00:44	t at Max V [600]
	12:42:24	12:12:38	12:05:46	11:12:50	11:53:02	12:09:33	12:59:37	12:11:06	11:33:39	12:47:54	12:14:58	11:47:31	Lagtime [600]
B	0.515	0.494	0.519	0.498	0.504	0.479	0.508	0.484	0.479	0.440	0.496	0.463	Max V [600]
	0.983	0.993	0.993	0.993	0.995	0.995	0.993	0.986	0.981	0.981	0.987	0.994	R-Squared [600]
	15:00:44	15:00:44	17:00:45	16:00:44	16:00:44	16:00:44	17:00:45	16:00:44	17:00:45	18:00:46	17:00:45	16:00:44	t at Max V [600]
	11:53:37	12:00:25	13:48:05	12:38:20	12:59:09	12:57:45	13:56:17	12:35:34	13:45:54	14:23:55	13:52:24	12:54:46	Lagtime [600]
C	0.488	0.471	0.502	0.498	0.457	0.447	0.478	0.449	0.460	0.424	0.474	0.476	Max V [600]
	0.986	0.996	0.982	0.992	0.995	0.989	0.987	0.995	0.993	0.992	0.980	0.995	R-Squared [600]
	17:00:45	17:00:45	18:00:46	17:00:45	17:00:45	16:00:44	18:00:46	17:00:45	17:00:45	17:00:45	16:00:44	15:00:44	t at Max V [600]
	13:32:30	14:03:23	14:35:30	13:58:00	13:53:46	13:13:57	14:40:12	13:53:57	13:56:22	13:34:57	12:31:11	12:10:05	Lagtime [600]
D	0.487	0.483	0.445	0.443	0.498	0.467	0.541	0.503	0.424	0.446	0.399	0.473	Max V [600]
	0.979	0.981	0.957	0.954	0.994	0.998	0.990	0.993	0.957	0.971	0.926	0.981	R-Squared [600]
	16:00:44	18:00:46	18:00:46	17:00:45	17:00:45	17:00:45	17:00:45	16:00:44	17:00:45	17:00:45	17:00:45	17:00:45	t at Max V [600]
	13:07:16	14:56:45	15:00:12	14:12:51	14:01:28	13:41:16	13:59:05	13:10:45	14:03:27	13:57:28	13:57:03	14:00:56	Lagtime [600]
E	0.323	0.291	0.424	0.325	0.489	0.465	0.508	0.459	0.480	0.443	0.491	0.435	Max V [600]
	0.982	0.986	0.981	0.954	0.997	0.988	0.995	0.992	0.997	0.990	0.985	0.989	R-Squared [600]
	21:00:46	21:00:46	21:00:46	21:00:46	17:00:45	17:00:45	17:00:45	18:00:46	17:00:45	17:00:45	16:00:44	9:00:41	t at Max V [600]
	18:42:30	18:08:33	17:22:30	18:15:02	13:40:02	13:23:20	13:52:32	15:06:35	13:54:14	14:02:31	12:35:39	6:04:47	Lagtime [600]
F	0.494	0.469	0.440	0.488	0.485	0.450	0.257	0.308	0.306	0.450	0.475	0.483	Max V [600]
	0.975	0.909	0.920	0.995	0.985	0.990	0.980	0.962	0.983	0.984	0.996	0.980	R-Squared [600]
	17:00:45	18:00:46	18:00:46	17:00:45	16:00:44	17:00:45	21:00:46	21:00:46	21:00:46	17:00:45	17:00:45	15:00:44	t at Max V [600]
	14:08:08	14:48:45	14:53:44	13:56:38	13:13:23	14:04:15	18:24:14	17:46:59	18:18:42	14:09:27	13:55:18	11:37:09	Lagtime [600]
G	0.498	0.471	0.463	0.493	0.493	0.484	0.455	0.457	0.496	0.439	0.444	0.485	Max V [600]
	0.995	0.994	0.992	0.993	0.982	0.995	0.983	0.981	0.992	0.994	0.992	0.992	R-Squared [600]
	16:00:44	16:00:44	16:00:44	18:00:46	18:00:46	18:00:46	16:00:44	16:00:44	18:00:46	17:00:45	15:00:44	15:00:44	t at Max V [600]
	13:01:17	13:04:07	12:52:07	15:12:14	14:44:28	14:52:46	13:03:17	13:16:14	14:51:52	13:45:40	11:59:44	11:48:22	Lagtime [600]
H	0.541	0.554	0.556	0.535	0.541	0.513	0.528	0.518	0.539	0.517	0.489	0.514	Max V [600]
	0.981	0.988	0.995	0.976	0.979	0.989	0.988	0.990	0.985	0.967	0.982	0.978	R-Squared [600]
	15:00:44	15:00:44	16:00:44	14:00:44	15:00:44	16:00:44	16:00:44	15:00:44	15:00:44	16:00:44	14:00:44	15:00:44	t at Max V [600]
	11:43:03	12:16:53	13:01:14	11:23:41	11:47:24	13:08:45	12:52:23	12:03:36	12:01:10	12:43:19	11:14:37	11:40:41	Lagtime [600]

