
Software Version	3.11.19



Experiment File Path:	C:\Users\patil-group\Desktop\Sweeteners_stacker\031221_NT5076_83_24007_Rep3\NT5076_83_24007_Rep3.xpt
Protocol File Path:	C:\Users\Public\Documents\Protocols\Screening-protocol.prt



Plate Number	Plate 18
Date	03/12/2021
Time	12:48:26
Reader Type:	Epoch 2
Reader Serial Number:	2103223
Reading Type	Reader

Procedure Details

Plate Type	96 WELL PLATE
Discontinuous Kinetics	Runtime 1:00:00 (D:HH:MM), Interval 0:01:00, 25 Reads
	Pause after each run
Eject plate on completion	
Shake	Linear: 0:00:30 (HH:MM:SS)
	Frequency: 567 cpm (3 mm)
Read	Absorbance Endpoint
	Full Plate
	Wavelengths:  600
	Read Speed: Normal,  Delay: 100 msec,  Measurements/Data Point: 8

600

Time	T° 600	A1	A2	A3	A4	A5	A6	A7	A8	A9	A10	A11	A12	B1	B2	B3	B4	B5	B6	B7	B8	B9	B10	B11	B12	C1	C2	C3	C4	C5	C6	C7	C8	C9	C10	C11	C12	D1	D2	D3	D4	D5	D6	D7	D8	D9	D10	D11	D12	E1	E2	E3	E4	E5	E6	E7	E8	E9	E10	E11	E12	F1	F2	F3	F4	F5	F6	F7	F8	F9	F10	F11	F12	G1	G2	G3	G4	G5	G6	G7	G8	G9	G10	G11	G12	H1	H2	H3	H4	H5	H6	H7	H8	H9	H10	H11	H12
0:00:34	34.1	0.180	0.171	0.178	0.174	0.171	0.176	0.168	0.170	0.169	0.170	0.165	0.168	0.171	0.180	0.175	0.178	0.174	0.177	0.173	0.177	0.176	0.174	0.172	0.355	0.170	0.185	0.173	0.182	0.192	0.182	0.173	0.170	0.173	0.178	0.168	0.171	0.195	0.185	0.195	0.182	0.184	0.178	0.179	0.171	0.193	0.191	0.184	0.180	0.173	0.173	0.177	0.174	0.176	0.173	0.173	0.183	0.172	0.172	0.171	0.170	0.186	0.201	0.188	0.174	0.175	0.175	0.173	0.182	0.175	0.175	0.174	0.170	0.173	0.188	0.176	0.174	0.176	0.183	0.171	0.181	0.177	0.185	0.175	0.173	0.178	0.175	0.175	0.181	0.180	0.178	0.175	0.170	0.171	0.173	0.174	0.189
1:00:35	34.4	0.180	0.170	0.177	0.174	0.170	0.175	0.167	0.169	0.169	0.169	0.164	0.167	0.170	0.179	0.174	0.177	0.172	0.176	0.172	0.176	0.175	0.173	0.171	0.338	0.169	0.184	0.173	0.181	0.189	0.180	0.171	0.170	0.172	0.177	0.167	0.170	0.196	0.184	0.195	0.181	0.184	0.177	0.179	0.170	0.195	0.193	0.186	0.181	0.173	0.172	0.176	0.174	0.175	0.171	0.173	0.182	0.171	0.171	0.171	0.169	0.186	0.201	0.189	0.173	0.174	0.174	0.173	0.182	0.175	0.172	0.173	0.169	0.172	0.186	0.175	0.173	0.175	0.182	0.170	0.178	0.176	0.183	0.174	0.172	0.177	0.173	0.174	0.180	0.179	0.177	0.174	0.169	0.170	0.172	0.172	0.181
2:00:34	34.4	0.179	0.170	0.177	0.173	0.170	0.174	0.166	0.169	0.168	0.169	0.164	0.167	0.169	0.178	0.173	0.176	0.172	0.177	0.171	0.176	0.173	0.172	0.170	0.337	0.169	0.182	0.172	0.180	0.188	0.179	0.170	0.169	0.171	0.176	0.167	0.169	0.196	0.184	0.194	0.180	0.183	0.176	0.178	0.169	0.195	0.194	0.186	0.181	0.173	0.172	0.176	0.174	0.174	0.170	0.172	0.181	0.170	0.170	0.170	0.169	0.187	0.201	0.189	0.173	0.174	0.174	0.172	0.182	0.174	0.172	0.172	0.169	0.172	0.185	0.174	0.172	0.174	0.180	0.169	0.177	0.175	0.183	0.173	0.172	0.176	0.172	0.173	0.180	0.178	0.176	0.173	0.169	0.169	0.171	0.171	0.178
3:00:35	34.6	0.178	0.169	0.176	0.173	0.169	0.173	0.166	0.168	0.168	0.168	0.163	0.167	0.169	0.177	0.173	0.176	0.171	0.175	0.171	0.176	0.173	0.172	0.170	0.335	0.168	0.181	0.172	0.179	0.186	0.178	0.170	0.168	0.171	0.175	0.166	0.168	0.197	0.184	0.194	0.181	0.182	0.175	0.177	0.168	0.196	0.194	0.187	0.182	0.173	0.172	0.176	0.174	0.173	0.170	0.171	0.180	0.170	0.170	0.170	0.168	0.188	0.200	0.190	0.173	0.173	0.173	0.173	0.182	0.174	0.171	0.172	0.168	0.171	0.184	0.173	0.171	0.173	0.180	0.169	0.177	0.174	0.181	0.173	0.171	0.176	0.172	0.172	0.179	0.177	0.175	0.172	0.168	0.169	0.171	0.171	0.176
4:00:36	34.6	0.178	0.169	0.176	0.172	0.169	0.173	0.166	0.167	0.168	0.168	0.163	0.167	0.169	0.177	0.172	0.175	0.171	0.174	0.170	0.175	0.173	0.171	0.170	0.334	0.168	0.180	0.171	0.179	0.185	0.178	0.169	0.168	0.170	0.175	0.166	0.168	0.198	0.184	0.193	0.180	0.182	0.173	0.177	0.168	0.196	0.195	0.187	0.182	0.173	0.172	0.176	0.175	0.173	0.169	0.171	0.180	0.169	0.169	0.169	0.168	0.188	0.201	0.190	0.172	0.173	0.173	0.172	0.182	0.174	0.171	0.172	0.168	0.171	0.183	0.173	0.171	0.173	0.179	0.168	0.176	0.174	0.181	0.172	0.171	0.175	0.171	0.172	0.179	0.176	0.175	0.172	0.168	0.169	0.171	0.170	0.179
5:00:36	34.6	0.178	0.169	0.176	0.172	0.169	0.173	0.166	0.167	0.168	0.168	0.163	0.167	0.169	0.177	0.172	0.175	0.171	0.174	0.170	0.175	0.173	0.171	0.170	0.333	0.168	0.180	0.171	0.178	0.185	0.177	0.169	0.168	0.170	0.175	0.166	0.168	0.197	0.184	0.193	0.180	0.181	0.173	0.176	0.168	0.196	0.195	0.187	0.183	0.173	0.172	0.176	0.175	0.172	0.169	0.170	0.180	0.169	0.169	0.169	0.168	0.189	0.201	0.190	0.172	0.173	0.172	0.172	0.182	0.174	0.170	0.172	0.168	0.171	0.183	0.172	0.171	0.173	0.179	0.169	0.176	0.174	0.180	0.172	0.171	0.175	0.171	0.172	0.179	0.176	0.175	0.172	0.168	0.168	0.170	0.171	0.178
6:00:37	34.6	0.178	0.169	0.176	0.172	0.169	0.173	0.166	0.168	0.167	0.168	0.163	0.167	0.169	0.176	0.172	0.176	0.171	0.174	0.170	0.175	0.173	0.171	0.170	0.348	0.168	0.180	0.171	0.178	0.184	0.177	0.169	0.168	0.170	0.174	0.166	0.168	0.198	0.184	0.193	0.180	0.181	0.173	0.176	0.168	0.197	0.195	0.187	0.183	0.173	0.172	0.176	0.175	0.172	0.169	0.171	0.180	0.169	0.169	0.170	0.168	0.189	0.202	0.190	0.172	0.172	0.172	0.172	0.182	0.174	0.170	0.172	0.168	0.171	0.183	0.172	0.171	0.173	0.179	0.169	0.176	0.174	0.180	0.172	0.170	0.175	0.171	0.172	0.178	0.175	0.175	0.172	0.168	0.169	0.171	0.170	0.177
7:00:37	34.5	0.177	0.168	0.176	0.173	0.169	0.172	0.166	0.167	0.167	0.168	0.163	0.167	0.169	0.176	0.172	0.175	0.171	0.174	0.170	0.175	0.173	0.171	0.171	0.334	0.168	0.180	0.171	0.178	0.184	0.177	0.169	0.168	0.170	0.174	0.166	0.168	0.198	0.184	0.193	0.180	0.181	0.173	0.176	0.168	0.198	0.195	0.188	0.183	0.173	0.172	0.176	0.175	0.172	0.169	0.171	0.180	0.169	0.169	0.169	0.168	0.190	0.202	0.190	0.172	0.173	0.172	0.173	0.182	0.174	0.170	0.171	0.168	0.171	0.183	0.172	0.171	0.173	0.179	0.169	0.176	0.174	0.180	0.173	0.170	0.175	0.171	0.172	0.178	0.175	0.174	0.172	0.168	0.169	0.170	0.170	0.175
8:00:38	34.5	0.174	0.167	0.175	0.172	0.166	0.170	0.165	0.166	0.167	0.168	0.163	0.166	0.167	0.175	0.170	0.175	0.170	0.173	0.170	0.175	0.172	0.171	0.170	0.331	0.167	0.179	0.171	0.178	0.184	0.177	0.169	0.168	0.170	0.174	0.166	0.165	0.199	0.184	0.192	0.180	0.181	0.172	0.176	0.168	0.197	0.196	0.188	0.183	0.173	0.172	0.176	0.175	0.171	0.169	0.170	0.180	0.170	0.169	0.170	0.168	0.190	0.202	0.191	0.172	0.173	0.172	0.172	0.182	0.175	0.170	0.172	0.167	0.169	0.181	0.172	0.171	0.173	0.179	0.168	0.175	0.174	0.179	0.172	0.170	0.170	0.170	0.169	0.177	0.170	0.171	0.172	0.168	0.168	0.169	0.170	0.174
9:00:39	34.5	0.169	0.162	0.171	0.170	0.161	0.165	0.162	0.162	0.164	0.168	0.162	0.161	0.163	0.171	0.165	0.174	0.165	0.171	0.168	0.174	0.173	0.171	0.170	0.327	0.165	0.179	0.169	0.178	0.182	0.176	0.168	0.168	0.170	0.173	0.165	0.160	0.198	0.184	0.193	0.181	0.181	0.171	0.175	0.168	0.197	0.196	0.188	0.184	0.174	0.172	0.176	0.175	0.171	0.168	0.170	0.179	0.169	0.169	0.169	0.166	0.190	0.202	0.193	0.172	0.172	0.171	0.173	0.182	0.175	0.170	0.171	0.164	0.165	0.176	0.171	0.170	0.172	0.179	0.168	0.175	0.172	0.175	0.170	0.168	0.167	0.166	0.165	0.172	0.167	0.167	0.171	0.163	0.164	0.166	0.168	0.168
10:00:40	34.5	0.169	0.160	0.168	0.164	0.162	0.165	0.158	0.159	0.160	0.168	0.159	0.158	0.160	0.167	0.164	0.170	0.162	0.166	0.164	0.170	0.168	0.170	0.169	0.339	0.162	0.176	0.165	0.175	0.178	0.172	0.165	0.168	0.167	0.170	0.162	0.161	0.198	0.183	0.193	0.180	0.179	0.167	0.172	0.167	0.197	0.196	0.188	0.182	0.174	0.172	0.176	0.175	0.171	0.165	0.170	0.177	0.168	0.168	0.166	0.161	0.191	0.202	0.190	0.169	0.169	0.168	0.172	0.182	0.176	0.169	0.168	0.160	0.163	0.172	0.166	0.166	0.170	0.176	0.163	0.173	0.168	0.171	0.165	0.163	0.169	0.163	0.164	0.170	0.172	0.167	0.167	0.160	0.160	0.162	0.164	0.168
11:00:39	34.5	0.175	0.163	0.170	0.165	0.170	0.172	0.158	0.161	0.160	0.168	0.155	0.162	0.164	0.170	0.170	0.166	0.165	0.166	0.161	0.166	0.164	0.166	0.165	0.337	0.163	0.173	0.165	0.171	0.177	0.171	0.162	0.167	0.162	0.166	0.158	0.168	0.196	0.182	0.191	0.179	0.174	0.163	0.168	0.164	0.196	0.196	0.188	0.179	0.173	0.172	0.176	0.175	0.167	0.161	0.168	0.172	0.163	0.164	0.161	0.159	0.186	0.201	0.188	0.164	0.165	0.164	0.173	0.183	0.175	0.166	0.164	0.161	0.168	0.178	0.163	0.163	0.166	0.171	0.161	0.169	0.168	0.172	0.164	0.162	0.179	0.165	0.170	0.173	0.185	0.175	0.164	0.163	0.163	0.165	0.162	0.172
12:00:40	34.4	0.191	0.174	0.180	0.174	0.190	0.189	0.166	0.171	0.167	0.168	0.156	0.172	0.174	0.179	0.186	0.168	0.175	0.173	0.165	0.168	0.165	0.163	0.163	0.341	0.168	0.173	0.169	0.172	0.181	0.173	0.163	0.163	0.162	0.166	0.159	0.185	0.191	0.177	0.186	0.174	0.173	0.167	0.168	0.160	0.192	0.194	0.187	0.175	0.173	0.173	0.176	0.175	0.163	0.162	0.163	0.171	0.161	0.161	0.161	0.164	0.181	0.197	0.183	0.164	0.165	0.165	0.173	0.182	0.175	0.162	0.165	0.168	0.181	0.188	0.165	0.165	0.165	0.171	0.164	0.169	0.172	0.179	0.170	0.169	0.200	0.175	0.185	0.184	0.205	0.193	0.166	0.173	0.172	0.174	0.168	0.186
13:00:41	34.4	0.206	0.195	0.200	0.192	0.204	0.204	0.185	0.192	0.183	0.169	0.164	0.192	0.196	0.200	0.202	0.176	0.197	0.189	0.177	0.176	0.173	0.165	0.165	0.356	0.182	0.179	0.181	0.177	0.191	0.182	0.170	0.163	0.169	0.171	0.166	0.200	0.189	0.174	0.183	0.172	0.177	0.177	0.174	0.160	0.188	0.189	0.184	0.175	0.171	0.172	0.175	0.174	0.164	0.168	0.163	0.175	0.164	0.163	0.168	0.176	0.182	0.193	0.181	0.170	0.171	0.173	0.172	0.182	0.175	0.164	0.173	0.185	0.200	0.209	0.173	0.175	0.169	0.176	0.174	0.173	0.185	0.197	0.184	0.183	0.212	0.196	0.201	0.204	0.222	0.207	0.175	0.195	0.192	0.194	0.182	0.208
14:00:40	34.4	0.228	0.208	0.211	0.206	0.236	0.229	0.198	0.204	0.198	0.169	0.182	0.204	0.207	0.210	0.226	0.196	0.208	0.203	0.197	0.195	0.191	0.175	0.174	0.365	0.197	0.193	0.199	0.192	0.210	0.201	0.186	0.164	0.183	0.185	0.182	0.224	0.193	0.178	0.185	0.175	0.190	0.200	0.191	0.167	0.188	0.187	0.180	0.181	0.167	0.170	0.172	0.174	0.171	0.184	0.167	0.186	0.174	0.172	0.183	0.196	0.189	0.195	0.190	0.186	0.186	0.192	0.172	0.181	0.174	0.173	0.191	0.199	0.215	0.224	0.193	0.197	0.182	0.191	0.195	0.185	0.203	0.211	0.201	0.200	0.243	0.208	0.221	0.219	0.252	0.236	0.196	0.205	0.204	0.206	0.198	0.220
15:00:41	34.4	0.255	0.238	0.240	0.233	0.264	0.258	0.228	0.235	0.223	0.169	0.195	0.232	0.236	0.239	0.254	0.209	0.241	0.227	0.213	0.207	0.205	0.196	0.194	0.257	0.217	0.207	0.213	0.206	0.224	0.213	0.200	0.172	0.200	0.201	0.197	0.250	0.205	0.191	0.194	0.185	0.210	0.212	0.206	0.182	0.196	0.192	0.180	0.197	0.166	0.168	0.169	0.171	0.188	0.200	0.180	0.206	0.196	0.192	0.199	0.212	0.206	0.203	0.198	0.203	0.203	0.205	0.170	0.180	0.171	0.193	0.206	0.226	0.243	0.259	0.205	0.210	0.200	0.207	0.208	0.202	0.218	0.239	0.220	0.218	0.269	0.238	0.249	0.248	0.288	0.262	0.208	0.235	0.234	0.236	0.217	0.248
16:00:42	34.4	0.292	0.267	0.264	0.260	0.313	0.304	0.255	0.264	0.249	0.169	0.223	0.257	0.260	0.262	0.294	0.241	0.267	0.254	0.243	0.234	0.234	0.209	0.207	0.259	0.244	0.226	0.243	0.227	0.254	0.244	0.225	0.190	0.220	0.220	0.221	0.293	0.223	0.210	0.215	0.206	0.226	0.246	0.232	0.198	0.214	0.206	0.189	0.209	0.170	0.165	0.169	0.170	0.202	0.224	0.199	0.219	0.208	0.205	0.219	0.242	0.215	0.223	0.222	0.225	0.226	0.233	0.167	0.177	0.168	0.208	0.234	0.252	0.272	0.289	0.231	0.245	0.219	0.227	0.241	0.216	0.247	0.265	0.249	0.246	0.312	0.263	0.285	0.280	0.320	0.311	0.238	0.262	0.259	0.261	0.244	0.281
17:00:42	34.4	0.318	0.307	0.309	0.307	0.321	0.324	0.304	0.307	0.293	0.170	0.248	0.297	0.304	0.306	0.323	0.269	0.314	0.295	0.276	0.258	0.260	0.242	0.237	0.302	0.280	0.255	0.273	0.255	0.284	0.269	0.253	0.202	0.248	0.246	0.248	0.314	0.232	0.219	0.221	0.212	0.258	0.276	0.262	0.221	0.223	0.221	0.208	0.228	0.180	0.165	0.174	0.167	0.227	0.252	0.215	0.249	0.241	0.235	0.247	0.274	0.244	0.230	0.223	0.254	0.253	0.260	0.165	0.177	0.167	0.240	0.261	0.296	0.311	0.333	0.256	0.272	0.248	0.255	0.269	0.245	0.277	0.313	0.285	0.282	0.320	0.309	0.314	0.318	0.326	0.321	0.265	0.304	0.305	0.305	0.278	0.314
18:00:42	34.4	0.316	0.316	0.323	0.320	0.314	0.318	0.313	0.312	0.314	0.170	0.293	0.306	0.312	0.318	0.322	0.322	0.323	0.319	0.318	0.299	0.308	0.271	0.264	0.313	0.310	0.287	0.313	0.292	0.325	0.317	0.299	0.230	0.286	0.281	0.292	0.312	0.275	0.263	0.264	0.253	0.291	0.323	0.310	0.250	0.246	0.232	0.218	0.275	0.199	0.172	0.185	0.171	0.253	0.297	0.245	0.277	0.269	0.262	0.282	0.311	0.274	0.252	0.270	0.295	0.293	0.307	0.165	0.175	0.169	0.267	0.309	0.312	0.317	0.340	0.297	0.319	0.285	0.289	0.317	0.274	0.311	0.325	0.318	0.312	0.314	0.321	0.317	0.323	0.315	0.316	0.314	0.309	0.311	0.312	0.308	0.315
19:00:44	34.4	0.309	0.308	0.315	0.315	0.306	0.310	0.305	0.306	0.307	0.170	0.303	0.299	0.309	0.316	0.314	0.328	0.316	0.319	0.321	0.317	0.320	0.313	0.305	0.305	0.311	0.323	0.318	0.323	0.331	0.324	0.319	0.257	0.318	0.312	0.313	0.304	0.295	0.296	0.287	0.299	0.334	0.329	0.331	0.294	0.277	0.285	0.238	0.302	0.210	0.186	0.202	0.181	0.296	0.323	0.278	0.320	0.317	0.311	0.313	0.314	0.293	0.298	0.291	0.324	0.322	0.321	0.174	0.180	0.179	0.319	0.319	0.306	0.310	0.336	0.316	0.328	0.314	0.320	0.320	0.312	0.317	0.322	0.319	0.317	0.303	0.317	0.307	0.315	0.307	0.307	0.319	0.304	0.309	0.308	0.310	0.308
20:00:44	34.4	0.304	0.301	0.307	0.308	0.298	0.303	0.296	0.297	0.299	0.170	0.295	0.291	0.301	0.308	0.306	0.322	0.307	0.311	0.311	0.315	0.312	0.317	0.315	0.297	0.304	0.326	0.312	0.325	0.323	0.318	0.314	0.306	0.319	0.312	0.307	0.297	0.326	0.318	0.311	0.309	0.335	0.322	0.329	0.321	0.309	0.296	0.276	0.319	0.234	0.200	0.215	0.199	0.321	0.320	0.320	0.325	0.320	0.317	0.317	0.304	0.316	0.325	0.328	0.322	0.322	0.317	0.185	0.194	0.197	0.322	0.315	0.299	0.302	0.329	0.320	0.321	0.323	0.332	0.314	0.316	0.315	0.314	0.312	0.308	0.296	0.307	0.299	0.308	0.301	0.300	0.313	0.296	0.298	0.300	0.303	0.301
21:00:45	34.4	0.294	0.291	0.299	0.301	0.291	0.296	0.289	0.290	0.292	0.170	0.287	0.285	0.293	0.300	0.299	0.313	0.299	0.303	0.303	0.307	0.306	0.308	0.307	0.294	0.296	0.320	0.305	0.317	0.316	0.310	0.305	0.316	0.312	0.303	0.300	0.289	0.329	0.326	0.330	0.316	0.327	0.314	0.320	0.317	0.330	0.329	0.310	0.322	0.253	0.215	0.241	0.210	0.318	0.311	0.320	0.321	0.316	0.311	0.311	0.297	0.318	0.340	0.326	0.317	0.314	0.309	0.200	0.211	0.207	0.315	0.307	0.293	0.295	0.324	0.312	0.314	0.316	0.325	0.307	0.312	0.306	0.307	0.306	0.302	0.289	0.300	0.291	0.301	0.295	0.295	0.306	0.289	0.290	0.293	0.295	0.293
22:00:46	34.4	0.287	0.285	0.293	0.297	0.285	0.287	0.282	0.283	0.285	0.170	0.281	0.278	0.284	0.293	0.292	0.306	0.293	0.295	0.297	0.300	0.299	0.300	0.301	0.290	0.287	0.313	0.298	0.308	0.309	0.304	0.298	0.311	0.305	0.297	0.295	0.283	0.324	0.314	0.326	0.318	0.319	0.306	0.313	0.309	0.326	0.328	0.324	0.317	0.285	0.241	0.262	0.234	0.311	0.304	0.312	0.314	0.308	0.304	0.304	0.290	0.310	0.328	0.318	0.308	0.307	0.304	0.214	0.223	0.228	0.308	0.301	0.286	0.288	0.313	0.303	0.306	0.310	0.317	0.299	0.303	0.299	0.300	0.298	0.296	0.283	0.291	0.285	0.294	0.289	0.288	0.298	0.282	0.284	0.286	0.288	0.287
23:00:46	34.4	0.281	0.278	0.286	0.289	0.281	0.282	0.277	0.278	0.280	0.171	0.275	0.273	0.277	0.285	0.286	0.299	0.286	0.288	0.289	0.293	0.292	0.293	0.292	0.286	0.282	0.306	0.292	0.302	0.302	0.297	0.291	0.302	0.298	0.291	0.290	0.278	0.317	0.310	0.316	0.309	0.312	0.299	0.305	0.301	0.319	0.318	0.315	0.309	0.304	0.260	0.297	0.254	0.303	0.296	0.306	0.308	0.301	0.298	0.298	0.283	0.303	0.320	0.313	0.301	0.301	0.298	0.240	0.247	0.249	0.301	0.294	0.280	0.281	0.304	0.296	0.298	0.303	0.312	0.293	0.295	0.292	0.295	0.291	0.288	0.277	0.285	0.279	0.286	0.282	0.281	0.292	0.276	0.278	0.279	0.281	0.283
24:00:47	34.4	0.275	0.271	0.281	0.282	0.274	0.276	0.271	0.272	0.274	0.171	0.269	0.268	0.271	0.279	0.280	0.293	0.281	0.281	0.284	0.287	0.286	0.287	0.288	0.280	0.275	0.297	0.285	0.296	0.296	0.291	0.285	0.294	0.293	0.285	0.282	0.273	0.310	0.304	0.308	0.305	0.305	0.292	0.298	0.293	0.313	0.311	0.305	0.300	0.307	0.297	0.309	0.283	0.298	0.290	0.298	0.300	0.295	0.290	0.290	0.279	0.296	0.313	0.305	0.294	0.294	0.291	0.258	0.264	0.277	0.294	0.288	0.275	0.274	0.298	0.288	0.291	0.295	0.304	0.286	0.288	0.284	0.288	0.285	0.281	0.272	0.279	0.273	0.280	0.276	0.276	0.286	0.270	0.271	0.274	0.277	0.276

Results
	1	2	3	4	5	6	7	8	9	10	11	12
A	0.482	0.476	0.486	0.506	0.517	0.523	0.509	0.485	0.505	-0.008	0.478	0.451	Max V [600]
	0.992	0.975	0.981	0.979	0.970	0.985	0.969	0.967	0.988	0.983	0.974	0.976	R-Squared [600]
	15:00:42	16:00:41	16:00:41	16:00:41	15:00:42	15:00:42	16:00:41	15:00:42	16:00:41	2:00:35	17:00:43	16:00:41	t at Max V [600]
	12:15:15	12:39:02	12:52:27	13:01:05	11:55:14	12:12:27	13:00:06	12:35:05	13:10:01	?????	13:57:47	12:37:32	Lagtime [600]
B	0.462	0.469	0.517	0.531	0.503	0.500	0.508	0.474	0.508	0.496	0.473	-0.439	Max V [600]
	0.970	0.979	0.992	0.964	0.972	0.990	0.977	0.988	0.978	0.975	0.979	0.608	R-Squared [600]
	16:00:41	16:00:41	15:00:42	17:00:43	16:00:41	16:00:41	16:00:41	17:00:43	17:00:43	17:00:43	18:00:43	14:00:41	t at Max V [600]
	12:38:29	12:54:57	12:17:18	13:59:57	12:48:19	13:16:07	13:30:51	13:59:04	14:05:00	14:35:17	14:42:50	12:31:16	Lagtime [600]
C	0.481	0.488	0.481	0.497	0.480	0.491	0.522	0.507	0.502	0.473	0.505	0.496	Max V [600]
	0.991	0.987	0.978	0.990	0.975	0.966	0.985	0.971	0.990	0.990	0.988	0.989	R-Squared [600]
	16:00:41	17:00:43	16:00:41	17:00:43	16:00:41	17:00:43	17:00:43	19:00:44	17:00:43	17:00:43	17:00:43	15:00:42	t at Max V [600]
	13:15:44	14:28:41	13:24:42	14:23:24	13:39:33	13:53:58	14:15:36	15:58:47	14:18:01	14:23:47	14:09:52	12:08:10	Lagtime [600]
D	0.450	0.487	0.440	0.489	0.523	0.515	0.546	0.529	0.462	0.467	0.471	0.487	Max V [600]
	0.973	0.969	0.973	0.944	0.978	0.968	0.987	0.989	0.995	0.954	0.981	0.973	R-Squared [600]
	18:00:43	18:00:43	19:00:44	18:00:43	17:00:43	16:00:41	17:00:43	18:00:43	19:00:44	19:00:44	20:00:44	18:00:43	t at Max V [600]
	15:12:25	15:24:04	15:41:12	15:30:27	14:28:30	13:39:17	14:18:17	15:17:28	15:59:28	16:06:36	16:51:32	15:02:28	Lagtime [600]
E	0.400	0.398	0.406	0.352	0.512	0.534	0.509	0.476	0.504	0.500	0.488	0.489	Max V [600]
	0.994	0.979	0.986	0.980	0.990	0.989	0.978	0.971	0.964	0.966	0.991	0.983	R-Squared [600]
	21:00:45	22:00:46	22:00:46	22:00:46	18:00:43	17:00:43	18:00:43	17:00:43	17:00:43	18:00:43	17:00:43	16:00:41	t at Max V [600]
	17:29:44	19:05:09	18:24:35	19:04:51	15:16:22	14:19:23	15:27:24	14:31:35	14:32:43	14:51:46	14:15:29	13:23:27	Lagtime [600]
F	0.418	0.491	0.466	0.520	0.507	0.511	0.308	0.295	0.335	0.517	0.501	0.494	Max V [600]
	0.993	0.971	0.950	0.991	0.991	0.979	0.989	0.990	0.976	0.960	0.973	0.985	R-Squared [600]
	18:00:43	19:00:44	18:00:43	17:00:43	17:00:43	17:00:43	22:00:46	22:00:46	22:00:46	17:00:43	17:00:43	16:00:41	t at Max V [600]
	14:43:52	16:00:52	15:10:39	14:15:23	14:14:57	14:04:14	19:29:17	19:25:41	19:13:10	14:44:06	13:57:50	13:04:04	Lagtime [600]
G	0.466	0.518	0.481	0.518	0.489	0.479	0.509	0.465	0.458	0.504	0.495	0.477	Max V [600]
	0.977	0.976	0.989	0.972	0.989	0.992	0.965	0.978	0.985	0.977	0.989	0.988	R-Squared [600]
	15:00:42	15:00:42	17:00:43	17:00:43	17:00:43	17:00:43	16:00:41	17:00:43	16:00:41	16:00:41	16:00:41	16:00:41	t at Max V [600]
	12:19:15	12:36:10	14:03:57	13:45:40	14:23:36	14:20:36	13:33:21	14:32:11	13:18:18	13:12:01	13:18:53	13:15:05	Lagtime [600]
H	0.472	0.496	0.485	0.480	0.495	0.503	0.495	0.459	0.475	0.470	0.467	0.454	Max V [600]
	0.972	0.980	0.991	0.980	0.985	0.971	0.961	0.966	0.966	0.968	0.990	0.978	R-Squared [600]
	15:00:42	16:00:41	15:00:42	15:00:42	14:00:41	15:00:42	17:00:43	16:00:41	16:00:41	16:00:41	16:00:41	15:00:42	t at Max V [600]
	11:43:22	12:53:40	12:16:55	12:29:32	11:24:16	12:03:46	13:51:06	12:38:52	12:48:39	12:48:18	13:20:09	12:35:54	Lagtime [600]

