
Software Version	3.11.19



Experiment File Path:	C:\Users\patil-group\Desktop\Sweeteners_stacker\131221_NT5007_24_24\NT5007_24_24_Rep3.xpt
Protocol File Path:	C:\Users\Public\Documents\Protocols\Screening-protocol.prt



Plate Number	Plate 13
Date	13/12/2021
Time	15:12:17
Reader Type:	Epoch 2
Reader Serial Number:	2103223
Reading Type	Reader

Procedure Details

Plate Type	96 WELL PLATE
Discontinuous Kinetics	Runtime 1:00:00 (D:HH:MM), Interval 0:01:00, 25 Reads
	Pause after each run
Eject plate on completion	
Shake	Linear: 0:00:30 (HH:MM:SS)
	Frequency: 567 cpm (3 mm)
Read	Absorbance Endpoint
	Full Plate
	Wavelengths:  600
	Read Speed: Normal,  Delay: 100 msec,  Measurements/Data Point: 8

600

Time	T° 600	A1	A2	A3	A4	A5	A6	A7	A8	A9	A10	A11	A12	B1	B2	B3	B4	B5	B6	B7	B8	B9	B10	B11	B12	C1	C2	C3	C4	C5	C6	C7	C8	C9	C10	C11	C12	D1	D2	D3	D4	D5	D6	D7	D8	D9	D10	D11	D12	E1	E2	E3	E4	E5	E6	E7	E8	E9	E10	E11	E12	F1	F2	F3	F4	F5	F6	F7	F8	F9	F10	F11	F12	G1	G2	G3	G4	G5	G6	G7	G8	G9	G10	G11	G12	H1	H2	H3	H4	H5	H6	H7	H8	H9	H10	H11	H12
0:00:34	34.2	0.187	0.185	0.191	0.196	0.194	0.192	0.187	0.184	0.184	0.184	0.195	0.193	0.185	0.184	0.184	0.190	0.193	0.186	0.185	0.186	0.194	0.197	0.190	0.186	0.186	0.192	0.201	0.192	0.195	0.209	0.185	0.214	0.183	0.184	0.185	0.174	0.182	0.193	0.192	0.187	0.190	0.187	0.186	0.196	0.185	0.182	0.180	0.185	0.187	0.182	0.188	0.185	0.191	0.186	0.195	0.190	0.189	0.194	0.185	0.185	0.186	0.189	0.182	0.185	0.210	0.197	0.183	0.190	0.185	0.186	0.182	0.184	0.196	0.196	0.186	0.184	0.185	0.186	0.186	0.188	0.188	0.186	0.185	0.184	0.191	0.186	0.200	0.183	0.192	0.184	0.184	0.191	0.183	0.184	0.182	0.184
1:00:33	34.5	0.188	0.186	0.192	0.196	0.193	0.190	0.189	0.186	0.186	0.186	0.195	0.194	0.187	0.187	0.185	0.189	0.192	0.187	0.186	0.188	0.196	0.196	0.191	0.188	0.187	0.193	0.200	0.193	0.196	0.211	0.186	0.211	0.185	0.185	0.186	0.176	0.184	0.193	0.192	0.188	0.192	0.187	0.188	0.196	0.186	0.185	0.182	0.187	0.189	0.184	0.187	0.186	0.192	0.187	0.196	0.190	0.191	0.194	0.187	0.186	0.188	0.190	0.183	0.186	0.208	0.195	0.184	0.191	0.186	0.187	0.184	0.185	0.198	0.197	0.187	0.186	0.186	0.187	0.187	0.188	0.189	0.188	0.187	0.185	0.193	0.187	0.201	0.184	0.191	0.185	0.185	0.189	0.184	0.186	0.183	0.186
2:00:35	34.5	0.191	0.188	0.195	0.197	0.194	0.191	0.190	0.187	0.188	0.188	0.196	0.196	0.189	0.189	0.187	0.191	0.192	0.189	0.188	0.189	0.197	0.197	0.192	0.190	0.189	0.194	0.200	0.193	0.197	0.212	0.187	0.210	0.186	0.187	0.206	0.178	0.186	0.195	0.194	0.189	0.193	0.189	0.189	0.195	0.188	0.186	0.183	0.189	0.190	0.185	0.188	0.187	0.192	0.189	0.196	0.191	0.193	0.194	0.189	0.188	0.189	0.191	0.185	0.187	0.208	0.196	0.186	0.192	0.187	0.189	0.185	0.187	0.200	0.198	0.188	0.187	0.188	0.188	0.189	0.190	0.190	0.189	0.188	0.187	0.195	0.189	0.202	0.186	0.193	0.187	0.187	0.190	0.186	0.188	0.185	0.188
3:00:35	34.6	0.193	0.190	0.196	0.199	0.196	0.193	0.192	0.189	0.190	0.190	0.199	0.198	0.191	0.190	0.189	0.192	0.194	0.190	0.190	0.191	0.199	0.198	0.194	0.192	0.190	0.195	0.200	0.195	0.199	0.211	0.189	0.210	0.188	0.189	0.207	0.180	0.188	0.196	0.195	0.191	0.194	0.190	0.190	0.194	0.189	0.188	0.185	0.193	0.192	0.187	0.189	0.188	0.194	0.190	0.196	0.193	0.194	0.195	0.191	0.190	0.191	0.193	0.187	0.189	0.209	0.196	0.187	0.194	0.189	0.191	0.187	0.189	0.202	0.200	0.190	0.189	0.189	0.190	0.190	0.191	0.192	0.191	0.191	0.189	0.197	0.191	0.204	0.188	0.194	0.189	0.189	0.192	0.189	0.190	0.188	0.190
4:00:37	34.6	0.195	0.192	0.198	0.201	0.197	0.194	0.194	0.191	0.192	0.192	0.201	0.200	0.193	0.192	0.191	0.193	0.196	0.192	0.191	0.193	0.201	0.199	0.196	0.194	0.192	0.197	0.201	0.197	0.201	0.209	0.190	0.210	0.190	0.190	0.208	0.182	0.189	0.198	0.197	0.193	0.195	0.192	0.191	0.194	0.192	0.189	0.188	0.193	0.193	0.189	0.191	0.190	0.195	0.191	0.197	0.195	0.196	0.195	0.192	0.191	0.193	0.194	0.189	0.190	0.209	0.198	0.189	0.196	0.191	0.192	0.189	0.191	0.204	0.200	0.192	0.191	0.191	0.192	0.192	0.193	0.194	0.193	0.193	0.191	0.199	0.193	0.205	0.190	0.196	0.191	0.191	0.194	0.191	0.192	0.190	0.192
5:00:38	34.5	0.196	0.194	0.200	0.203	0.199	0.195	0.196	0.194	0.194	0.194	0.202	0.201	0.195	0.194	0.193	0.195	0.198	0.194	0.194	0.195	0.203	0.200	0.197	0.196	0.194	0.199	0.202	0.199	0.203	0.213	0.192	0.212	0.192	0.193	0.210	0.184	0.192	0.200	0.199	0.195	0.197	0.194	0.192	0.195	0.193	0.191	0.189	0.195	0.195	0.191	0.193	0.192	0.197	0.193	0.199	0.196	0.198	0.197	0.194	0.194	0.195	0.196	0.191	0.192	0.210	0.199	0.191	0.198	0.193	0.194	0.192	0.193	0.206	0.202	0.194	0.193	0.193	0.194	0.194	0.194	0.196	0.195	0.195	0.193	0.201	0.195	0.208	0.192	0.198	0.193	0.193	0.196	0.192	0.194	0.192	0.194
6:00:38	34.5	0.201	0.197	0.202	0.204	0.200	0.196	0.197	0.195	0.196	0.197	0.206	0.206	0.198	0.195	0.194	0.195	0.198	0.194	0.194	0.195	0.204	0.201	0.200	0.199	0.195	0.199	0.201	0.199	0.204	0.208	0.193	0.212	0.192	0.193	0.209	0.189	0.193	0.200	0.199	0.196	0.198	0.195	0.192	0.195	0.194	0.192	0.189	0.196	0.196	0.192	0.193	0.193	0.197	0.194	0.200	0.197	0.199	0.197	0.195	0.195	0.195	0.196	0.191	0.192	0.210	0.200	0.191	0.199	0.194	0.195	0.192	0.194	0.207	0.202	0.194	0.194	0.197	0.194	0.195	0.195	0.197	0.195	0.197	0.195	0.206	0.198	0.210	0.194	0.199	0.195	0.194	0.197	0.194	0.196	0.195	0.199
7:00:38	34.5	0.208	0.203	0.208	0.209	0.207	0.203	0.204	0.202	0.203	0.203	0.212	0.212	0.205	0.201	0.200	0.201	0.203	0.200	0.200	0.201	0.210	0.207	0.205	0.206	0.202	0.204	0.204	0.202	0.207	0.212	0.197	0.216	0.197	0.198	0.215	0.195	0.199	0.205	0.203	0.199	0.201	0.198	0.196	0.198	0.198	0.197	0.196	0.202	0.202	0.197	0.198	0.197	0.201	0.198	0.203	0.200	0.202	0.201	0.201	0.201	0.202	0.201	0.196	0.196	0.212	0.203	0.195	0.203	0.198	0.200	0.199	0.201	0.214	0.208	0.200	0.199	0.198	0.199	0.200	0.199	0.202	0.201	0.203	0.202	0.213	0.204	0.216	0.201	0.205	0.201	0.201	0.204	0.201	0.203	0.201	0.205
8:00:39	34.5	0.215	0.210	0.215	0.215	0.213	0.209	0.211	0.209	0.210	0.210	0.219	0.219	0.212	0.208	0.206	0.207	0.209	0.206	0.206	0.207	0.216	0.212	0.211	0.212	0.208	0.211	0.210	0.208	0.214	0.216	0.203	0.222	0.203	0.204	0.206	0.202	0.206	0.212	0.209	0.205	0.208	0.205	0.202	0.203	0.204	0.203	0.202	0.209	0.208	0.204	0.204	0.203	0.207	0.204	0.208	0.207	0.209	0.208	0.207	0.208	0.208	0.207	0.203	0.203	0.218	0.209	0.202	0.209	0.204	0.207	0.205	0.208	0.220	0.214	0.206	0.205	0.205	0.205	0.206	0.205	0.208	0.207	0.210	0.209	0.222	0.211	0.223	0.207	0.212	0.208	0.208	0.211	0.207	0.210	0.208	0.212
9:00:39	34.6	0.223	0.218	0.222	0.222	0.221	0.216	0.218	0.215	0.217	0.218	0.226	0.227	0.219	0.215	0.213	0.213	0.215	0.212	0.212	0.213	0.223	0.218	0.218	0.220	0.215	0.217	0.216	0.214	0.220	0.215	0.209	0.228	0.209	0.211	0.212	0.209	0.213	0.217	0.216	0.211	0.213	0.210	0.207	0.209	0.210	0.209	0.209	0.219	0.216	0.210	0.210	0.209	0.214	0.209	0.214	0.213	0.214	0.213	0.212	0.214	0.215	0.213	0.209	0.209	0.222	0.215	0.208	0.215	0.210	0.213	0.212	0.215	0.228	0.220	0.212	0.211	0.211	0.212	0.212	0.212	0.215	0.214	0.217	0.217	0.229	0.219	0.231	0.214	0.220	0.215	0.215	0.218	0.215	0.217	0.216	0.220
10:00:39	34.6	0.231	0.226	0.230	0.230	0.228	0.225	0.226	0.223	0.225	0.226	0.235	0.236	0.227	0.223	0.221	0.221	0.223	0.220	0.220	0.221	0.231	0.225	0.226	0.228	0.223	0.225	0.223	0.221	0.227	0.219	0.216	0.234	0.216	0.218	0.220	0.217	0.221	0.224	0.222	0.218	0.220	0.217	0.214	0.215	0.217	0.216	0.216	0.224	0.224	0.218	0.217	0.216	0.220	0.215	0.221	0.220	0.221	0.220	0.219	0.220	0.223	0.221	0.216	0.216	0.229	0.221	0.214	0.222	0.217	0.220	0.220	0.223	0.236	0.228	0.220	0.219	0.218	0.218	0.220	0.219	0.222	0.221	0.225	0.225	0.238	0.228	0.239	0.222	0.228	0.223	0.223	0.226	0.223	0.225	0.224	0.228
11:00:40	34.6	0.241	0.235	0.239	0.238	0.237	0.234	0.235	0.232	0.234	0.235	0.244	0.243	0.236	0.232	0.230	0.229	0.231	0.228	0.228	0.229	0.239	0.233	0.234	0.237	0.232	0.232	0.231	0.228	0.234	0.226	0.224	0.242	0.224	0.226	0.228	0.224	0.230	0.232	0.230	0.226	0.228	0.225	0.222	0.223	0.225	0.224	0.225	0.233	0.233	0.226	0.225	0.223	0.228	0.223	0.229	0.228	0.228	0.227	0.226	0.228	0.231	0.229	0.224	0.224	0.236	0.229	0.222	0.230	0.225	0.228	0.229	0.232	0.245	0.237	0.228	0.227	0.226	0.226	0.227	0.227	0.230	0.229	0.234	0.234	0.248	0.237	0.248	0.231	0.239	0.232	0.231	0.234	0.232	0.235	0.234	0.238
12:00:41	34.6	0.245	0.240	0.245	0.244	0.243	0.241	0.243	0.238	0.240	0.241	0.246	0.247	0.243	0.240	0.238	0.238	0.240	0.237	0.237	0.237	0.247	0.240	0.239	0.243	0.239	0.241	0.240	0.236	0.242	0.235	0.232	0.250	0.232	0.235	0.237	0.227	0.239	0.241	0.239	0.234	0.236	0.233	0.230	0.230	0.233	0.232	0.233	0.242	0.241	0.234	0.233	0.232	0.236	0.230	0.237	0.236	0.237	0.235	0.234	0.236	0.240	0.238	0.233	0.233	0.245	0.237	0.230	0.238	0.233	0.237	0.237	0.240	0.253	0.245	0.237	0.236	0.235	0.234	0.236	0.235	0.239	0.238	0.241	0.242	0.252	0.244	0.256	0.240	0.250	0.241	0.241	0.243	0.240	0.243	0.240	0.244
13:00:41	34.6	0.249	0.245	0.249	0.249	0.247	0.245	0.247	0.243	0.244	0.244	0.250	0.251	0.247	0.244	0.242	0.242	0.244	0.241	0.241	0.242	0.251	0.245	0.244	0.247	0.243	0.246	0.245	0.243	0.249	0.242	0.238	0.256	0.238	0.239	0.241	0.230	0.242	0.246	0.245	0.241	0.243	0.241	0.237	0.237	0.239	0.237	0.237	0.244	0.244	0.239	0.239	0.239	0.243	0.237	0.243	0.242	0.243	0.241	0.238	0.240	0.244	0.243	0.238	0.239	0.252	0.244	0.238	0.245	0.240	0.242	0.241	0.244	0.257	0.249	0.241	0.241	0.241	0.239	0.241	0.241	0.244	0.243	0.245	0.246	0.256	0.248	0.259	0.243	0.259	0.244	0.245	0.247	0.244	0.247	0.244	0.248
14:00:42	34.5	0.253	0.249	0.253	0.254	0.252	0.248	0.251	0.247	0.249	0.249	0.254	0.255	0.251	0.249	0.247	0.247	0.248	0.246	0.245	0.246	0.255	0.250	0.248	0.251	0.248	0.251	0.249	0.247	0.253	0.246	0.243	0.261	0.243	0.244	0.246	0.234	0.247	0.250	0.249	0.246	0.248	0.245	0.241	0.242	0.243	0.242	0.242	0.248	0.248	0.244	0.244	0.243	0.247	0.241	0.247	0.246	0.247	0.245	0.242	0.243	0.248	0.247	0.242	0.243	0.256	0.247	0.241	0.249	0.243	0.246	0.245	0.248	0.261	0.253	0.246	0.245	0.245	0.243	0.245	0.245	0.248	0.247	0.249	0.249	0.260	0.252	0.263	0.248	0.268	0.248	0.248	0.250	0.248	0.250	0.248	0.252
15:00:43	34.5	0.258	0.254	0.258	0.258	0.256	0.253	0.255	0.252	0.254	0.254	0.259	0.260	0.256	0.253	0.252	0.251	0.253	0.250	0.250	0.250	0.260	0.255	0.253	0.256	0.253	0.255	0.254	0.251	0.257	0.250	0.247	0.265	0.247	0.248	0.250	0.238	0.252	0.255	0.253	0.250	0.252	0.248	0.245	0.246	0.247	0.246	0.246	0.253	0.253	0.248	0.248	0.247	0.250	0.245	0.251	0.249	0.251	0.249	0.247	0.247	0.252	0.252	0.247	0.247	0.260	0.251	0.245	0.253	0.247	0.250	0.249	0.253	0.265	0.257	0.250	0.250	0.249	0.247	0.249	0.249	0.252	0.251	0.253	0.253	0.264	0.256	0.267	0.252	0.277	0.252	0.252	0.254	0.252	0.254	0.252	0.257
16:00:43	34.5	0.263	0.258	0.262	0.263	0.261	0.257	0.260	0.256	0.258	0.258	0.263	0.264	0.260	0.258	0.256	0.256	0.257	0.254	0.254	0.254	0.264	0.259	0.257	0.260	0.257	0.259	0.258	0.255	0.262	0.254	0.251	0.269	0.251	0.252	0.254	0.242	0.255	0.259	0.257	0.254	0.256	0.253	0.249	0.250	0.251	0.250	0.251	0.257	0.257	0.253	0.252	0.251	0.254	0.249	0.254	0.253	0.254	0.253	0.251	0.251	0.257	0.256	0.251	0.252	0.264	0.255	0.249	0.257	0.251	0.254	0.254	0.257	0.269	0.262	0.254	0.253	0.253	0.251	0.254	0.254	0.256	0.255	0.258	0.257	0.268	0.260	0.271	0.256	0.287	0.256	0.256	0.258	0.256	0.258	0.256	0.260
17:00:44	34.5	0.266	0.262	0.266	0.267	0.264	0.261	0.264	0.261	0.262	0.263	0.267	0.268	0.264	0.262	0.260	0.260	0.260	0.258	0.258	0.258	0.268	0.263	0.261	0.264	0.260	0.263	0.262	0.259	0.266	0.258	0.255	0.272	0.255	0.257	0.258	0.245	0.259	0.263	0.261	0.258	0.260	0.257	0.253	0.254	0.256	0.254	0.255	0.261	0.261	0.256	0.255	0.255	0.258	0.253	0.259	0.258	0.259	0.257	0.254	0.255	0.261	0.260	0.255	0.255	0.267	0.258	0.253	0.261	0.255	0.258	0.257	0.261	0.273	0.266	0.258	0.258	0.257	0.255	0.257	0.258	0.260	0.259	0.261	0.261	0.271	0.264	0.274	0.259	0.300	0.259	0.259	0.261	0.260	0.262	0.260	0.264
18:00:44	34.5	0.270	0.265	0.270	0.271	0.268	0.265	0.267	0.264	0.266	0.266	0.271	0.272	0.267	0.266	0.263	0.264	0.264	0.262	0.262	0.262	0.271	0.267	0.264	0.268	0.264	0.267	0.265	0.263	0.270	0.262	0.258	0.276	0.258	0.260	0.262	0.248	0.263	0.266	0.265	0.262	0.264	0.260	0.256	0.257	0.259	0.258	0.258	0.265	0.265	0.260	0.260	0.259	0.262	0.256	0.262	0.261	0.262	0.261	0.258	0.259	0.264	0.264	0.258	0.259	0.271	0.263	0.257	0.265	0.259	0.262	0.261	0.265	0.276	0.269	0.262	0.262	0.261	0.259	0.261	0.263	0.264	0.263	0.265	0.265	0.274	0.268	0.278	0.265	0.314	0.264	0.263	0.265	0.263	0.265	0.264	0.267
19:00:45	34.5	0.273	0.268	0.273	0.273	0.271	0.268	0.271	0.267	0.270	0.269	0.274	0.275	0.270	0.269	0.267	0.267	0.268	0.265	0.266	0.265	0.274	0.270	0.267	0.272	0.267	0.270	0.269	0.267	0.272	0.266	0.262	0.279	0.262	0.263	0.265	0.251	0.267	0.272	0.269	0.266	0.268	0.264	0.260	0.260	0.263	0.262	0.262	0.269	0.268	0.264	0.263	0.262	0.266	0.259	0.266	0.265	0.265	0.264	0.262	0.262	0.268	0.267	0.263	0.263	0.274	0.266	0.261	0.268	0.263	0.266	0.265	0.268	0.279	0.273	0.266	0.265	0.264	0.262	0.264	0.265	0.267	0.266	0.268	0.268	0.278	0.271	0.282	0.267	0.325	0.267	0.265	0.268	0.268	0.269	0.267	0.271
20:00:45	34.5	0.275	0.271	0.276	0.277	0.273	0.271	0.274	0.271	0.272	0.272	0.277	0.277	0.273	0.273	0.270	0.270	0.271	0.269	0.269	0.268	0.277	0.272	0.270	0.275	0.270	0.274	0.272	0.270	0.276	0.269	0.265	0.282	0.265	0.267	0.268	0.254	0.271	0.273	0.272	0.268	0.271	0.267	0.263	0.265	0.266	0.265	0.266	0.272	0.271	0.267	0.267	0.266	0.269	0.263	0.269	0.267	0.267	0.267	0.266	0.265	0.270	0.271	0.266	0.266	0.277	0.269	0.264	0.271	0.266	0.269	0.268	0.271	0.282	0.275	0.269	0.268	0.269	0.266	0.268	0.268	0.270	0.269	0.271	0.270	0.280	0.273	0.285	0.270	0.335	0.270	0.268	0.271	0.269	0.271	0.270	0.273
21:00:46	34.4	0.277	0.273	0.277	0.279	0.275	0.273	0.276	0.273	0.274	0.274	0.279	0.279	0.275	0.275	0.273	0.273	0.274	0.272	0.273	0.272	0.279	0.275	0.272	0.277	0.272	0.276	0.275	0.273	0.279	0.272	0.269	0.286	0.269	0.270	0.271	0.255	0.272	0.276	0.276	0.271	0.274	0.270	0.267	0.268	0.268	0.269	0.268	0.274	0.276	0.271	0.270	0.269	0.272	0.266	0.273	0.271	0.271	0.272	0.267	0.268	0.273	0.274	0.269	0.270	0.280	0.272	0.266	0.274	0.269	0.272	0.270	0.275	0.285	0.278	0.272	0.272	0.271	0.268	0.271	0.270	0.273	0.278	0.273	0.273	0.281	0.275	0.286	0.272	0.341	0.272	0.271	0.273	0.271	0.274	0.271	0.275
22:00:47	34.5	0.279	0.276	0.279	0.281	0.277	0.276	0.282	0.275	0.276	0.276	0.281	0.281	0.277	0.277	0.275	0.276	0.276	0.274	0.275	0.274	0.281	0.278	0.274	0.279	0.274	0.278	0.278	0.275	0.281	0.274	0.271	0.288	0.272	0.273	0.273	0.257	0.274	0.278	0.278	0.274	0.277	0.273	0.269	0.270	0.272	0.270	0.270	0.276	0.276	0.273	0.272	0.271	0.274	0.269	0.274	0.274	0.273	0.272	0.270	0.271	0.275	0.276	0.271	0.272	0.283	0.275	0.269	0.276	0.271	0.274	0.273	0.276	0.288	0.279	0.275	0.274	0.273	0.272	0.273	0.273	0.276	0.274	0.275	0.274	0.282	0.276	0.288	0.276	0.343	0.274	0.274	0.274	0.273	0.275	0.273	0.276
23:00:47	34.5	0.280	0.278	0.280	0.283	0.278	0.276	0.278	0.278	0.278	0.277	0.282	0.282	0.279	0.278	0.276	0.278	0.278	0.276	0.277	0.276	0.284	0.278	0.275	0.281	0.276	0.280	0.279	0.277	0.283	0.275	0.273	0.289	0.273	0.274	0.274	0.258	0.276	0.280	0.280	0.277	0.279	0.276	0.271	0.271	0.274	0.273	0.272	0.278	0.277	0.274	0.274	0.273	0.277	0.270	0.277	0.276	0.275	0.274	0.271	0.274	0.281	0.277	0.273	0.274	0.285	0.277	0.270	0.278	0.273	0.276	0.276	0.278	0.288	0.281	0.276	0.276	0.275	0.272	0.277	0.275	0.277	0.276	0.276	0.277	0.283	0.277	0.289	0.276	0.352	0.276	0.274	0.277	0.275	0.277	0.275	0.279
0:00:00																																																																																																	

Results
	1	2	3	4	5	6	7	8	9	10	11	12
A	0.134	0.134	0.129	0.126	0.126	0.133	0.135	0.125	0.130	0.133	0.130	0.131	Max V [600]
	0.996	0.996	0.996	0.999	0.998	0.998	0.998	0.995	0.997	0.996	0.996	0.999	R-Squared [600]
	9:00:39	9:00:39	10:00:40	10:00:40	9:00:39	10:00:40	10:00:40	10:00:40	10:00:40	9:00:39	9:00:39	9:00:39	t at Max V [600]
	4:23:18	4:53:09	4:56:16	5:31:01	5:24:17	5:52:32	5:05:22	4:43:26	4:45:53	4:42:23	4:49:34	4:33:59	Lagtime [600]
B	0.132	0.134	0.132	0.127	0.127	0.127	0.128	0.126	0.128	0.121	0.122	0.132	Max V [600]
	0.998	0.999	0.998	0.994	0.995	0.996	0.995	0.995	0.999	0.996	0.996	0.997	R-Squared [600]
	10:00:40	10:00:40	10:00:40	10:00:40	10:00:40	10:00:40	10:00:40	10:00:40	10:00:40	10:00:40	10:00:40	9:00:39	t at Max V [600]
	4:40:43	5:08:13	5:17:30	5:50:43	5:56:13	5:24:28	5:21:18	5:23:22	5:11:48	6:05:36	5:08:15	4:40:04	Lagtime [600]
C	0.131	0.126	0.125	0.125	0.124	0.118	0.124	0.120	0.122	0.128	0.129	0.122	Max V [600]
	0.999	0.995	0.994	0.999	0.999	0.990	0.997	0.998	0.997	0.995	0.997	0.999	R-Squared [600]
	10:00:40	10:00:40	11:00:40	11:00:40	11:00:40	12:00:41	11:00:40	11:00:40	11:00:40	10:00:40	10:00:40	9:00:39	t at Max V [600]
	5:12:37	5:34:11	6:57:55	6:05:21	5:44:29	8:34:42	5:50:51	7:08:18	5:31:33	5:26:32	5:25:16	4:12:00	Lagtime [600]
D	0.137	0.121	0.124	0.128	0.127	0.127	0.124	0.122	0.123	0.121	0.129	0.133	Max V [600]
	0.998	0.994	0.998	0.999	0.999	0.999	0.999	0.999	0.999	0.996	0.996	0.991	R-Squared [600]
	10:00:40	11:00:40	11:00:40	11:00:40	11:00:40	11:00:40	11:00:40	11:00:40	11:00:40	10:00:40	10:00:40	10:00:40	t at Max V [600]
	5:13:37	5:34:40	5:47:33	5:58:50	6:01:43	5:57:46	6:13:23	7:22:39	5:34:46	5:15:43	5:16:20	5:03:59	Lagtime [600]
E	0.138	0.128	0.125	0.127	0.126	0.118	0.124	0.125	0.123	0.118	0.114	0.118	Max V [600]
	0.999	0.997	0.998	0.999	0.998	0.999	0.998	0.996	0.998	0.997	0.995	0.997	R-Squared [600]
	10:00:40	10:00:40	11:00:40	11:00:40	11:00:40	11:00:40	11:00:40	11:00:40	11:00:40	11:00:40	10:00:40	10:00:40	t at Max V [600]
	5:27:47	5:15:30	6:03:30	5:54:34	6:02:51	5:48:53	6:26:41	5:57:06	5:38:36	6:18:56	4:59:23	4:51:56	Lagtime [600]
F	0.132	0.129	0.126	0.127	0.124	0.125	0.126	0.126	0.125	0.126	0.132	0.137	Max V [600]
	0.997	0.995	0.995	0.998	0.999	0.999	0.999	0.999	0.999	0.996	0.998	0.998	R-Squared [600]
	10:00:40	10:00:40	10:00:40	11:00:40	11:00:40	11:00:40	11:00:40	11:00:40	11:00:40	10:00:40	10:00:40	10:00:40	t at Max V [600]
	5:18:15	5:46:31	5:22:22	5:53:59	7:24:38	6:39:21	5:49:45	5:40:50	5:37:51	5:20:44	5:09:48	5:07:34	Lagtime [600]
G	0.137	0.131	0.130	0.128	0.127	0.119	0.124	0.126	0.128	0.129	0.132	0.140	Max V [600]
	0.998	0.997	0.995	0.996	0.998	0.995	0.996	0.997	0.996	0.995	0.998	0.999	R-Squared [600]
	10:00:40	10:00:40	10:00:40	10:00:40	11:00:40	10:00:40	10:00:40	11:00:40	10:00:40	10:00:40	10:00:40	10:00:40	t at Max V [600]
	5:07:29	5:48:05	5:34:43	5:27:14	5:34:24	5:23:22	5:23:31	5:49:11	5:23:26	5:24:08	4:58:39	5:02:03	Lagtime [600]
H	0.145	0.140	0.138	0.140	0.204	0.138	0.137	0.135	0.138	0.139	0.137	0.138	Max V [600]
	0.994	0.999	0.999	0.997	0.998	0.996	0.996	0.998	0.999	0.999	0.998	0.996	R-Squared [600]
	9:00:39	10:00:40	10:00:40	10:00:40	17:00:44	10:00:40	10:00:40	10:00:40	10:00:40	10:00:40	10:00:40	9:00:39	t at Max V [600]
	4:31:58	5:00:50	5:15:17	5:15:48	8:07:30	5:12:41	5:12:37	5:36:29	5:07:27	5:01:42	4:49:00	4:39:12	Lagtime [600]


