
Software Version	3.11.19



Experiment File Path:	C:\Users\patil-group\Desktop\Sweeteners_stacker\131221_NT5007_24_24\NT5007_24_24_Rep3.xpt
Protocol File Path:	C:\Users\Public\Documents\Protocols\Screening-protocol.prt



Plate Number	Plate 14
Date	13/12/2021
Time	15:14:08
Reader Type:	Epoch 2
Reader Serial Number:	2103223
Reading Type	Reader

Procedure Details

Plate Type	96 WELL PLATE
Discontinuous Kinetics	Runtime 1:00:00 (D:HH:MM), Interval 0:01:00, 25 Reads
	Pause after each run
Eject plate on completion	
Shake	Linear: 0:00:30 (HH:MM:SS)
	Frequency: 567 cpm (3 mm)
Read	Absorbance Endpoint
	Full Plate
	Wavelengths:  600
	Read Speed: Normal,  Delay: 100 msec,  Measurements/Data Point: 8

600

Time	T° 600	A1	A2	A3	A4	A5	A6	A7	A8	A9	A10	A11	A12	B1	B2	B3	B4	B5	B6	B7	B8	B9	B10	B11	B12	C1	C2	C3	C4	C5	C6	C7	C8	C9	C10	C11	C12	D1	D2	D3	D4	D5	D6	D7	D8	D9	D10	D11	D12	E1	E2	E3	E4	E5	E6	E7	E8	E9	E10	E11	E12	F1	F2	F3	F4	F5	F6	F7	F8	F9	F10	F11	F12	G1	G2	G3	G4	G5	G6	G7	G8	G9	G10	G11	G12	H1	H2	H3	H4	H5	H6	H7	H8	H9	H10	H11	H12
0:00:34	34.2	0.190	0.189	0.193	0.190	0.190	0.184	0.190	0.185	0.183	0.183	0.185	0.183	0.190	0.200	0.184	0.195	0.188	0.183	0.190	0.187	0.204	0.188	0.193	0.184	0.191	0.190	0.192	0.183	0.191	0.197	0.187	0.196	0.181	0.192	0.183	0.182	0.192	0.193	0.185	0.183	0.192	0.185	0.181	0.183	0.200	0.193	0.190	0.180	0.186	0.184	0.191	0.184	0.194	0.185	0.182	0.185	0.183	0.187	0.184	0.182	0.193	0.187	0.186	0.190	0.193	0.195	0.183	0.201	0.186	0.191	0.189	0.183	0.187	0.185	0.188	0.193	0.188	0.188	0.186	0.187	0.186	0.182	0.200	0.184	0.195	0.187	0.194	0.190	0.196	0.183	0.189	0.183	0.185	0.197	0.184	0.184
1:00:34	34.5	0.192	0.190	0.194	0.192	0.190	0.183	0.192	0.186	0.185	0.185	0.186	0.184	0.192	0.196	0.185	0.198	0.189	0.184	0.191	0.188	0.204	0.189	0.195	0.186	0.193	0.191	0.192	0.184	0.193	0.198	0.188	0.197	0.184	0.194	0.185	0.184	0.194	0.194	0.186	0.185	0.193	0.186	0.182	0.184	0.199	0.194	0.189	0.184	0.188	0.185	0.192	0.185	0.195	0.187	0.183	0.186	0.184	0.189	0.186	0.184	0.194	0.187	0.188	0.191	0.194	0.196	0.184	0.202	0.188	0.192	0.191	0.184	0.189	0.187	0.189	0.194	0.189	0.189	0.187	0.188	0.188	0.183	0.201	0.186	0.196	0.188	0.196	0.191	0.196	0.190	0.191	0.185	0.187	0.198	0.186	0.186
2:00:35	34.5	0.194	0.191	0.195	0.193	0.188	0.185	0.193	0.188	0.187	0.186	0.188	0.186	0.194	0.197	0.187	0.198	0.190	0.185	0.193	0.190	0.206	0.190	0.196	0.188	0.194	0.193	0.193	0.185	0.194	0.196	0.189	0.199	0.184	0.195	0.187	0.186	0.195	0.195	0.187	0.186	0.194	0.186	0.184	0.186	0.200	0.195	0.189	0.184	0.190	0.186	0.192	0.186	0.195	0.188	0.184	0.187	0.185	0.190	0.188	0.186	0.194	0.188	0.189	0.192	0.195	0.198	0.186	0.202	0.190	0.193	0.192	0.186	0.190	0.189	0.191	0.195	0.190	0.190	0.189	0.190	0.189	0.185	0.199	0.189	0.197	0.190	0.197	0.192	0.197	0.187	0.192	0.187	0.188	0.198	0.188	0.188
3:00:35	34.6	0.196	0.193	0.196	0.195	0.190	0.187	0.195	0.190	0.189	0.188	0.191	0.189	0.196	0.197	0.189	0.200	0.193	0.187	0.195	0.192	0.208	0.192	0.198	0.190	0.196	0.194	0.194	0.187	0.196	0.198	0.191	0.200	0.186	0.196	0.189	0.188	0.196	0.197	0.189	0.188	0.196	0.188	0.185	0.188	0.197	0.196	0.191	0.186	0.192	0.188	0.193	0.188	0.197	0.190	0.185	0.189	0.187	0.192	0.190	0.188	0.196	0.190	0.191	0.194	0.197	0.199	0.187	0.203	0.191	0.195	0.195	0.188	0.192	0.191	0.192	0.197	0.190	0.192	0.191	0.191	0.191	0.187	0.200	0.191	0.199	0.191	0.199	0.194	0.198	0.189	0.194	0.189	0.189	0.199	0.190	0.190
4:00:37	34.6	0.198	0.196	0.197	0.197	0.192	0.189	0.197	0.192	0.191	0.190	0.193	0.191	0.198	0.198	0.191	0.201	0.194	0.189	0.196	0.194	0.209	0.194	0.200	0.192	0.198	0.196	0.196	0.189	0.198	0.198	0.193	0.202	0.188	0.198	0.190	0.190	0.198	0.199	0.190	0.190	0.197	0.189	0.188	0.189	0.198	0.196	0.192	0.190	0.194	0.190	0.194	0.190	0.198	0.191	0.187	0.191	0.189	0.194	0.192	0.189	0.198	0.192	0.192	0.196	0.198	0.200	0.189	0.204	0.193	0.197	0.196	0.190	0.194	0.193	0.194	0.198	0.192	0.193	0.192	0.193	0.193	0.189	0.201	0.193	0.200	0.193	0.201	0.196	0.199	0.191	0.195	0.192	0.191	0.201	0.192	0.192
5:00:38	34.5	0.199	0.198	0.199	0.199	0.194	0.191	0.199	0.195	0.193	0.192	0.194	0.192	0.200	0.200	0.193	0.203	0.196	0.191	0.198	0.196	0.210	0.196	0.202	0.194	0.200	0.198	0.197	0.191	0.200	0.200	0.195	0.204	0.190	0.200	0.192	0.192	0.199	0.201	0.192	0.192	0.198	0.190	0.189	0.191	0.199	0.197	0.193	0.192	0.196	0.192	0.196	0.192	0.200	0.194	0.190	0.193	0.191	0.196	0.194	0.192	0.199	0.194	0.194	0.198	0.200	0.202	0.191	0.206	0.195	0.199	0.198	0.193	0.196	0.195	0.196	0.200	0.193	0.195	0.194	0.195	0.195	0.190	0.202	0.195	0.202	0.195	0.203	0.198	0.200	0.193	0.197	0.193	0.193	0.203	0.194	0.193
6:00:38	34.5	0.204	0.200	0.201	0.200	0.196	0.193	0.199	0.195	0.195	0.195	0.197	0.197	0.202	0.201	0.193	0.200	0.196	0.191	0.198	0.196	0.209	0.196	0.203	0.196	0.200	0.198	0.197	0.192	0.201	0.200	0.196	0.204	0.190	0.200	0.192	0.192	0.200	0.201	0.193	0.192	0.198	0.191	0.190	0.191	0.200	0.197	0.193	0.192	0.197	0.193	0.196	0.193	0.201	0.194	0.190	0.194	0.192	0.196	0.194	0.192	0.200	0.194	0.195	0.198	0.201	0.202	0.193	0.206	0.196	0.199	0.199	0.193	0.197	0.195	0.197	0.200	0.193	0.196	0.195	0.196	0.195	0.191	0.202	0.196	0.206	0.197	0.204	0.198	0.200	0.194	0.198	0.193	0.193	0.205	0.196	0.196
7:00:39	34.5	0.211	0.206	0.208	0.207	0.202	0.199	0.206	0.202	0.202	0.201	0.204	0.204	0.209	0.207	0.200	0.205	0.202	0.197	0.203	0.201	0.215	0.202	0.209	0.203	0.207	0.204	0.202	0.196	0.204	0.203	0.200	0.208	0.194	0.205	0.199	0.199	0.206	0.206	0.198	0.196	0.201	0.194	0.194	0.194	0.202	0.200	0.199	0.198	0.204	0.199	0.200	0.196	0.204	0.198	0.196	0.197	0.196	0.200	0.199	0.198	0.207	0.200	0.199	0.202	0.204	0.206	0.196	0.210	0.200	0.204	0.205	0.200	0.204	0.201	0.202	0.203	0.198	0.201	0.199	0.200	0.200	0.196	0.208	0.203	0.211	0.204	0.211	0.205	0.205	0.200	0.204	0.200	0.200	0.211	0.203	0.202
8:00:39	34.5	0.217	0.213	0.214	0.213	0.209	0.206	0.212	0.208	0.208	0.208	0.210	0.210	0.216	0.213	0.206	0.211	0.208	0.203	0.209	0.207	0.221	0.208	0.214	0.209	0.213	0.210	0.208	0.203	0.210	0.209	0.206	0.214	0.200	0.210	0.205	0.206	0.212	0.212	0.204	0.202	0.206	0.200	0.200	0.201	0.208	0.206	0.204	0.205	0.210	0.205	0.207	0.203	0.210	0.204	0.201	0.203	0.202	0.207	0.205	0.204	0.213	0.206	0.206	0.208	0.210	0.212	0.202	0.216	0.206	0.210	0.211	0.207	0.211	0.207	0.208	0.210	0.204	0.206	0.205	0.206	0.207	0.203	0.214	0.209	0.218	0.210	0.217	0.211	0.211	0.207	0.210	0.206	0.206	0.217	0.209	0.209
9:00:39	34.5	0.225	0.219	0.220	0.219	0.215	0.212	0.218	0.215	0.214	0.214	0.217	0.217	0.222	0.219	0.211	0.216	0.213	0.209	0.215	0.212	0.226	0.213	0.220	0.215	0.219	0.216	0.214	0.208	0.216	0.214	0.211	0.220	0.205	0.216	0.210	0.211	0.218	0.218	0.209	0.207	0.211	0.206	0.205	0.206	0.213	0.211	0.209	0.210	0.216	0.210	0.212	0.208	0.216	0.209	0.207	0.208	0.207	0.211	0.210	0.209	0.218	0.211	0.211	0.214	0.216	0.217	0.208	0.221	0.211	0.214	0.216	0.212	0.217	0.212	0.214	0.215	0.209	0.211	0.211	0.211	0.211	0.208	0.219	0.215	0.225	0.218	0.225	0.218	0.218	0.214	0.215	0.212	0.212	0.223	0.215	0.215
10:00:40	34.6	0.233	0.228	0.228	0.226	0.223	0.220	0.226	0.222	0.222	0.222	0.225	0.226	0.230	0.226	0.219	0.222	0.219	0.216	0.221	0.219	0.233	0.220	0.227	0.223	0.226	0.222	0.220	0.214	0.222	0.219	0.217	0.225	0.211	0.222	0.216	0.218	0.225	0.224	0.215	0.213	0.217	0.211	0.211	0.211	0.219	0.217	0.215	0.217	0.223	0.216	0.218	0.213	0.221	0.214	0.213	0.214	0.212	0.217	0.216	0.216	0.225	0.217	0.217	0.220	0.222	0.223	0.213	0.227	0.217	0.220	0.223	0.219	0.224	0.219	0.220	0.221	0.215	0.217	0.217	0.217	0.218	0.214	0.227	0.223	0.234	0.226	0.232	0.226	0.226	0.222	0.222	0.219	0.219	0.231	0.223	0.223
11:00:40	34.6	0.242	0.237	0.237	0.235	0.232	0.229	0.235	0.231	0.231	0.231	0.234	0.235	0.240	0.234	0.227	0.230	0.227	0.224	0.229	0.226	0.241	0.229	0.236	0.233	0.235	0.230	0.227	0.221	0.229	0.226	0.224	0.232	0.218	0.229	0.225	0.227	0.233	0.232	0.223	0.225	0.224	0.218	0.218	0.218	0.225	0.224	0.223	0.226	0.232	0.225	0.225	0.221	0.228	0.221	0.221	0.221	0.220	0.224	0.223	0.223	0.234	0.225	0.224	0.227	0.228	0.230	0.220	0.233	0.224	0.228	0.231	0.228	0.233	0.227	0.228	0.228	0.223	0.225	0.224	0.225	0.226	0.222	0.235	0.232	0.244	0.235	0.241	0.235	0.234	0.231	0.231	0.228	0.228	0.240	0.233	0.231
12:00:41	34.6	0.247	0.243	0.243	0.242	0.239	0.237	0.243	0.239	0.237	0.237	0.240	0.239	0.247	0.243	0.236	0.238	0.236	0.233	0.238	0.235	0.250	0.237	0.244	0.239	0.243	0.239	0.236	0.230	0.237	0.234	0.232	0.240	0.227	0.238	0.234	0.235	0.243	0.241	0.231	0.233	0.231	0.226	0.226	0.226	0.233	0.232	0.231	0.234	0.241	0.233	0.233	0.229	0.236	0.229	0.229	0.230	0.228	0.232	0.231	0.230	0.243	0.234	0.233	0.235	0.236	0.237	0.228	0.241	0.232	0.236	0.241	0.237	0.243	0.236	0.237	0.237	0.232	0.233	0.233	0.233	0.234	0.231	0.243	0.241	0.249	0.243	0.250	0.244	0.243	0.240	0.239	0.237	0.236	0.247	0.239	0.238
13:00:41	34.5	0.251	0.247	0.247	0.246	0.243	0.241	0.247	0.243	0.241	0.241	0.244	0.243	0.251	0.248	0.241	0.243	0.241	0.238	0.243	0.241	0.255	0.242	0.248	0.243	0.247	0.245	0.242	0.238	0.245	0.241	0.240	0.249	0.233	0.243	0.238	0.239	0.247	0.247	0.239	0.242	0.239	0.234	0.234	0.235	0.241	0.239	0.236	0.238	0.245	0.239	0.240	0.237	0.244	0.237	0.234	0.238	0.236	0.239	0.236	0.235	0.246	0.240	0.240	0.243	0.245	0.245	0.237	0.248	0.240	0.242	0.246	0.241	0.246	0.241	0.242	0.243	0.236	0.239	0.239	0.240	0.240	0.237	0.248	0.245	0.253	0.246	0.254	0.247	0.246	0.243	0.244	0.241	0.241	0.252	0.243	0.242
14:00:42	34.5	0.256	0.252	0.252	0.251	0.247	0.245	0.250	0.248	0.245	0.245	0.249	0.248	0.256	0.252	0.245	0.247	0.245	0.242	0.247	0.245	0.259	0.247	0.253	0.248	0.252	0.249	0.246	0.241	0.249	0.245	0.244	0.254	0.237	0.247	0.244	0.244	0.252	0.251	0.242	0.247	0.243	0.238	0.238	0.238	0.245	0.244	0.241	0.242	0.249	0.243	0.245	0.241	0.248	0.241	0.238	0.242	0.240	0.243	0.241	0.239	0.250	0.244	0.244	0.247	0.249	0.249	0.241	0.252	0.244	0.246	0.250	0.245	0.251	0.245	0.246	0.247	0.240	0.243	0.243	0.245	0.245	0.241	0.253	0.248	0.257	0.250	0.257	0.251	0.249	0.251	0.247	0.245	0.245	0.256	0.247	0.246
15:00:43	34.5	0.261	0.257	0.256	0.255	0.252	0.249	0.254	0.253	0.250	0.250	0.253	0.252	0.261	0.257	0.250	0.251	0.249	0.246	0.252	0.250	0.263	0.251	0.257	0.252	0.256	0.254	0.250	0.246	0.253	0.249	0.247	0.257	0.242	0.251	0.247	0.248	0.256	0.255	0.247	0.252	0.247	0.242	0.242	0.242	0.249	0.248	0.245	0.246	0.254	0.247	0.248	0.245	0.251	0.245	0.242	0.245	0.244	0.247	0.245	0.243	0.254	0.248	0.248	0.251	0.252	0.252	0.244	0.256	0.248	0.250	0.254	0.249	0.255	0.249	0.250	0.251	0.243	0.247	0.247	0.249	0.249	0.245	0.257	0.254	0.261	0.254	0.261	0.255	0.252	0.250	0.251	0.249	0.249	0.260	0.251	0.253
16:00:44	34.5	0.265	0.261	0.260	0.260	0.256	0.254	0.258	0.257	0.254	0.254	0.257	0.257	0.265	0.261	0.255	0.255	0.253	0.250	0.256	0.254	0.267	0.256	0.261	0.257	0.260	0.258	0.255	0.250	0.257	0.253	0.251	0.260	0.245	0.255	0.251	0.253	0.260	0.259	0.251	0.258	0.251	0.246	0.246	0.246	0.253	0.252	0.249	0.252	0.261	0.252	0.252	0.249	0.255	0.249	0.246	0.249	0.247	0.251	0.249	0.247	0.259	0.253	0.252	0.255	0.256	0.256	0.248	0.259	0.252	0.254	0.259	0.254	0.259	0.254	0.255	0.255	0.247	0.251	0.252	0.253	0.253	0.249	0.261	0.258	0.265	0.258	0.265	0.259	0.256	0.254	0.254	0.253	0.253	0.264	0.255	0.254
17:00:44	34.5	0.270	0.265	0.265	0.264	0.259	0.257	0.261	0.261	0.258	0.258	0.261	0.261	0.269	0.265	0.258	0.259	0.257	0.255	0.260	0.258	0.271	0.260	0.265	0.261	0.264	0.262	0.258	0.254	0.261	0.256	0.255	0.264	0.249	0.259	0.255	0.257	0.264	0.263	0.255	0.263	0.255	0.251	0.249	0.251	0.257	0.256	0.253	0.256	0.262	0.255	0.256	0.253	0.259	0.253	0.249	0.253	0.251	0.255	0.253	0.251	0.263	0.257	0.256	0.259	0.260	0.260	0.252	0.263	0.256	0.258	0.263	0.258	0.264	0.258	0.258	0.260	0.250	0.255	0.255	0.257	0.257	0.254	0.265	0.263	0.269	0.262	0.269	0.263	0.260	0.258	0.258	0.257	0.257	0.269	0.260	0.264
18:00:45	34.5	0.273	0.269	0.268	0.267	0.263	0.260	0.265	0.264	0.261	0.261	0.265	0.264	0.273	0.269	0.262	0.263	0.261	0.258	0.264	0.261	0.275	0.263	0.268	0.265	0.268	0.266	0.262	0.259	0.264	0.260	0.259	0.268	0.253	0.262	0.259	0.260	0.268	0.266	0.259	0.268	0.258	0.255	0.254	0.254	0.261	0.260	0.257	0.259	0.265	0.259	0.260	0.257	0.263	0.257	0.253	0.257	0.255	0.259	0.257	0.255	0.266	0.260	0.259	0.262	0.264	0.263	0.256	0.266	0.260	0.261	0.266	0.261	0.267	0.261	0.262	0.263	0.254	0.259	0.259	0.260	0.261	0.257	0.268	0.264	0.273	0.266	0.273	0.266	0.263	0.261	0.261	0.262	0.260	0.274	0.263	0.261
19:00:46	34.5	0.276	0.272	0.271	0.270	0.265	0.264	0.268	0.267	0.264	0.264	0.268	0.266	0.276	0.275	0.265	0.266	0.264	0.262	0.267	0.264	0.278	0.266	0.271	0.268	0.271	0.269	0.266	0.261	0.268	0.263	0.262	0.271	0.256	0.266	0.261	0.264	0.271	0.269	0.262	0.272	0.262	0.258	0.257	0.258	0.264	0.263	0.260	0.263	0.270	0.262	0.263	0.260	0.266	0.260	0.256	0.260	0.259	0.262	0.260	0.258	0.270	0.267	0.262	0.266	0.267	0.266	0.260	0.268	0.262	0.264	0.269	0.264	0.271	0.265	0.266	0.267	0.257	0.262	0.262	0.263	0.264	0.260	0.271	0.267	0.276	0.269	0.276	0.269	0.267	0.265	0.265	0.266	0.263	0.274	0.265	0.264
20:00:45	34.4	0.278	0.274	0.274	0.273	0.268	0.267	0.270	0.271	0.267	0.267	0.270	0.269	0.279	0.275	0.269	0.269	0.267	0.264	0.270	0.267	0.281	0.268	0.274	0.271	0.275	0.272	0.269	0.265	0.271	0.266	0.266	0.275	0.260	0.269	0.264	0.267	0.274	0.273	0.265	0.275	0.265	0.261	0.260	0.261	0.267	0.266	0.263	0.266	0.271	0.266	0.266	0.264	0.269	0.264	0.258	0.263	0.261	0.265	0.264	0.262	0.272	0.267	0.266	0.269	0.270	0.269	0.262	0.271	0.266	0.268	0.273	0.268	0.274	0.268	0.268	0.270	0.260	0.265	0.266	0.266	0.268	0.263	0.274	0.270	0.279	0.272	0.279	0.272	0.269	0.267	0.267	0.267	0.266	0.277	0.268	0.268
21:00:46	34.4	0.280	0.276	0.275	0.274	0.270	0.269	0.273	0.272	0.269	0.269	0.272	0.271	0.281	0.278	0.271	0.273	0.270	0.267	0.273	0.271	0.284	0.271	0.277	0.273	0.279	0.275	0.271	0.268	0.273	0.269	0.268	0.277	0.263	0.272	0.275	0.270	0.277	0.275	0.269	0.278	0.268	0.265	0.263	0.264	0.270	0.270	0.267	0.269	0.274	0.269	0.269	0.266	0.271	0.267	0.261	0.267	0.265	0.267	0.267	0.264	0.275	0.269	0.268	0.272	0.273	0.272	0.264	0.273	0.268	0.271	0.275	0.270	0.277	0.270	0.272	0.272	0.262	0.268	0.268	0.269	0.270	0.267	0.276	0.273	0.283	0.274	0.281	0.274	0.271	0.270	0.270	0.269	0.269	0.279	0.270	0.270
22:00:47	34.5	0.282	0.277	0.277	0.277	0.271	0.270	0.274	0.274	0.271	0.271	0.274	0.273	0.283	0.280	0.274	0.275	0.272	0.270	0.276	0.273	0.286	0.272	0.279	0.275	0.279	0.277	0.274	0.270	0.276	0.271	0.272	0.280	0.266	0.275	0.273	0.272	0.279	0.278	0.271	0.281	0.271	0.267	0.266	0.266	0.273	0.273	0.268	0.271	0.275	0.271	0.272	0.269	0.274	0.269	0.264	0.269	0.268	0.270	0.270	0.266	0.276	0.272	0.272	0.275	0.275	0.275	0.267	0.275	0.271	0.272	0.278	0.274	0.278	0.273	0.275	0.275	0.264	0.270	0.271	0.272	0.272	0.269	0.278	0.278	0.282	0.276	0.284	0.277	0.274	0.272	0.272	0.271	0.271	0.280	0.272	0.270
23:00:47	34.5	0.288	0.279	0.278	0.277	0.273	0.273	0.274	0.275	0.272	0.272	0.275	0.274	0.284	0.282	0.275	0.276	0.274	0.272	0.278	0.275	0.287	0.274	0.280	0.277	0.280	0.278	0.276	0.273	0.278	0.274	0.274	0.282	0.268	0.276	0.270	0.274	0.283	0.279	0.273	0.284	0.273	0.270	0.269	0.269	0.275	0.277	0.270	0.284	0.277	0.273	0.274	0.272	0.277	0.272	0.265	0.272	0.269	0.272	0.272	0.269	0.278	0.274	0.273	0.277	0.277	0.276	0.272	0.276	0.273	0.275	0.279	0.274	0.280	0.274	0.276	0.277	0.266	0.274	0.274	0.274	0.274	0.270	0.279	0.276	0.285	0.285	0.285	0.278	0.275	0.274	0.273	0.273	0.272	0.290	0.273	0.278
0:00:00																																																																																																	

Results
	1	2	3	4	5	6	7	8	9	10	11	12
A	0.131	0.130	0.128	0.125	0.128	0.132	0.131	0.130	0.127	0.127	0.129	0.130	Max V [600]
	0.993	0.996	0.995	0.995	0.996	0.995	0.995	0.996	0.998	0.997	0.995	0.993	R-Squared [600]
	9:00:40	10:00:40	10:00:40	10:00:40	10:00:40	10:00:40	10:00:40	10:00:40	10:00:40	10:00:40	10:00:40	9:00:40	t at Max V [600]
	4:27:21	4:57:15	5:24:41	5:07:02	5:36:43	5:21:35	5:21:08	5:03:05	4:49:44	4:55:03	4:45:07	4:28:10	Lagtime [600]
B	0.133	0.127	0.127	0.115	0.121	0.125	0.122	0.123	0.123	0.123	0.124	0.129	Max V [600]
	0.996	0.992	0.993	0.994	0.994	0.992	0.992	0.995	0.992	0.992	0.995	0.997	R-Squared [600]
	10:00:40	10:00:40	11:00:40	11:00:40	11:00:40	11:00:40	11:00:40	11:00:40	11:00:40	11:00:40	10:00:40	10:00:40	t at Max V [600]
	4:54:14	6:28:35	5:24:39	5:58:54	5:34:25	5:31:57	5:38:30	5:40:25	5:58:22	5:31:04	5:19:14	4:52:57	Lagtime [600]
C	0.129	0.125	0.122	0.125	0.123	0.115	0.122	0.123	0.119	0.117	0.122	0.123	Max V [600]
	0.995	0.994	0.996	0.996	0.995	0.998	0.995	0.994	0.998	0.995	0.989	0.990	R-Squared [600]
	10:00:40	11:00:40	11:00:40	11:00:40	11:00:40	11:00:40	11:00:40	12:00:41	11:00:40	11:00:40	11:00:40	10:00:40	t at Max V [600]
	5:19:42	5:37:48	6:09:57	5:46:48	5:49:48	6:42:31	5:49:31	5:58:41	5:45:20	5:40:24	5:23:27	4:54:56	Lagtime [600]
D	0.129	0.124	0.124	0.149	0.116	0.121	0.121	0.121	0.118	0.118	0.116	0.124	Max V [600]
	0.991	0.992	0.995	0.991	0.995	0.991	0.995	0.990	0.994	0.996	0.995	0.991	R-Squared [600]
	10:00:40	11:00:40	11:00:40	11:00:40	11:00:40	11:00:40	11:00:40	11:00:40	11:00:40	11:00:40	11:00:40	10:00:40	t at Max V [600]
	5:37:44	5:39:46	5:52:38	6:26:22	6:24:15	6:24:45	5:45:52	5:58:39	7:17:28	6:34:49	6:16:13	4:52:51	Lagtime [600]
E	0.130	0.125	0.119	0.125	0.120	0.118	0.118	0.126	0.121	0.117	0.113	0.111	Max V [600]
	0.992	0.996	0.997	0.994	0.993	0.994	0.995	0.995	0.995	0.997	0.997	0.996	R-Squared [600]
	10:00:40	11:00:40	11:00:40	11:00:40	11:00:40	11:00:40	11:00:40	11:00:40	11:00:40	11:00:40	11:00:40	10:00:40	t at Max V [600]
	5:07:56	5:32:25	6:14:16	5:55:30	6:10:02	5:46:54	5:31:10	6:04:26	5:46:19	5:40:00	5:15:19	4:47:47	Lagtime [600]
F	0.125	0.125	0.123	0.123	0.123	0.118	0.123	0.115	0.121	0.119	0.127	0.129	Max V [600]
	0.984	0.994	0.996	0.995	0.992	0.996	0.992	0.997	0.996	0.996	0.992	0.991	R-Squared [600]
	10:00:40	11:00:40	11:00:40	11:00:40	11:00:40	11:00:40	11:00:40	11:00:40	11:00:40	11:00:40	11:00:40	10:00:40	t at Max V [600]
	5:30:42	5:53:44	5:43:37	5:52:21	6:05:26	6:00:07	5:51:38	6:12:59	5:42:49	5:48:09	5:31:25	5:03:44	Lagtime [600]
G	0.136	0.125	0.122	0.121	0.118	0.120	0.122	0.123	0.124	0.125	0.124	0.132	Max V [600]
	0.991	0.992	0.995	0.997	0.993	0.997	0.997	0.997	0.997	0.995	0.991	0.994	R-Squared [600]
	10:00:40	11:00:40	11:00:40	11:00:40	11:00:40	11:00:40	11:00:40	11:00:40	11:00:40	11:00:40	11:00:40	10:00:40	t at Max V [600]
	5:19:03	5:26:13	5:27:26	6:07:16	6:03:56	5:46:08	5:43:02	5:45:39	5:39:55	5:38:45	6:22:37	4:58:53	Lagtime [600]
H	0.136	0.135	0.137	0.137	0.133	0.136	0.122	0.127	0.127	0.128	0.130	0.127	Max V [600]
	0.994	0.999	0.997	0.997	0.997	0.996	0.991	0.990	0.994	0.994	0.997	0.997	R-Squared [600]
	9:00:40	10:00:40	10:00:40	10:00:40	10:00:40	10:00:40	11:00:40	10:00:40	10:00:40	10:00:40	10:00:40	10:00:40	t at Max V [600]
	5:06:50	5:06:59	5:18:15	5:30:22	6:08:00	5:11:06	5:26:39	5:10:25	5:19:44	5:26:31	4:56:46	4:55:30	Lagtime [600]

