
Software Version	3.11.19



Experiment File Path:	C:\Users\patil-group\Desktop\Sweeteners_stacker\241121_NT5048_77_81_Rep2\NT5048_77_81_Rep2.xpt
Protocol File Path:	C:\Users\Public\Documents\Protocols\Screening-protocol.prt



Plate Number	Plate 11
Date	24/11/2021
Time	14:33:35
Reader Type:	Epoch 2
Reader Serial Number:	2103223
Reading Type	Reader

Procedure Details

Plate Type	96 WELL PLATE
Discontinuous Kinetics	Runtime 1:00:00 (D:HH:MM), Interval 0:01:00, 25 Reads
	Pause after each run
Eject plate on completion	
Shake	Linear: 0:00:30 (HH:MM:SS)
	Frequency: 567 cpm (3 mm)
Read	Absorbance Endpoint
	Full Plate
	Wavelengths:  600
	Read Speed: Normal,  Delay: 100 msec,  Measurements/Data Point: 8

600

Time	T° 600	A1	A2	A3	A4	A5	A6	A7	A8	A9	A10	A11	A12	B1	B2	B3	B4	B5	B6	B7	B8	B9	B10	B11	B12	C1	C2	C3	C4	C5	C6	C7	C8	C9	C10	C11	C12	D1	D2	D3	D4	D5	D6	D7	D8	D9	D10	D11	D12	E1	E2	E3	E4	E5	E6	E7	E8	E9	E10	E11	E12	F1	F2	F3	F4	F5	F6	F7	F8	F9	F10	F11	F12	G1	G2	G3	G4	G5	G6	G7	G8	G9	G10	G11	G12	H1	H2	H3	H4	H5	H6	H7	H8	H9	H10	H11	H12
0:00:34	34.7	0.210	0.189	0.209	0.205	0.267	0.207	0.197	0.203	0.203	0.198	0.223	0.203	0.211	0.209	0.200	0.207	0.193	0.199	0.195	0.202	0.206	0.192	0.196	0.203	0.204	0.228	0.199	0.204	0.214	0.193	0.190	0.200	0.191	0.191	0.195	0.201	0.204	0.203	0.209	0.198	0.193	0.192	0.193	0.191	0.185	0.189	0.192	0.192	0.225	0.201	0.235	0.204	0.194	0.191	0.198	0.191	0.183	0.193	0.195	0.197	0.201	0.198	0.198	0.194	0.199	0.193	0.188	0.199	0.195	0.220	0.197	0.208	0.241	0.191	0.199	0.204	0.195	0.195	0.201	0.190	0.195	0.196	0.196	0.193	0.210	0.180	0.206	0.202	0.212	0.206	0.210	0.200	0.194	0.194	0.199	0.204
1:00:34	34.8	0.324	0.274	0.311	0.305	0.357	0.307	0.301	0.311	0.312	0.309	0.310	0.298	0.317	0.305	0.304	0.296	0.278	0.294	0.299	0.287	0.297	0.277	0.275	0.299	0.305	0.302	0.289	0.292	0.300	0.268	0.281	0.287	0.275	0.268	0.277	0.290	0.311	0.254	0.294	0.283	0.272	0.271	0.274	0.267	0.263	0.269	0.271	0.277	0.318	0.283	0.305	0.284	0.275	0.271	0.274	0.272	0.262	0.277	0.274	0.284	0.294	0.286	0.281	0.276	0.275	0.274	0.266	0.277	0.271	0.291	0.285	0.296	0.333	0.262	0.279	0.291	0.270	0.283	0.286	0.273	0.279	0.289	0.280	0.279	0.318	0.250	0.306	0.288	0.289	0.293	0.314	0.295	0.288	0.294	0.296	0.302
2:00:35	34.9	0.455	0.415	0.449	0.442	0.491	0.470	0.453	0.461	0.454	0.452	0.437	0.423	0.470	0.466	0.460	0.454	0.438	0.448	0.456	0.445	0.465	0.426	0.422	0.440	0.447	0.453	0.457	0.472	0.472	0.435	0.457	0.462	0.446	0.428	0.425	0.418	0.461	0.387	0.466	0.458	0.440	0.431	0.453	0.434	0.430	0.435	0.419	0.411	0.458	0.433	0.461	0.449	0.440	0.429	0.435	0.420	0.418	0.436	0.420	0.429	0.429	0.439	0.442	0.427	0.434	0.428	0.419	0.434	0.423	0.439	0.439	0.430	0.476	0.404	0.436	0.442	0.429	0.440	0.439	0.425	0.427	0.440	0.426	0.409	0.446	0.384	0.453	0.450	0.449	0.450	0.467	0.446	0.427	0.439	0.440	0.423
3:00:36	34.9	0.501	0.464	0.494	0.493	0.535	0.508	0.487	0.499	0.495	0.493	0.490	0.476	0.517	0.517	0.504	0.499	0.485	0.489	0.497	0.491	0.505	0.473	0.475	0.484	0.495	0.504	0.502	0.519	0.521	0.479	0.501	0.503	0.491	0.479	0.478	0.475	0.503	0.452	0.513	0.506	0.492	0.481	0.500	0.489	0.484	0.492	0.472	0.467	0.503	0.482	0.508	0.497	0.488	0.480	0.485	0.471	0.469	0.484	0.473	0.479	0.484	0.492	0.494	0.480	0.481	0.472	0.469	0.483	0.474	0.489	0.487	0.483	0.521	0.462	0.478	0.491	0.475	0.486	0.486	0.469	0.476	0.485	0.473	0.461	0.495	0.439	0.494	0.495	0.492	0.489	0.506	0.487	0.475	0.482	0.485	0.480
4:00:37	34.9	0.520	0.487	0.515	0.517	0.556	0.525	0.505	0.517	0.514	0.512	0.515	0.501	0.534	0.536	0.525	0.523	0.512	0.514	0.517	0.516	0.523	0.499	0.503	0.506	0.520	0.528	0.525	0.541	0.543	0.505	0.521	0.525	0.515	0.508	0.505	0.503	0.524	0.482	0.534	0.526	0.513	0.508	0.520	0.511	0.515	0.516	0.501	0.496	0.523	0.508	0.535	0.519	0.510	0.505	0.508	0.500	0.495	0.508	0.501	0.505	0.510	0.516	0.519	0.507	0.507	0.498	0.498	0.507	0.502	0.516	0.512	0.512	0.544	0.490	0.506	0.518	0.501	0.506	0.507	0.490	0.502	0.510	0.496	0.487	0.517	0.469	0.515	0.514	0.513	0.512	0.523	0.507	0.500	0.504	0.507	0.505
5:00:37	34.9	0.536	0.504	0.530	0.533	0.570	0.539	0.521	0.532	0.529	0.528	0.533	0.520	0.550	0.552	0.542	0.539	0.530	0.530	0.534	0.531	0.536	0.516	0.520	0.524	0.537	0.545	0.541	0.557	0.558	0.523	0.537	0.541	0.530	0.523	0.522	0.522	0.542	0.501	0.551	0.542	0.528	0.523	0.535	0.526	0.535	0.534	0.519	0.515	0.539	0.524	0.551	0.534	0.526	0.520	0.523	0.516	0.512	0.522	0.517	0.519	0.529	0.535	0.535	0.525	0.523	0.515	0.515	0.523	0.519	0.533	0.527	0.530	0.561	0.508	0.522	0.534	0.518	0.521	0.523	0.505	0.518	0.526	0.511	0.505	0.535	0.487	0.532	0.529	0.532	0.527	0.538	0.522	0.518	0.523	0.525	0.525
6:00:38	34.9	0.553	0.522	0.544	0.547	0.585	0.554	0.537	0.547	0.544	0.543	0.550	0.537	0.564	0.567	0.556	0.555	0.547	0.547	0.549	0.548	0.552	0.532	0.538	0.541	0.553	0.560	0.556	0.573	0.574	0.541	0.552	0.556	0.545	0.541	0.539	0.540	0.558	0.519	0.567	0.557	0.543	0.539	0.550	0.541	0.552	0.550	0.535	0.533	0.555	0.541	0.568	0.552	0.543	0.537	0.538	0.533	0.527	0.537	0.532	0.535	0.547	0.552	0.552	0.542	0.541	0.531	0.532	0.539	0.536	0.549	0.543	0.546	0.579	0.527	0.539	0.551	0.534	0.537	0.538	0.520	0.534	0.543	0.526	0.522	0.552	0.504	0.549	0.545	0.547	0.541	0.552	0.537	0.534	0.539	0.542	0.542
7:00:38	34.9	0.565	0.535	0.556	0.558	0.597	0.565	0.549	0.558	0.556	0.556	0.564	0.551	0.575	0.578	0.569	0.569	0.561	0.561	0.562	0.561	0.564	0.546	0.552	0.554	0.565	0.572	0.570	0.586	0.587	0.555	0.565	0.569	0.557	0.554	0.553	0.554	0.571	0.533	0.579	0.571	0.555	0.551	0.563	0.554	0.565	0.563	0.549	0.548	0.568	0.554	0.581	0.565	0.556	0.550	0.550	0.547	0.541	0.550	0.544	0.548	0.560	0.565	0.565	0.555	0.555	0.544	0.546	0.552	0.548	0.561	0.556	0.560	0.592	0.541	0.553	0.565	0.547	0.550	0.551	0.531	0.546	0.555	0.539	0.536	0.565	0.517	0.562	0.556	0.559	0.554	0.563	0.550	0.548	0.552	0.556	0.555
8:00:39	34.9	0.575	0.545	0.565	0.568	0.606	0.573	0.557	0.565	0.564	0.564	0.575	0.562	0.583	0.588	0.579	0.577	0.570	0.571	0.572	0.570	0.573	0.556	0.563	0.566	0.575	0.582	0.580	0.595	0.597	0.566	0.576	0.581	0.567	0.564	0.563	0.565	0.580	0.545	0.590	0.581	0.565	0.562	0.574	0.564	0.573	0.572	0.561	0.559	0.579	0.564	0.590	0.576	0.566	0.560	0.561	0.558	0.551	0.569	0.554	0.558	0.571	0.575	0.574	0.565	0.565	0.555	0.557	0.563	0.559	0.571	0.565	0.572	0.603	0.553	0.563	0.575	0.557	0.560	0.560	0.541	0.556	0.566	0.549	0.547	0.575	0.528	0.572	0.567	0.570	0.564	0.572	0.560	0.559	0.562	0.565	0.568
9:00:39	34.9	0.581	0.553	0.571	0.573	0.613	0.577	0.563	0.570	0.570	0.570	0.583	0.570	0.588	0.591	0.585	0.584	0.577	0.578	0.577	0.575	0.579	0.563	0.571	0.574	0.582	0.588	0.586	0.601	0.602	0.572	0.582	0.586	0.572	0.571	0.570	0.574	0.587	0.553	0.595	0.586	0.571	0.569	0.580	0.570	0.578	0.577	0.568	0.567	0.586	0.571	0.596	0.582	0.573	0.567	0.567	0.564	0.558	0.568	0.562	0.567	0.579	0.581	0.580	0.572	0.571	0.561	0.563	0.569	0.565	0.577	0.571	0.580	0.611	0.561	0.570	0.581	0.564	0.566	0.566	0.548	0.563	0.572	0.555	0.556	0.583	0.537	0.579	0.574	0.576	0.571	0.576	0.568	0.566	0.570	0.573	0.575
10:00:39	34.9	0.590	0.560	0.577	0.580	0.620	0.584	0.572	0.577	0.577	0.577	0.592	0.579	0.597	0.599	0.591	0.594	0.583	0.584	0.584	0.581	0.585	0.570	0.578	0.582	0.592	0.594	0.592	0.607	0.608	0.579	0.586	0.592	0.578	0.578	0.577	0.582	0.594	0.560	0.601	0.593	0.576	0.574	0.586	0.575	0.585	0.582	0.575	0.574	0.593	0.577	0.603	0.587	0.578	0.573	0.573	0.571	0.564	0.574	0.568	0.573	0.587	0.589	0.586	0.579	0.577	0.567	0.569	0.575	0.572	0.585	0.577	0.586	0.619	0.569	0.577	0.588	0.571	0.572	0.572	0.553	0.570	0.578	0.562	0.563	0.592	0.544	0.587	0.583	0.583	0.578	0.584	0.574	0.574	0.578	0.581	0.584
11:00:40	34.9	0.601	0.570	0.585	0.588	0.630	0.592	0.581	0.586	0.586	0.586	0.603	0.589	0.606	0.607	0.599	0.598	0.592	0.593	0.592	0.589	0.593	0.579	0.588	0.592	0.601	0.603	0.602	0.614	0.615	0.587	0.593	0.600	0.587	0.587	0.586	0.592	0.604	0.569	0.608	0.600	0.583	0.581	0.593	0.582	0.592	0.591	0.585	0.584	0.603	0.586	0.612	0.595	0.587	0.580	0.580	0.579	0.573	0.581	0.577	0.582	0.598	0.598	0.595	0.588	0.585	0.575	0.578	0.583	0.581	0.593	0.586	0.596	0.628	0.579	0.586	0.596	0.580	0.581	0.580	0.558	0.579	0.588	0.571	0.573	0.602	0.553	0.597	0.592	0.593	0.588	0.592	0.584	0.585	0.588	0.591	0.593
12:00:40	34.9	0.611	0.580	0.593	0.597	0.637	0.600	0.590	0.595	0.596	0.595	0.613	0.599	0.615	0.614	0.607	0.606	0.601	0.601	0.599	0.598	0.601	0.588	0.598	0.602	0.611	0.612	0.607	0.621	0.622	0.595	0.601	0.608	0.594	0.594	0.595	0.602	0.612	0.577	0.615	0.607	0.590	0.589	0.600	0.589	0.599	0.599	0.594	0.594	0.613	0.594	0.619	0.602	0.594	0.587	0.588	0.588	0.581	0.588	0.584	0.591	0.608	0.607	0.603	0.595	0.593	0.582	0.586	0.591	0.589	0.601	0.594	0.606	0.638	0.590	0.596	0.605	0.588	0.589	0.588	0.565	0.588	0.595	0.580	0.582	0.612	0.563	0.606	0.602	0.603	0.596	0.601	0.593	0.595	0.598	0.601	0.604
13:00:40	34.9	0.621	0.590	0.601	0.605	0.647	0.609	0.601	0.604	0.606	0.605	0.623	0.609	0.624	0.623	0.615	0.616	0.609	0.610	0.607	0.605	0.608	0.596	0.608	0.612	0.621	0.620	0.616	0.629	0.630	0.603	0.610	0.616	0.602	0.603	0.604	0.612	0.622	0.586	0.624	0.616	0.598	0.597	0.608	0.598	0.609	0.606	0.604	0.604	0.623	0.603	0.626	0.608	0.602	0.596	0.595	0.596	0.589	0.596	0.593	0.599	0.618	0.615	0.609	0.603	0.601	0.590	0.593	0.599	0.598	0.609	0.602	0.615	0.648	0.599	0.604	0.613	0.596	0.597	0.596	0.572	0.596	0.604	0.589	0.592	0.623	0.572	0.617	0.610	0.611	0.605	0.610	0.602	0.604	0.609	0.611	0.614
14:00:41	34.9	0.631	0.599	0.610	0.613	0.656	0.618	0.610	0.613	0.615	0.614	0.633	0.619	0.634	0.631	0.624	0.624	0.618	0.618	0.615	0.615	0.616	0.605	0.617	0.621	0.631	0.629	0.625	0.636	0.638	0.611	0.617	0.624	0.611	0.613	0.613	0.622	0.632	0.595	0.631	0.623	0.605	0.605	0.615	0.604	0.617	0.615	0.613	0.614	0.632	0.611	0.635	0.616	0.609	0.603	0.603	0.605	0.598	0.604	0.601	0.609	0.628	0.625	0.618	0.612	0.610	0.598	0.601	0.607	0.606	0.618	0.610	0.625	0.658	0.609	0.613	0.622	0.605	0.606	0.605	0.579	0.605	0.614	0.598	0.601	0.633	0.582	0.627	0.620	0.620	0.615	0.619	0.612	0.614	0.619	0.621	0.623
15:00:42	34.9	0.641	0.609	0.618	0.621	0.665	0.627	0.621	0.623	0.625	0.624	0.643	0.629	0.644	0.639	0.633	0.634	0.627	0.627	0.624	0.623	0.625	0.615	0.627	0.631	0.641	0.638	0.633	0.645	0.646	0.621	0.626	0.631	0.618	0.621	0.622	0.632	0.642	0.604	0.639	0.631	0.613	0.613	0.623	0.612	0.625	0.623	0.622	0.624	0.642	0.620	0.643	0.623	0.617	0.612	0.612	0.613	0.606	0.613	0.610	0.618	0.637	0.634	0.627	0.621	0.618	0.606	0.611	0.615	0.615	0.626	0.619	0.634	0.668	0.619	0.623	0.630	0.614	0.614	0.614	0.586	0.613	0.622	0.607	0.611	0.643	0.592	0.636	0.630	0.630	0.625	0.627	0.622	0.623	0.629	0.632	0.633
16:00:42	34.9	0.652	0.619	0.626	0.629	0.673	0.636	0.629	0.633	0.635	0.633	0.653	0.640	0.652	0.648	0.641	0.642	0.637	0.637	0.632	0.631	0.633	0.623	0.636	0.642	0.651	0.647	0.641	0.652	0.654	0.629	0.633	0.638	0.627	0.630	0.631	0.642	0.652	0.613	0.647	0.639	0.621	0.622	0.630	0.620	0.633	0.631	0.631	0.633	0.651	0.628	0.651	0.632	0.624	0.619	0.620	0.622	0.614	0.620	0.618	0.627	0.648	0.642	0.635	0.629	0.627	0.613	0.619	0.623	0.623	0.634	0.627	0.644	0.678	0.629	0.632	0.640	0.622	0.623	0.623	0.593	0.623	0.631	0.616	0.620	0.653	0.601	0.646	0.639	0.639	0.635	0.637	0.631	0.633	0.639	0.641	0.643
17:00:43	34.9	0.663	0.628	0.635	0.637	0.683	0.647	0.640	0.641	0.645	0.643	0.663	0.650	0.662	0.657	0.650	0.651	0.645	0.646	0.640	0.641	0.642	0.633	0.646	0.651	0.661	0.656	0.650	0.659	0.663	0.637	0.641	0.646	0.636	0.639	0.641	0.651	0.661	0.622	0.655	0.648	0.629	0.630	0.638	0.628	0.641	0.640	0.640	0.644	0.661	0.638	0.659	0.639	0.632	0.628	0.629	0.631	0.622	0.628	0.626	0.637	0.658	0.652	0.643	0.638	0.635	0.622	0.628	0.631	0.632	0.643	0.636	0.654	0.688	0.639	0.641	0.649	0.632	0.632	0.630	0.601	0.632	0.641	0.625	0.629	0.664	0.611	0.656	0.649	0.648	0.645	0.646	0.641	0.643	0.649	0.652	0.653
18:00:43	34.8	0.673	0.638	0.644	0.646	0.692	0.655	0.649	0.651	0.655	0.654	0.672	0.660	0.672	0.666	0.659	0.660	0.653	0.656	0.649	0.649	0.651	0.643	0.655	0.661	0.671	0.664	0.658	0.668	0.670	0.645	0.650	0.655	0.644	0.648	0.650	0.660	0.671	0.631	0.663	0.656	0.637	0.639	0.647	0.636	0.649	0.648	0.649	0.653	0.671	0.647	0.667	0.648	0.640	0.636	0.637	0.640	0.631	0.636	0.634	0.645	0.668	0.660	0.653	0.647	0.643	0.630	0.636	0.639	0.640	0.651	0.644	0.662	0.698	0.649	0.650	0.657	0.641	0.640	0.639	0.608	0.640	0.650	0.633	0.638	0.674	0.619	0.665	0.659	0.657	0.653	0.656	0.650	0.652	0.658	0.661	0.662
19:00:44	34.7	0.683	0.649	0.653	0.655	0.702	0.666	0.659	0.661	0.664	0.664	0.682	0.671	0.681	0.676	0.668	0.670	0.664	0.666	0.658	0.659	0.659	0.652	0.665	0.671	0.681	0.673	0.667	0.676	0.679	0.653	0.658	0.664	0.653	0.657	0.659	0.670	0.682	0.640	0.672	0.665	0.646	0.647	0.655	0.644	0.658	0.657	0.659	0.664	0.682	0.657	0.676	0.656	0.648	0.644	0.646	0.648	0.639	0.646	0.643	0.655	0.679	0.670	0.662	0.656	0.652	0.639	0.645	0.648	0.649	0.660	0.653	0.672	0.707	0.658	0.660	0.667	0.651	0.649	0.648	0.615	0.650	0.660	0.642	0.648	0.684	0.629	0.676	0.668	0.666	0.663	0.665	0.660	0.662	0.669	0.671	0.673
20:00:44	34.8	0.695	0.659	0.661	0.664	0.711	0.676	0.668	0.671	0.675	0.674	0.692	0.683	0.692	0.687	0.679	0.680	0.674	0.676	0.667	0.669	0.669	0.663	0.675	0.680	0.691	0.682	0.676	0.685	0.687	0.663	0.667	0.673	0.663	0.665	0.668	0.679	0.692	0.650	0.681	0.674	0.655	0.656	0.663	0.653	0.668	0.667	0.669	0.674	0.691	0.666	0.685	0.666	0.658	0.654	0.655	0.658	0.649	0.655	0.652	0.663	0.688	0.681	0.671	0.665	0.662	0.649	0.655	0.657	0.658	0.668	0.662	0.681	0.717	0.667	0.670	0.676	0.660	0.659	0.658	0.623	0.660	0.669	0.651	0.657	0.695	0.639	0.686	0.678	0.676	0.672	0.675	0.670	0.671	0.679	0.681	0.682
21:00:45	34.9	0.706	0.670	0.670	0.673	0.721	0.687	0.679	0.682	0.686	0.685	0.705	0.695	0.703	0.698	0.690	0.690	0.685	0.686	0.678	0.678	0.680	0.672	0.685	0.691	0.702	0.692	0.687	0.697	0.698	0.672	0.677	0.683	0.673	0.676	0.678	0.689	0.704	0.660	0.692	0.685	0.665	0.667	0.674	0.663	0.677	0.677	0.680	0.684	0.703	0.676	0.695	0.677	0.669	0.664	0.665	0.669	0.660	0.665	0.660	0.672	0.699	0.692	0.683	0.676	0.672	0.659	0.665	0.668	0.668	0.680	0.673	0.691	0.728	0.678	0.681	0.687	0.670	0.669	0.669	0.630	0.671	0.679	0.660	0.667	0.707	0.650	0.697	0.689	0.687	0.682	0.686	0.681	0.682	0.691	0.692	0.694
22:00:46	34.8	0.719	0.683	0.680	0.683	0.732	0.699	0.691	0.694	0.697	0.696	0.716	0.707	0.715	0.710	0.701	0.705	0.696	0.699	0.690	0.691	0.690	0.683	0.696	0.704	0.714	0.703	0.697	0.706	0.707	0.682	0.688	0.692	0.683	0.686	0.691	0.702	0.715	0.670	0.702	0.694	0.674	0.677	0.684	0.673	0.687	0.688	0.691	0.696	0.715	0.687	0.705	0.687	0.679	0.674	0.675	0.679	0.670	0.675	0.671	0.684	0.712	0.703	0.694	0.686	0.683	0.669	0.675	0.678	0.678	0.690	0.683	0.702	0.739	0.689	0.692	0.698	0.682	0.679	0.679	0.638	0.681	0.691	0.671	0.678	0.719	0.661	0.708	0.701	0.698	0.694	0.698	0.692	0.694	0.703	0.705	0.706
23:00:45	34.8	0.730	0.693	0.690	0.692	0.740	0.708	0.701	0.704	0.705	0.706	0.728	0.718	0.726	0.719	0.710	0.711	0.706	0.708	0.699	0.699	0.701	0.694	0.707	0.714	0.725	0.711	0.707	0.716	0.716	0.691	0.696	0.702	0.693	0.697	0.700	0.712	0.725	0.679	0.711	0.703	0.683	0.686	0.692	0.683	0.696	0.698	0.701	0.707	0.724	0.697	0.714	0.696	0.688	0.682	0.684	0.688	0.680	0.685	0.679	0.692	0.721	0.712	0.702	0.696	0.691	0.678	0.685	0.687	0.687	0.700	0.691	0.711	0.749	0.699	0.701	0.707	0.691	0.688	0.688	0.646	0.690	0.700	0.680	0.686	0.731	0.672	0.718	0.711	0.708	0.704	0.707	0.703	0.704	0.713	0.714	0.717
0:00:00																																																																																																	

Results
	1	2	3	4	5	6	7	8	9	10	11	12
A	1.330	1.309	1.326	1.352	1.259	1.396	1.336	1.357	1.344	1.355	1.270	1.288	Max V [600]
	0.915	0.930	0.920	0.930	0.923	0.898	0.897	0.900	0.908	0.907	0.941	0.939	R-Squared [600]
	2:00:36	2:00:36	2:00:36	2:00:36	2:00:36	2:00:36	2:00:36	2:00:36	2:00:36	2:00:36	2:00:36	2:00:36	t at Max V [600]
	?????	?????	?????	?????	?????	?????	?????	?????	?????	?????	?????	?????	Lagtime [600]
B	1.412	1.444	1.415	1.393	1.411	1.374	1.405	1.388	1.404	1.353	1.353	1.317	Max V [600]
	0.910	0.916	0.912	0.920	0.926	0.917	0.907	0.922	0.902	0.929	0.938	0.920	R-Squared [600]
	2:00:36	2:00:36	2:00:36	2:00:36	2:00:36	2:00:36	2:00:36	2:00:36	2:00:36	2:00:36	2:00:36	2:00:36	t at Max V [600]
	?????	?????	?????	?????	?????	?????	?????	?????	?????	?????	?????	?????	Lagtime [600]
C	1.372	1.337	1.440	1.501	1.463	1.391	1.470	1.444	1.439	1.409	1.367	1.313	Max V [600]
	0.927	0.931	0.915	0.910	0.916	0.920	0.906	0.907	0.915	0.931	0.935	0.947	R-Squared [600]
	2:00:36	2:00:36	2:00:36	2:00:36	2:00:36	2:00:36	2:00:36	2:00:36	2:00:36	2:00:36	2:00:36	2:00:36	t at Max V [600]
	?????	?????	?????	?????	?????	?????	?????	?????	?????	?????	?????	?????	Lagtime [600]
D	1.388	1.260	1.449	1.465	1.432	1.403	1.467	1.434	1.469	1.462	1.365	1.328	Max V [600]
	0.911	0.955	0.913	0.912	0.919	0.929	0.909	0.923	0.934	0.928	0.939	0.947	R-Squared [600]
	2:00:36	2:00:36	2:00:36	2:00:36	2:00:36	2:00:36	2:00:36	2:00:36	2:00:36	2:00:36	2:00:36	2:00:36	t at Max V [600]
	?????	?????	?????	?????	?????	?????	?????	?????	?????	?????	?????	?????	Lagtime [600]
E	1.304	1.355	1.338	1.404	1.407	1.395	1.385	1.360	1.384	1.394	1.353	1.351	Max V [600]
	0.921	0.930	0.928	0.918	0.918	0.928	0.923	0.936	0.929	0.922	0.938	0.933	R-Squared [600]
	2:00:36	2:00:36	2:00:36	2:00:36	2:00:36	2:00:36	2:00:36	2:00:36	2:00:36	2:00:36	2:00:36	2:00:36	t at Max V [600]
	?????	?????	?????	?????	?????	?????	?????	?????	?????	?????	?????	?????	Lagtime [600]
F	1.347	1.404	1.424	1.381	1.371	1.345	1.374	1.371	1.362	1.318	1.386	1.324	Max V [600]
	0.941	0.930	0.927	0.935	0.926	0.923	0.934	0.926	0.935	0.935	0.925	0.943	R-Squared [600]
	2:00:36	2:00:36	2:00:36	2:00:36	2:00:36	2:00:36	2:00:36	2:00:36	2:00:36	2:00:36	2:00:36	2:00:36	t at Max V [600]
	?????	?????	?????	?????	?????	?????	?????	?????	?????	?????	?????	?????	Lagtime [600]
G	1.322	1.331	1.354	1.378	1.360	1.375	1.354	1.328	1.351	1.374	1.323	1.285	Max V [600]
	0.924	0.945	0.923	0.930	0.924	0.916	0.920	0.917	0.931	0.923	0.927	0.941	R-Squared [600]
	2:00:36	2:00:36	2:00:36	2:00:36	2:00:36	2:00:36	2:00:36	2:00:36	2:00:36	2:00:36	2:00:36	2:00:36	t at Max V [600]
	?????	?????	?????	?????	?????	?????	?????	?????	?????	?????	?????	?????	Lagtime [600]
H	1.319	1.278	1.340	1.383	1.341	1.347	1.363	1.344	1.331	1.348	1.343	1.299	Max V [600]
	0.926	0.949	0.912	0.911	0.914	0.911	0.901	0.912	0.931	0.918	0.920	0.943	R-Squared [600]
	2:00:36	2:00:36	2:00:36	2:00:36	2:00:36	2:00:36	2:00:36	2:00:36	2:00:36	2:00:36	2:00:36	2:00:36	t at Max V [600]
	?????	?????	?????	?????	?????	?????	?????	?????	?????	?????	?????	?????	Lagtime [600]


