

Software Version	3.11.19



Experiment File Path:	C:\Users\patil-group\Desktop\Sweeteners_stacker\051121_NT5001_02_03_Rep4\NT5001_02_03_Rep4.xpt
Protocol File Path:	C:\Users\Public\Documents\Protocols\Screening-protocol.prt



Plate Number	Plate 8
Date	05/11/2021
Time	16:23:32
Reader Type:	Epoch 2
Reader Serial Number:	2103223
Reading Type	Reader

Procedure Details

Plate Type	96 WELL PLATE
Discontinuous Kinetics	Runtime 1:00:00 (D:HH:MM), Interval 0:01:00, 25 Reads
	Pause after each run
Eject plate on completion	
Shake	Linear: 0:00:30 (HH:MM:SS)
	Frequency: 567 cpm (3 mm)
Read	Absorbance Endpoint
	Full Plate
	Wavelengths:  600
	Read Speed: Normal,  Delay: 100 msec,  Measurements/Data Point: 8

600

Time	T° 600	A1	A2	A3	A4	A5	A6	A7	A8	A9	A10	A11	A12	B1	B2	B3	B4	B5	B6	B7	B8	B9	B10	B11	B12	C1	C2	C3	C4	C5	C6	C7	C8	C9	C10	C11	C12	D1	D2	D3	D4	D5	D6	D7	D8	D9	D10	D11	D12	E1	E2	E3	E4	E5	E6	E7	E8	E9	E10	E11	E12	F1	F2	F3	F4	F5	F6	F7	F8	F9	F10	F11	F12	G1	G2	G3	G4	G5	G6	G7	G8	G9	G10	G11	G12	H1	H2	H3	H4	H5	H6	H7	H8	H9	H10	H11	H12
0:00:34	34.8	0.180	0.179	0.180	0.181	0.180	0.179	0.187	0.181	0.189	0.182	0.184	0.185	0.186	0.182	0.189	0.183	0.178	0.182	0.182	0.193	0.188	0.177	0.184	0.194	0.182	0.188	0.191	0.181	0.193	0.188	0.184	0.193	0.178	0.180	0.183	0.191	0.176	0.181	0.179	0.184	0.186	0.174	0.195	0.185	0.177	0.186	0.180	0.186	0.184	0.179	0.178	0.183	0.209	0.185	0.182	0.183	0.182	0.178	0.189	0.193	0.179	0.182	0.180	0.190	0.188	0.178	0.179	0.193	0.188	0.183	0.187	0.181	0.185	0.179	0.179	0.184	0.181	0.192	0.181	0.183	0.188	0.194	0.191	0.196	0.183	0.177	0.187	0.180	0.180	0.185	0.181	0.183	0.180	0.183	0.181	0.192
1:00:34	35.1	0.186	0.186	0.186	0.189	0.186	0.185	0.193	0.188	0.195	0.189	0.191	0.193	0.191	0.187	0.195	0.190	0.185	0.186	0.189	0.197	0.193	0.182	0.189	0.200	0.189	0.195	0.198	0.188	0.198	0.194	0.190	0.198	0.183	0.186	0.188	0.195	0.182	0.188	0.185	0.190	0.191	0.181	0.199	0.189	0.182	0.191	0.186	0.192	0.191	0.185	0.185	0.189	0.188	0.192	0.187	0.188	0.188	0.184	0.194	0.198	0.186	0.188	0.187	0.194	0.194	0.183	0.184	0.196	0.191	0.189	0.192	0.187	0.192	0.186	0.185	0.190	0.187	0.198	0.188	0.190	0.194	0.198	0.196	0.209	0.188	0.182	0.195	0.186	0.186	0.191	0.187	0.190	0.185	0.188	0.186	0.201
2:00:35	35.1	0.198	0.197	0.197	0.199	0.197	0.196	0.202	0.197	0.205	0.201	0.202	0.204	0.202	0.198	0.203	0.200	0.194	0.192	0.196	0.204	0.201	0.190	0.199	0.210	0.200	0.205	0.213	0.197	0.208	0.203	0.197	0.206	0.192	0.194	0.197	0.205	0.193	0.198	0.195	0.199	0.200	0.190	0.196	0.197	0.191	0.200	0.203	0.204	0.203	0.195	0.194	0.199	0.199	0.202	0.197	0.197	0.197	0.193	0.203	0.209	0.196	0.197	0.194	0.201	0.203	0.192	0.193	0.203	0.199	0.197	0.201	0.198	0.204	0.197	0.195	0.199	0.197	0.211	0.199	0.201	0.204	0.207	0.204	0.217	0.201	0.195	0.205	0.197	0.198	0.200	0.197	0.201	0.196	0.199	0.197	0.206
3:00:35	35.1	0.216	0.213	0.213	0.215	0.213	0.211	0.216	0.213	0.224	0.217	0.220	0.222	0.218	0.214	0.219	0.217	0.210	0.207	0.210	0.217	0.216	0.204	0.214	0.226	0.217	0.222	0.220	0.213	0.223	0.218	0.211	0.219	0.204	0.207	0.211	0.218	0.210	0.212	0.210	0.217	0.216	0.205	0.211	0.211	0.205	0.214	0.209	0.219	0.221	0.210	0.210	0.215	0.214	0.217	0.211	0.211	0.211	0.207	0.218	0.222	0.212	0.213	0.209	0.216	0.217	0.206	0.207	0.219	0.213	0.213	0.215	0.213	0.222	0.214	0.211	0.215	0.213	0.227	0.215	0.216	0.217	0.222	0.218	0.238	0.219	0.213	0.223	0.214	0.215	0.215	0.213	0.219	0.212	0.215	0.213	0.222
4:00:37	35.1	0.251	0.247	0.244	0.248	0.244	0.241	0.244	0.242	0.253	0.249	0.253	0.255	0.250	0.243	0.245	0.246	0.238	0.233	0.233	0.242	0.240	0.230	0.242	0.257	0.248	0.250	0.244	0.239	0.247	0.240	0.233	0.241	0.226	0.230	0.235	0.244	0.240	0.238	0.236	0.244	0.242	0.229	0.234	0.236	0.228	0.238	0.235	0.248	0.255	0.237	0.235	0.241	0.239	0.241	0.237	0.235	0.235	0.231	0.242	0.248	0.243	0.241	0.234	0.240	0.241	0.230	0.230	0.244	0.236	0.239	0.240	0.241	0.254	0.244	0.239	0.242	0.239	0.253	0.241	0.245	0.242	0.247	0.245	0.251	0.253	0.245	0.253	0.244	0.245	0.245	0.241	0.252	0.242	0.245	0.244	0.253
5:00:37	35.1	0.303	0.299	0.294	0.300	0.296	0.291	0.290	0.288	0.302	0.298	0.304	0.305	0.299	0.293	0.292	0.297	0.284	0.278	0.277	0.285	0.283	0.276	0.290	0.303	0.298	0.300	0.290	0.285	0.289	0.281	0.274	0.284	0.267	0.277	0.279	0.286	0.290	0.287	0.283	0.293	0.289	0.274	0.280	0.280	0.271	0.283	0.281	0.296	0.309	0.286	0.281	0.287	0.284	0.286	0.283	0.281	0.278	0.275	0.288	0.294	0.292	0.288	0.284	0.285	0.284	0.274	0.272	0.291	0.278	0.286	0.285	0.285	0.310	0.298	0.290	0.292	0.289	0.301	0.291	0.296	0.289	0.296	0.294	0.315	0.307	0.297	0.304	0.296	0.297	0.296	0.292	0.307	0.292	0.295	0.294	0.302
6:00:38	35.1	0.372	0.364	0.354	0.366	0.359	0.352	0.346	0.347	0.367	0.363	0.372	0.377	0.359	0.355	0.349	0.358	0.342	0.333	0.331	0.338	0.336	0.331	0.349	0.364	0.357	0.359	0.345	0.341	0.342	0.333	0.326	0.337	0.318	0.327	0.330	0.335	0.351	0.346	0.341	0.355	0.348	0.330	0.339	0.336	0.326	0.339	0.338	0.357	0.381	0.346	0.340	0.347	0.344	0.345	0.340	0.336	0.335	0.331	0.344	0.350	0.353	0.348	0.340	0.341	0.341	0.327	0.326	0.349	0.331	0.342	0.337	0.338	0.381	0.369	0.355	0.357	0.353	0.365	0.354	0.362	0.351	0.358	0.354	0.374	0.377	0.363	0.368	0.361	0.363	0.362	0.354	0.379	0.355	0.356	0.357	0.366
7:00:39	35.1	0.470	0.463	0.450	0.465	0.455	0.449	0.438	0.439	0.468	0.460	0.472	0.475	0.453	0.450	0.438	0.451	0.432	0.419	0.415	0.422	0.420	0.421	0.442	0.458	0.451	0.451	0.426	0.425	0.416	0.406	0.401	0.411	0.390	0.403	0.415	0.419	0.445	0.437	0.428	0.447	0.436	0.411	0.424	0.421	0.408	0.426	0.430	0.453	0.481	0.436	0.427	0.434	0.430	0.431	0.423	0.416	0.415	0.418	0.436	0.444	0.446	0.438	0.426	0.425	0.423	0.407	0.407	0.438	0.414	0.433	0.424	0.428	0.486	0.473	0.452	0.454	0.449	0.461	0.450	0.461	0.444	0.456	0.453	0.450	0.478	0.461	0.468	0.461	0.462	0.464	0.451	0.482	0.453	0.453	0.457	0.464
8:00:39	35.1	0.561	0.555	0.542	0.556	0.547	0.542	0.527	0.528	0.560	0.548	0.554	0.549	0.543	0.544	0.533	0.546	0.526	0.510	0.504	0.511	0.512	0.515	0.534	0.544	0.544	0.548	0.520	0.521	0.509	0.496	0.493	0.503	0.480	0.493	0.508	0.506	0.537	0.531	0.521	0.544	0.529	0.503	0.519	0.512	0.502	0.520	0.524	0.539	0.571	0.529	0.520	0.532	0.529	0.527	0.517	0.507	0.510	0.515	0.530	0.533	0.535	0.530	0.516	0.518	0.517	0.496	0.498	0.532	0.500	0.525	0.513	0.514	0.586	0.575	0.552	0.555	0.551	0.561	0.550	0.563	0.540	0.554	0.551	0.542	0.570	0.555	0.564	0.559	0.557	0.565	0.547	0.578	0.546	0.547	0.547	0.545
9:00:39	35.1	0.584	0.584	0.579	0.586	0.583	0.579	0.572	0.566	0.590	0.573	0.576	0.575	0.582	0.590	0.600	0.601	0.593	0.572	0.575	0.578	0.584	0.574	0.575	0.570	0.593	0.607	0.600	0.602	0.591	0.578	0.578	0.588	0.563	0.569	0.570	0.552	0.581	0.591	0.593	0.610	0.598	0.581	0.594	0.572	0.574	0.580	0.567	0.565	0.598	0.589	0.592	0.611	0.608	0.607	0.585	0.567	0.589	0.585	0.573	0.562	0.573	0.583	0.583	0.590	0.593	0.570	0.574	0.595	0.568	0.574	0.563	0.551	0.612	0.612	0.606	0.610	0.613	0.619	0.606	0.613	0.599	0.598	0.586	0.576	0.596	0.586	0.603	0.598	0.591	0.603	0.586	0.603	0.576	0.578	0.574	0.572
10:00:40	35.1	0.607	0.606	0.601	0.607	0.603	0.600	0.590	0.587	0.612	0.599	0.608	0.612	0.598	0.603	0.607	0.611	0.602	0.582	0.584	0.588	0.594	0.587	0.593	0.598	0.605	0.616	0.609	0.612	0.608	0.591	0.595	0.605	0.581	0.582	0.584	0.573	0.596	0.602	0.601	0.620	0.609	0.593	0.605	0.583	0.588	0.596	0.588	0.599	0.619	0.601	0.602	0.618	0.619	0.616	0.597	0.583	0.602	0.598	0.597	0.595	0.588	0.594	0.592	0.601	0.603	0.580	0.584	0.607	0.578	0.591	0.585	0.583	0.633	0.630	0.620	0.624	0.626	0.631	0.619	0.628	0.613	0.618	0.614	0.607	0.620	0.606	0.623	0.617	0.609	0.625	0.606	0.625	0.598	0.603	0.605	0.607
11:00:41	35.1	0.632	0.631	0.627	0.631	0.626	0.626	0.616	0.612	0.637	0.626	0.637	0.643	0.620	0.625	0.628	0.629	0.619	0.602	0.604	0.609	0.614	0.610	0.618	0.627	0.625	0.636	0.623	0.627	0.621	0.605	0.610	0.620	0.596	0.600	0.607	0.602	0.617	0.621	0.620	0.638	0.627	0.611	0.621	0.605	0.609	0.619	0.614	0.630	0.642	0.619	0.619	0.635	0.639	0.635	0.615	0.609	0.621	0.621	0.623	0.626	0.610	0.614	0.608	0.618	0.622	0.597	0.602	0.627	0.610	0.616	0.610	0.614	0.654	0.653	0.640	0.647	0.646	0.654	0.640	0.652	0.636	0.643	0.642	0.643	0.644	0.631	0.648	0.639	0.634	0.649	0.630	0.647	0.622	0.630	0.633	0.649
12:00:42	35.1	0.652	0.652	0.647	0.651	0.646	0.646	0.637	0.634	0.657	0.648	0.659	0.665	0.639	0.645	0.650	0.648	0.641	0.623	0.623	0.629	0.636	0.632	0.639	0.650	0.645	0.656	0.642	0.647	0.641	0.625	0.627	0.639	0.617	0.619	0.630	0.625	0.636	0.641	0.640	0.660	0.647	0.632	0.643	0.624	0.630	0.641	0.636	0.653	0.662	0.639	0.640	0.655	0.660	0.655	0.639	0.634	0.643	0.644	0.644	0.650	0.631	0.634	0.628	0.639	0.642	0.617	0.622	0.646	0.621	0.637	0.630	0.638	0.677	0.674	0.661	0.668	0.667	0.672	0.661	0.671	0.658	0.665	0.666	0.674	0.664	0.653	0.670	0.661	0.655	0.672	0.652	0.667	0.642	0.652	0.656	0.661
13:00:43	35.1	0.667	0.667	0.664	0.668	0.662	0.662	0.654	0.651	0.673	0.664	0.675	0.678	0.655	0.661	0.667	0.663	0.658	0.638	0.639	0.645	0.653	0.650	0.654	0.665	0.660	0.674	0.658	0.665	0.658	0.642	0.645	0.657	0.634	0.637	0.647	0.643	0.653	0.658	0.657	0.675	0.666	0.649	0.658	0.640	0.650	0.656	0.654	0.670	0.678	0.656	0.657	0.672	0.677	0.671	0.656	0.652	0.662	0.662	0.660	0.665	0.646	0.651	0.645	0.656	0.659	0.634	0.640	0.663	0.637	0.653	0.645	0.654	0.696	0.687	0.676	0.683	0.685	0.689	0.678	0.689	0.674	0.683	0.684	0.690	0.679	0.669	0.688	0.677	0.671	0.688	0.668	0.683	0.657	0.669	0.672	0.676
14:00:43	35.1	0.677	0.678	0.676	0.678	0.672	0.673	0.666	0.662	0.683	0.674	0.683	0.685	0.666	0.673	0.678	0.673	0.671	0.651	0.652	0.659	0.666	0.662	0.665	0.674	0.672	0.684	0.671	0.677	0.672	0.656	0.658	0.670	0.647	0.649	0.660	0.654	0.665	0.670	0.671	0.689	0.679	0.663	0.672	0.652	0.663	0.670	0.666	0.680	0.689	0.669	0.671	0.686	0.691	0.685	0.668	0.663	0.675	0.674	0.671	0.675	0.658	0.664	0.657	0.669	0.672	0.647	0.653	0.675	0.651	0.666	0.657	0.663	0.708	0.700	0.689	0.696	0.695	0.701	0.690	0.700	0.686	0.695	0.695	0.694	0.689	0.680	0.699	0.688	0.682	0.699	0.679	0.692	0.668	0.679	0.682	0.683
15:00:44	35.1	0.682	0.685	0.681	0.683	0.679	0.678	0.673	0.669	0.689	0.680	0.688	0.688	0.673	0.680	0.687	0.680	0.679	0.659	0.661	0.665	0.674	0.669	0.670	0.678	0.679	0.693	0.680	0.686	0.682	0.666	0.668	0.679	0.657	0.659	0.668	0.660	0.672	0.678	0.680	0.698	0.689	0.671	0.681	0.662	0.673	0.679	0.673	0.685	0.697	0.678	0.679	0.695	0.701	0.694	0.676	0.669	0.684	0.684	0.678	0.680	0.664	0.672	0.665	0.678	0.681	0.656	0.663	0.684	0.662	0.675	0.663	0.668	0.714	0.707	0.697	0.704	0.705	0.709	0.696	0.708	0.694	0.702	0.701	0.699	0.696	0.687	0.706	0.694	0.689	0.706	0.686	0.698	0.674	0.685	0.687	0.687
16:00:44	35.1	0.685	0.688	0.684	0.686	0.683	0.682	0.677	0.673	0.693	0.683	0.690	0.689	0.677	0.684	0.692	0.683	0.683	0.664	0.666	0.671	0.679	0.673	0.672	0.680	0.683	0.697	0.685	0.692	0.688	0.671	0.673	0.683	0.662	0.664	0.672	0.662	0.678	0.684	0.686	0.702	0.694	0.677	0.686	0.668	0.678	0.683	0.678	0.688	0.701	0.683	0.683	0.701	0.707	0.700	0.679	0.673	0.689	0.690	0.681	0.682	0.669	0.677	0.670	0.683	0.687	0.662	0.668	0.689	0.668	0.680	0.666	0.670	0.718	0.711	0.701	0.708	0.708	0.714	0.701	0.713	0.698	0.706	0.704	0.716	0.699	0.691	0.711	0.697	0.694	0.710	0.689	0.700	0.678	0.689	0.689	0.687
17:00:46	35.1	0.686	0.690	0.686	0.688	0.685	0.685	0.680	0.676	0.695	0.685	0.690	0.689	0.680	0.686	0.696	0.686	0.685	0.666	0.669	0.673	0.682	0.676	0.674	0.680	0.685	0.699	0.688	0.696	0.691	0.675	0.675	0.687	0.665	0.668	0.674	0.663	0.680	0.687	0.689	0.706	0.697	0.680	0.688	0.671	0.680	0.685	0.680	0.689	0.704	0.685	0.686	0.704	0.709	0.703	0.682	0.674	0.692	0.692	0.683	0.683	0.672	0.680	0.672	0.687	0.691	0.664	0.671	0.691	0.675	0.684	0.668	0.671	0.720	0.715	0.704	0.710	0.710	0.716	0.704	0.715	0.700	0.708	0.707	0.701	0.701	0.693	0.713	0.700	0.695	0.712	0.692	0.703	0.679	0.691	0.690	0.688
18:00:46	35.1	0.688	0.691	0.688	0.690	0.687	0.688	0.681	0.676	0.696	0.685	0.690	0.689	0.681	0.688	0.697	0.688	0.687	0.668	0.672	0.676	0.683	0.677	0.674	0.679	0.686	0.700	0.689	0.697	0.693	0.677	0.678	0.689	0.667	0.669	0.676	0.663	0.682	0.689	0.691	0.706	0.700	0.682	0.690	0.673	0.681	0.687	0.682	0.690	0.705	0.687	0.689	0.706	0.710	0.705	0.682	0.675	0.694	0.694	0.685	0.683	0.674	0.681	0.675	0.689	0.694	0.667	0.675	0.694	0.674	0.687	0.669	0.672	0.722	0.716	0.705	0.712	0.711	0.717	0.705	0.716	0.702	0.709	0.708	0.701	0.703	0.695	0.715	0.702	0.697	0.714	0.693	0.702	0.681	0.692	0.690	0.686
19:00:47	35.1	0.689	0.692	0.688	0.691	0.688	0.688	0.680	0.677	0.696	0.685	0.691	0.690	0.682	0.689	0.698	0.689	0.688	0.670	0.673	0.677	0.684	0.678	0.675	0.679	0.688	0.699	0.691	0.697	0.693	0.678	0.679	0.689	0.667	0.671	0.676	0.662	0.684	0.690	0.692	0.707	0.701	0.682	0.691	0.674	0.682	0.688	0.683	0.690	0.706	0.688	0.690	0.707	0.711	0.705	0.683	0.674	0.694	0.695	0.686	0.683	0.676	0.682	0.677	0.690	0.696	0.668	0.676	0.695	0.676	0.688	0.670	0.672	0.723	0.716	0.706	0.712	0.713	0.718	0.707	0.717	0.703	0.710	0.709	0.700	0.703	0.696	0.716	0.703	0.698	0.714	0.694	0.703	0.682	0.694	0.690	0.688
20:00:48	35.1	0.689	0.692	0.687	0.692	0.689	0.688	0.681	0.678	0.695	0.686	0.692	0.691	0.683	0.690	0.698	0.690	0.687	0.670	0.674	0.678	0.685	0.679	0.675	0.680	0.688	0.700	0.690	0.696	0.693	0.677	0.680	0.689	0.668	0.672	0.676	0.662	0.685	0.691	0.693	0.707	0.701	0.683	0.692	0.676	0.683	0.689	0.683	0.691	0.708	0.689	0.691	0.708	0.712	0.706	0.683	0.672	0.695	0.696	0.686	0.684	0.678	0.683	0.677	0.691	0.694	0.669	0.676	0.696	0.676	0.690	0.670	0.672	0.724	0.719	0.707	0.713	0.713	0.717	0.708	0.717	0.704	0.712	0.707	0.702	0.703	0.697	0.718	0.703	0.699	0.716	0.695	0.704	0.681	0.693	0.691	0.689
21:00:48	35.1	0.690	0.694	0.688	0.691	0.689	0.689	0.682	0.677	0.697	0.687	0.693	0.691	0.682	0.690	0.699	0.690	0.688	0.671	0.674	0.678	0.685	0.679	0.675	0.680	0.689	0.701	0.691	0.697	0.693	0.677	0.680	0.690	0.669	0.673	0.676	0.662	0.685	0.692	0.693	0.709	0.703	0.683	0.691	0.676	0.684	0.690	0.683	0.692	0.708	0.690	0.691	0.709	0.712	0.707	0.683	0.669	0.695	0.696	0.686	0.684	0.678	0.684	0.677	0.693	0.695	0.669	0.677	0.696	0.678	0.691	0.670	0.673	0.725	0.720	0.707	0.713	0.714	0.717	0.708	0.718	0.704	0.713	0.707	0.703	0.703	0.698	0.718	0.704	0.700	0.716	0.694	0.704	0.682	0.694	0.692	0.690
22:00:49	35.1	0.690	0.694	0.689	0.693	0.691	0.690	0.682	0.678	0.697	0.687	0.694	0.691	0.684	0.690	0.699	0.692	0.689	0.672	0.675	0.679	0.685	0.679	0.675	0.681	0.689	0.701	0.691	0.697	0.694	0.678	0.680	0.691	0.669	0.672	0.676	0.662	0.685	0.692	0.694	0.709	0.703	0.684	0.692	0.678	0.684	0.689	0.683	0.691	0.709	0.691	0.692	0.708	0.711	0.706	0.683	0.665	0.696	0.697	0.687	0.685	0.679	0.685	0.678	0.694	0.695	0.669	0.677	0.696	0.679	0.692	0.671	0.673	0.725	0.720	0.708	0.714	0.714	0.717	0.709	0.719	0.705	0.715	0.708	0.704	0.704	0.699	0.718	0.704	0.699	0.716	0.696	0.705	0.684	0.694	0.693	0.691
23:00:50	35.1	0.691	0.695	0.690	0.693	0.690	0.690	0.682	0.679	0.698	0.688	0.694	0.691	0.684	0.691	0.698	0.691	0.689	0.673	0.675	0.678	0.687	0.680	0.675	0.680	0.689	0.699	0.692	0.697	0.694	0.677	0.681	0.690	0.670	0.672	0.676	0.662	0.686	0.693	0.694	0.709	0.704	0.684	0.693	0.678	0.685	0.692	0.684	0.692	0.710	0.692	0.693	0.708	0.712	0.707	0.681	0.662	0.695	0.699	0.688	0.686	0.680	0.684	0.679	0.694	0.695	0.669	0.678	0.696	0.680	0.694	0.671	0.673	0.726	0.720	0.708	0.714	0.714	0.717	0.709	0.719	0.705	0.715	0.709	0.708	0.706	0.699	0.719	0.706	0.701	0.717	0.697	0.706	0.684	0.695	0.694	0.691
0:00:00																																																																																																	

Results
	1	2	3	4	5	6	7	8	9	10	11	12
A	1.310	1.299	1.263	1.303	1.274	1.275	1.239	1.229	1.301	1.268	1.284	1.263	Max V [600]
	0.986	0.983	0.982	0.984	0.983	0.982	0.988	0.985	0.981	0.983	0.987	0.989	R-Squared [600]
	6:00:38	6:00:38	7:00:38	6:00:38	6:00:38	7:00:38	7:00:38	7:00:38	6:00:38	6:00:38	6:00:38	6:00:38	t at Max V [600]
	3:19:12	3:21:40	3:31:36	3:22:39	3:23:36	3:33:34	3:40:50	3:35:10	3:26:02	3:21:50	3:19:45	3:16:45	Lagtime [600]
B	1.249	1.304	1.333	1.329	1.335	1.274	1.281	1.265	1.299	1.299	1.257	1.214	Max V [600]
	0.985	0.988	0.994	0.992	0.994	0.994	0.994	0.994	0.993	0.992	0.986	0.982	R-Squared [600]
	7:00:38	7:00:38	7:00:38	7:00:38	7:00:38	7:00:38	7:00:38	7:00:38	7:00:38	7:00:38	7:00:38	6:00:38	t at Max V [600]
	3:31:02	3:37:55	3:50:59	3:39:37	3:47:56	3:51:37	3:54:28	3:55:20	3:56:40	3:50:42	3:38:27	3:23:33	Lagtime [600]
C	1.294	1.336	1.325	1.358	1.285	1.262	1.292	1.288	1.258	1.247	1.270	1.175	Max V [600]
	0.989	0.992	0.993	0.993	0.991	0.991	0.990	0.991	0.990	0.992	0.992	0.988	R-Squared [600]
	7:00:38	7:00:38	7:00:38	7:00:38	7:00:38	7:00:38	7:00:38	7:00:38	7:00:38	7:00:38	7:00:38	7:00:38	t at Max V [600]
	3:34:56	3:42:20	3:55:52	3:53:43	3:56:17	3:57:42	4:02:25	4:00:34	4:01:38	3:53:30	3:53:32	3:45:49	Lagtime [600]
D	1.282	1.324	1.332	1.372	1.331	1.312	1.348	1.265	1.302	1.291	1.262	1.230	Max V [600]
	0.988	0.993	0.995	0.994	0.995	0.994	0.995	0.993	0.993	0.992	0.986	0.982	R-Squared [600]
	7:00:38	7:00:38	7:00:38	7:00:38	7:00:38	7:00:38	7:00:38	7:00:38	7:00:38	7:00:38	7:00:38	6:00:38	t at Max V [600]
	3:34:24	3:46:34	3:50:23	3:46:34	3:49:36	3:53:34	4:05:10	3:51:41	3:57:03	3:52:14	3:44:07	3:23:54	Lagtime [600]
E	1.339	1.317	1.338	1.385	1.388	1.376	1.300	1.240	1.329	1.338	1.262	1.198	Max V [600]
	0.987	0.994	0.995	0.995	0.994	0.994	0.994	0.994	0.993	0.993	0.986	0.977	R-Squared [600]
	6:00:38	7:00:38	7:00:38	7:00:38	7:00:38	7:00:38	7:00:38	7:00:38	7:00:38	7:00:38	7:00:38	6:00:38	t at Max V [600]
	3:19:42	3:44:46	3:51:00	3:53:19	4:14:58	3:55:53	3:50:08	3:48:12	3:57:43	3:56:33	3:46:14	3:29:49	Lagtime [600]
F	1.237	1.285	1.289	1.312	1.324	1.268	1.293	1.317	1.249	1.267	1.220	1.179	Max V [600]
	0.984	0.992	0.994	0.994	0.994	0.994	0.994	0.994	0.994	0.990	0.990	0.984	R-Squared [600]
	7:00:38	7:00:38	7:00:38	7:00:38	7:00:38	7:00:38	7:00:38	7:00:38	7:00:38	7:00:38	7:00:38	7:00:38	t at Max V [600]
	3:30:10	3:42:06	3:47:05	3:56:22	3:56:41	3:53:58	3:57:46	3:52:25	3:56:16	3:44:11	3:46:12	3:35:02	Lagtime [600]
G	1.399	1.396	1.381	1.390	1.408	1.387	1.376	1.392	1.349	1.335	1.301	1.194	Max V [600]
	0.984	0.983	0.991	0.991	0.993	0.992	0.991	0.989	0.993	0.986	0.980	0.992	R-Squared [600]
	6:00:38	6:00:38	7:00:38	7:00:38	7:00:38	7:00:38	7:00:38	7:00:38	7:00:38	7:00:38	7:00:38	6:00:38	t at Max V [600]
	3:24:18	3:28:36	3:43:30	3:46:47	3:49:23	3:46:16	3:45:14	3:42:22	3:50:18	3:47:01	3:43:18	3:21:23	Lagtime [600]
H	1.341	1.308	1.324	1.335	1.315	1.359	1.304	1.377	1.282	1.269	1.281	1.243	Max V [600]
	0.986	0.984	0.984	0.983	0.982	0.982	0.984	0.986	0.981	0.980	0.982	0.985	R-Squared [600]
	6:00:38	6:00:38	7:00:38	7:00:38	6:00:38	7:00:38	7:00:38	6:00:38	6:00:38	6:00:38	6:00:38	6:00:38	t at Max V [600]
	3:20:52	3:22:07	3:33:38	3:34:48	3:24:36	3:39:57	3:37:07	3:23:31	3:26:09	3:25:47	3:25:18	3:24:06	Lagtime [600]

