

Software Version	3.10.06



Experiment File Path:	C:\Users\patil-group\Desktop\Sweeteners_stacker\271021_NT5019_22_23_Rep3\NT5019_22_23_Rep3.xpt
Protocol File Path:	C:\Users\Public\Documents\Protocols\Screening-protocol.prt



Plate Number	Plate 12
Date	27/10/2021
Time	14:47:41
Reader Type:	Epoch 2
Reader Serial Number:	2103223
Reading Type	Reader

Procedure Details

Plate Type	96 WELL PLATE
Discontinuous Kinetics	Runtime 1:00:00 (D:HH:MM), Interval 0:01:00, 25 Reads
	Pause after each run
Eject plate on completion	
Shake	Linear: 0:00:30 (HH:MM:SS)
	Frequency: 567 cpm (3 mm)
Read	Absorbance Endpoint
	Full Plate
	Wavelengths:  600
	Read Speed: Normal,  Delay: 100 msec,  Measurements/Data Point: 8

600

Time	T° 600	A1	A2	A3	A4	A5	A6	A7	A8	A9	A10	A11	A12	B1	B2	B3	B4	B5	B6	B7	B8	B9	B10	B11	B12	C1	C2	C3	C4	C5	C6	C7	C8	C9	C10	C11	C12	D1	D2	D3	D4	D5	D6	D7	D8	D9	D10	D11	D12	E1	E2	E3	E4	E5	E6	E7	E8	E9	E10	E11	E12	F1	F2	F3	F4	F5	F6	F7	F8	F9	F10	F11	F12	G1	G2	G3	G4	G5	G6	G7	G8	G9	G10	G11	G12	H1	H2	H3	H4	H5	H6	H7	H8	H9	H10	H11	H12
0:00:34	34.5	0.216	0.203	0.205	0.241	0.197	0.216	0.202	0.217	0.200	0.204	0.193	0.200	0.199	0.203	0.196	0.229	0.242	0.225	0.236	0.228	0.206	0.197	0.190	0.182	0.205	0.195	0.218	0.230	0.228	0.221	0.187	0.202	0.195	0.197	0.203	0.187	0.226	0.226	0.240	0.241	0.231	0.219	0.240	0.240	0.233	0.237	0.223	0.202	0.217	0.226	0.242	0.212	0.224	0.228	0.256	0.211	0.213	0.234	0.202	0.186	0.218	0.238	0.256	0.208	0.223	0.225	0.216	0.220	0.212	0.190	0.189	0.186	0.197	0.203	0.214	0.204	0.219	0.220	0.224	0.230	0.214	0.208	0.217	0.191	0.180	0.167	0.189	0.213	0.197	0.195	0.198	0.190	0.184	0.177	0.180	0.186
1:00:34	34.9	0.199	0.183	0.189	0.199	0.186	0.194	0.187	0.188	0.183	0.185	0.181	0.196	0.190	0.187	0.180	0.192	0.205	0.197	0.197	0.189	0.182	0.179	0.181	0.181	0.193	0.195	0.191	0.195	0.191	0.187	0.178	0.184	0.177	0.177	0.182	0.185	0.209	0.203	0.219	0.217	0.194	0.184	0.202	0.207	0.193	0.200	0.192	0.193	0.210	0.212	0.218	0.184	0.183	0.182	0.215	0.180	0.181	0.200	0.181	0.184	0.201	0.211	0.227	0.178	0.187	0.194	0.204	0.197	0.191	0.177	0.179	0.186	0.186	0.186	0.192	0.183	0.185	0.189	0.201	0.196	0.190	0.182	0.191	0.188	0.182	0.170	0.183	0.192	0.185	0.182	0.183	0.182	0.181	0.176	0.181	0.188
2:00:34	34.5	0.209	0.192	0.196	0.202	0.193	0.199	0.195	0.194	0.191	0.194	0.191	0.207	0.197	0.193	0.185	0.191	0.196	0.197	0.196	0.190	0.187	0.184	0.188	0.189	0.199	0.188	0.192	0.194	0.194	0.187	0.182	0.194	0.182	0.182	0.187	0.195	0.214	0.201	0.202	0.200	0.186	0.180	0.198	0.195	0.192	0.200	0.194	0.199	0.209	0.202	0.202	0.184	0.184	0.180	0.196	0.181	0.182	0.195	0.184	0.191	0.205	0.208	0.215	0.185	0.183	0.186	0.194	0.184	0.189	0.181	0.184	0.193	0.193	0.189	0.190	0.188	0.184	0.186	0.193	0.191	0.192	0.185	0.194	0.195	0.189	0.177	0.189	0.196	0.189	0.185	0.188	0.188	0.189	0.185	0.190	0.196
3:00:34	34.9	0.214	0.199	0.216	0.219	0.208	0.215	0.211	0.208	0.206	0.210	0.208	0.225	0.204	0.200	0.193	0.201	0.206	0.209	0.206	0.202	0.200	0.196	0.203	0.203	0.204	0.195	0.196	0.204	0.201	0.197	0.191	0.200	0.192	0.192	0.199	0.209	0.214	0.204	0.196	0.211	0.191	0.194	0.206	0.200	0.201	0.210	0.206	0.211	0.208	0.199	0.379	0.197	0.191	0.192	0.201	0.189	0.190	0.202	0.193	0.203	0.207	0.236	0.219	0.192	0.191	0.190	0.193	0.190	0.194	0.190	0.195	0.206	0.199	0.199	0.195	0.197	0.192	0.194	0.197	0.194	0.200	0.197	0.205	0.211	0.195	0.188	0.198	0.206	0.197	0.194	0.197	0.198	0.202	0.201	0.207	0.213
4:00:34	34.7	0.244	0.230	0.238	0.273	0.231	0.238	0.230	0.228	0.225	0.228	0.224	0.244	0.235	0.237	0.226	0.229	0.233	0.233	0.234	0.220	0.223	0.219	0.223	0.224	0.237	0.228	0.228	0.230	0.228	0.223	0.214	0.224	0.218	0.216	0.218	0.230	0.237	0.232	0.220	0.233	0.211	0.215	0.227	0.223	0.220	0.232	0.225	0.231	0.232	0.224	0.239	0.215	0.209	0.208	0.217	0.207	0.210	0.220	0.214	0.227	0.229	0.244	0.236	0.212	0.208	0.208	0.211	0.211	0.214	0.210	0.216	0.228	0.226	0.222	0.216	0.221	0.212	0.215	0.215	0.215	0.221	0.219	0.229	0.233	0.218	0.262	0.219	0.226	0.217	0.214	0.216	0.218	0.223	0.221	0.227	0.238
5:00:34	34.7	0.238	0.229	0.237	0.245	0.240	0.245	0.239	0.232	0.227	0.225	0.215	0.228	0.236	0.245	0.239	0.246	0.249	0.251	0.253	0.238	0.241	0.234	0.228	0.221	0.250	0.240	0.240	0.244	0.239	0.235	0.228	0.240	0.234	0.234	0.234	0.232	0.246	0.242	0.231	0.241	0.225	0.229	0.242	0.238	0.231	0.240	0.236	0.239	0.241	0.238	0.241	0.226	0.225	0.220	0.233	0.221	0.225	0.236	0.227	0.233	0.231	0.236	0.233	0.221	0.220	0.222	0.222	0.223	0.224	0.226	0.228	0.234	0.227	0.233	0.226	0.233	0.222	0.226	0.224	0.228	0.231	0.234	0.251	0.234	0.217	0.210	0.225	0.232	0.226	0.224	0.226	0.228	0.232	0.228	0.226	0.227
6:00:34	34.7	0.235	0.224	0.230	0.239	0.230	0.232	0.230	0.225	0.222	0.220	0.214	0.229	0.229	0.233	0.226	0.234	0.237	0.241	0.242	0.228	0.229	0.217	0.220	0.216	0.235	0.238	0.241	0.246	0.244	0.241	0.235	0.245	0.231	0.228	0.222	0.223	0.235	0.234	0.235	0.247	0.235	0.239	0.248	0.245	0.238	0.242	0.232	0.230	0.235	0.232	0.248	0.235	0.237	0.234	0.241	0.230	0.230	0.236	0.223	0.225	0.225	0.236	0.240	0.232	0.234	0.233	0.232	0.232	0.229	0.223	0.223	0.224	0.216	0.222	0.223	0.229	0.229	0.234	0.234	0.231	0.228	0.225	0.230	0.225	0.208	0.198	0.210	0.220	0.214	0.218	0.223	0.219	0.223	0.219	0.217	0.220
7:00:34	34.9	0.263	0.250	0.243	0.247	0.242	0.249	0.242	0.225	0.370	0.219	0.260	0.227	0.246	0.248	0.235	0.236	0.248	0.247	0.236	0.233	0.229	0.234	0.239	0.296	0.245	0.273	0.244	0.234	0.248	0.235	0.249	0.241	0.262	0.251	0.245	0.233	0.234	0.250	0.241	0.252	0.258	0.246	0.245	0.245	0.230	0.241	0.235	0.231	0.314	0.287	0.284	0.264	0.244	0.242	0.228	0.228	0.237	0.227	0.233	0.218	0.264	0.266	0.267	0.244	0.244	0.234	0.274	0.266	0.264	0.232	0.229	0.217	0.254	0.257	0.261	0.258	0.248	0.261	0.238	0.227	0.254	0.229	0.230	0.221	0.271	0.247	0.243	0.257	0.250	0.249	0.265	0.269	0.249	0.239	0.244	0.252
8:00:32	34.9	0.265	0.256	0.278	0.274	0.294	0.296	0.288	0.234	0.365	0.236	0.268	0.227	0.267	0.280	0.284	0.277	0.278	0.280	0.272	0.269	0.278	0.270	0.255	0.297	0.270	0.332	0.279	0.262	0.303	0.271	0.282	0.287	0.333	0.305	0.274	0.247	0.270	0.334	0.269	0.351	0.323	0.321	0.288	0.269	0.231	0.271	0.223	0.225	0.401	0.359	0.376	0.343	0.290	0.297	0.298	0.237	0.272	0.240	0.253	0.222	0.319	0.355	0.353	0.282	0.322	0.291	0.347	0.329	0.296	0.261	0.233	0.221	0.269	0.316	0.319	0.342	0.311	0.349	0.314	0.283	0.346	0.277	0.288	0.219	0.256	0.241	0.277	0.268	0.281	0.284	0.284	0.312	0.284	0.247	0.236	0.284
9:00:33	34.9	0.254	0.246	0.266	0.255	0.270	0.273	0.264	0.228	0.296	0.234	0.271	0.225	0.255	0.265	0.275	0.253	0.261	0.258	0.250	0.250	0.264	0.257	0.246	0.298	0.258	0.301	0.301	0.254	0.292	0.269	0.271	0.273	0.345	0.310	0.268	0.243	0.266	0.343	0.257	0.344	0.309	0.301	0.275	0.250	0.236	0.282	0.235	0.229	0.386	0.366	0.359	0.358	0.276	0.292	0.299	0.226	0.269	0.253	0.246	0.218	0.299	0.344	0.377	0.268	0.322	0.283	0.336	0.336	0.286	0.258	0.231	0.219	0.252	0.294	0.300	0.322	0.284	0.327	0.306	0.273	0.358	0.274	0.282	0.218	0.251	0.232	0.277	0.279	0.277	0.265	0.277	0.279	0.273	0.244	0.228	0.241
10:00:33	34.9	0.252	0.238	0.253	0.244	0.254	0.259	0.254	0.227	0.251	0.231	0.267	0.223	0.246	0.259	0.268	0.246	0.251	0.249	0.238	0.235	0.262	0.249	0.241	0.298	0.249	0.274	0.288	0.244	0.283	0.262	0.261	0.259	0.328	0.295	0.262	0.237	0.249	0.334	0.247	0.312	0.292	0.278	0.259	0.241	0.245	0.274	0.231	0.233	0.350	0.345	0.344	0.338	0.261	0.276	0.281	0.224	0.261	0.233	0.240	0.217	0.281	0.329	0.361	0.256	0.306	0.270	0.309	0.300	0.277	0.253	0.229	0.218	0.251	0.285	0.287	0.298	0.268	0.306	0.284	0.260	0.361	0.255	0.269	0.219	0.248	0.224	0.255	0.271	0.268	0.258	0.270	0.235	0.249	0.233	0.227	0.234
11:00:33	34.9	0.248	0.233	0.248	0.240	0.251	0.252	0.245	0.225	0.241	0.229	0.268	0.222	0.241	0.253	0.264	0.240	0.245	0.242	0.234	0.232	0.256	0.242	0.236	0.296	0.244	0.267	0.279	0.241	0.279	0.261	0.254	0.248	0.309	0.285	0.256	0.235	0.246	0.315	0.242	0.290	0.278	0.265	0.254	0.235	0.245	0.260	0.230	0.235	0.302	0.323	0.333	0.325	0.262	0.270	0.271	0.223	0.255	0.232	0.236	0.219	0.268	0.318	0.373	0.249	0.296	0.263	0.284	0.288	0.263	0.248	0.228	0.218	0.248	0.279	0.282	0.287	0.265	0.285	0.273	0.254	0.353	0.247	0.259	0.220	0.243	0.229	0.247	0.257	0.265	0.253	0.252	0.235	0.241	0.224	0.227	0.233
12:00:34	34.9	0.244	0.233	0.242	0.236	0.247	0.251	0.242	0.224	0.238	0.228	0.265	0.222	0.240	0.247	0.261	0.236	0.244	0.238	0.232	0.229	0.247	0.238	0.234	0.296	0.239	0.263	0.271	0.236	0.272	0.258	0.250	0.242	0.293	0.277	0.253	0.232	0.242	0.306	0.238	0.273	0.267	0.257	0.248	0.231	0.234	0.263	0.229	0.237	0.285	0.315	0.323	0.310	0.245	0.266	0.267	0.220	0.246	0.230	0.234	0.217	0.259	0.304	0.362	0.244	0.285	0.254	0.268	0.279	0.252	0.242	0.227	0.217	0.245	0.267	0.274	0.281	0.252	0.277	0.263	0.249	0.356	0.249	0.246	0.220	0.236	0.226	0.242	0.250	0.250	0.247	0.268	0.236	0.232	0.222	0.228	0.234
13:00:34	34.9	0.242	0.232	0.240	0.234	0.243	0.247	0.236	0.223	0.234	0.225	0.266	0.221	0.238	0.243	0.255	0.233	0.241	0.236	0.229	0.228	0.249	0.236	0.234	0.296	0.234	0.257	0.267	0.233	0.266	0.253	0.246	0.240	0.281	0.260	0.249	0.230	0.239	0.293	0.239	0.264	0.258	0.252	0.244	0.228	0.231	0.266	0.226	0.241	0.268	0.304	0.300	0.298	0.240	0.259	0.259	0.220	0.241	0.228	0.230	0.216	0.249	0.290	0.354	0.240	0.279	0.246	0.265	0.265	0.242	0.240	0.226	0.217	0.242	0.262	0.267	0.275	0.248	0.276	0.255	0.245	0.388	0.245	0.237	0.221	0.233	0.217	0.237	0.243	0.247	0.239	0.261	0.236	0.234	0.221	0.229	0.233
14:00:35	34.9	0.241	0.229	0.236	0.232	0.239	0.244	0.235	0.223	0.230	0.224	0.265	0.221	0.236	0.240	0.250	0.230	0.238	0.235	0.227	0.226	0.244	0.232	0.232	0.297	0.236	0.250	0.262	0.232	0.258	0.249	0.243	0.236	0.277	0.249	0.247	0.229	0.239	0.281	0.238	0.256	0.250	0.243	0.242	0.228	0.226	0.263	0.222	0.253	0.252	0.294	0.289	0.300	0.237	0.252	0.251	0.218	0.236	0.227	0.227	0.216	0.246	0.279	0.338	0.235	0.270	0.242	0.253	0.263	0.241	0.235	0.225	0.216	0.239	0.258	0.263	0.267	0.247	0.270	0.248	0.239	0.366	0.239	0.232	0.221	0.232	0.218	0.229	0.251	0.237	0.229	0.245	0.231	0.236	0.222	0.233	0.231
15:00:36	34.9	0.239	0.229	0.234	0.231	0.236	0.240	0.233	0.222	0.227	0.223	0.259	0.221	0.234	0.237	0.245	0.228	0.236	0.234	0.226	0.224	0.241	0.231	0.232	0.296	0.234	0.245	0.254	0.228	0.254	0.247	0.240	0.234	0.267	0.249	0.242	0.228	0.237	0.268	0.237	0.249	0.243	0.236	0.237	0.226	0.223	0.257	0.221	0.252	0.253	0.272	0.280	0.276	0.233	0.244	0.246	0.217	0.233	0.226	0.226	0.216	0.240	0.266	0.324	0.231	0.262	0.237	0.245	0.242	0.238	0.231	0.224	0.216	0.236	0.252	0.257	0.258	0.242	0.259	0.242	0.233	0.337	0.236	0.227	0.220	0.233	0.217	0.220	0.236	0.235	0.227	0.259	0.229	0.229	0.220	0.229	0.244
16:00:36	34.9	0.237	0.227	0.234	0.231	0.233	0.237	0.232	0.222	0.226	0.223	0.255	0.222	0.233	0.235	0.240	0.226	0.232	0.233	0.223	0.224	0.239	0.228	0.231	0.297	0.232	0.242	0.248	0.225	0.244	0.244	0.236	0.229	0.255	0.242	0.238	0.228	0.236	0.259	0.235	0.242	0.236	0.231	0.235	0.225	0.223	0.253	0.222	0.250	0.242	0.257	0.261	0.261	0.232	0.238	0.239	0.216	0.232	0.224	0.224	0.215	0.238	0.259	0.307	0.227	0.253	0.233	0.238	0.229	0.224	0.228	0.223	0.215	0.235	0.248	0.253	0.251	0.240	0.252	0.235	0.229	0.309	0.233	0.222	0.220	0.236	0.216	0.218	0.233	0.231	0.226	0.247	0.228	0.227	0.220	0.228	0.245
17:00:36	34.9	0.236	0.226	0.234	0.231	0.230	0.235	0.229	0.221	0.225	0.224	0.252	0.222	0.232	0.232	0.237	0.224	0.231	0.230	0.222	0.223	0.237	0.227	0.230	0.298	0.230	0.238	0.240	0.224	0.242	0.239	0.233	0.228	0.251	0.236	0.236	0.227	0.235	0.252	0.232	0.237	0.232	0.228	0.232	0.225	0.221	0.239	0.222	0.249	0.236	0.245	0.260	0.253	0.227	0.234	0.235	0.216	0.229	0.222	0.223	0.215	0.235	0.252	0.293	0.225	0.245	0.230	0.239	0.220	0.225	0.225	0.223	0.214	0.234	0.244	0.248	0.244	0.238	0.248	0.231	0.227	0.300	0.229	0.224	0.221	0.229	0.216	0.217	0.228	0.230	0.224	0.239	0.227	0.229	0.220	0.229	0.239
18:00:36	34.9	0.236	0.226	0.230	0.230	0.230	0.234	0.229	0.221	0.224	0.223	0.250	0.223	0.230	0.229	0.234	0.222	0.229	0.229	0.220	0.222	0.233	0.225	0.229	0.307	0.231	0.236	0.234	0.222	0.238	0.235	0.231	0.225	0.245	0.234	0.234	0.227	0.235	0.249	0.230	0.233	0.229	0.226	0.230	0.224	0.220	0.237	0.223	0.247	0.232	0.236	0.253	0.250	0.226	0.231	0.229	0.214	0.228	0.220	0.222	0.215	0.233	0.245	0.284	0.222	0.240	0.226	0.236	0.221	0.227	0.221	0.222	0.213	0.233	0.241	0.243	0.240	0.235	0.241	0.227	0.225	0.292	0.230	0.221	0.221	0.228	0.215	0.220	0.225	0.229	0.223	0.231	0.231	0.227	0.220	0.228	0.234
19:00:36	34.9	0.236	0.226	0.228	0.231	0.228	0.235	0.228	0.221	0.224	0.223	0.246	0.223	0.230	0.229	0.232	0.220	0.228	0.228	0.220	0.221	0.229	0.225	0.230	0.298	0.229	0.234	0.231	0.221	0.235	0.232	0.229	0.223	0.241	0.230	0.233	0.226	0.234	0.243	0.228	0.229	0.224	0.224	0.226	0.223	0.223	0.234	0.223	0.244	0.234	0.241	0.249	0.237	0.224	0.227	0.225	0.212	0.225	0.219	0.220	0.215	0.231	0.240	0.278	0.220	0.235	0.222	0.231	0.220	0.223	0.219	0.222	0.214	0.232	0.238	0.239	0.236	0.231	0.235	0.225	0.223	0.281	0.227	0.221	0.221	0.227	0.214	0.219	0.225	0.227	0.222	0.230	0.237	0.226	0.220	0.229	0.238
20:00:37	34.9	0.235	0.225	0.227	0.231	0.227	0.233	0.228	0.221	0.224	0.223	0.242	0.223	0.228	0.227	0.229	0.220	0.227	0.225	0.219	0.220	0.227	0.224	0.229	0.298	0.228	0.233	0.231	0.221	0.232	0.229	0.227	0.220	0.238	0.227	0.230	0.226	0.233	0.238	0.227	0.225	0.223	0.223	0.224	0.223	0.223	0.230	0.223	0.243	0.233	0.236	0.240	0.240	0.222	0.224	0.222	0.212	0.222	0.219	0.218	0.215	0.230	0.236	0.267	0.219	0.232	0.221	0.235	0.219	0.222	0.218	0.222	0.214	0.228	0.236	0.236	0.233	0.229	0.231	0.224	0.222	0.269	0.226	0.221	0.222	0.228	0.214	0.219	0.224	0.227	0.222	0.230	0.237	0.226	0.220	0.229	0.238
21:00:36	35.0	0.235	0.224	0.226	0.231	0.226	0.231	0.227	0.221	0.224	0.223	0.247	0.223	0.227	0.226	0.228	0.219	0.226	0.224	0.218	0.219	0.227	0.223	0.228	0.298	0.229	0.230	0.227	0.221	0.231	0.226	0.226	0.217	0.234	0.225	0.229	0.224	0.232	0.235	0.226	0.223	0.220	0.220	0.222	0.221	0.223	0.227	0.223	0.241	0.227	0.236	0.241	0.233	0.221	0.222	0.219	0.212	0.222	0.218	0.217	0.217	0.228	0.234	0.261	0.218	0.229	0.219	0.228	0.213	0.218	0.217	0.222	0.215	0.227	0.235	0.235	0.231	0.228	0.229	0.223	0.219	0.262	0.225	0.220	0.222	0.238	0.213	0.219	0.224	0.226	0.221	0.229	0.230	0.225	0.221	0.229	0.239
22:00:37	35.1	0.235	0.224	0.225	0.230	0.225	0.229	0.226	0.221	0.224	0.223	0.243	0.223	0.227	0.226	0.226	0.219	0.225	0.224	0.218	0.219	0.226	0.222	0.228	0.298	0.230	0.230	0.227	0.219	0.227	0.225	0.225	0.215	0.234	0.223	0.228	0.225	0.231	0.231	0.225	0.223	0.219	0.218	0.221	0.220	0.222	0.226	0.222	0.239	0.228	0.232	0.229	0.227	0.220	0.221	0.217	0.211	0.221	0.218	0.217	0.217	0.227	0.232	0.257	0.217	0.227	0.217	0.220	0.212	0.220	0.217	0.223	0.217	0.228	0.232	0.231	0.228	0.227	0.228	0.223	0.219	0.255	0.224	0.220	0.222	0.234	0.212	0.219	0.222	0.226	0.221	0.228	0.228	0.226	0.222	0.229	0.241

0:00:00																																																																																																	
0:00:00																																																																																																	
0:00:00																																																																																																	
0:00:00																																																																																																	
0:00:00																																																																																																	
0:00:00																																																																																																	
0:00:00																																																																																																	
0:00:00																																																																																																	
0:00:00																																																																																																	
0:00:00																																																																																																	
0:00:00																																																																																																	
0:00:00																																																																																																	
0:00:00																																																																																																	
0:00:00																																																																																																	
0:00:00																																																																																																	
0:00:00																																																																																																	
0:00:00																																																																																																	
0:00:00																																																																																																	
0:00:00																																																																																																	
0:00:00																																																																																																	
0:00:00																																																																																																	
0:00:00																																																																																																	
0:00:00																																																																																																	
0:00:00																																																																																																	

Results
	1	2	3	4	5	6	7	8	9	10	11	12
A	?????	?????	?????	?????	?????	?????	?????	?????	?????	?????	?????	?????	Max V [600]
	?????	?????	?????	?????	?????	?????	?????	?????	?????	?????	?????	?????	R-Squared [600]
	?????	?????	?????	?????	?????	?????	?????	?????	?????	?????	?????	?????	t at Max V [600]
	?????	?????	?????	?????	?????	?????	?????	?????	?????	?????	?????	?????	Lagtime [600]
B	?????	?????	?????	?????	?????	?????	?????	?????	?????	?????	?????	?????	Max V [600]
	?????	?????	?????	?????	?????	?????	?????	?????	?????	?????	?????	?????	R-Squared [600]
	?????	?????	?????	?????	?????	?????	?????	?????	?????	?????	?????	?????	t at Max V [600]
	?????	?????	?????	?????	?????	?????	?????	?????	?????	?????	?????	?????	Lagtime [600]
C	?????	?????	?????	?????	?????	?????	?????	?????	?????	?????	?????	?????	Max V [600]
	?????	?????	?????	?????	?????	?????	?????	?????	?????	?????	?????	?????	R-Squared [600]
	?????	?????	?????	?????	?????	?????	?????	?????	?????	?????	?????	?????	t at Max V [600]
	?????	?????	?????	?????	?????	?????	?????	?????	?????	?????	?????	?????	Lagtime [600]
D	?????	?????	?????	?????	?????	?????	?????	?????	?????	?????	?????	?????	Max V [600]
	?????	?????	?????	?????	?????	?????	?????	?????	?????	?????	?????	?????	R-Squared [600]
	?????	?????	?????	?????	?????	?????	?????	?????	?????	?????	?????	?????	t at Max V [600]
	?????	?????	?????	?????	?????	?????	?????	?????	?????	?????	?????	?????	Lagtime [600]
E	?????	?????	?????	?????	?????	?????	?????	?????	?????	?????	?????	?????	Max V [600]
	?????	?????	?????	?????	?????	?????	?????	?????	?????	?????	?????	?????	R-Squared [600]
	?????	?????	?????	?????	?????	?????	?????	?????	?????	?????	?????	?????	t at Max V [600]
	?????	?????	?????	?????	?????	?????	?????	?????	?????	?????	?????	?????	Lagtime [600]
F	?????	?????	?????	?????	?????	?????	?????	?????	?????	?????	?????	?????	Max V [600]
	?????	?????	?????	?????	?????	?????	?????	?????	?????	?????	?????	?????	R-Squared [600]
	?????	?????	?????	?????	?????	?????	?????	?????	?????	?????	?????	?????	t at Max V [600]
	?????	?????	?????	?????	?????	?????	?????	?????	?????	?????	?????	?????	Lagtime [600]
G	?????	?????	?????	?????	?????	?????	?????	?????	?????	?????	?????	?????	Max V [600]
	?????	?????	?????	?????	?????	?????	?????	?????	?????	?????	?????	?????	R-Squared [600]
	?????	?????	?????	?????	?????	?????	?????	?????	?????	?????	?????	?????	t at Max V [600]
	?????	?????	?????	?????	?????	?????	?????	?????	?????	?????	?????	?????	Lagtime [600]
H	?????	?????	?????	?????	?????	?????	?????	?????	?????	?????	?????	?????	Max V [600]
	?????	?????	?????	?????	?????	?????	?????	?????	?????	?????	?????	?????	R-Squared [600]
	?????	?????	?????	?????	?????	?????	?????	?????	?????	?????	?????	?????	t at Max V [600]
	?????	?????	?????	?????	?????	?????	?????	?????	?????	?????	?????	?????	Lagtime [600]

