
Software Version	3.11.19



Experiment File Path:	C:\Users\patil-group\Desktop\Sweeteners_stacker\281121_NT5025_77_81_Rep4\NT5025_77_81_Rep4.xpt
Protocol File Path:	C:\Users\Public\Documents\Protocols\Screening-protocol.prt



Plate Number	Plate 9
Date	28/11/2021
Time	12:57:49
Reader Type:	Epoch 2
Reader Serial Number:	2103223
Reading Type	Reader

Procedure Details

Plate Type	96 WELL PLATE
Discontinuous Kinetics	Runtime 1:00:00 (D:HH:MM), Interval 0:01:00, 25 Reads
	Pause after each run
Eject plate on completion	
Shake	Linear: 0:00:30 (HH:MM:SS)
	Frequency: 567 cpm (3 mm)
Read	Absorbance Endpoint
	Full Plate
	Wavelengths:  600
	Read Speed: Normal,  Delay: 100 msec,  Measurements/Data Point: 8

600

Time	T° 600	A1	A2	A3	A4	A5	A6	A7	A8	A9	A10	A11	A12	B1	B2	B3	B4	B5	B6	B7	B8	B9	B10	B11	B12	C1	C2	C3	C4	C5	C6	C7	C8	C9	C10	C11	C12	D1	D2	D3	D4	D5	D6	D7	D8	D9	D10	D11	D12	E1	E2	E3	E4	E5	E6	E7	E8	E9	E10	E11	E12	F1	F2	F3	F4	F5	F6	F7	F8	F9	F10	F11	F12	G1	G2	G3	G4	G5	G6	G7	G8	G9	G10	G11	G12	H1	H2	H3	H4	H5	H6	H7	H8	H9	H10	H11	H12
0:00:34	34.5	0.202	0.203	0.208	0.204	0.198	0.202	0.200	0.203	0.202	0.201	0.206	0.204	0.208	0.200	0.213	0.197	0.197	0.196	0.205	0.199	0.210	0.193	0.202	0.203	0.210	0.203	0.199	0.201	0.208	0.195	0.196	0.205	0.196	0.198	0.198	0.202	0.204	0.199	0.201	0.203	0.197	0.212	0.203	0.202	0.193	0.201	0.198	0.203	0.216	0.196	0.199	0.201	0.200	0.201	0.204	0.195	0.197	0.193	0.198	0.214	0.204	0.198	0.200	0.202	0.206	0.209	0.196	0.202	0.194	0.196	0.201	0.202	0.204	0.207	0.228	0.211	0.205	0.197	0.202	0.209	0.204	0.201	0.201	0.204	0.214	0.201	0.206	0.212	0.204	0.198	0.203	0.204	0.197	0.206	0.201	0.204
1:00:33	34.6	0.326	0.321	0.311	0.318	0.313	0.317	0.317	0.317	0.318	0.312	0.321	0.331	0.319	0.303	0.308	0.293	0.295	0.299	0.288	0.309	0.311	0.284	0.294	0.312	0.308	0.289	0.286	0.288	0.291	0.286	0.274	0.285	0.285	0.281	0.284	0.308	0.298	0.287	0.281	0.296	0.279	0.280	0.281	0.268	0.283	0.303	0.283	0.300	0.306	0.289	0.287	0.283	0.269	0.286	0.284	0.286	0.290	0.276	0.277	0.303	0.293	0.284	0.287	0.284	0.285	0.278	0.284	0.279	0.281	0.280	0.297	0.300	0.298	0.296	0.312	0.301	0.283	0.278	0.290	0.303	0.294	0.301	0.295	0.312	0.329	0.308	0.312	0.313	0.291	0.294	0.306	0.311	0.311	0.334	0.326	0.331
2:00:34	34.6	0.480	0.489	0.480	0.499	0.496	0.504	0.510	0.497	0.492	0.485	0.493	0.501	0.497	0.494	0.490	0.479	0.486	0.496	0.467	0.499	0.499	0.449	0.493	0.484	0.491	0.486	0.492	0.496	0.497	0.517	0.483	0.474	0.510	0.485	0.489	0.484	0.465	0.487	0.488	0.505	0.498	0.471	0.493	0.435	0.511	0.506	0.484	0.480	0.486	0.485	0.505	0.477	0.451	0.508	0.469	0.501	0.493	0.474	0.444	0.466	0.459	0.466	0.509	0.486	0.500	0.464	0.494	0.472	0.495	0.464	0.478	0.481	0.445	0.483	0.500	0.505	0.479	0.467	0.487	0.490	0.498	0.495	0.478	0.478	0.496	0.484	0.506	0.527	0.491	0.496	0.520	0.503	0.515	0.541	0.524	0.516
3:00:34	34.5	0.555	0.562	0.558	0.571	0.566	0.573	0.579	0.565	0.564	0.562	0.565	0.570	0.567	0.561	0.559	0.550	0.556	0.568	0.543	0.567	0.569	0.523	0.556	0.557	0.563	0.556	0.565	0.572	0.574	0.620	0.557	0.548	0.592	0.553	0.560	0.555	0.537	0.555	0.577	0.579	0.578	0.554	0.569	0.516	0.587	0.574	0.557	0.543	0.552	0.558	0.591	0.557	0.532	0.586	0.554	0.581	0.566	0.550	0.516	0.540	0.534	0.542	0.593	0.566	0.596	0.546	0.572	0.555	0.570	0.541	0.551	0.552	0.513	0.565	0.575	0.585	0.559	0.548	0.561	0.566	0.570	0.570	0.550	0.551	0.575	0.553	0.580	0.606	0.563	0.568	0.596	0.585	0.584	0.603	0.593	0.586
4:00:35	34.5	0.639	0.647	0.642	0.655	0.648	0.659	0.663	0.649	0.647	0.650	0.650	0.653	0.649	0.643	0.636	0.631	0.632	0.648	0.624	0.643	0.647	0.605	0.635	0.642	0.647	0.635	0.642	0.642	0.644	0.683	0.634	0.631	0.662	0.636	0.653	0.641	0.624	0.634	0.657	0.654	0.650	0.637	0.641	0.598	0.651	0.643	0.635	0.624	0.631	0.641	0.664	0.631	0.610	0.660	0.615	0.647	0.632	0.625	0.597	0.624	0.622	0.625	0.651	0.640	0.678	0.624	0.656	0.632	0.637	0.619	0.630	0.636	0.597	0.665	0.660	0.673	0.638	0.631	0.637	0.646	0.647	0.648	0.642	0.640	0.667	0.641	0.672	0.689	0.648	0.651	0.681	0.663	0.672	0.676	0.673	0.663
5:00:35	34.5	0.658	0.672	0.676	0.687	0.680	0.691	0.693	0.675	0.678	0.674	0.670	0.672	0.679	0.681	0.682	0.677	0.681	0.694	0.678	0.692	0.690	0.650	0.670	0.667	0.680	0.680	0.694	0.694	0.696	0.752	0.686	0.684	0.722	0.684	0.691	0.666	0.660	0.678	0.713	0.703	0.709	0.704	0.699	0.662	0.705	0.692	0.678	0.658	0.664	0.687	0.705	0.685	0.670	0.716	0.682	0.699	0.683	0.673	0.642	0.659	0.658	0.671	0.698	0.699	0.730	0.683	0.700	0.692	0.686	0.671	0.671	0.667	0.619	0.700	0.704	0.716	0.689	0.680	0.684	0.696	0.694	0.690	0.673	0.665	0.683	0.665	0.700	0.712	0.678	0.686	0.709	0.695	0.700	0.702	0.699	0.676
6:00:36	34.5	0.671	0.685	0.688	0.698	0.691	0.701	0.702	0.686	0.691	0.689	0.680	0.685	0.689	0.693	0.695	0.690	0.695	0.706	0.692	0.705	0.704	0.666	0.681	0.682	0.691	0.691	0.707	0.710	0.712	0.748	0.695	0.699	0.731	0.697	0.698	0.679	0.674	0.690	0.721	0.718	0.718	0.719	0.712	0.679	0.713	0.711	0.697	0.673	0.673	0.699	0.714	0.701	0.687	0.717	0.702	0.711	0.694	0.682	0.659	0.673	0.673	0.685	0.705	0.717	0.738	0.698	0.707	0.705	0.706	0.685	0.684	0.681	0.634	0.706	0.713	0.723	0.703	0.694	0.700	0.716	0.708	0.703	0.689	0.678	0.696	0.674	0.711	0.717	0.691	0.698	0.717	0.711	0.713	0.713	0.709	0.685
7:00:36	34.4	0.684	0.698	0.700	0.709	0.703	0.713	0.711	0.698	0.705	0.701	0.692	0.697	0.699	0.703	0.706	0.703	0.706	0.717	0.705	0.716	0.715	0.678	0.695	0.694	0.703	0.702	0.719	0.722	0.723	0.752	0.706	0.712	0.744	0.709	0.708	0.693	0.689	0.700	0.733	0.736	0.729	0.731	0.725	0.693	0.725	0.720	0.706	0.686	0.685	0.711	0.720	0.712	0.698	0.732	0.711	0.724	0.710	0.696	0.673	0.686	0.687	0.699	0.711	0.727	0.750	0.711	0.729	0.720	0.714	0.699	0.698	0.694	0.649	0.718	0.724	0.734	0.715	0.707	0.711	0.726	0.721	0.715	0.701	0.692	0.710	0.686	0.724	0.726	0.705	0.710	0.730	0.722	0.727	0.725	0.719	0.694
8:00:37	34.4	0.692	0.707	0.707	0.717	0.712	0.722	0.721	0.705	0.712	0.712	0.701	0.705	0.708	0.710	0.717	0.713	0.717	0.728	0.715	0.727	0.726	0.688	0.705	0.702	0.712	0.713	0.731	0.733	0.735	0.757	0.717	0.724	0.751	0.721	0.719	0.701	0.698	0.712	0.746	0.745	0.741	0.742	0.735	0.705	0.734	0.729	0.714	0.696	0.694	0.724	0.729	0.724	0.712	0.738	0.720	0.736	0.717	0.709	0.683	0.696	0.698	0.712	0.720	0.738	0.759	0.721	0.734	0.732	0.725	0.710	0.708	0.702	0.657	0.728	0.735	0.744	0.726	0.719	0.721	0.735	0.732	0.726	0.711	0.699	0.716	0.696	0.732	0.732	0.714	0.719	0.736	0.728	0.733	0.731	0.724	0.701
9:00:38	34.4	0.697	0.712	0.710	0.721	0.715	0.725	0.724	0.709	0.715	0.715	0.707	0.712	0.715	0.719	0.721	0.719	0.721	0.731	0.720	0.730	0.728	0.693	0.709	0.707	0.717	0.720	0.735	0.739	0.739	0.751	0.724	0.728	0.754	0.723	0.722	0.704	0.703	0.717	0.750	0.749	0.747	0.748	0.738	0.711	0.735	0.734	0.722	0.700	0.699	0.727	0.735	0.728	0.716	0.741	0.729	0.738	0.721	0.714	0.687	0.697	0.703	0.716	0.726	0.744	0.762	0.726	0.738	0.737	0.734	0.718	0.712	0.707	0.663	0.730	0.739	0.745	0.731	0.722	0.729	0.742	0.737	0.728	0.716	0.705	0.721	0.701	0.736	0.735	0.718	0.723	0.738	0.732	0.735	0.735	0.726	0.704
10:00:38	34.4	0.705	0.718	0.715	0.725	0.721	0.731	0.730	0.716	0.722	0.722	0.715	0.717	0.720	0.725	0.727	0.726	0.727	0.737	0.728	0.737	0.735	0.702	0.716	0.715	0.723	0.724	0.741	0.743	0.744	0.746	0.730	0.734	0.760	0.729	0.726	0.710	0.709	0.722	0.755	0.756	0.755	0.754	0.742	0.718	0.739	0.743	0.728	0.706	0.705	0.733	0.737	0.732	0.722	0.748	0.735	0.739	0.734	0.723	0.695	0.705	0.712	0.722	0.729	0.753	0.767	0.733	0.742	0.743	0.741	0.724	0.719	0.713	0.670	0.737	0.745	0.751	0.739	0.728	0.738	0.751	0.743	0.734	0.721	0.712	0.727	0.709	0.743	0.740	0.726	0.731	0.744	0.738	0.741	0.739	0.731	0.711
11:00:38	34.4	0.709	0.721	0.720	0.730	0.725	0.734	0.732	0.718	0.724	0.724	0.719	0.720	0.722	0.728	0.731	0.729	0.732	0.742	0.732	0.741	0.739	0.707	0.720	0.719	0.727	0.729	0.743	0.747	0.748	0.751	0.735	0.741	0.769	0.732	0.730	0.712	0.715	0.726	0.762	0.762	0.762	0.759	0.752	0.725	0.738	0.752	0.731	0.711	0.709	0.739	0.741	0.738	0.728	0.753	0.737	0.741	0.739	0.730	0.701	0.707	0.717	0.728	0.736	0.760	0.767	0.739	0.748	0.748	0.746	0.729	0.724	0.718	0.674	0.739	0.748	0.752	0.743	0.733	0.739	0.758	0.746	0.737	0.723	0.715	0.729	0.716	0.746	0.742	0.729	0.733	0.747	0.743	0.743	0.742	0.733	0.715
20:00:34	33.6	0.791	0.815	0.801	0.828	0.829	0.844	0.863	0.834	0.828	0.853	0.828	0.828	0.820	0.854	0.881	0.891	0.906	0.934	0.910	0.907	0.929	0.852	0.839	0.822	0.822	0.859	0.952	0.975	0.956	0.947	0.949	0.963	1.032	0.949	0.896	0.813	0.815	0.893	0.993	1.019	1.021	0.993	1.038	0.921	1.016	1.001	0.901	0.868	0.832	0.949	0.945	1.036	0.972	1.070	1.027	1.051	1.028	0.938	0.891	0.824	0.850	0.911	0.891	1.036	1.114	1.019	1.058	1.020	1.024	0.950	0.886	0.851	0.774	0.925	0.945	0.992	0.980	0.961	0.978	1.002	0.988	0.941	0.869	0.833	0.839	0.844	0.880	0.884	0.879	0.881	0.938	0.907	0.941	0.926	0.904	0.832
21:00:32	34.5	0.780	0.794	0.766	0.783	0.795	0.801	0.800	0.791	0.799	0.804	0.805	0.804	0.789	0.782	0.798	0.802	0.804	0.812	0.813	0.813	0.813	0.787	0.788	0.797	0.787	0.792	0.822	0.838	0.823	0.820	0.817	0.830	0.870	0.814	0.799	0.791	0.785	0.799	0.849	0.856	0.845	0.854	0.860	0.815	0.828	0.844	0.798	0.787	0.767	0.813	0.808	0.850	0.833	0.870	0.840	0.841	0.838	0.811	0.772	0.769	0.793	0.818	0.794	0.875	0.910	0.846	0.851	0.858	0.833	0.806	0.785	0.784	0.752	0.812	0.827	0.843	0.831	0.823	0.821	0.836	0.836	0.817	0.783	0.775	0.802	0.800	0.809	0.793	0.789	0.798	0.815	0.809	0.815	0.816	0.802	0.796
22:00:33	34.5	0.793	0.807	0.774	0.791	0.806	0.811	0.806	0.802	0.810	0.815	0.819	0.816	0.801	0.785	0.799	0.798	0.797	0.807	0.807	0.809	0.813	0.790	0.795	0.808	0.796	0.795	0.811	0.819	0.811	0.799	0.803	0.816	0.829	0.805	0.792	0.804	0.796	0.792	0.829	0.830	0.820	0.830	0.833	0.804	0.796	0.822	0.790	0.793	0.779	0.807	0.797	0.825	0.812	0.835	0.802	0.806	0.803	0.791	0.766	0.774	0.799	0.813	0.788	0.847	0.854	0.823	0.820	0.826	0.810	0.790	0.779	0.787	0.764	0.807	0.813	0.819	0.814	0.802	0.800	0.811	0.821	0.807	0.779	0.780	0.817	0.816	0.818	0.793	0.788	0.792	0.808	0.811	0.810	0.811	0.804	0.808

0:00:00																																																																																																	
0:00:00																																																																																																	
0:00:00																																																																																																	
0:00:00																																																																																																	
0:00:00																																																																																																	
0:00:00																																																																																																	
0:00:00																																																																																																	
0:00:00																																																																																																	
0:00:00																																																																																																	
0:00:00																																																																																																	
0:00:00																																																																																																	
0:00:00																																																																																																	
0:00:00																																																																																																	

Results
	1	2	3	4	5	6	7	8	9	10	11	12
A	1.837	1.881	1.859	1.925	1.922	1.950	1.981	1.901	1.895	1.917	1.887	1.894	Max V [600]
	0.980	0.978	0.981	0.974	0.971	0.971	0.969	0.972	0.975	0.980	0.976	0.973	R-Squared [600]
	2:00:35	2:00:35	2:00:35	2:00:35	2:00:35	2:00:35	2:00:35	2:00:35	2:00:35	2:00:35	2:00:35	2:00:35	t at Max V [600]
	?????	?????	?????	?????	?????	?????	?????	?????	?????	?????	?????	?????	Lagtime [600]
B	1.882	1.907	1.828	1.876	1.885	1.957	1.820	1.910	1.886	1.773	1.877	1.873	Max V [600]
	0.973	0.969	0.970	0.972	0.967	0.968	0.976	0.966	0.969	0.980	0.963	0.978	R-Squared [600]
	2:00:35	2:00:35	2:00:35	2:00:35	2:00:35	2:00:35	2:00:35	2:00:35	2:00:35	2:00:35	2:00:35	2:00:35	t at Max V [600]
	?????	?????	?????	?????	?????	?????	?????	?????	?????	?????	?????	?????	Lagtime [600]
C	1.881	1.886	1.944	1.942	1.926	2.184	1.934	1.860	2.063	1.912	1.979	1.875	Max V [600]
	0.974	0.967	0.963	0.961	0.961	0.958	0.962	0.972	0.957	0.964	0.970	0.976	R-Squared [600]
	2:00:35	2:00:35	2:00:35	2:00:35	2:00:35	2:00:35	2:00:35	2:00:35	2:00:35	2:00:35	2:00:35	2:00:35	t at Max V [600]
	?????	?????	?????	?????	?????	?????	?????	?????	?????	?????	?????	?????	Lagtime [600]
D	1.799	1.895	2.014	1.974	2.007	1.875	1.942	1.736	2.035	1.926	1.913	1.808	Max V [600]
	0.981	0.964	0.969	0.962	0.959	0.972	0.959	0.979	0.949	0.958	0.966	0.970	R-Squared [600]
	2:00:35	2:00:35	2:00:35	2:00:35	2:00:35	2:00:35	2:00:35	2:00:35	2:00:35	2:00:35	2:00:35	2:00:35	t at Max V [600]
	?????	?????	0:01:20	?????	?????	0:03:53	?????	0:04:08	?????	?????	?????	?????	Lagtime [600]
E	1.792	1.931	2.058	1.890	1.807	2.029	1.820	1.999	1.909	1.899	1.727	1.764	Max V [600]
	0.971	0.970	0.962	0.968	0.973	0.958	0.966	0.957	0.959	0.966	0.978	0.982	R-Squared [600]
	2:00:35	2:00:35	2:00:35	2:00:35	2:00:35	2:00:35	2:00:35	2:00:35	2:00:35	2:00:35	2:00:35	2:00:35	t at Max V [600]
	?????	?????	?????	?????	0:02:42	?????	?????	?????	?????	?????	?????	?????	Lagtime [600]
F	1.794	1.851	2.015	1.928	2.090	1.830	2.013	1.894	1.959	1.845	1.852	1.867	Max V [600]
	0.982	0.976	0.952	0.966	0.969	0.972	0.967	0.971	0.957	0.973	0.973	0.975	R-Squared [600]
	2:00:35	2:00:35	2:00:35	2:00:35	2:00:35	2:00:35	2:00:35	2:00:35	2:00:35	2:00:35	2:00:35	2:00:35	t at Max V [600]
	?????	?????	?????	?????	0:02:32	0:02:47	?????	0:01:10	?????	?????	?????	?????	Lagtime [600]
G	1.670	1.973	1.880	2.009	1.902	1.901	1.904	1.895	1.939	1.938	1.894	1.851	Max V [600]
	0.984	0.981	0.974	0.971	0.969	0.974	0.966	0.973	0.964	0.969	0.978	0.981	R-Squared [600]
	2:00:35	2:00:35	2:00:35	2:00:35	2:00:35	2:00:35	2:00:35	2:00:35	2:00:35	2:00:35	2:00:35	2:00:35	t at Max V [600]
	?????	0:00:57	?????	?????	0:00:42	0:00:47	?????	?????	?????	?????	?????	?????	Lagtime [600]
H	1.921	1.874	1.999	2.079	1.934	1.967	2.076	1.989	2.035	2.015	2.021	1.955	Max V [600]
	0.983	0.976	0.974	0.966	0.969	0.968	0.966	0.972	0.967	0.953	0.964	0.966	R-Squared [600]
	2:00:35	2:00:35	2:00:35	2:00:35	2:00:35	2:00:35	2:00:35	2:00:35	2:00:35	2:00:35	2:00:35	2:00:35	t at Max V [600]
	?????	?????	?????	?????	?????	?????	?????	?????	?????	?????	?????	?????	Lagtime [600]


