Time	A1	A2	A3	A4	A5	A6	A7	A8	A9	A10	A11	A12	B1	B2	B3	B4	B5	B6	B7	B8	B9	B10	B11	B12	C1	C2	C3	C4	C5	C6	C7	C8	C9	C10	C11	C12	D1	D2	D3	D4	D5	D6	D7	D8	D9	D10	D11	D12	E1	E2	E3	E4	E5	E6	E7	E8	E9	E10	E11	E12	F1	F2	F3	F4	F5	F6	F7	F8	F9	F10	F11	F12	G1	G2	G3	G4	G5	G6	G7	G8	G9	G10	G11	G12	H1	H2	H3	H4	H5	H6	H7	H8	H9	H10	H11	H12
0	0.185	0.180	0.180	0.180	0.182	0.179	0.181	0.183	0.184	0.182	0.183	0.193	0.180	0.180	0.195	0.205	0.186	0.176	0.176	0.185	0.178	0.180	0.187	0.196	0.184	0.195	0.182	0.188	0.192	0.202	0.178	0.180	0.175	0.178	0.177	0.185	0.176	0.180	0.185	0.188	0.181	0.178	0.180	0.177	0.184	0.180	0.181	0.197	0.186	0.186	0.189	0.186	0.182	0.191	0.187	0.190	0.186	0.184	0.199	0.206	0.177	0.176	0.178	0.184	0.190	0.182	0.177	0.182	0.174	0.178	0.188	0.189	0.183	0.184	0.185	0.183	0.183	0.179	0.184	0.185	0.181	0.179	0.182	0.182	0.178	0.204	0.178	0.183	0.178	0.179	0.180	0.174	0.176	0.178	0.178	0.184
1	0.223	0.219	0.215	0.212	0.213	0.213	0.216	0.215	0.222	0.218	0.218	0.230	0.213	0.208	0.220	0.229	0.211	0.203	0.204	0.210	0.207	0.207	0.211	0.227	0.212	0.217	0.204	0.207	0.211	0.220	0.198	0.203	0.197	0.201	0.204	0.216	0.204	0.204	0.208	0.210	0.203	0.200	0.199	0.199	0.206	0.203	0.208	0.226	0.212	0.209	0.210	0.207	0.204	0.211	0.206	0.210	0.207	0.207	0.223	0.233	0.206	0.202	0.202	0.204	0.214	0.205	0.199	0.202	0.196	0.201	0.213	0.216	0.216	0.212	0.212	0.213	0.205	0.203	0.206	0.208	0.207	0.205	0.210	0.214	0.214	0.230	0.204	0.209	0.202	0.205	0.203	0.199	0.200	0.206	0.209	0.218
2	0.349	0.349	0.335	0.323	0.346	0.346	0.332	0.328	0.338	0.333	0.341	0.348	0.329	0.324	0.324	0.326	0.296	0.321	0.314	0.298	0.299	0.299	0.307	0.337	0.312	0.310	0.296	0.299	0.294	0.303	0.277	0.293	0.279	0.289	0.298	0.314	0.312	0.303	0.301	0.313	0.293	0.292	0.281	0.293	0.293	0.298	0.303	0.330	0.322	0.307	0.308	0.302	0.297	0.303	0.292	0.295	0.294	0.297	0.315	0.319	0.327	0.314	0.314	0.293	0.313	0.306	0.289	0.288	0.287	0.293	0.312	0.313	0.340	0.334	0.324	0.329	0.314	0.309	0.307	0.310	0.322	0.314	0.318	0.324	0.349	0.348	0.313	0.315	0.318	0.320	0.300	0.303	0.303	0.309	0.325	0.335
3	0.489	0.497	0.486	0.468	0.489	0.488	0.474	0.479	0.474	0.471	0.473	0.479	0.498	0.495	0.489	0.494	0.462	0.493	0.480	0.463	0.466	0.467	0.481	0.492	0.470	0.480	0.472	0.482	0.470	0.471	0.450	0.468	0.450	0.466	0.468	0.476	0.485	0.484	0.489	0.500	0.472	0.477	0.459	0.480	0.476	0.474	0.469	0.488	0.480	0.475	0.479	0.480	0.469	0.481	0.456	0.463	0.463	0.471	0.475	0.470	0.495	0.477	0.486	0.463	0.476	0.471	0.450	0.452	0.447	0.455	0.463	0.460	0.508	0.515	0.495	0.501	0.485	0.485	0.468	0.483	0.492	0.475	0.477	0.468	0.513	0.518	0.486	0.474	0.487	0.498	0.470	0.469	0.472	0.465	0.479	0.479
4	0.534	0.535	0.527	0.508	0.532	0.528	0.521	0.522	0.525	0.519	0.524	0.531	0.549	0.553	0.543	0.547	0.524	0.538	0.528	0.521	0.524	0.519	0.529	0.540	0.524	0.535	0.528	0.539	0.528	0.526	0.512	0.517	0.504	0.519	0.518	0.525	0.535	0.536	0.541	0.549	0.530	0.540	0.519	0.533	0.532	0.532	0.522	0.539	0.531	0.532	0.535	0.539	0.528	0.542	0.516	0.519	0.527	0.530	0.530	0.526	0.533	0.523	0.535	0.517	0.537	0.532	0.512	0.515	0.508	0.513	0.522	0.514	0.551	0.559	0.549	0.542	0.539	0.537	0.527	0.536	0.548	0.527	0.523	0.521	0.553	0.556	0.533	0.526	0.541	0.542	0.522	0.522	0.519	0.514	0.526	0.527
5	0.567	0.566	0.558	0.538	0.563	0.561	0.554	0.555	0.564	0.555	0.561	0.568	0.580	0.582	0.577	0.581	0.563	0.570	0.556	0.558	0.562	0.556	0.564	0.569	0.560	0.568	0.562	0.571	0.562	0.559	0.546	0.546	0.539	0.553	0.552	0.561	0.569	0.570	0.569	0.578	0.563	0.571	0.556	0.564	0.567	0.570	0.558	0.574	0.568	0.570	0.572	0.571	0.561	0.573	0.550	0.551	0.560	0.562	0.566	0.564	0.560	0.555	0.567	0.548	0.573	0.568	0.549	0.550	0.544	0.548	0.560	0.550	0.584	0.591	0.579	0.568	0.573	0.568	0.560	0.566	0.578	0.561	0.554	0.556	0.583	0.582	0.563	0.561	0.576	0.573	0.554	0.557	0.552	0.547	0.558	0.560
6	0.603	0.599	0.587	0.567	0.593	0.595	0.586	0.587	0.599	0.590	0.597	0.608	0.611	0.611	0.607	0.610	0.597	0.600	0.585	0.590	0.595	0.589	0.591	0.606	0.593	0.599	0.593	0.600	0.591	0.588	0.576	0.575	0.570	0.585	0.585	0.597	0.603	0.603	0.595	0.605	0.591	0.599	0.584	0.591	0.598	0.601	0.592	0.609	0.602	0.601	0.603	0.600	0.588	0.601	0.577	0.578	0.590	0.592	0.598	0.599	0.592	0.588	0.592	0.576	0.604	0.599	0.578	0.580	0.573	0.579	0.592	0.584	0.618	0.621	0.609	0.595	0.604	0.598	0.589	0.594	0.606	0.592	0.584	0.588	0.616	0.612	0.597	0.594	0.608	0.605	0.584	0.590	0.584	0.579	0.592	0.594
7	0.644	0.637	0.623	0.603	0.632	0.635	0.624	0.627	0.640	0.629	0.640	0.651	0.650	0.647	0.645	0.646	0.635	0.636	0.620	0.627	0.635	0.628	0.630	0.648	0.631	0.635	0.629	0.635	0.626	0.623	0.611	0.611	0.607	0.622	0.625	0.636	0.643	0.641	0.631	0.638	0.626	0.634	0.619	0.626	0.633	0.637	0.631	0.649	0.641	0.640	0.642	0.635	0.625	0.635	0.609	0.609	0.626	0.629	0.636	0.637	0.631	0.624	0.628	0.610	0.640	0.636	0.614	0.615	0.609	0.616	0.631	0.623	0.660	0.661	0.648	0.634	0.642	0.635	0.628	0.632	0.645	0.631	0.619	0.626	0.658	0.649	0.638	0.633	0.649	0.646	0.622	0.627	0.624	0.618	0.632	0.634
8	0.686	0.679	0.661	0.641	0.674	0.678	0.664	0.667	0.681	0.671	0.683	0.694	0.690	0.686	0.686	0.685	0.676	0.677	0.660	0.666	0.677	0.669	0.671	0.690	0.674	0.675	0.669	0.675	0.664	0.661	0.650	0.648	0.647	0.662	0.667	0.678	0.686	0.685	0.671	0.675	0.664	0.674	0.660	0.666	0.671	0.677	0.674	0.692	0.683	0.682	0.681	0.675	0.663	0.674	0.642	0.642	0.665	0.670	0.677	0.677	0.672	0.665	0.667	0.650	0.679	0.674	0.655	0.653	0.648	0.656	0.672	0.663	0.704	0.703	0.690	0.674	0.683	0.675	0.667	0.672	0.685	0.672	0.656	0.664	0.701	0.689	0.681	0.675	0.692	0.687	0.662	0.669	0.665	0.658	0.675	0.676
9	0.728	0.722	0.701	0.678	0.717	0.720	0.705	0.709	0.726	0.713	0.727	0.737	0.732	0.729	0.729	0.728	0.719	0.721	0.703	0.708	0.721	0.714	0.716	0.734	0.719	0.719	0.713	0.719	0.707	0.704	0.692	0.689	0.690	0.705	0.711	0.722	0.729	0.728	0.714	0.716	0.706	0.716	0.702	0.709	0.712	0.720	0.716	0.736	0.726	0.727	0.725	0.719	0.704	0.718	0.677	0.676	0.708	0.714	0.719	0.717	0.717	0.707	0.711	0.692	0.723	0.719	0.698	0.696	0.691	0.698	0.718	0.706	0.750	0.753	0.734	0.718	0.728	0.720	0.711	0.717	0.731	0.715	0.695	0.703	0.747	0.731	0.726	0.716	0.738	0.733	0.706	0.712	0.709	0.701	0.719	0.720
10	0.768	0.765	0.741	0.717	0.759	0.763	0.746	0.749	0.768	0.755	0.768	0.778	0.775	0.771	0.772	0.770	0.762	0.763	0.745	0.750	0.766	0.757	0.760	0.777	0.762	0.763	0.757	0.763	0.748	0.745	0.735	0.731	0.733	0.749	0.754	0.765	0.773	0.774	0.756	0.758	0.747	0.759	0.745	0.753	0.753	0.761	0.760	0.779	0.769	0.771	0.769	0.762	0.747	0.762	0.713	0.711	0.750	0.756	0.761	0.758	0.761	0.753	0.752	0.733	0.766	0.763	0.743	0.739	0.733	0.741	0.761	0.748	0.794	0.796	0.778	0.760	0.773	0.763	0.755	0.759	0.775	0.759	0.733	0.742	0.790	0.771	0.769	0.759	0.783	0.778	0.748	0.755	0.751	0.742	0.761	0.763
11	0.803	0.800	0.776	0.750	0.795	0.800	0.781	0.783	0.805	0.790	0.802	0.812	0.815	0.812	0.813	0.808	0.802	0.803	0.785	0.789	0.804	0.796	0.801	0.814	0.803	0.803	0.798	0.805	0.790	0.785	0.775	0.771	0.774	0.790	0.794	0.803	0.813	0.816	0.798	0.798	0.789	0.801	0.787	0.794	0.794	0.803	0.802	0.817	0.807	0.813	0.810	0.805	0.788	0.803	0.748	0.745	0.792	0.797	0.800	0.795	0.799	0.793	0.794	0.775	0.808	0.805	0.784	0.780	0.774	0.780	0.801	0.787	0.833	0.835	0.818	0.798	0.815	0.804	0.797	0.801	0.816	0.800	0.772	0.780	0.827	0.806	0.810	0.796	0.823	0.817	0.788	0.794	0.790	0.780	0.799	0.799
12	0.833	0.831	0.807	0.779	0.827	0.832	0.812	0.813	0.836	0.822	0.833	0.843	0.847	0.846	0.847	0.843	0.837	0.836	0.819	0.822	0.841	0.831	0.835	0.848	0.836	0.839	0.834	0.842	0.826	0.821	0.812	0.805	0.810	0.824	0.829	0.835	0.845	0.853	0.832	0.832	0.825	0.840	0.823	0.832	0.829	0.838	0.838	0.850	0.839	0.849	0.848	0.841	0.822	0.842	0.779	0.776	0.828	0.833	0.836	0.827	0.832	0.827	0.828	0.810	0.845	0.842	0.825	0.816	0.809	0.818	0.838	0.821	0.867	0.869	0.852	0.835	0.851	0.840	0.833	0.836	0.852	0.834	0.805	0.812	0.858	0.837	0.843	0.828	0.857	0.853	0.822	0.827	0.823	0.813	0.832	0.831
13	0.861	0.860	0.835	0.806	0.856	0.860	0.841	0.842	0.865	0.850	0.861	0.871	0.877	0.876	0.879	0.873	0.869	0.868	0.851	0.853	0.873	0.863	0.866	0.878	0.868	0.872	0.868	0.874	0.857	0.852	0.844	0.837	0.844	0.858	0.864	0.866	0.878	0.886	0.864	0.864	0.857	0.871	0.859	0.866	0.859	0.871	0.870	0.881	0.869	0.883	0.881	0.877	0.854	0.874	0.807	0.801	0.862	0.866	0.868	0.857	0.863	0.863	0.863	0.842	0.878	0.876	0.858	0.850	0.842	0.851	0.870	0.852	0.899	0.902	0.885	0.868	0.885	0.874	0.866	0.869	0.885	0.866	0.833	0.841	0.890	0.865	0.875	0.857	0.891	0.886	0.853	0.859	0.853	0.843	0.863	0.862
14	0.889	0.888	0.863	0.832	0.885	0.889	0.869	0.870	0.896	0.876	0.887	0.898	0.906	0.905	0.909	0.902	0.900	0.898	0.881	0.882	0.904	0.893	0.897	0.907	0.898	0.903	0.900	0.907	0.889	0.883	0.877	0.867	0.874	0.888	0.894	0.895	0.908	0.919	0.896	0.895	0.890	0.904	0.888	0.897	0.890	0.905	0.902	0.912	0.899	0.916	0.914	0.912	0.886	0.909	0.830	0.825	0.893	0.897	0.898	0.885	0.894	0.894	0.895	0.875	0.911	0.911	0.892	0.882	0.873	0.883	0.901	0.883	0.932	0.933	0.915	0.898	0.920	0.906	0.900	0.901	0.919	0.898	0.860	0.868	0.918	0.892	0.906	0.886	0.923	0.916	0.884	0.888	0.883	0.872	0.893	0.890
15	0.916	0.914	0.888	0.858	0.912	0.916	0.896	0.897	0.923	0.904	0.914	0.923	0.933	0.932	0.938	0.931	0.930	0.927	0.909	0.911	0.935	0.922	0.926	0.935	0.928	0.933	0.930	0.935	0.919	0.913	0.908	0.897	0.905	0.918	0.925	0.923	0.937	0.948	0.926	0.925	0.921	0.936	0.921	0.929	0.920	0.937	0.932	0.940	0.928	0.948	0.945	0.943	0.916	0.941	0.854	0.848	0.924	0.928	0.925	0.912	0.922	0.921	0.926	0.905	0.944	0.942	0.923	0.914	0.905	0.915	0.932	0.912	0.963	0.965	0.945	0.929	0.954	0.938	0.931	0.931	0.950	0.929	0.888	0.893	0.948	0.920	0.935	0.915	0.953	0.950	0.914	0.918	0.913	0.901	0.921	0.918
16	0.941	0.940	0.913	0.882	0.936	0.941	0.921	0.922	0.949	0.929	0.938	0.947	0.959	0.957	0.965	0.957	0.957	0.955	0.937	0.936	0.960	0.949	0.953	0.960	0.954	0.961	0.958	0.964	0.947	0.942	0.936	0.923	0.931	0.944	0.950	0.949	0.964	0.977	0.953	0.953	0.949	0.964	0.950	0.952	0.947	0.962	0.957	0.965	0.953	0.975	0.973	0.970	0.943	0.968	0.876	0.869	0.952	0.954	0.952	0.938	0.949	0.949	0.955	0.933	0.971	0.971	0.954	0.942	0.933	0.943	0.960	0.939	0.988	0.992	0.972	0.955	0.982	0.967	0.958	0.958	0.977	0.956	0.913	0.918	0.970	0.945	0.962	0.941	0.979	0.975	0.940	0.944	0.939	0.925	0.946	0.942
17	0.962	0.961	0.935	0.904	0.960	0.964	0.943	0.945	0.972	0.952	0.959	0.967	0.981	0.981	0.988	0.981	0.981	0.978	0.960	0.961	0.985	0.974	0.977	0.982	0.977	0.984	0.983	0.989	0.971	0.966	0.962	0.948	0.956	0.969	0.973	0.972	0.987	1.001	0.978	0.978	0.975	0.989	0.975	0.977	0.969	0.987	0.981	0.989	0.977	1.000	0.998	0.997	0.969	0.994	0.897	0.890	0.976	0.978	0.976	0.961	0.973	0.972	0.980	0.957	0.997	0.997	0.981	0.968	0.958	0.968	0.983	0.962	1.013	1.016	0.995	0.979	1.006	0.991	0.983	0.983	1.000	0.980	0.935	0.940	0.991	0.967	0.986	0.965	1.003	0.999	0.964	0.967	0.961	0.948	0.968	0.964
18	0.982	0.981	0.956	0.925	0.980	0.984	0.965	0.965	0.993	0.971	0.977	0.984	1.002	1.001	1.010	1.002	1.004	1.000	0.981	0.982	1.005	0.994	0.997	1.001	0.998	1.006	1.004	1.009	0.993	0.988	0.984	0.971	0.978	0.990	0.994	0.992	1.007	1.022	0.999	1.001	0.997	1.012	0.998	0.999	0.991	1.007	1.000	1.009	0.998	1.021	1.019	1.019	0.991	1.016	0.916	0.908	0.998	1.000	0.995	0.981	0.994	0.994	1.001	0.979	1.019	1.020	1.001	0.991	0.982	0.991	1.004	0.983	1.032	1.034	1.015	1.000	1.028	1.013	1.004	1.004	1.022	1.000	0.956	0.960	1.011	0.988	1.007	0.985	1.024	1.019	0.984	0.989	0.982	0.970	0.989	0.984
19	0.999	0.998	0.974	0.942	0.998	1.001	0.982	0.983	1.010	0.988	0.993	0.999	1.019	1.019	1.028	1.020	1.023	1.018	0.998	1.001	1.024	1.012	1.016	1.018	1.016	1.023	1.022	1.029	1.012	1.007	1.003	0.990	0.997	1.009	1.012	1.008	1.025	1.040	1.018	1.018	1.017	1.031	1.019	1.019	1.010	1.027	1.018	1.026	1.017	1.040	1.038	1.038	1.011	1.036	0.935	0.926	1.018	1.019	1.015	0.999	1.009	1.012	1.019	0.999	1.040	1.039	1.022	1.010	1.002	1.009	1.022	1.001	1.051	1.056	1.035	1.018	1.047	1.031	1.023	1.023	1.040	1.019	0.976	0.979	1.028	1.006	1.024	1.004	1.042	1.037	1.003	1.008	1.002	0.987	1.006	0.999
20	1.014	1.012	0.990	0.959	1.013	1.016	0.998	0.999	1.025	1.002	1.007	1.012	1.034	1.033	1.043	1.036	1.039	1.033	1.014	1.017	1.040	1.028	1.031	1.032	1.030	1.038	1.038	1.044	1.028	1.023	1.021	1.005	1.013	1.024	1.026	1.023	1.041	1.056	1.033	1.034	1.034	1.049	1.034	1.035	1.024	1.043	1.033	1.040	1.032	1.056	1.054	1.054	1.028	1.052	0.951	0.942	1.035	1.035	1.029	1.013	1.024	1.026	1.036	1.014	1.056	1.058	1.038	1.028	1.018	1.026	1.038	1.016	1.065	1.067	1.049	1.030	1.062	1.047	1.039	1.039	1.055	1.035	0.993	0.994	1.042	1.021	1.039	1.022	1.056	1.050	1.018	1.022	1.016	1.003	1.020	1.014
21	1.026	1.024	1.003	0.973	1.026	1.030	1.013	1.012	1.038	1.015	1.018	1.022	1.048	1.047	1.056	1.050	1.054	1.046	1.026	1.031	1.052	1.041	1.044	1.043	1.042	1.050	1.051	1.059	1.042	1.037	1.035	1.018	1.027	1.036	1.039	1.035	1.054	1.066	1.045	1.048	1.047	1.062	1.048	1.049	1.039	1.055	1.046	1.053	1.047	1.068	1.068	1.068	1.042	1.066	0.966	0.958	1.048	1.048	1.042	1.027	1.034	1.039	1.048	1.029	1.068	1.071	1.052	1.042	1.032	1.040	1.049	1.029	1.077	1.080	1.063	1.044	1.076	1.060	1.052	1.051	1.067	1.046	1.008	1.009	1.055	1.036	1.051	1.036	1.068	1.062	1.030	1.034	1.029	1.016	1.033	1.025
22	1.036	1.033	1.014	0.984	1.035	1.040	1.023	1.022	1.048	1.026	1.028	1.031	1.057	1.057	1.066	1.060	1.065	1.056	1.036	1.044	1.063	1.051	1.055	1.053	1.053	1.060	1.061	1.067	1.052	1.048	1.046	1.030	1.037	1.048	1.049	1.045	1.063	1.076	1.056	1.057	1.057	1.072	1.058	1.059	1.047	1.065	1.056	1.063	1.059	1.077	1.077	1.077	1.054	1.075	0.980	0.971	1.058	1.058	1.053	1.037	1.044	1.051	1.057	1.040	1.079	1.079	1.064	1.053	1.043	1.051	1.059	1.038	1.085	1.087	1.073	1.053	1.082	1.068	1.060	1.062	1.076	1.056	1.021	1.022	1.064	1.046	1.062	1.046	1.077	1.071	1.040	1.043	1.039	1.027	1.043	1.034
23	1.044	1.041	1.024	0.994	1.044	1.049	1.033	1.032	1.057	1.035	1.035	1.038	1.066	1.066	1.076	1.070	1.075	1.065	1.044	1.054	1.073	1.060	1.063	1.061	1.061	1.068	1.069	1.076	1.061	1.056	1.054	1.040	1.046	1.058	1.057	1.054	1.072	1.083	1.065	1.065	1.067	1.081	1.065	1.063	1.057	1.073	1.064	1.071	1.068	1.085	1.084	1.085	1.064	1.085	0.993	0.983	1.067	1.067	1.062	1.047	1.051	1.057	1.064	1.048	1.087	1.087	1.071	1.062	1.052	1.059	1.067	1.046	1.093	1.095	1.081	1.060	1.091	1.076	1.068	1.070	1.083	1.064	1.032	1.032	1.072	1.056	1.069	1.057	1.085	1.079	1.048	1.052	1.049	1.036	1.051	1.042
