
Software Version	3.11.19



Experiment File Path:	C:\Users\patil-group\Desktop\Sweeteners_stacker\291121_NT5071_72_74_Rep2\NT5071_72_74_Rep2.xpt
Protocol File Path:	C:\Users\Public\Documents\Protocols\Screening-protocol.prt



Plate Number	Plate 4
Date	29/11/2021
Time	13:12:46
Reader Type:	Epoch 2
Reader Serial Number:	2103223
Reading Type	Reader

Procedure Details

Plate Type	96 WELL PLATE
Discontinuous Kinetics	Runtime 1:00:00 (D:HH:MM), Interval 0:01:00, 25 Reads
	Pause after each run
Eject plate on completion	
Shake	Linear: 0:00:30 (HH:MM:SS)
	Frequency: 567 cpm (3 mm)
Read	Absorbance Endpoint
	Full Plate
	Wavelengths:  600
	Read Speed: Normal,  Delay: 100 msec,  Measurements/Data Point: 8

600

Time	T° 600	A1	A2	A3	A4	A5	A6	A7	A8	A9	A10	A11	A12	B1	B2	B3	B4	B5	B6	B7	B8	B9	B10	B11	B12	C1	C2	C3	C4	C5	C6	C7	C8	C9	C10	C11	C12	D1	D2	D3	D4	D5	D6	D7	D8	D9	D10	D11	D12	E1	E2	E3	E4	E5	E6	E7	E8	E9	E10	E11	E12	F1	F2	F3	F4	F5	F6	F7	F8	F9	F10	F11	F12	G1	G2	G3	G4	G5	G6	G7	G8	G9	G10	G11	G12	H1	H2	H3	H4	H5	H6	H7	H8	H9	H10	H11	H12
0:00:34	34.2	0.193	0.179	0.180	0.186	0.178	0.181	0.179	0.179	0.181	0.183	0.186	0.183	0.190	0.190	0.187	0.184	0.183	0.181	0.180	0.185	0.189	0.184	0.194	0.181	0.182	0.180	0.183	0.182	0.185	0.188	0.180	0.188	0.176	0.186	0.174	0.176	0.185	0.184	0.179	0.184	0.193	0.189	0.180	0.176	0.179	0.177	0.179	0.179	0.190	0.180	0.209	0.180	0.181	0.178	0.178	0.185	0.183	0.180	0.180	0.182	0.201	0.180	0.193	0.182	0.197	0.185	0.184	0.190	0.182	0.198	0.182	0.184	0.184	0.185	0.193	0.184	0.201	0.180	0.205	0.191	0.182	0.178	0.183	0.184	0.188	0.185	0.179	0.177	0.184	0.181	0.179	0.178	0.182	0.179	0.184	0.182
1:00:35	34.6	0.226	0.213	0.210	0.215	0.207	0.209	0.211	0.209	0.212	0.219	0.222	0.220	0.219	0.216	0.213	0.209	0.208	0.207	0.207	0.210	0.214	0.212	0.220	0.212	0.209	0.203	0.204	0.203	0.206	0.208	0.200	0.207	0.198	0.207	0.198	0.204	0.214	0.208	0.202	0.207	0.214	0.208	0.199	0.197	0.200	0.200	0.204	0.208	0.216	0.203	0.228	0.201	0.202	0.198	0.196	0.204	0.204	0.201	0.203	0.210	0.227	0.205	0.217	0.203	0.218	0.207	0.204	0.210	0.204	0.218	0.207	0.213	0.212	0.211	0.219	0.210	0.223	0.204	0.225	0.213	0.207	0.204	0.205	0.212	0.215	0.215	0.209	0.204	0.209	0.209	0.207	0.203	0.207	0.206	0.213	0.215
2:00:36	34.6	0.331	0.316	0.308	0.312	0.304	0.307	0.311	0.308	0.312	0.323	0.336	0.330	0.319	0.303	0.302	0.292	0.290	0.303	0.295	0.294	0.298	0.296	0.307	0.313	0.306	0.284	0.282	0.279	0.284	0.286	0.271	0.279	0.275	0.281	0.276	0.295	0.317	0.300	0.284	0.295	0.300	0.287	0.274	0.277	0.278	0.279	0.288	0.302	0.310	0.285	0.309	0.286	0.285	0.282	0.267	0.274	0.282	0.277	0.282	0.299	0.322	0.302	0.312	0.285	0.301	0.290	0.280	0.292	0.291	0.300	0.293	0.307	0.321	0.318	0.318	0.311	0.311	0.297	0.311	0.304	0.301	0.298	0.289	0.309	0.339	0.332	0.321	0.311	0.318	0.337	0.304	0.296	0.298	0.298	0.311	0.320
3:00:37	34.6	0.456	0.453	0.435	0.445	0.441	0.440	0.442	0.439	0.442	0.445	0.459	0.454	0.461	0.454	0.451	0.435	0.437	0.447	0.445	0.440	0.443	0.441	0.447	0.444	0.439	0.435	0.433	0.432	0.438	0.441	0.417	0.426	0.427	0.425	0.415	0.429	0.456	0.443	0.442	0.453	0.460	0.445	0.426	0.428	0.434	0.429	0.426	0.434	0.448	0.430	0.456	0.435	0.436	0.435	0.412	0.420	0.429	0.426	0.425	0.432	0.460	0.447	0.464	0.430	0.445	0.443	0.417	0.435	0.441	0.438	0.426	0.436	0.466	0.470	0.464	0.478	0.457	0.444	0.447	0.446	0.446	0.429	0.422	0.441	0.488	0.492	0.494	0.471	0.486	0.494	0.456	0.436	0.435	0.437	0.445	0.449
4:00:37	34.6	0.513	0.504	0.491	0.501	0.490	0.492	0.494	0.492	0.502	0.497	0.517	0.513	0.521	0.515	0.505	0.494	0.498	0.503	0.499	0.497	0.500	0.498	0.504	0.504	0.497	0.493	0.492	0.492	0.496	0.497	0.477	0.486	0.485	0.485	0.475	0.490	0.509	0.500	0.502	0.510	0.515	0.503	0.484	0.486	0.493	0.487	0.487	0.492	0.505	0.491	0.516	0.495	0.497	0.493	0.474	0.480	0.489	0.484	0.486	0.493	0.516	0.505	0.520	0.492	0.505	0.498	0.480	0.495	0.499	0.497	0.489	0.497	0.522	0.524	0.518	0.517	0.513	0.502	0.505	0.503	0.500	0.487	0.480	0.497	0.541	0.541	0.538	0.524	0.536	0.542	0.505	0.489	0.492	0.493	0.502	0.507
5:00:38	34.5	0.545	0.537	0.525	0.535	0.522	0.525	0.528	0.526	0.539	0.530	0.552	0.547	0.551	0.547	0.539	0.530	0.535	0.538	0.532	0.534	0.538	0.535	0.540	0.540	0.532	0.528	0.529	0.529	0.530	0.531	0.514	0.523	0.522	0.522	0.513	0.527	0.545	0.536	0.537	0.542	0.547	0.538	0.518	0.519	0.532	0.524	0.525	0.529	0.541	0.527	0.552	0.530	0.533	0.528	0.509	0.516	0.525	0.520	0.522	0.529	0.551	0.539	0.554	0.531	0.542	0.533	0.518	0.530	0.531	0.533	0.527	0.533	0.557	0.555	0.551	0.545	0.547	0.535	0.540	0.536	0.532	0.522	0.513	0.529	0.575	0.576	0.573	0.559	0.569	0.574	0.537	0.523	0.526	0.525	0.536	0.540
6:00:39	34.5	0.576	0.566	0.554	0.563	0.551	0.554	0.559	0.557	0.572	0.560	0.584	0.582	0.578	0.573	0.567	0.558	0.565	0.566	0.560	0.563	0.568	0.565	0.571	0.573	0.563	0.556	0.556	0.555	0.557	0.558	0.541	0.552	0.551	0.550	0.543	0.558	0.575	0.567	0.565	0.568	0.572	0.565	0.545	0.545	0.562	0.553	0.555	0.560	0.572	0.557	0.578	0.558	0.559	0.556	0.533	0.540	0.554	0.548	0.550	0.559	0.582	0.569	0.581	0.559	0.571	0.561	0.547	0.558	0.557	0.561	0.556	0.564	0.581	0.583	0.579	0.572	0.575	0.563	0.567	0.563	0.559	0.550	0.540	0.557	0.613	0.610	0.607	0.594	0.601	0.607	0.565	0.552	0.555	0.555	0.567	0.572
7:00:39	34.5	0.610	0.601	0.584	0.592	0.583	0.587	0.593	0.590	0.608	0.594	0.621	0.620	0.608	0.602	0.599	0.588	0.597	0.597	0.590	0.595	0.600	0.598	0.604	0.608	0.595	0.587	0.586	0.586	0.586	0.586	0.570	0.582	0.581	0.581	0.575	0.591	0.608	0.598	0.595	0.597	0.600	0.593	0.574	0.574	0.592	0.584	0.586	0.594	0.605	0.589	0.608	0.587	0.588	0.584	0.558	0.564	0.583	0.578	0.579	0.589	0.614	0.600	0.610	0.589	0.601	0.590	0.577	0.587	0.586	0.591	0.588	0.597	0.615	0.615	0.609	0.602	0.605	0.593	0.597	0.593	0.590	0.581	0.567	0.586	0.655	0.651	0.647	0.633	0.639	0.646	0.597	0.584	0.588	0.587	0.600	0.608
8:00:39	34.5	0.646	0.636	0.614	0.624	0.618	0.622	0.628	0.625	0.645	0.629	0.658	0.657	0.641	0.634	0.632	0.622	0.631	0.630	0.624	0.629	0.634	0.633	0.639	0.644	0.630	0.621	0.619	0.618	0.618	0.617	0.602	0.613	0.614	0.614	0.608	0.626	0.643	0.633	0.628	0.628	0.630	0.624	0.606	0.607	0.625	0.616	0.620	0.629	0.641	0.624	0.640	0.620	0.620	0.617	0.583	0.589	0.616	0.611	0.610	0.622	0.649	0.634	0.643	0.622	0.633	0.623	0.610	0.620	0.619	0.624	0.622	0.631	0.651	0.651	0.642	0.635	0.639	0.627	0.629	0.626	0.624	0.614	0.596	0.616	0.700	0.692	0.690	0.676	0.681	0.687	0.633	0.618	0.622	0.622	0.636	0.643
9:00:40	34.5	0.683	0.673	0.647	0.655	0.653	0.658	0.665	0.660	0.682	0.662	0.697	0.696	0.675	0.668	0.668	0.656	0.667	0.667	0.659	0.665	0.671	0.669	0.675	0.682	0.667	0.656	0.655	0.653	0.652	0.651	0.636	0.647	0.649	0.649	0.646	0.662	0.679	0.669	0.664	0.664	0.666	0.659	0.641	0.641	0.659	0.651	0.656	0.665	0.678	0.660	0.675	0.656	0.656	0.651	0.610	0.616	0.652	0.647	0.644	0.655	0.685	0.672	0.679	0.658	0.669	0.659	0.647	0.656	0.655	0.661	0.657	0.666	0.690	0.689	0.679	0.672	0.675	0.664	0.665	0.662	0.660	0.650	0.626	0.646	0.743	0.734	0.734	0.719	0.726	0.731	0.672	0.655	0.657	0.658	0.673	0.679
10:00:40	34.5	0.721	0.711	0.679	0.688	0.690	0.695	0.702	0.696	0.721	0.703	0.735	0.735	0.711	0.702	0.704	0.692	0.704	0.703	0.696	0.703	0.709	0.707	0.713	0.719	0.704	0.691	0.690	0.688	0.687	0.687	0.671	0.682	0.685	0.684	0.683	0.697	0.716	0.706	0.702	0.700	0.702	0.695	0.676	0.677	0.695	0.688	0.693	0.701	0.716	0.698	0.712	0.693	0.693	0.687	0.637	0.643	0.689	0.684	0.678	0.690	0.722	0.709	0.717	0.695	0.706	0.696	0.684	0.692	0.692	0.697	0.694	0.701	0.728	0.726	0.717	0.711	0.712	0.702	0.701	0.699	0.699	0.689	0.656	0.676	0.785	0.776	0.777	0.761	0.769	0.773	0.711	0.693	0.694	0.695	0.711	0.715
11:00:40	34.5	0.757	0.749	0.713	0.721	0.727	0.731	0.740	0.731	0.759	0.741	0.773	0.773	0.747	0.736	0.742	0.729	0.743	0.741	0.733	0.741	0.746	0.745	0.752	0.758	0.742	0.728	0.727	0.725	0.724	0.724	0.707	0.718	0.723	0.722	0.721	0.734	0.752	0.743	0.740	0.738	0.740	0.733	0.713	0.714	0.732	0.725	0.731	0.739	0.753	0.736	0.749	0.731	0.731	0.724	0.665	0.669	0.728	0.722	0.715	0.725	0.759	0.748	0.755	0.734	0.745	0.735	0.723	0.730	0.729	0.735	0.731	0.737	0.769	0.764	0.755	0.750	0.752	0.742	0.739	0.738	0.738	0.729	0.687	0.707	0.821	0.812	0.815	0.797	0.807	0.809	0.750	0.732	0.733	0.734	0.749	0.752
12:00:40	34.5	0.791	0.785	0.746	0.753	0.761	0.767	0.774	0.764	0.794	0.774	0.805	0.804	0.783	0.772	0.778	0.765	0.781	0.780	0.771	0.779	0.784	0.781	0.789	0.793	0.778	0.765	0.765	0.762	0.762	0.761	0.744	0.755	0.762	0.759	0.758	0.770	0.787	0.779	0.778	0.776	0.777	0.771	0.751	0.752	0.769	0.762	0.769	0.773	0.789	0.774	0.787	0.770	0.770	0.763	0.693	0.695	0.766	0.760	0.751	0.759	0.795	0.787	0.793	0.772	0.784	0.773	0.761	0.768	0.769	0.771	0.768	0.772	0.805	0.801	0.794	0.788	0.791	0.781	0.777	0.777	0.776	0.767	0.718	0.737	0.852	0.843	0.848	0.830	0.841	0.843	0.788	0.767	0.769	0.770	0.783	0.784
13:00:41	34.5	0.820	0.814	0.774	0.781	0.790	0.795	0.803	0.793	0.822	0.803	0.834	0.833	0.813	0.802	0.808	0.797	0.813	0.812	0.803	0.811	0.815	0.811	0.818	0.821	0.808	0.796	0.797	0.795	0.794	0.795	0.777	0.789	0.794	0.792	0.790	0.799	0.816	0.811	0.811	0.809	0.811	0.804	0.784	0.784	0.803	0.793	0.801	0.802	0.819	0.805	0.818	0.803	0.803	0.797	0.719	0.721	0.799	0.793	0.784	0.790	0.824	0.817	0.826	0.806	0.817	0.809	0.794	0.801	0.802	0.804	0.799	0.802	0.836	0.834	0.825	0.820	0.823	0.814	0.809	0.808	0.808	0.800	0.748	0.767	0.883	0.874	0.879	0.863	0.874	0.874	0.818	0.798	0.799	0.799	0.812	0.811
14:00:42	34.5	0.848	0.842	0.799	0.806	0.817	0.822	0.830	0.820	0.851	0.833	0.862	0.860	0.841	0.829	0.836	0.824	0.843	0.840	0.832	0.839	0.842	0.839	0.846	0.849	0.836	0.824	0.826	0.823	0.822	0.824	0.806	0.816	0.822	0.820	0.818	0.826	0.844	0.839	0.840	0.838	0.841	0.834	0.813	0.815	0.834	0.823	0.830	0.829	0.848	0.834	0.847	0.833	0.834	0.827	0.746	0.746	0.830	0.822	0.813	0.816	0.852	0.847	0.856	0.836	0.846	0.838	0.825	0.830	0.832	0.832	0.828	0.829	0.868	0.865	0.854	0.850	0.854	0.845	0.838	0.838	0.838	0.832	0.777	0.793	0.914	0.903	0.910	0.893	0.906	0.904	0.846	0.826	0.826	0.828	0.841	0.839
15:00:42	34.5	0.873	0.868	0.826	0.832	0.844	0.849	0.858	0.846	0.879	0.860	0.888	0.886	0.868	0.854	0.864	0.850	0.870	0.867	0.858	0.867	0.869	0.868	0.874	0.876	0.863	0.850	0.854	0.851	0.850	0.851	0.833	0.844	0.850	0.847	0.847	0.853	0.871	0.866	0.869	0.867	0.870	0.864	0.841	0.842	0.862	0.850	0.857	0.857	0.875	0.862	0.876	0.862	0.864	0.856	0.768	0.769	0.859	0.850	0.841	0.841	0.879	0.875	0.884	0.865	0.876	0.867	0.854	0.859	0.861	0.861	0.855	0.854	0.896	0.897	0.883	0.878	0.884	0.874	0.866	0.867	0.867	0.859	0.800	0.816	0.942	0.930	0.939	0.921	0.935	0.932	0.874	0.855	0.855	0.855	0.869	0.864
16:00:42	34.5	0.898	0.894	0.849	0.856	0.870	0.876	0.883	0.871	0.905	0.885	0.914	0.911	0.894	0.879	0.889	0.877	0.896	0.894	0.885	0.894	0.897	0.893	0.900	0.902	0.889	0.876	0.881	0.878	0.876	0.878	0.860	0.870	0.876	0.874	0.873	0.879	0.896	0.892	0.896	0.893	0.897	0.890	0.868	0.869	0.890	0.876	0.884	0.882	0.901	0.889	0.901	0.890	0.890	0.883	0.787	0.788	0.887	0.878	0.865	0.866	0.905	0.902	0.910	0.891	0.903	0.893	0.881	0.885	0.890	0.887	0.881	0.880	0.920	0.924	0.909	0.904	0.911	0.901	0.892	0.893	0.893	0.886	0.822	0.838	0.968	0.956	0.964	0.948	0.962	0.958	0.900	0.881	0.881	0.882	0.895	0.888
17:00:43	34.5	0.922	0.918	0.872	0.879	0.895	0.900	0.907	0.896	0.930	0.910	0.937	0.934	0.918	0.903	0.914	0.902	0.923	0.919	0.911	0.919	0.923	0.918	0.926	0.927	0.914	0.901	0.906	0.903	0.902	0.904	0.885	0.896	0.902	0.899	0.899	0.904	0.920	0.917	0.922	0.920	0.923	0.916	0.893	0.897	0.916	0.902	0.910	0.907	0.927	0.916	0.928	0.916	0.917	0.910	0.806	0.806	0.913	0.903	0.890	0.890	0.929	0.928	0.936	0.918	0.929	0.922	0.907	0.911	0.917	0.913	0.906	0.904	0.946	0.951	0.935	0.928	0.937	0.927	0.918	0.919	0.919	0.911	0.844	0.858	0.992	0.980	0.989	0.973	0.986	0.981	0.926	0.907	0.906	0.908	0.921	0.911
18:00:43	34.6	0.945	0.942	0.894	0.901	0.919	0.924	0.931	0.918	0.955	0.934	0.959	0.955	0.941	0.926	0.938	0.925	0.946	0.945	0.934	0.943	0.946	0.941	0.948	0.949	0.938	0.925	0.930	0.928	0.927	0.929	0.910	0.920	0.926	0.923	0.923	0.926	0.943	0.941	0.946	0.943	0.948	0.941	0.917	0.920	0.941	0.926	0.934	0.931	0.950	0.941	0.951	0.941	0.943	0.933	0.823	0.823	0.938	0.929	0.912	0.911	0.953	0.951	0.960	0.942	0.952	0.945	0.933	0.935	0.937	0.936	0.928	0.926	0.973	0.976	0.959	0.953	0.962	0.952	0.942	0.943	0.945	0.933	0.863	0.878	1.011	1.002	1.010	0.994	1.008	1.003	0.950	0.931	0.929	0.931	0.944	0.932
19:00:44	34.6	0.964	0.964	0.916	0.922	0.941	0.947	0.953	0.939	0.976	0.956	0.980	0.974	0.963	0.949	0.961	0.948	0.969	0.966	0.957	0.966	0.969	0.964	0.970	0.970	0.961	0.946	0.952	0.951	0.950	0.952	0.934	0.944	0.949	0.945	0.946	0.948	0.966	0.964	0.970	0.966	0.970	0.965	0.941	0.944	0.966	0.948	0.957	0.952	0.973	0.963	0.974	0.964	0.966	0.956	0.840	0.839	0.962	0.952	0.935	0.932	0.975	0.975	0.982	0.965	0.976	0.967	0.955	0.959	0.961	0.960	0.951	0.947	0.995	0.997	0.981	0.975	0.983	0.974	0.965	0.966	0.966	0.954	0.884	0.897	1.031	1.021	1.028	1.015	1.028	1.021	0.971	0.954	0.952	0.953	0.966	0.952
20:00:44	34.6	0.983	0.983	0.936	0.942	0.961	0.966	0.973	0.958	0.995	0.974	0.997	0.991	0.982	0.969	0.981	0.969	0.990	0.988	0.976	0.986	0.989	0.984	0.990	0.988	0.981	0.969	0.974	0.973	0.972	0.973	0.955	0.965	0.969	0.966	0.966	0.967	0.986	0.985	0.990	0.986	0.992	0.986	0.961	0.965	0.986	0.970	0.977	0.972	0.993	0.984	0.995	0.985	0.986	0.978	0.855	0.854	0.981	0.971	0.955	0.952	0.995	0.993	1.002	0.987	0.996	0.988	0.977	0.979	0.981	0.979	0.970	0.966	1.013	1.016	1.000	0.995	1.003	0.994	0.985	0.986	0.985	0.973	0.901	0.914	1.044	1.037	1.045	1.029	1.043	1.037	0.991	0.973	0.972	0.972	0.986	0.970
21:00:44	34.6	1.000	1.001	0.955	0.961	0.979	0.984	0.989	0.977	1.013	0.992	1.014	1.006	0.999	0.987	1.000	0.988	1.009	1.006	0.996	1.003	1.008	1.002	1.008	1.004	1.000	0.988	0.993	0.991	0.991	0.992	0.974	0.983	0.989	0.986	0.983	0.984	1.004	1.003	1.009	1.005	1.010	1.006	0.980	0.984	1.004	0.988	0.996	0.990	1.011	1.003	1.013	1.003	1.004	0.997	0.871	0.869	0.999	0.990	0.973	0.970	1.012	1.012	1.020	1.006	1.016	1.008	0.994	0.997	0.999	0.998	0.989	0.983	1.032	1.033	1.018	1.012	1.021	1.012	1.003	1.004	1.004	0.988	0.918	0.931	1.057	1.052	1.059	1.044	1.057	1.050	1.008	0.991	0.990	0.990	1.002	0.986
22:00:45	34.7	1.014	1.016	0.971	0.977	0.994	0.998	1.004	0.992	1.028	1.006	1.027	1.019	1.014	1.003	1.017	1.006	1.026	1.022	1.011	1.020	1.025	1.017	1.022	1.018	1.015	1.004	1.010	1.008	1.008	1.008	0.991	1.002	1.004	1.003	0.999	0.999	1.020	1.019	1.026	1.021	1.026	1.022	0.998	0.998	1.020	1.004	1.011	1.004	1.027	1.019	1.029	1.021	1.021	1.014	0.886	0.884	1.015	1.006	0.990	0.986	1.028	1.028	1.036	1.021	1.032	1.023	1.010	1.014	1.015	1.013	1.004	0.999	1.045	1.048	1.034	1.027	1.033	1.027	1.018	1.018	1.018	1.001	0.933	0.945	1.067	1.064	1.070	1.057	1.067	1.062	1.022	1.006	1.006	1.005	1.015	0.999
23:00:45	34.7	1.026	1.028	0.986	0.992	1.007	1.012	1.016	1.006	1.040	1.018	1.038	1.030	1.027	1.018	1.031	1.020	1.040	1.036	1.027	1.033	1.038	1.031	1.035	1.030	1.027	1.018	1.025	1.023	1.022	1.022	1.006	1.016	1.019	1.016	1.012	1.013	1.034	1.034	1.039	1.035	1.038	1.037	1.012	1.011	1.033	1.018	1.024	1.018	1.039	1.033	1.041	1.033	1.035	1.027	0.899	0.897	1.028	1.019	1.004	1.001	1.040	1.040	1.049	1.034	1.044	1.037	1.022	1.028	1.028	1.027	1.018	1.013	1.057	1.060	1.046	1.039	1.047	1.039	1.032	1.031	1.029	1.010	0.948	0.959	1.077	1.073	1.080	1.067	1.076	1.072	1.034	1.019	1.018	1.018	1.028	1.013
0:00:00																																																																																																	

Results
	1	2	3	4	5	6	7	8	9	10	11	12
A	1.449	1.484	1.413	1.434	1.428	1.424	1.434	1.427	1.454	1.420	1.496	1.491	Max V [600]
	0.970	0.966	0.967	0.964	0.960	0.962	0.966	0.965	0.968	0.972	0.973	0.974	R-Squared [600]
	2:00:36	2:00:36	2:00:36	2:00:36	2:00:36	2:00:36	2:00:36	2:00:36	2:00:36	2:00:36	2:00:36	2:00:36	t at Max V [600]
	0:16:23	0:16:53	0:17:55	0:18:56	0:18:39	0:18:39	0:17:27	0:17:47	0:18:07	0:15:09	0:15:16	0:15:20	Lagtime [600]
B	1.506	1.482	1.454	1.410	1.436	1.474	1.462	1.426	1.420	1.428	1.413	1.463	Max V [600]
	0.962	0.953	0.953	0.954	0.954	0.957	0.954	0.952	0.953	0.955	0.958	0.968	R-Squared [600]
	2:00:36	2:00:36	2:00:36	2:00:36	3:00:37	2:00:36	2:00:36	2:00:36	2:00:36	2:00:36	2:00:36	2:00:36	t at Max V [600]
	0:19:35	0:22:02	0:21:08	0:22:00	0:34:09	0:20:35	0:21:01	0:22:05	0:21:50	0:21:05	0:20:54	0:18:05	Lagtime [600]
C	1.433	1.429	1.432	1.444	1.433	1.430	1.392	1.399	1.430	1.393	1.379	1.418	Max V [600]
	0.963	0.947	0.950	0.950	0.947	0.944	0.954	0.953	0.949	0.954	0.957	0.962	R-Squared [600]
	2:00:36	2:00:36	3:00:37	3:00:37	3:00:37	3:00:37	3:00:37	3:00:37	3:00:37	3:00:37	3:00:37	2:00:36	t at Max V [600]
	0:19:33	0:23:12	0:37:30	0:38:40	0:36:58	0:37:20	0:40:01	0:40:27	0:37:13	0:38:12	0:34:47	0:20:10	Lagtime [600]
D	1.485	1.445	1.480	1.496	1.481	1.458	1.414	1.419	1.466	1.428	1.400	1.418	Max V [600]
	0.962	0.955	0.946	0.946	0.942	0.944	0.947	0.945	0.951	0.950	0.957	0.964	R-Squared [600]
	2:00:36	2:00:36	3:00:37	2:00:36	2:00:36	3:00:37	3:00:37	3:00:37	3:00:37	3:00:37	3:00:37	2:00:36	t at Max V [600]
	0:18:36	0:21:29	0:36:13	0:23:11	0:23:55	0:38:10	0:38:38	0:35:38	0:38:17	0:35:43	0:32:54	0:19:19	Lagtime [600]
E	1.436	1.424	1.423	1.446	1.458	1.452	1.387	1.383	1.412	1.408	1.403	1.407	Max V [600]
	0.959	0.953	0.951	0.949	0.950	0.947	0.953	0.952	0.952	0.950	0.954	0.962	R-Squared [600]
	2:00:36	3:00:37	3:00:37	3:00:37	3:00:37	3:00:37	3:00:37	3:00:37	3:00:37	3:00:37	3:00:37	2:00:36	t at Max V [600]
	0:20:33	0:35:06	0:37:47	0:36:02	0:37:04	0:36:20	0:40:58	0:40:22	0:37:14	0:37:14	0:35:12	0:20:21	Lagtime [600]
F	1.439	1.486	1.501	1.438	1.420	1.433	1.380	1.405	1.451	1.378	1.393	1.414	Max V [600]
	0.959	0.957	0.952	0.956	0.954	0.946	0.961	0.952	0.948	0.956	0.962	0.966	R-Squared [600]
	2:00:36	2:00:36	2:00:36	3:00:37	3:00:37	2:00:36	3:00:37	3:00:37	2:00:36	3:00:37	3:00:37	2:00:36	t at Max V [600]
	0:20:25	0:21:03	0:21:57	0:36:52	0:36:11	0:23:24	0:38:46	0:36:33	0:23:13	0:35:45	0:32:39	0:19:15	Lagtime [600]
G	1.549	1.558	1.491	1.555	1.431	1.474	1.373	1.428	1.460	1.405	1.349	1.421	Max V [600]
	0.960	0.955	0.956	0.944	0.950	0.954	0.953	0.953	0.955	0.961	0.954	0.964	R-Squared [600]
	2:00:36	2:00:36	2:00:36	2:00:36	2:00:36	2:00:36	3:00:37	2:00:36	2:00:36	2:00:36	2:00:36	2:00:36	t at Max V [600]
	0:19:11	0:20:20	0:20:30	0:20:22	0:22:45	0:21:48	0:34:25	0:22:07	0:21:00	0:20:16	0:22:24	0:19:04	Lagtime [600]
H	1.630	1.646	1.672	1.602	1.633	1.676	1.502	1.426	1.413	1.429	1.446	1.474	Max V [600]
	0.958	0.956	0.948	0.954	0.947	0.955	0.953	0.956	0.958	0.959	0.964	0.969	R-Squared [600]
	2:00:36	2:00:36	2:00:36	2:00:36	2:00:36	2:00:36	2:00:36	2:00:36	2:00:36	2:00:36	2:00:36	2:00:36	t at Max V [600]
	0:18:48	0:18:30	0:19:32	0:20:19	0:21:15	0:18:23	0:19:53	0:20:47	0:20:53	0:20:26	0:18:53	0:16:57	Lagtime [600]


