

Software Version	3.10.06



Experiment File Path:	C:\Users\patil-group\Desktop\Sweeteners_stacker\NT5001_02_03.xpt
Protocol File Path:	C:\Users\Public\Documents\Protocols\Screening-protocol.prt



Plate Number	Plate 10
Date	13/10/2021
Time	13:13:59
Reader Type:	Epoch 2
Reader Serial Number:	2103223
Reading Type	Reader

Procedure Details

Plate Type	96 WELL PLATE
Discontinuous Kinetics	Runtime 1:00:00 (D:HH:MM), Interval 0:01:00, 25 Reads
	Pause after each run
Eject plate on completion	
Set Temperature	Setpoint 37°C, Gradient 0 °C
Shake	Linear: 0:00:30 (HH:MM:SS)
	Frequency: 567 cpm (3 mm)
Read	Absorbance Endpoint
	Full Plate
	Wavelengths:  600
	Read Speed: Normal,  Delay: 100 msec,  Measurements/Data Point: 8

600

Time	T° 600	A1	A2	A3	A4	A5	A6	A7	A8	A9	A10	A11	A12	B1	B2	B3	B4	B5	B6	B7	B8	B9	B10	B11	B12	C1	C2	C3	C4	C5	C6	C7	C8	C9	C10	C11	C12	D1	D2	D3	D4	D5	D6	D7	D8	D9	D10	D11	D12	E1	E2	E3	E4	E5	E6	E7	E8	E9	E10	E11	E12	F1	F2	F3	F4	F5	F6	F7	F8	F9	F10	F11	F12	G1	G2	G3	G4	G5	G6	G7	G8	G9	G10	G11	G12	H1	H2	H3	H4	H5	H6	H7	H8	H9	H10	H11	H12
0:00:34	37.0	0.198	0.199	0.188	0.187	0.192	0.185	0.180	0.180	0.182	0.182	0.183	0.189	0.190	0.196	0.202	0.192	0.196	0.186	0.200	0.190	0.182	0.185	0.190	0.185	0.207	0.200	0.204	0.195	0.207	0.213	0.201	0.199	0.196	0.198	0.191	0.190	0.195	0.202	0.199	0.195	0.185	0.198	0.188	0.183	0.193	0.196	0.194	0.188	0.204	0.201	0.198	0.204	0.203	0.201	0.196	0.198	0.196	0.198	0.180	0.190	0.201	0.197	0.214	0.207	0.202	0.191	0.199	0.196	0.195	0.186	0.192	0.192	0.210	0.208	0.195	0.202	0.195	0.195	0.190	0.200	0.183	0.192	0.187	0.185	0.202	0.197	0.198	0.201	0.191	0.196	0.189	0.191	0.188	0.184	0.187	0.179
1:00:34	37.1	0.210	0.210	0.199	0.203	0.205	0.197	0.188	0.186	0.194	0.193	0.191	0.196	0.202	0.206	0.211	0.200	0.209	0.196	0.209	0.196	0.190	0.187	0.194	0.189	0.218	0.205	0.216	0.201	0.220	0.220	0.207	0.209	0.201	0.200	0.196	0.193	0.202	0.212	0.210	0.205	0.191	0.205	0.192	0.187	0.197	0.195	0.194	0.192	0.218	0.217	0.212	0.221	0.218	0.212	0.209	0.204	0.204	0.201	0.185	0.195	0.211	0.211	0.223	0.217	0.210	0.197	0.211	0.203	0.203	0.191	0.199	0.197	0.229	0.226	0.215	0.223	0.212	0.213	0.208	0.213	0.190	0.199	0.198	0.190	0.214	0.206	0.208	0.213	0.201	0.201	0.196	0.195	0.194	0.188	0.191	0.182
2:00:34	37.1	0.233	0.228	0.219	0.222	0.231	0.219	0.207	0.203	0.208	0.205	0.203	0.212	0.222	0.225	0.228	0.217	0.231	0.209	0.226	0.209	0.205	0.198	0.206	0.203	0.244	0.223	0.256	0.231	0.264	0.250	0.235	0.235	0.220	0.215	0.209	0.203	0.220	0.246	0.244	0.235	0.207	0.234	0.202	0.201	0.208	0.201	0.203	0.203	0.244	0.250	0.247	0.270	0.256	0.243	0.237	0.222	0.221	0.211	0.197	0.209	0.231	0.233	0.248	0.241	0.228	0.213	0.245	0.218	0.217	0.202	0.216	0.209	0.254	0.273	0.250	0.267	0.246	0.243	0.240	0.235	0.202	0.215	0.217	0.204	0.238	0.232	0.232	0.234	0.221	0.215	0.208	0.208	0.207	0.198	0.204	0.194
3:00:35	37.0	0.274	0.268	0.259	0.255	0.274	0.250	0.236	0.233	0.238	0.232	0.233	0.240	0.260	0.261	0.263	0.249	0.267	0.236	0.252	0.235	0.234	0.223	0.231	0.232	0.285	0.254	0.301	0.275	0.308	0.292	0.278	0.274	0.249	0.240	0.233	0.225	0.252	0.288	0.290	0.271	0.235	0.270	0.226	0.224	0.228	0.222	0.225	0.225	0.287	0.294	0.291	0.315	0.294	0.282	0.272	0.249	0.251	0.233	0.220	0.232	0.265	0.268	0.285	0.281	0.260	0.242	0.285	0.244	0.239	0.226	0.244	0.232	0.293	0.319	0.296	0.305	0.291	0.280	0.276	0.270	0.224	0.244	0.247	0.234	0.282	0.276	0.274	0.272	0.257	0.248	0.232	0.232	0.230	0.220	0.228	0.218
4:00:37	37.1	0.334	0.327	0.318	0.313	0.331	0.304	0.290	0.286	0.290	0.281	0.283	0.289	0.319	0.316	0.319	0.303	0.320	0.284	0.297	0.281	0.285	0.270	0.277	0.281	0.339	0.306	0.343	0.322	0.352	0.335	0.321	0.318	0.296	0.279	0.275	0.268	0.303	0.334	0.338	0.314	0.280	0.307	0.264	0.266	0.267	0.260	0.265	0.265	0.342	0.343	0.338	0.357	0.336	0.323	0.314	0.291	0.293	0.274	0.263	0.274	0.317	0.320	0.334	0.324	0.310	0.290	0.322	0.289	0.281	0.267	0.288	0.275	0.348	0.372	0.345	0.349	0.338	0.329	0.323	0.314	0.270	0.292	0.292	0.278	0.352	0.351	0.341	0.337	0.315	0.304	0.279	0.275	0.276	0.262	0.273	0.262
5:00:36	37.0	0.443	0.443	0.430	0.407	0.434	0.389	0.375	0.374	0.378	0.360	0.364	0.364	0.427	0.406	0.417	0.387	0.401	0.357	0.359	0.353	0.362	0.345	0.350	0.357	0.431	0.390	0.420	0.388	0.419	0.398	0.377	0.383	0.359	0.337	0.339	0.331	0.387	0.402	0.400	0.369	0.347	0.359	0.315	0.321	0.322	0.316	0.325	0.325	0.432	0.421	0.413	0.421	0.396	0.373	0.368	0.347	0.344	0.335	0.327	0.334	0.412	0.409	0.415	0.404	0.384	0.357	0.376	0.349	0.339	0.330	0.349	0.338	0.447	0.459	0.426	0.423	0.408	0.396	0.376	0.371	0.334	0.355	0.353	0.343	0.478	0.472	0.448	0.446	0.408	0.392	0.350	0.340	0.334	0.323	0.333	0.325
6:00:38	37.0	0.566	0.568	0.555	0.540	0.565	0.524	0.512	0.510	0.512	0.495	0.498	0.485	0.555	0.521	0.531	0.501	0.516	0.487	0.465	0.485	0.496	0.469	0.472	0.489	0.556	0.517	0.541	0.501	0.533	0.515	0.487	0.506	0.483	0.448	0.459	0.450	0.506	0.507	0.504	0.475	0.464	0.455	0.410	0.423	0.432	0.420	0.435	0.436	0.565	0.549	0.528	0.534	0.515	0.481	0.470	0.464	0.454	0.450	0.447	0.448	0.542	0.537	0.538	0.528	0.507	0.482	0.493	0.467	0.460	0.453	0.468	0.459	0.577	0.582	0.551	0.546	0.527	0.522	0.492	0.489	0.458	0.477	0.475	0.467	0.592	0.590	0.563	0.568	0.529	0.506	0.466	0.451	0.438	0.427	0.436	0.435
7:00:38	37.0	0.642	0.632	0.624	0.631	0.633	0.618	0.607	0.606	0.606	0.603	0.602	0.586	0.634	0.610	0.610	0.594	0.607	0.594	0.565	0.600	0.604	0.577	0.582	0.593	0.640	0.612	0.625	0.596	0.621	0.609	0.589	0.611	0.596	0.562	0.573	0.564	0.600	0.597	0.590	0.570	0.565	0.555	0.512	0.531	0.549	0.531	0.547	0.542	0.649	0.640	0.618	0.623	0.610	0.587	0.581	0.581	0.572	0.568	0.564	0.561	0.624	0.627	0.620	0.620	0.605	0.595	0.601	0.584	0.581	0.578	0.592	0.572	0.652	0.662	0.640	0.636	0.621	0.622	0.599	0.604	0.581	0.597	0.594	0.582	0.653	0.654	0.639	0.650	0.623	0.604	0.569	0.556	0.548	0.533	0.544	0.542
8:00:38	37.0	0.705	0.682	0.671	0.678	0.681	0.665	0.657	0.662	0.653	0.655	0.654	0.662	0.678	0.650	0.649	0.642	0.653	0.645	0.627	0.653	0.658	0.634	0.639	0.649	0.684	0.656	0.669	0.647	0.674	0.668	0.648	0.666	0.657	0.633	0.637	0.622	0.644	0.646	0.643	0.631	0.623	0.627	0.594	0.610	0.623	0.608	0.619	0.606	0.702	0.687	0.663	0.679	0.665	0.654	0.649	0.645	0.646	0.637	0.630	0.620	0.675	0.672	0.666	0.669	0.652	0.654	0.665	0.648	0.649	0.648	0.657	0.639	0.704	0.707	0.685	0.681	0.667	0.669	0.661	0.663	0.645	0.659	0.657	0.640	0.693	0.689	0.669	0.682	0.655	0.639	0.627	0.622	0.626	0.608	0.616	0.605
9:00:39	37.0	0.743	0.718	0.706	0.714	0.717	0.707	0.699	0.705	0.691	0.697	0.701	0.717	0.714	0.681	0.680	0.673	0.681	0.681	0.657	0.693	0.696	0.669	0.675	0.697	0.718	0.690	0.705	0.680	0.703	0.698	0.685	0.708	0.694	0.667	0.673	0.665	0.680	0.675	0.669	0.659	0.655	0.659	0.629	0.644	0.659	0.644	0.652	0.649	0.739	0.720	0.692	0.711	0.698	0.689	0.683	0.684	0.683	0.674	0.667	0.666	0.715	0.706	0.701	0.708	0.687	0.691	0.701	0.685	0.688	0.688	0.699	0.698	0.743	0.740	0.719	0.717	0.704	0.704	0.698	0.704	0.684	0.699	0.693	0.693	0.725	0.719	0.699	0.713	0.684	0.669	0.664	0.658	0.662	0.641	0.647	0.644
10:00:41	37.0	0.768	0.739	0.730	0.738	0.741	0.733	0.727	0.734	0.719	0.727	0.732	0.749	0.739	0.705	0.703	0.697	0.704	0.709	0.679	0.721	0.722	0.698	0.702	0.728	0.739	0.714	0.724	0.701	0.725	0.722	0.709	0.732	0.723	0.697	0.702	0.699	0.706	0.696	0.691	0.684	0.681	0.685	0.658	0.669	0.688	0.672	0.684	0.680	0.763	0.738	0.716	0.734	0.724	0.714	0.709	0.713	0.709	0.703	0.697	0.701	0.742	0.729	0.726	0.729	0.712	0.722	0.726	0.714	0.721	0.719	0.728	0.736	0.766	0.756	0.741	0.743	0.726	0.731	0.723	0.734	0.714	0.728	0.723	0.730	0.747	0.744	0.723	0.739	0.710	0.696	0.694	0.688	0.688	0.670	0.673	0.674
11:00:41	37.0	0.782	0.754	0.747	0.754	0.753	0.750	0.745	0.752	0.738	0.748	0.753	0.768	0.757	0.722	0.720	0.716	0.721	0.730	0.698	0.743	0.743	0.720	0.723	0.748	0.754	0.732	0.741	0.719	0.743	0.740	0.730	0.751	0.742	0.718	0.720	0.720	0.724	0.715	0.707	0.701	0.703	0.704	0.677	0.689	0.710	0.695	0.705	0.703	0.782	0.758	0.731	0.751	0.742	0.734	0.730	0.733	0.728	0.726	0.720	0.725	0.761	0.746	0.739	0.748	0.731	0.742	0.749	0.736	0.741	0.742	0.749	0.760	0.785	0.772	0.757	0.756	0.745	0.749	0.744	0.754	0.734	0.748	0.744	0.752	0.760	0.759	0.741	0.758	0.729	0.717	0.714	0.709	0.711	0.694	0.693	0.696
12:00:42	37.0	0.791	0.762	0.757	0.765	0.762	0.760	0.757	0.765	0.750	0.761	0.765	0.779	0.769	0.734	0.733	0.730	0.733	0.745	0.712	0.757	0.757	0.735	0.738	0.760	0.764	0.746	0.751	0.731	0.756	0.750	0.743	0.763	0.758	0.733	0.736	0.734	0.737	0.724	0.719	0.713	0.719	0.718	0.693	0.705	0.726	0.712	0.721	0.718	0.791	0.770	0.745	0.763	0.754	0.750	0.744	0.748	0.744	0.743	0.738	0.740	0.773	0.758	0.754	0.765	0.746	0.757	0.763	0.750	0.757	0.757	0.761	0.775	0.794	0.782	0.769	0.768	0.757	0.761	0.755	0.769	0.751	0.762	0.757	0.768	0.769	0.769	0.752	0.769	0.743	0.732	0.728	0.723	0.726	0.709	0.707	0.709
13:00:42	37.1	0.795	0.768	0.765	0.771	0.767	0.767	0.764	0.773	0.757	0.770	0.773	0.785	0.776	0.744	0.741	0.739	0.741	0.755	0.721	0.768	0.767	0.745	0.748	0.768	0.772	0.755	0.760	0.740	0.762	0.759	0.752	0.773	0.767	0.745	0.746	0.742	0.745	0.733	0.727	0.723	0.730	0.727	0.705	0.716	0.738	0.725	0.733	0.726	0.797	0.779	0.752	0.771	0.765	0.758	0.753	0.760	0.754	0.755	0.750	0.750	0.782	0.767	0.763	0.775	0.755	0.767	0.773	0.760	0.769	0.769	0.770	0.785	0.799	0.789	0.775	0.777	0.765	0.770	0.765	0.779	0.761	0.770	0.766	0.777	0.775	0.776	0.757	0.776	0.751	0.741	0.738	0.733	0.735	0.720	0.714	0.717
14:00:43	37.1	0.799	0.773	0.767	0.776	0.771	0.771	0.769	0.779	0.762	0.775	0.778	0.788	0.782	0.749	0.749	0.746	0.747	0.763	0.728	0.776	0.776	0.753	0.756	0.775	0.777	0.763	0.763	0.746	0.766	0.767	0.758	0.779	0.775	0.753	0.753	0.748	0.750	0.737	0.734	0.730	0.739	0.734	0.713	0.724	0.746	0.734	0.742	0.731	0.802	0.786	0.757	0.777	0.771	0.766	0.760	0.768	0.763	0.764	0.757	0.757	0.788	0.771	0.769	0.777	0.763	0.775	0.779	0.768	0.777	0.779	0.777	0.791	0.804	0.795	0.779	0.780	0.771	0.776	0.773	0.786	0.769	0.777	0.773	0.785	0.778	0.780	0.762	0.780	0.755	0.748	0.744	0.740	0.742	0.727	0.720	0.722
15:00:44	37.1	0.801	0.777	0.772	0.781	0.774	0.774	0.772	0.782	0.765	0.779	0.781	0.790	0.785	0.754	0.753	0.751	0.752	0.769	0.733	0.781	0.781	0.759	0.760	0.778	0.779	0.767	0.767	0.750	0.772	0.771	0.762	0.783	0.779	0.758	0.759	0.752	0.755	0.743	0.739	0.736	0.746	0.740	0.720	0.731	0.754	0.740	0.748	0.736	0.808	0.788	0.763	0.782	0.777	0.772	0.766	0.774	0.769	0.772	0.762	0.762	0.791	0.776	0.772	0.783	0.769	0.781	0.783	0.774	0.784	0.786	0.781	0.796	0.807	0.796	0.783	0.785	0.774	0.781	0.777	0.790	0.775	0.781	0.777	0.790	0.778	0.783	0.765	0.783	0.758	0.751	0.749	0.745	0.747	0.732	0.724	0.726
16:00:45	37.0	0.802	0.779	0.775	0.783	0.775	0.777	0.776	0.785	0.770	0.782	0.783	0.790	0.789	0.758	0.757	0.756	0.755	0.774	0.737	0.785	0.785	0.764	0.766	0.781	0.782	0.771	0.772	0.754	0.774	0.775	0.767	0.786	0.784	0.762	0.762	0.755	0.758	0.747	0.742	0.739	0.752	0.743	0.725	0.735	0.759	0.747	0.753	0.738	0.810	0.792	0.765	0.784	0.780	0.775	0.770	0.778	0.772	0.777	0.769	0.765	0.794	0.780	0.776	0.790	0.774	0.787	0.788	0.778	0.789	0.791	0.785	0.798	0.810	0.799	0.786	0.789	0.777	0.784	0.782	0.794	0.778	0.785	0.780	0.794	0.784	0.786	0.767	0.786	0.760	0.754	0.753	0.749	0.750	0.735	0.727	0.727
17:00:45	37.1	0.802	0.781	0.778	0.785	0.778	0.780	0.778	0.789	0.772	0.785	0.785	0.790	0.791	0.759	0.760	0.758	0.759	0.778	0.740	0.788	0.788	0.768	0.769	0.784	0.783	0.774	0.774	0.756	0.777	0.776	0.771	0.789	0.788	0.767	0.767	0.758	0.761	0.748	0.745	0.742	0.756	0.745	0.729	0.738	0.763	0.751	0.757	0.740	0.812	0.794	0.768	0.786	0.784	0.778	0.773	0.782	0.776	0.783	0.772	0.768	0.797	0.782	0.779	0.789	0.779	0.790	0.791	0.781	0.792	0.795	0.788	0.800	0.812	0.800	0.787	0.791	0.779	0.785	0.784	0.796	0.782	0.786	0.782	0.796	0.785	0.788	0.768	0.787	0.761	0.757	0.756	0.750	0.752	0.736	0.729	0.727
18:00:46	37.0	0.803	0.783	0.780	0.787	0.780	0.782	0.780	0.792	0.774	0.787	0.787	0.792	0.794	0.762	0.761	0.761	0.762	0.780	0.742	0.792	0.790	0.771	0.771	0.785	0.785	0.777	0.774	0.759	0.778	0.779	0.773	0.790	0.789	0.768	0.768	0.759	0.764	0.749	0.747	0.744	0.760	0.746	0.732	0.741	0.765	0.754	0.760	0.741	0.814	0.796	0.770	0.787	0.784	0.780	0.774	0.784	0.778	0.787	0.774	0.769	0.798	0.785	0.781	0.792	0.782	0.794	0.792	0.785	0.795	0.798	0.791	0.802	0.813	0.801	0.790	0.790	0.781	0.788	0.785	0.796	0.783	0.789	0.785	0.798	0.787	0.789	0.771	0.788	0.763	0.757	0.757	0.753	0.753	0.738	0.730	0.729
19:00:47	37.1	0.806	0.785	0.782	0.789	0.781	0.783	0.781	0.797	0.776	0.790	0.789	0.793	0.796	0.763	0.764	0.763	0.765	0.784	0.745	0.796	0.792	0.774	0.774	0.787	0.786	0.779	0.776	0.762	0.781	0.783	0.778	0.791	0.792	0.771	0.770	0.762	0.765	0.751	0.748	0.746	0.762	0.749	0.736	0.744	0.768	0.756	0.762	0.743	0.815	0.797	0.774	0.788	0.786	0.781	0.776	0.785	0.781	0.791	0.777	0.771	0.800	0.787	0.782	0.794	0.785	0.795	0.794	0.787	0.798	0.801	0.794	0.803	0.814	0.802	0.791	0.792	0.782	0.790	0.791	0.798	0.787	0.791	0.786	0.800	0.789	0.791	0.774	0.791	0.765	0.759	0.759	0.754	0.754	0.740	0.730	0.732
20:00:47	37.0	0.807	0.786	0.784	0.791	0.783	0.785	0.782	0.799	0.777	0.791	0.791	0.795	0.797	0.765	0.766	0.763	0.766	0.784	0.746	0.797	0.794	0.775	0.775	0.789	0.789	0.780	0.776	0.762	0.781	0.783	0.777	0.792	0.792	0.774	0.772	0.762	0.766	0.752	0.748	0.747	0.764	0.750	0.737	0.746	0.770	0.757	0.763	0.744	0.816	0.798	0.775	0.790	0.787	0.781	0.778	0.787	0.783	0.794	0.778	0.772	0.801	0.790	0.783	0.796	0.787	0.797	0.794	0.789	0.798	0.803	0.794	0.804	0.816	0.802	0.792	0.792	0.784	0.791	0.789	0.800	0.789	0.792	0.787	0.802	0.792	0.794	0.774	0.793	0.767	0.761	0.759	0.755	0.756	0.741	0.732	0.733
21:00:48	37.0	0.808	0.788	0.786	0.793	0.784	0.785	0.785	0.803	0.780	0.793	0.793	0.796	0.799	0.767	0.768	0.765	0.767	0.786	0.747	0.799	0.796	0.778	0.778	0.791	0.790	0.782	0.777	0.763	0.781	0.783	0.780	0.794	0.793	0.775	0.774	0.765	0.769	0.754	0.750	0.748	0.767	0.750	0.738	0.747	0.773	0.760	0.766	0.746	0.819	0.798	0.776	0.791	0.789	0.784	0.779	0.789	0.785	0.796	0.781	0.774	0.803	0.791	0.786	0.798	0.787	0.799	0.796	0.791	0.803	0.805	0.796	0.807	0.818	0.803	0.792	0.793	0.785	0.793	0.790	0.801	0.790	0.793	0.788	0.804	0.795	0.797	0.777	0.796	0.768	0.763	0.762	0.757	0.758	0.743	0.732	0.734
22:00:48	37.1	0.809	0.789	0.788	0.794	0.785	0.788	0.787	0.805	0.782	0.795	0.795	0.797	0.801	0.768	0.770	0.767	0.770	0.786	0.748	0.800	0.797	0.779	0.780	0.793	0.791	0.784	0.779	0.765	0.781	0.784	0.782	0.795	0.796	0.777	0.776	0.766	0.770	0.754	0.751	0.750	0.768	0.752	0.739	0.749	0.774	0.762	0.767	0.747	0.820	0.799	0.778	0.792	0.789	0.784	0.779	0.791	0.785	0.798	0.783	0.776	0.805	0.792	0.786	0.798	0.788	0.800	0.798	0.792	0.804	0.807	0.798	0.809	0.819	0.804	0.793	0.794	0.788	0.794	0.790	0.802	0.793	0.795	0.791	0.807	0.797	0.800	0.780	0.798	0.770	0.765	0.764	0.758	0.760	0.745	0.734	0.736
23:00:48	37.1	0.811	0.791	0.790	0.796	0.787	0.790	0.789	0.808	0.784	0.798	0.797	0.799	0.803	0.770	0.771	0.768	0.770	0.789	0.750	0.801	0.800	0.782	0.782	0.797	0.793	0.785	0.781	0.766	0.784	0.787	0.785	0.796	0.798	0.779	0.778	0.768	0.772	0.755	0.752	0.750	0.770	0.754	0.743	0.750	0.777	0.763	0.769	0.748	0.821	0.801	0.778	0.792	0.792	0.784	0.780	0.793	0.787	0.800	0.784	0.778	0.807	0.794	0.789	0.799	0.791	0.802	0.798	0.795	0.805	0.809	0.799	0.811	0.821	0.806	0.794	0.795	0.789	0.796	0.792	0.804	0.793	0.796	0.792	0.809	0.799	0.803	0.781	0.800	0.772	0.767	0.765	0.760	0.762	0.745	0.735	0.736
0:00:00																																																																																																	

Results
	1	2	3	4	5	6	7	8	9	10	11	12
A	1.613	1.617	1.611	1.632	1.589	1.595	1.609	1.641	1.594	1.652	1.634	1.610	Max V [600]
	0.989	0.985	0.987	0.984	0.984	0.980	0.980	0.983	0.980	0.983	0.983	0.994	R-Squared [600]
	5:00:37	5:00:37	5:00:37	5:00:37	5:00:37	5:00:37	6:00:38	6:00:38	5:00:37	6:00:38	6:00:38	6:00:38	t at Max V [600]
	2:23:20	2:26:38	2:25:46	2:31:57	2:20:10	2:35:14	2:48:57	2:53:16	2:40:49	3:00:46	2:58:52	3:01:12	Lagtime [600]
B	1.639	1.506	1.509	1.480	1.460	1.598	1.444	1.650	1.648	1.598	1.593	1.620	Max V [600]
	0.987	0.988	0.990	0.985	0.985	0.982	0.991	0.983	0.983	0.987	0.987	0.985	R-Squared [600]
	5:00:37	5:00:37	5:00:37	5:00:37	5:00:37	6:00:38	6:00:38	6:00:38	6:00:38	6:00:38	6:00:38	6:00:38	t at Max V [600]
	2:28:36	2:30:02	2:30:24	2:35:45	2:25:24	3:00:49	2:58:58	3:07:56	2:59:18	3:09:12	3:08:52	3:02:06	Lagtime [600]
C	1.545	1.545	1.426	1.431	1.408	1.462	1.444	1.541	1.598	1.556	1.597	1.566	Max V [600]
	0.984	0.981	0.980	0.987	0.987	0.988	0.988	0.985	0.987	0.989	0.988	0.986	R-Squared [600]
	5:00:37	5:00:37	6:00:38	6:00:38	6:00:38	6:00:38	6:00:38	6:00:38	6:00:38	6:00:38	6:00:38	6:00:38	t at Max V [600]
	2:23:19	2:41:02	2:19:00	2:34:04	2:18:42	2:40:44	2:44:34	2:47:15	3:03:40	3:17:23	3:14:07	3:16:11	Lagtime [600]
D	1.496	1.363	1.335	1.391	1.509	1.391	1.430	1.497	1.563	1.518	1.551	1.497	Max V [600]
	0.982	0.988	0.989	0.990	0.988	0.991	0.990	0.991	0.987	0.990	0.990	0.989	R-Squared [600]
	5:00:37	6:00:38	6:00:38	6:00:38	6:00:38	6:00:38	6:00:38	6:00:38	6:00:38	6:00:38	6:00:38	6:00:38	t at Max V [600]
	2:37:12	2:23:39	2:19:01	2:41:51	3:00:56	2:51:58	3:19:07	3:15:42	3:23:42	3:28:27	3:23:05	3:15:41	Lagtime [600]
E	1.578	1.510	1.426	1.409	1.451	1.459	1.470	1.569	1.557	1.600	1.621	1.532	Max V [600]
	0.983	0.980	0.984	0.988	0.985	0.986	0.988	0.985	0.985	0.988	0.988	0.986	R-Squared [600]
	5:00:37	6:00:38	6:00:38	6:00:38	6:00:38	6:00:38	6:00:38	6:00:38	6:00:38	6:00:38	6:00:38	6:00:38	t at Max V [600]
	2:21:14	2:23:59	2:20:28	2:14:37	2:32:37	2:47:11	2:49:41	3:10:04	3:09:52	3:21:42	3:16:36	3:12:47	Lagtime [600]
F	1.572	1.561	1.456	1.508	1.507	1.608	1.518	1.591	1.633	1.680	1.636	1.601	Max V [600]
	0.983	0.982	0.981	0.983	0.983	0.986	0.986	0.987	0.986	0.987	0.986	0.988	R-Squared [600]
	5:00:37	5:00:37	5:00:37	6:00:38	6:00:38	6:00:38	6:00:38	6:00:38	6:00:38	6:00:38	6:00:38	6:00:38	t at Max V [600]
	2:33:24	2:29:33	2:26:42	2:39:58	2:48:26	3:03:21	2:47:52	3:09:49	3:17:17	3:20:46	3:10:11	3:15:22	Lagtime [600]
G	1.580	1.493	1.494	1.462	1.451	1.510	1.501	1.553	1.662	1.624	1.618	1.605	Max V [600]
	0.984	0.985	0.979	0.980	0.982	0.981	0.985	0.984	0.986	0.986	0.986	0.985	R-Squared [600]
	5:00:37	5:00:37	6:00:38	6:00:38	6:00:38	6:00:38	6:00:38	6:00:38	6:00:38	6:00:38	6:00:38	6:00:38	t at Max V [600]
	2:20:13	1:59:10	2:16:26	2:17:56	2:22:11	2:33:34	2:40:20	2:55:04	3:15:18	3:05:44	3:03:18	3:08:18	Lagtime [600]
H	1.636	1.659	1.586	1.643	1.578	1.522	1.527	1.517	1.524	1.505	1.496	1.506	Max V [600]
	0.987	0.989	0.993	0.991	0.987	0.987	0.989	0.991	0.991	0.993	0.992	0.990	R-Squared [600]
	5:00:37	5:00:37	5:00:37	5:00:37	5:00:37	5:00:37	6:00:38	6:00:38	6:00:38	6:00:38	6:00:38	6:00:38	t at Max V [600]
	2:15:48	2:16:42	2:19:29	2:26:03	2:31:31	2:39:31	3:04:15	3:10:29	3:12:29	3:17:02	3:11:00	3:11:31	Lagtime [600]

