
Software Version	3.11.19



Experiment File Path:	C:\Users\patil-group\Desktop\Sweeteners_stacker\131221_NT5007_24_24\NT5007_24_24_Rep3.xpt
Protocol File Path:	C:\Users\Public\Documents\Protocols\Screening-protocol.prt



Plate Number	Plate 9
Date	13/12/2021
Time	15:04:53
Reader Type:	Epoch 2
Reader Serial Number:	2103223
Reading Type	Reader

Procedure Details

Plate Type	96 WELL PLATE
Discontinuous Kinetics	Runtime 1:00:00 (D:HH:MM), Interval 0:01:00, 25 Reads
	Pause after each run
Eject plate on completion	
Shake	Linear: 0:00:30 (HH:MM:SS)
	Frequency: 567 cpm (3 mm)
Read	Absorbance Endpoint
	Full Plate
	Wavelengths:  600
	Read Speed: Normal,  Delay: 100 msec,  Measurements/Data Point: 8

600

Time	T° 600	A1	A2	A3	A4	A5	A6	A7	A8	A9	A10	A11	A12	B1	B2	B3	B4	B5	B6	B7	B8	B9	B10	B11	B12	C1	C2	C3	C4	C5	C6	C7	C8	C9	C10	C11	C12	D1	D2	D3	D4	D5	D6	D7	D8	D9	D10	D11	D12	E1	E2	E3	E4	E5	E6	E7	E8	E9	E10	E11	E12	F1	F2	F3	F4	F5	F6	F7	F8	F9	F10	F11	F12	G1	G2	G3	G4	G5	G6	G7	G8	G9	G10	G11	G12	H1	H2	H3	H4	H5	H6	H7	H8	H9	H10	H11	H12
0:00:34	34.3	0.180	0.179	0.183	0.185	0.185	0.185	0.182	0.187	0.184	0.184	0.183	0.183	0.180	0.184	0.182	0.185	0.183	0.180	0.188	0.181	0.183	0.182	0.185	0.183	0.186	0.186	0.190	0.196	0.203	0.191	0.185	0.187	0.195	0.200	0.186	0.183	0.192	0.182	0.188	0.196	0.186	0.187	0.185	0.190	0.184	0.193	0.187	0.188	0.185	0.181	0.183	0.190	0.186	0.184	0.190	0.189	0.189	0.184	0.192	0.182	0.184	0.186	0.183	0.186	0.196	0.193	0.187	0.186	0.181	0.186	0.196	0.185	0.188	0.185	0.185	0.183	0.192	0.187	0.185	0.195	0.186	0.191	0.193	0.184	0.188	0.183	0.184	0.184	0.184	0.184	0.189	0.185	0.181	0.203	0.185	0.185
1:00:33	34.5	0.182	0.180	0.184	0.186	0.187	0.186	0.184	0.189	0.185	0.185	0.184	0.185	0.181	0.185	0.184	0.187	0.184	0.182	0.190	0.183	0.185	0.183	0.187	0.185	0.188	0.188	0.192	0.197	0.203	0.192	0.186	0.188	0.196	0.200	0.188	0.186	0.194	0.184	0.190	0.195	0.187	0.187	0.187	0.190	0.185	0.192	0.188	0.190	0.186	0.183	0.184	0.191	0.186	0.185	0.191	0.190	0.189	0.185	0.193	0.184	0.186	0.186	0.184	0.187	0.197	0.193	0.188	0.188	0.183	0.188	0.193	0.187	0.189	0.186	0.186	0.185	0.193	0.188	0.187	0.194	0.188	0.192	0.195	0.186	0.188	0.184	0.186	0.185	0.185	0.185	0.190	0.187	0.182	0.203	0.187	0.186
2:00:34	34.6	0.183	0.182	0.186	0.187	0.188	0.188	0.185	0.190	0.187	0.186	0.186	0.186	0.183	0.187	0.185	0.188	0.185	0.183	0.191	0.185	0.186	0.184	0.188	0.187	0.189	0.189	0.193	0.198	0.202	0.193	0.187	0.190	0.197	0.197	0.190	0.186	0.195	0.185	0.193	0.202	0.188	0.187	0.189	0.190	0.186	0.193	0.189	0.191	0.188	0.184	0.186	0.192	0.187	0.186	0.193	0.190	0.190	0.187	0.194	0.186	0.191	0.188	0.185	0.188	0.197	0.193	0.190	0.189	0.184	0.189	0.193	0.188	0.190	0.188	0.188	0.186	0.194	0.189	0.188	0.194	0.188	0.193	0.196	0.188	0.189	0.186	0.187	0.187	0.187	0.186	0.191	0.189	0.183	0.203	0.188	0.188
3:00:35	34.6	0.185	0.184	0.188	0.189	0.190	0.190	0.187	0.192	0.188	0.190	0.188	0.189	0.185	0.189	0.187	0.190	0.187	0.185	0.192	0.186	0.188	0.186	0.190	0.189	0.191	0.190	0.194	0.194	0.201	0.194	0.189	0.192	0.199	0.198	0.191	0.188	0.197	0.187	0.192	0.199	0.189	0.189	0.190	0.193	0.188	0.195	0.191	0.192	0.190	0.186	0.187	0.193	0.189	0.188	0.194	0.192	0.192	0.189	0.196	0.188	0.192	0.189	0.186	0.190	0.198	0.194	0.190	0.190	0.186	0.190	0.194	0.190	0.192	0.189	0.189	0.188	0.195	0.191	0.190	0.195	0.189	0.194	0.197	0.190	0.191	0.188	0.189	0.189	0.189	0.188	0.192	0.190	0.185	0.203	0.190	0.190
4:00:36	34.6	0.188	0.186	0.191	0.191	0.192	0.192	0.189	0.194	0.190	0.190	0.190	0.191	0.187	0.190	0.189	0.191	0.189	0.186	0.194	0.188	0.190	0.188	0.192	0.191	0.193	0.192	0.196	0.196	0.201	0.196	0.191	0.193	0.200	0.200	0.193	0.192	0.199	0.190	0.194	0.201	0.191	0.191	0.191	0.195	0.189	0.197	0.192	0.193	0.192	0.188	0.189	0.194	0.191	0.190	0.196	0.193	0.194	0.191	0.197	0.189	0.194	0.191	0.189	0.192	0.198	0.194	0.191	0.191	0.187	0.191	0.195	0.191	0.194	0.192	0.191	0.190	0.197	0.192	0.192	0.195	0.191	0.196	0.199	0.192	0.193	0.190	0.191	0.191	0.191	0.190	0.193	0.192	0.187	0.202	0.192	0.192
5:00:37	34.6	0.190	0.189	0.193	0.194	0.195	0.195	0.191	0.196	0.195	0.192	0.193	0.193	0.190	0.193	0.191	0.194	0.191	0.188	0.197	0.191	0.192	0.190	0.194	0.194	0.195	0.194	0.198	0.198	0.202	0.197	0.193	0.196	0.202	0.203	0.196	0.195	0.201	0.191	0.196	0.198	0.193	0.194	0.193	0.197	0.191	0.197	0.194	0.195	0.194	0.190	0.191	0.196	0.194	0.192	0.197	0.195	0.196	0.192	0.199	0.191	0.191	0.193	0.191	0.194	0.200	0.196	0.193	0.193	0.190	0.193	0.197	0.193	0.196	0.193	0.193	0.192	0.199	0.194	0.194	0.196	0.193	0.198	0.201	0.194	0.196	0.192	0.193	0.193	0.193	0.192	0.195	0.194	0.189	0.201	0.194	0.194
6:00:38	34.5	0.194	0.191	0.194	0.195	0.196	0.196	0.192	0.197	0.193	0.194	0.195	0.197	0.193	0.194	0.192	0.195	0.192	0.189	0.197	0.191	0.193	0.191	0.195	0.195	0.196	0.195	0.199	0.199	0.202	0.197	0.194	0.197	0.203	0.201	0.197	0.196	0.202	0.192	0.197	0.199	0.194	0.196	0.194	0.198	0.192	0.197	0.194	0.195	0.195	0.191	0.192	0.197	0.194	0.193	0.199	0.197	0.197	0.193	0.199	0.192	0.192	0.194	0.192	0.195	0.201	0.197	0.194	0.194	0.191	0.194	0.198	0.195	0.197	0.193	0.194	0.193	0.200	0.195	0.195	0.197	0.194	0.198	0.202	0.195	0.198	0.193	0.194	0.194	0.194	0.193	0.195	0.195	0.190	0.201	0.195	0.195
7:00:38	34.6	0.201	0.198	0.201	0.202	0.203	0.202	0.199	0.204	0.200	0.201	0.202	0.203	0.200	0.201	0.198	0.200	0.197	0.194	0.203	0.197	0.198	0.197	0.200	0.202	0.203	0.201	0.203	0.203	0.205	0.200	0.198	0.200	0.206	0.207	0.201	0.202	0.209	0.197	0.201	0.201	0.197	0.200	0.198	0.200	0.195	0.200	0.198	0.201	0.202	0.196	0.196	0.201	0.198	0.196	0.203	0.200	0.200	0.198	0.203	0.197	0.199	0.199	0.196	0.198	0.204	0.199	0.198	0.198	0.195	0.198	0.203	0.200	0.204	0.200	0.200	0.197	0.203	0.200	0.200	0.201	0.198	0.204	0.208	0.201	0.206	0.200	0.201	0.201	0.201	0.200	0.201	0.201	0.196	0.207	0.202	0.202
8:00:38	34.5	0.207	0.205	0.208	0.209	0.209	0.208	0.205	0.210	0.206	0.207	0.208	0.210	0.206	0.207	0.204	0.206	0.203	0.200	0.209	0.203	0.205	0.203	0.206	0.209	0.209	0.207	0.209	0.209	0.211	0.206	0.204	0.207	0.211	0.212	0.207	0.208	0.215	0.204	0.207	0.212	0.203	0.206	0.204	0.206	0.201	0.206	0.204	0.207	0.208	0.203	0.203	0.205	0.204	0.202	0.209	0.207	0.206	0.204	0.208	0.203	0.205	0.205	0.202	0.205	0.209	0.205	0.204	0.204	0.201	0.204	0.209	0.206	0.210	0.206	0.206	0.204	0.209	0.206	0.206	0.206	0.204	0.210	0.214	0.208	0.212	0.206	0.207	0.207	0.207	0.207	0.207	0.208	0.203	0.212	0.208	0.209
9:00:39	34.6	0.213	0.210	0.215	0.215	0.215	0.214	0.211	0.216	0.212	0.214	0.214	0.217	0.213	0.213	0.210	0.211	0.207	0.206	0.214	0.209	0.209	0.208	0.212	0.215	0.215	0.212	0.214	0.214	0.215	0.212	0.209	0.213	0.215	0.217	0.212	0.213	0.221	0.209	0.212	0.211	0.209	0.211	0.209	0.211	0.206	0.211	0.210	0.213	0.214	0.208	0.208	0.211	0.209	0.208	0.215	0.212	0.212	0.209	0.212	0.208	0.210	0.210	0.208	0.210	0.214	0.210	0.210	0.209	0.206	0.209	0.214	0.212	0.216	0.211	0.211	0.209	0.215	0.211	0.212	0.211	0.209	0.215	0.219	0.213	0.220	0.213	0.215	0.214	0.214	0.213	0.213	0.213	0.208	0.217	0.214	0.215
10:00:39	34.6	0.221	0.217	0.222	0.223	0.222	0.221	0.218	0.223	0.218	0.221	0.222	0.224	0.220	0.219	0.216	0.217	0.212	0.211	0.220	0.215	0.216	0.214	0.218	0.221	0.221	0.218	0.220	0.220	0.220	0.217	0.215	0.218	0.219	0.223	0.218	0.220	0.228	0.215	0.218	0.216	0.215	0.216	0.215	0.216	0.212	0.217	0.216	0.219	0.221	0.214	0.213	0.216	0.215	0.213	0.221	0.218	0.217	0.214	0.217	0.213	0.217	0.216	0.213	0.216	0.219	0.216	0.215	0.214	0.211	0.214	0.220	0.218	0.222	0.217	0.217	0.215	0.220	0.217	0.217	0.217	0.214	0.221	0.226	0.221	0.228	0.221	0.222	0.222	0.221	0.221	0.219	0.220	0.214	0.223	0.221	0.222
11:00:40	34.6	0.231	0.226	0.231	0.231	0.230	0.229	0.226	0.231	0.226	0.229	0.230	0.233	0.229	0.227	0.224	0.225	0.219	0.218	0.226	0.222	0.223	0.222	0.225	0.230	0.230	0.225	0.226	0.226	0.226	0.223	0.222	0.225	0.226	0.229	0.225	0.228	0.236	0.222	0.225	0.223	0.221	0.222	0.221	0.223	0.218	0.224	0.222	0.227	0.229	0.221	0.221	0.223	0.222	0.220	0.230	0.226	0.224	0.221	0.223	0.219	0.225	0.223	0.220	0.222	0.225	0.222	0.222	0.221	0.218	0.222	0.228	0.226	0.230	0.225	0.224	0.222	0.227	0.224	0.225	0.224	0.221	0.228	0.234	0.229	0.237	0.230	0.231	0.230	0.230	0.229	0.227	0.228	0.222	0.231	0.229	0.230
12:00:40	34.6	0.239	0.236	0.240	0.240	0.240	0.239	0.236	0.241	0.236	0.239	0.239	0.241	0.236	0.237	0.234	0.234	0.227	0.226	0.235	0.232	0.233	0.232	0.234	0.239	0.240	0.233	0.234	0.234	0.233	0.231	0.229	0.233	0.234	0.237	0.234	0.236	0.246	0.231	0.232	0.230	0.229	0.229	0.229	0.230	0.226	0.232	0.230	0.236	0.239	0.230	0.228	0.230	0.230	0.227	0.238	0.235	0.231	0.229	0.229	0.226	0.235	0.230	0.229	0.230	0.233	0.229	0.229	0.229	0.225	0.229	0.236	0.235	0.240	0.234	0.232	0.230	0.234	0.231	0.233	0.232	0.230	0.235	0.243	0.238	0.246	0.239	0.240	0.240	0.240	0.239	0.236	0.237	0.232	0.240	0.239	0.239
13:00:41	34.6	0.244	0.241	0.244	0.245	0.245	0.243	0.241	0.245	0.243	0.243	0.243	0.245	0.240	0.242	0.239	0.240	0.235	0.233	0.242	0.237	0.238	0.237	0.240	0.243	0.245	0.242	0.244	0.244	0.243	0.240	0.238	0.242	0.243	0.245	0.241	0.243	0.251	0.241	0.242	0.240	0.239	0.239	0.238	0.239	0.235	0.241	0.238	0.243	0.244	0.237	0.237	0.239	0.239	0.234	0.246	0.242	0.241	0.236	0.236	0.233	0.240	0.238	0.238	0.239	0.241	0.239	0.239	0.238	0.235	0.237	0.243	0.241	0.245	0.241	0.240	0.238	0.243	0.240	0.241	0.240	0.238	0.241	0.246	0.243	0.250	0.243	0.244	0.244	0.244	0.243	0.241	0.241	0.237	0.245	0.243	0.244
14:00:42	34.6	0.248	0.244	0.248	0.248	0.249	0.247	0.244	0.249	0.247	0.247	0.246	0.249	0.245	0.246	0.243	0.244	0.239	0.238	0.246	0.241	0.242	0.241	0.244	0.247	0.250	0.246	0.249	0.249	0.247	0.245	0.244	0.247	0.247	0.250	0.245	0.247	0.256	0.245	0.248	0.245	0.244	0.244	0.243	0.245	0.239	0.246	0.242	0.247	0.248	0.242	0.241	0.244	0.244	0.239	0.251	0.246	0.246	0.241	0.239	0.236	0.244	0.243	0.242	0.244	0.245	0.244	0.244	0.243	0.239	0.241	0.247	0.245	0.249	0.245	0.245	0.243	0.247	0.244	0.246	0.244	0.242	0.246	0.250	0.247	0.254	0.247	0.248	0.248	0.247	0.246	0.244	0.245	0.242	0.248	0.247	0.248
15:00:43	34.6	0.251	0.248	0.252	0.252	0.253	0.250	0.248	0.253	0.250	0.250	0.250	0.251	0.248	0.250	0.247	0.248	0.242	0.241	0.250	0.245	0.246	0.245	0.247	0.250	0.254	0.250	0.253	0.254	0.251	0.250	0.247	0.251	0.250	0.254	0.249	0.251	0.259	0.250	0.252	0.249	0.248	0.248	0.246	0.249	0.242	0.251	0.246	0.251	0.252	0.245	0.245	0.248	0.248	0.244	0.255	0.251	0.251	0.245	0.242	0.239	0.248	0.247	0.247	0.248	0.248	0.248	0.248	0.247	0.243	0.245	0.251	0.248	0.253	0.250	0.249	0.247	0.251	0.248	0.250	0.249	0.247	0.250	0.254	0.251	0.258	0.251	0.252	0.252	0.251	0.251	0.248	0.249	0.245	0.252	0.250	0.251
16:00:43	34.5	0.255	0.251	0.256	0.256	0.256	0.254	0.251	0.257	0.252	0.253	0.253	0.254	0.251	0.253	0.250	0.251	0.246	0.244	0.253	0.250	0.251	0.249	0.250	0.253	0.258	0.254	0.257	0.257	0.255	0.253	0.251	0.254	0.254	0.257	0.253	0.254	0.263	0.254	0.255	0.253	0.252	0.252	0.250	0.252	0.246	0.253	0.249	0.255	0.255	0.250	0.248	0.252	0.252	0.248	0.258	0.254	0.254	0.249	0.246	0.243	0.252	0.252	0.251	0.252	0.252	0.252	0.253	0.251	0.248	0.249	0.254	0.252	0.257	0.254	0.253	0.252	0.255	0.252	0.255	0.253	0.251	0.254	0.258	0.254	0.261	0.255	0.255	0.255	0.255	0.254	0.251	0.253	0.249	0.255	0.253	0.255
17:00:43	34.5	0.257	0.254	0.259	0.260	0.259	0.257	0.255	0.259	0.255	0.260	0.256	0.257	0.254	0.257	0.255	0.254	0.249	0.248	0.256	0.252	0.253	0.252	0.253	0.256	0.261	0.258	0.261	0.260	0.257	0.256	0.253	0.257	0.257	0.261	0.257	0.258	0.267	0.256	0.258	0.256	0.255	0.254	0.253	0.256	0.250	0.256	0.253	0.258	0.259	0.253	0.253	0.255	0.255	0.251	0.262	0.258	0.257	0.252	0.249	0.246	0.255	0.255	0.255	0.256	0.255	0.256	0.255	0.254	0.251	0.252	0.258	0.255	0.260	0.258	0.256	0.255	0.258	0.256	0.257	0.256	0.255	0.258	0.261	0.257	0.265	0.258	0.259	0.259	0.258	0.258	0.257	0.256	0.253	0.258	0.257	0.258
18:00:44	34.5	0.260	0.257	0.262	0.262	0.263	0.260	0.258	0.262	0.258	0.259	0.259	0.259	0.257	0.260	0.257	0.257	0.252	0.252	0.260	0.256	0.257	0.256	0.256	0.259	0.265	0.261	0.262	0.262	0.260	0.259	0.257	0.261	0.261	0.264	0.260	0.261	0.270	0.260	0.261	0.259	0.258	0.256	0.257	0.259	0.253	0.259	0.257	0.261	0.263	0.257	0.256	0.258	0.258	0.256	0.264	0.260	0.260	0.255	0.252	0.248	0.259	0.258	0.259	0.260	0.258	0.258	0.258	0.256	0.256	0.256	0.261	0.257	0.264	0.260	0.260	0.259	0.262	0.258	0.260	0.259	0.257	0.261	0.265	0.262	0.268	0.262	0.262	0.263	0.262	0.261	0.257	0.262	0.257	0.261	0.260	0.261
19:00:45	34.5	0.262	0.259	0.264	0.265	0.265	0.262	0.261	0.265	0.260	0.262	0.261	0.261	0.259	0.262	0.259	0.259	0.253	0.254	0.262	0.259	0.260	0.258	0.258	0.261	0.267	0.264	0.265	0.265	0.262	0.260	0.260	0.263	0.263	0.268	0.264	0.264	0.274	0.263	0.264	0.262	0.261	0.259	0.259	0.260	0.256	0.262	0.260	0.264	0.266	0.259	0.258	0.260	0.261	0.257	0.267	0.263	0.262	0.257	0.254	0.251	0.262	0.261	0.260	0.262	0.261	0.261	0.260	0.258	0.258	0.258	0.263	0.260	0.266	0.263	0.263	0.263	0.264	0.260	0.263	0.261	0.261	0.264	0.266	0.262	0.270	0.265	0.265	0.266	0.265	0.264	0.260	0.263	0.258	0.263	0.262	0.262
20:00:45	34.5	0.264	0.262	0.266	0.266	0.267	0.264	0.262	0.267	0.262	0.264	0.263	0.263	0.261	0.264	0.261	0.261	0.256	0.256	0.264	0.262	0.261	0.260	0.261	0.262	0.269	0.266	0.267	0.267	0.264	0.264	0.263	0.267	0.266	0.269	0.266	0.267	0.276	0.266	0.267	0.265	0.263	0.261	0.261	0.262	0.258	0.263	0.262	0.266	0.268	0.264	0.262	0.263	0.263	0.260	0.269	0.266	0.264	0.260	0.256	0.254	0.264	0.264	0.263	0.265	0.264	0.263	0.263	0.260	0.260	0.260	0.265	0.262	0.268	0.266	0.266	0.265	0.266	0.263	0.265	0.264	0.263	0.266	0.269	0.265	0.273	0.267	0.267	0.268	0.268	0.267	0.263	0.265	0.260	0.270	0.265	0.265
21:00:45	34.5	0.266	0.263	0.268	0.268	0.269	0.267	0.264	0.269	0.263	0.265	0.264	0.264	0.263	0.266	0.263	0.262	0.258	0.257	0.266	0.262	0.262	0.262	0.262	0.263	0.272	0.268	0.269	0.269	0.266	0.265	0.264	0.270	0.267	0.271	0.268	0.269	0.278	0.267	0.269	0.267	0.266	0.263	0.264	0.265	0.260	0.266	0.265	0.268	0.271	0.264	0.263	0.265	0.266	0.261	0.271	0.267	0.266	0.262	0.257	0.255	0.266	0.265	0.266	0.267	0.266	0.266	0.265	0.263	0.261	0.262	0.267	0.264	0.270	0.267	0.268	0.267	0.269	0.265	0.268	0.266	0.265	0.267	0.270	0.265	0.274	0.269	0.269	0.270	0.271	0.269	0.265	0.267	0.262	0.267	0.270	0.266
22:00:47	34.5	0.267	0.264	0.269	0.269	0.270	0.267	0.266	0.271	0.265	0.266	0.265	0.265	0.263	0.267	0.265	0.264	0.260	0.260	0.268	0.264	0.264	0.263	0.266	0.265	0.273	0.270	0.271	0.271	0.268	0.269	0.267	0.271	0.269	0.273	0.270	0.270	0.279	0.269	0.271	0.271	0.269	0.264	0.266	0.268	0.262	0.267	0.266	0.269	0.272	0.270	0.264	0.267	0.269	0.263	0.272	0.270	0.268	0.263	0.259	0.257	0.268	0.267	0.268	0.269	0.268	0.267	0.266	0.264	0.264	0.264	0.269	0.265	0.271	0.270	0.269	0.269	0.270	0.267	0.271	0.268	0.266	0.270	0.272	0.266	0.275	0.270	0.271	0.272	0.272	0.271	0.266	0.269	0.264	0.268	0.267	0.268
23:00:46	34.5	0.267	0.264	0.270	0.270	0.271	0.269	0.266	0.271	0.266	0.266	0.266	0.265	0.264	0.269	0.265	0.265	0.260	0.260	0.269	0.267	0.265	0.264	0.264	0.265	0.274	0.271	0.273	0.273	0.269	0.269	0.269	0.272	0.271	0.274	0.271	0.272	0.280	0.271	0.271	0.270	0.270	0.267	0.268	0.268	0.265	0.269	0.267	0.271	0.273	0.268	0.266	0.268	0.270	0.265	0.275	0.270	0.270	0.265	0.263	0.258	0.269	0.268	0.269	0.271	0.269	0.270	0.269	0.266	0.266	0.266	0.271	0.266	0.272	0.271	0.272	0.271	0.271	0.268	0.270	0.269	0.268	0.270	0.282	0.269	0.276	0.271	0.272	0.273	0.273	0.279	0.267	0.269	0.267	0.269	0.268	0.268
0:00:00																																																																																																	

Results
	1	2	3	4	5	6	7	8	9	10	11	12
A	0.135	0.132	0.135	0.132	0.131	0.127	0.128	0.127	0.135	0.130	0.129	0.130	Max V [600]
	0.995	0.991	0.995	0.995	0.990	0.990	0.990	0.989	0.996	0.993	0.994	0.997	R-Squared [600]
	10:00:39	11:00:40	10:00:39	10:00:39	11:00:40	11:00:40	11:00:40	11:00:40	11:00:40	10:00:39	10:00:39	10:00:39	t at Max V [600]
	4:47:10	5:07:36	5:02:45	5:10:02	5:13:34	5:13:32	5:17:20	5:15:03	5:45:33	5:10:37	4:56:07	4:37:32	Lagtime [600]
B	0.126	0.127	0.126	0.122	0.115	0.117	0.117	0.122	0.124	0.123	0.121	0.128	Max V [600]
	0.998	0.990	0.991	0.994	0.992	0.995	0.996	0.991	0.993	0.992	0.993	0.990	R-Squared [600]
	10:00:39	11:00:40	11:00:40	11:00:40	11:00:40	11:00:40	11:00:40	11:00:40	11:00:40	11:00:40	11:00:40	10:00:39	t at Max V [600]
	4:35:51	5:18:14	5:26:18	5:34:35	5:36:27	5:31:16	5:27:31	5:17:01	5:31:59	5:26:42	5:27:29	4:52:25	Lagtime [600]
C	0.131	0.125	0.126	0.127	0.119	0.124	0.124	0.123	0.119	0.119	0.122	0.126	Max V [600]
	0.992	0.991	0.991	0.993	0.989	0.993	0.996	0.992	0.989	0.995	0.997	0.997	R-Squared [600]
	11:00:40	11:00:40	12:00:41	12:00:41	12:00:41	12:00:41	12:00:41	11:00:40	12:00:41	11:00:40	11:00:40	11:00:40	t at Max V [600]
	5:25:06	5:41:22	6:08:12	6:53:13	7:44:49	6:33:33	6:01:34	5:42:05	6:38:53	6:45:44	5:34:40	5:01:53	Lagtime [600]
D	0.132	0.131	0.128	0.125	0.127	0.123	0.122	0.122	0.117	0.125	0.117	0.130	Max V [600]
	0.993	0.992	0.995	0.991	0.994	0.994	0.996	0.995	0.990	0.991	0.997	0.997	R-Squared [600]
	11:00:40	12:00:41	12:00:41	12:00:41	12:00:41	12:00:41	12:00:41	12:00:41	12:00:41	12:00:41	11:00:40	11:00:40	t at Max V [600]
	5:29:45	5:47:45	6:08:53	7:20:31	6:14:49	6:08:04	6:02:54	6:26:26	6:07:26	6:50:39	5:51:31	5:58:15	Lagtime [600]
E	0.129	0.121	0.122	0.119	0.124	0.111	0.130	0.128	0.124	0.116	0.098	0.106	Max V [600]
	0.991	0.997	0.994	0.994	0.994	0.995	0.998	0.996	0.991	0.995	0.995	0.996	R-Squared [600]
	11:00:40	11:00:40	11:00:40	12:00:41	12:00:41	12:00:41	11:00:40	11:00:40	12:00:41	11:00:40	11:00:40	11:00:40	t at Max V [600]
	5:14:54	5:23:32	5:44:36	6:26:03	6:02:52	5:37:47	5:53:15	6:06:10	6:14:35	5:33:58	5:42:35	5:06:52	Lagtime [600]
F	0.128	0.118	0.126	0.123	0.114	0.122	0.125	0.126	0.122	0.117	0.122	0.124	Max V [600]
	0.987	0.997	0.991	0.993	0.991	0.991	0.992	0.993	0.992	0.995	0.997	0.996	R-Squared [600]
	11:00:40	11:00:40	11:00:40	12:00:41	12:00:41	12:00:41	12:00:41	12:00:41	12:00:41	11:00:40	11:00:40	11:00:40	t at Max V [600]
	5:35:49	5:38:59	5:51:25	5:58:29	6:40:26	6:59:03	6:22:47	6:23:01	5:56:10	5:52:19	6:38:48	5:29:10	Lagtime [600]
G	0.127	0.127	0.120	0.121	0.118	0.120	0.124	0.121	0.122	0.111	0.121	0.129	Max V [600]
	0.994	0.996	0.997	0.995	0.992	0.994	0.995	0.995	0.993	0.998	0.991	0.992	R-Squared [600]
	11:00:40	11:00:40	11:00:40	11:00:40	11:00:40	11:00:40	11:00:40	11:00:40	11:00:40	11:00:40	10:00:39	11:00:40	t at Max V [600]
	5:26:15	5:41:37	5:26:11	5:36:40	5:56:23	5:47:05	5:36:10	6:51:12	6:04:04	5:26:55	5:21:53	5:14:50	Lagtime [600]
H	0.140	0.137	0.136	0.135	0.134	0.134	0.122	0.123	0.127	0.119	0.128	0.128	Max V [600]
	0.999	0.997	0.995	0.994	0.993	0.993	0.992	0.993	0.994	0.991	0.990	0.995	R-Squared [600]
	10:00:39	10:00:39	10:00:39	10:00:39	10:00:39	10:00:39	11:00:40	11:00:40	11:00:40	11:00:40	10:00:39	10:00:39	t at Max V [600]
	5:09:56	5:12:39	5:13:58	5:16:55	5:14:14	5:17:32	5:49:03	5:14:27	5:30:30	7:06:30	5:14:20	5:05:17	Lagtime [600]


