
Software Version	3.11.19



Experiment File Path:	C:\Users\patil-group\Desktop\Sweeteners_stacker\131221_NT5007_24_24\NT5007_24_24_Rep3.xpt
Protocol File Path:	C:\Users\Public\Documents\Protocols\Screening-protocol.prt



Plate Number	Plate 10
Date	13/12/2021
Time	15:06:44
Reader Type:	Epoch 2
Reader Serial Number:	2103223
Reading Type	Reader

Procedure Details

Plate Type	96 WELL PLATE
Discontinuous Kinetics	Runtime 1:00:00 (D:HH:MM), Interval 0:01:00, 25 Reads
	Pause after each run
Eject plate on completion	
Shake	Linear: 0:00:30 (HH:MM:SS)
	Frequency: 567 cpm (3 mm)
Read	Absorbance Endpoint
	Full Plate
	Wavelengths:  600
	Read Speed: Normal,  Delay: 100 msec,  Measurements/Data Point: 8

600

Time	T° 600	A1	A2	A3	A4	A5	A6	A7	A8	A9	A10	A11	A12	B1	B2	B3	B4	B5	B6	B7	B8	B9	B10	B11	B12	C1	C2	C3	C4	C5	C6	C7	C8	C9	C10	C11	C12	D1	D2	D3	D4	D5	D6	D7	D8	D9	D10	D11	D12	E1	E2	E3	E4	E5	E6	E7	E8	E9	E10	E11	E12	F1	F2	F3	F4	F5	F6	F7	F8	F9	F10	F11	F12	G1	G2	G3	G4	G5	G6	G7	G8	G9	G10	G11	G12	H1	H2	H3	H4	H5	H6	H7	H8	H9	H10	H11	H12
0:00:34	34.3	0.181	0.177	0.189	0.183	0.180	0.183	0.180	0.188	0.186	0.180	0.183	0.181	0.190	0.186	0.180	0.188	0.180	0.175	0.186	0.187	0.205	0.179	0.180	0.180	0.183	0.191	0.187	0.186	0.184	0.181	0.186	0.208	0.183	0.181	0.190	0.192	0.183	0.188	0.185	0.183	0.190	0.181	0.191	0.187	0.181	0.185	0.193	0.184	0.190	0.182	0.186	0.185	0.181	0.180	0.185	0.184	0.186	0.186	0.185	0.184	0.186	0.179	0.182	0.177	0.200	0.183	0.187	0.204	0.196	0.185	0.184	0.184	0.186	0.186	0.181	0.195	0.191	0.187	0.183	0.194	0.185	0.185	0.183	0.181	0.189	0.181	0.189	0.184	0.194	0.187	0.184	0.183	0.186	0.183	0.179	0.189
1:00:33	34.5	0.182	0.179	0.190	0.184	0.182	0.184	0.182	0.189	0.188	0.182	0.185	0.185	0.192	0.188	0.182	0.189	0.182	0.177	0.188	0.189	0.204	0.181	0.182	0.182	0.185	0.192	0.188	0.187	0.186	0.183	0.188	0.209	0.184	0.183	0.186	0.192	0.185	0.190	0.186	0.185	0.191	0.183	0.192	0.189	0.183	0.187	0.194	0.187	0.190	0.183	0.186	0.187	0.182	0.181	0.186	0.185	0.188	0.187	0.187	0.185	0.188	0.180	0.184	0.179	0.201	0.184	0.187	0.202	0.197	0.187	0.186	0.186	0.187	0.187	0.183	0.193	0.192	0.188	0.184	0.195	0.186	0.187	0.184	0.183	0.190	0.183	0.190	0.185	0.195	0.188	0.185	0.185	0.188	0.186	0.181	0.190
2:00:34	34.5	0.185	0.181	0.192	0.186	0.184	0.185	0.183	0.189	0.189	0.183	0.187	0.184	0.193	0.189	0.184	0.190	0.183	0.179	0.189	0.192	0.201	0.183	0.184	0.184	0.186	0.194	0.189	0.189	0.188	0.184	0.189	0.210	0.186	0.186	0.186	0.193	0.186	0.191	0.186	0.186	0.192	0.184	0.193	0.190	0.186	0.190	0.195	0.188	0.191	0.185	0.189	0.188	0.183	0.183	0.188	0.187	0.189	0.189	0.188	0.187	0.189	0.184	0.185	0.180	0.202	0.185	0.188	0.202	0.197	0.189	0.187	0.188	0.189	0.189	0.185	0.193	0.195	0.189	0.186	0.195	0.188	0.188	0.186	0.185	0.192	0.184	0.192	0.187	0.196	0.189	0.186	0.186	0.190	0.188	0.183	0.189
3:00:35	34.6	0.186	0.182	0.194	0.188	0.185	0.186	0.185	0.190	0.191	0.185	0.189	0.188	0.195	0.191	0.185	0.191	0.184	0.180	0.191	0.198	0.201	0.184	0.186	0.186	0.188	0.195	0.191	0.192	0.189	0.186	0.190	0.209	0.188	0.186	0.188	0.194	0.188	0.193	0.188	0.188	0.191	0.185	0.194	0.192	0.187	0.191	0.196	0.190	0.193	0.186	0.190	0.190	0.185	0.184	0.190	0.188	0.191	0.190	0.190	0.189	0.191	0.185	0.186	0.182	0.203	0.187	0.189	0.202	0.198	0.191	0.189	0.190	0.191	0.190	0.186	0.193	0.195	0.190	0.187	0.197	0.190	0.188	0.188	0.186	0.194	0.186	0.194	0.189	0.197	0.191	0.188	0.188	0.191	0.189	0.185	0.190
4:00:36	34.6	0.188	0.184	0.195	0.189	0.187	0.188	0.187	0.192	0.193	0.187	0.191	0.190	0.197	0.193	0.186	0.192	0.186	0.182	0.192	0.199	0.202	0.186	0.188	0.187	0.189	0.197	0.192	0.192	0.191	0.187	0.192	0.210	0.190	0.187	0.189	0.196	0.190	0.194	0.190	0.189	0.192	0.187	0.194	0.192	0.188	0.194	0.197	0.192	0.194	0.188	0.192	0.191	0.187	0.185	0.191	0.190	0.192	0.191	0.191	0.190	0.193	0.186	0.192	0.184	0.203	0.189	0.190	0.203	0.199	0.192	0.191	0.191	0.193	0.192	0.188	0.194	0.196	0.192	0.189	0.196	0.191	0.189	0.190	0.188	0.196	0.188	0.196	0.191	0.199	0.192	0.190	0.189	0.193	0.191	0.186	0.192
5:00:37	34.5	0.190	0.187	0.197	0.191	0.190	0.190	0.189	0.194	0.195	0.189	0.193	0.192	0.199	0.195	0.189	0.193	0.188	0.184	0.194	0.201	0.204	0.188	0.190	0.190	0.192	0.199	0.193	0.193	0.192	0.189	0.193	0.211	0.191	0.189	0.191	0.198	0.193	0.196	0.191	0.191	0.194	0.189	0.195	0.194	0.190	0.195	0.197	0.194	0.195	0.190	0.193	0.192	0.189	0.188	0.193	0.192	0.193	0.193	0.193	0.192	0.195	0.188	0.190	0.185	0.204	0.191	0.193	0.203	0.200	0.193	0.192	0.193	0.195	0.194	0.190	0.195	0.198	0.194	0.191	0.197	0.193	0.191	0.192	0.190	0.198	0.191	0.198	0.193	0.200	0.194	0.191	0.191	0.195	0.193	0.187	0.194
6:00:38	34.5	0.192	0.188	0.198	0.193	0.191	0.191	0.191	0.195	0.196	0.191	0.194	0.193	0.200	0.196	0.190	0.194	0.190	0.186	0.194	0.202	0.204	0.189	0.191	0.192	0.193	0.200	0.194	0.195	0.194	0.191	0.194	0.213	0.192	0.193	0.193	0.199	0.194	0.198	0.193	0.193	0.195	0.190	0.195	0.195	0.192	0.196	0.198	0.196	0.197	0.192	0.195	0.194	0.190	0.189	0.194	0.193	0.194	0.195	0.194	0.193	0.196	0.190	0.191	0.187	0.205	0.192	0.195	0.203	0.201	0.194	0.194	0.195	0.196	0.195	0.192	0.196	0.199	0.195	0.192	0.199	0.194	0.192	0.194	0.192	0.202	0.192	0.199	0.195	0.201	0.196	0.192	0.192	0.196	0.195	0.189	0.195
7:00:38	34.5	0.199	0.194	0.201	0.195	0.197	0.196	0.196	0.200	0.202	0.197	0.200	0.200	0.206	0.200	0.195	0.197	0.193	0.190	0.198	0.206	0.208	0.195	0.197	0.198	0.198	0.203	0.197	0.196	0.196	0.193	0.196	0.214	0.194	0.193	0.196	0.203	0.199	0.200	0.194	0.194	0.196	0.192	0.197	0.195	0.193	0.198	0.199	0.200	0.201	0.195	0.197	0.196	0.192	0.193	0.195	0.195	0.195	0.196	0.197	0.196	0.201	0.193	0.193	0.189	0.206	0.193	0.197	0.203	0.202	0.197	0.197	0.199	0.201	0.198	0.194	0.199	0.200	0.198	0.195	0.201	0.197	0.195	0.197	0.196	0.209	0.199	0.206	0.202	0.207	0.202	0.197	0.198	0.202	0.201	0.195	0.201
8:00:39	34.5	0.205	0.201	0.207	0.201	0.204	0.202	0.203	0.207	0.208	0.203	0.206	0.206	0.213	0.207	0.201	0.203	0.200	0.197	0.203	0.211	0.214	0.201	0.203	0.204	0.205	0.209	0.203	0.202	0.202	0.199	0.202	0.220	0.200	0.199	0.202	0.210	0.206	0.206	0.201	0.201	0.202	0.198	0.203	0.202	0.199	0.204	0.205	0.207	0.207	0.201	0.203	0.202	0.199	0.197	0.201	0.201	0.201	0.203	0.202	0.203	0.208	0.199	0.199	0.199	0.212	0.202	0.205	0.210	0.207	0.203	0.203	0.206	0.207	0.205	0.201	0.205	0.207	0.204	0.201	0.206	0.204	0.201	0.204	0.203	0.216	0.206	0.212	0.208	0.214	0.208	0.204	0.204	0.208	0.207	0.201	0.207
9:00:39	34.6	0.211	0.206	0.212	0.207	0.209	0.208	0.208	0.211	0.213	0.208	0.211	0.212	0.218	0.212	0.205	0.208	0.204	0.201	0.208	0.216	0.219	0.205	0.208	0.209	0.210	0.214	0.208	0.207	0.208	0.204	0.208	0.225	0.205	0.204	0.206	0.215	0.211	0.211	0.206	0.206	0.206	0.204	0.208	0.206	0.204	0.209	0.210	0.212	0.213	0.206	0.207	0.207	0.204	0.202	0.206	0.206	0.206	0.208	0.206	0.207	0.213	0.204	0.209	0.201	0.218	0.206	0.208	0.215	0.212	0.209	0.209	0.211	0.213	0.210	0.206	0.210	0.212	0.209	0.206	0.211	0.209	0.206	0.209	0.209	0.224	0.213	0.219	0.215	0.221	0.215	0.209	0.209	0.214	0.212	0.207	0.212
10:00:39	34.6	0.218	0.212	0.219	0.213	0.216	0.214	0.215	0.218	0.219	0.215	0.218	0.219	0.225	0.217	0.212	0.213	0.210	0.207	0.216	0.222	0.224	0.212	0.215	0.216	0.216	0.220	0.214	0.212	0.213	0.210	0.212	0.230	0.210	0.209	0.213	0.221	0.218	0.216	0.211	0.211	0.212	0.209	0.213	0.211	0.209	0.215	0.215	0.219	0.219	0.212	0.212	0.212	0.209	0.207	0.211	0.212	0.211	0.213	0.211	0.212	0.219	0.210	0.210	0.206	0.223	0.212	0.212	0.219	0.217	0.214	0.214	0.217	0.220	0.216	0.212	0.216	0.218	0.214	0.212	0.217	0.215	0.212	0.215	0.215	0.232	0.221	0.227	0.223	0.229	0.223	0.215	0.216	0.220	0.219	0.213	0.219
11:00:40	34.6	0.227	0.220	0.227	0.221	0.225	0.223	0.224	0.226	0.227	0.224	0.227	0.228	0.233	0.224	0.219	0.221	0.218	0.215	0.222	0.229	0.232	0.220	0.223	0.226	0.224	0.227	0.220	0.220	0.219	0.216	0.219	0.237	0.217	0.217	0.220	0.229	0.226	0.224	0.218	0.218	0.218	0.216	0.220	0.218	0.216	0.222	0.222	0.228	0.227	0.220	0.218	0.218	0.215	0.214	0.219	0.219	0.218	0.219	0.216	0.218	0.226	0.216	0.217	0.213	0.229	0.218	0.218	0.225	0.223	0.221	0.222	0.225	0.227	0.224	0.219	0.223	0.225	0.221	0.220	0.224	0.222	0.220	0.224	0.224	0.241	0.231	0.236	0.232	0.237	0.231	0.224	0.224	0.229	0.228	0.222	0.228
12:00:40	34.6	0.237	0.230	0.236	0.231	0.235	0.233	0.234	0.236	0.237	0.235	0.237	0.238	0.244	0.234	0.230	0.230	0.226	0.224	0.231	0.238	0.242	0.230	0.234	0.235	0.232	0.235	0.229	0.228	0.228	0.225	0.228	0.246	0.226	0.226	0.229	0.237	0.236	0.232	0.226	0.226	0.227	0.224	0.228	0.226	0.224	0.231	0.230	0.235	0.235	0.228	0.227	0.227	0.224	0.221	0.228	0.229	0.226	0.227	0.222	0.224	0.235	0.225	0.226	0.221	0.237	0.225	0.229	0.233	0.232	0.230	0.231	0.234	0.237	0.232	0.228	0.232	0.233	0.230	0.230	0.233	0.231	0.228	0.234	0.232	0.249	0.240	0.245	0.242	0.246	0.242	0.235	0.234	0.238	0.238	0.233	0.238
13:00:41	34.6	0.242	0.236	0.242	0.237	0.240	0.238	0.240	0.241	0.242	0.239	0.241	0.242	0.248	0.240	0.235	0.238	0.234	0.230	0.236	0.244	0.247	0.234	0.237	0.239	0.240	0.244	0.239	0.238	0.238	0.235	0.238	0.255	0.236	0.235	0.237	0.246	0.242	0.242	0.236	0.237	0.237	0.235	0.238	0.237	0.235	0.241	0.239	0.243	0.243	0.238	0.237	0.237	0.234	0.231	0.236	0.238	0.236	0.237	0.234	0.235	0.242	0.236	0.236	0.232	0.248	0.236	0.241	0.244	0.242	0.240	0.240	0.242	0.243	0.241	0.238	0.242	0.243	0.238	0.238	0.241	0.240	0.237	0.239	0.239	0.253	0.244	0.249	0.245	0.249	0.246	0.239	0.239	0.243	0.242	0.237	0.242
14:00:42	34.5	0.244	0.239	0.244	0.239	0.242	0.241	0.242	0.244	0.245	0.242	0.244	0.245	0.251	0.242	0.238	0.241	0.237	0.233	0.239	0.246	0.250	0.237	0.240	0.241	0.243	0.247	0.242	0.241	0.242	0.238	0.241	0.258	0.239	0.239	0.240	0.249	0.244	0.245	0.240	0.241	0.240	0.238	0.241	0.241	0.239	0.244	0.242	0.246	0.245	0.241	0.241	0.241	0.237	0.234	0.239	0.240	0.240	0.240	0.237	0.237	0.244	0.239	0.239	0.236	0.252	0.240	0.244	0.247	0.245	0.244	0.243	0.245	0.246	0.244	0.241	0.245	0.246	0.241	0.241	0.244	0.244	0.240	0.242	0.242	0.257	0.248	0.253	0.249	0.253	0.250	0.242	0.242	0.245	0.245	0.239	0.244
15:00:43	34.5	0.246	0.240	0.246	0.241	0.244	0.243	0.243	0.245	0.247	0.244	0.245	0.246	0.253	0.244	0.239	0.242	0.239	0.235	0.241	0.248	0.252	0.239	0.242	0.243	0.245	0.249	0.244	0.243	0.244	0.240	0.243	0.260	0.241	0.241	0.242	0.251	0.246	0.247	0.242	0.243	0.242	0.241	0.243	0.242	0.241	0.246	0.244	0.248	0.247	0.243	0.243	0.243	0.239	0.236	0.241	0.242	0.242	0.242	0.239	0.239	0.246	0.241	0.241	0.238	0.254	0.242	0.251	0.249	0.247	0.246	0.245	0.247	0.248	0.246	0.243	0.247	0.248	0.243	0.243	0.246	0.245	0.242	0.244	0.244	0.261	0.252	0.257	0.254	0.257	0.254	0.244	0.244	0.245	0.247	0.242	0.246
16:00:43	34.5	0.247	0.242	0.247	0.243	0.246	0.244	0.245	0.247	0.248	0.245	0.247	0.248	0.254	0.246	0.241	0.244	0.241	0.237	0.243	0.250	0.254	0.241	0.244	0.244	0.248	0.251	0.246	0.245	0.246	0.242	0.245	0.262	0.243	0.243	0.244	0.252	0.249	0.249	0.244	0.245	0.244	0.243	0.245	0.244	0.243	0.248	0.246	0.250	0.249	0.246	0.244	0.244	0.242	0.238	0.243	0.245	0.244	0.244	0.240	0.240	0.248	0.243	0.246	0.240	0.256	0.244	0.256	0.252	0.249	0.248	0.246	0.249	0.251	0.248	0.245	0.249	0.249	0.245	0.245	0.248	0.248	0.244	0.246	0.245	0.264	0.254	0.260	0.257	0.260	0.257	0.246	0.246	0.247	0.249	0.243	0.248
17:00:43	34.5	0.249	0.244	0.249	0.244	0.247	0.246	0.247	0.249	0.250	0.247	0.249	0.249	0.256	0.247	0.243	0.245	0.242	0.238	0.244	0.251	0.255	0.242	0.246	0.246	0.249	0.252	0.248	0.247	0.248	0.244	0.247	0.263	0.245	0.245	0.246	0.254	0.250	0.251	0.245	0.247	0.246	0.245	0.247	0.246	0.245	0.250	0.248	0.252	0.251	0.248	0.246	0.246	0.244	0.243	0.245	0.246	0.246	0.246	0.242	0.242	0.250	0.245	0.246	0.242	0.257	0.246	0.258	0.253	0.251	0.249	0.248	0.250	0.252	0.250	0.246	0.251	0.251	0.247	0.247	0.249	0.250	0.246	0.248	0.247	0.268	0.258	0.264	0.261	0.264	0.261	0.247	0.248	0.249	0.250	0.245	0.249
18:00:44	34.5	0.250	0.245	0.250	0.246	0.249	0.247	0.249	0.250	0.251	0.249	0.251	0.251	0.257	0.249	0.245	0.247	0.244	0.240	0.246	0.253	0.257	0.244	0.247	0.247	0.251	0.254	0.249	0.249	0.250	0.246	0.249	0.265	0.247	0.247	0.248	0.256	0.252	0.253	0.247	0.248	0.248	0.246	0.249	0.248	0.247	0.252	0.250	0.253	0.252	0.250	0.248	0.248	0.245	0.241	0.247	0.248	0.247	0.249	0.243	0.243	0.252	0.247	0.247	0.244	0.260	0.248	0.246	0.255	0.253	0.251	0.250	0.252	0.253	0.251	0.248	0.253	0.253	0.249	0.249	0.251	0.252	0.248	0.250	0.248	0.271	0.261	0.267	0.264	0.268	0.264	0.249	0.250	0.251	0.252	0.246	0.250
19:00:45	34.5	0.251	0.246	0.252	0.247	0.251	0.248	0.250	0.252	0.253	0.250	0.252	0.252	0.258	0.250	0.246	0.248	0.245	0.241	0.247	0.254	0.258	0.245	0.248	0.248	0.253	0.255	0.251	0.251	0.251	0.247	0.251	0.267	0.249	0.248	0.249	0.257	0.254	0.254	0.249	0.250	0.250	0.248	0.251	0.250	0.248	0.253	0.251	0.258	0.254	0.251	0.249	0.249	0.247	0.243	0.249	0.250	0.249	0.249	0.245	0.244	0.253	0.248	0.249	0.246	0.261	0.250	0.258	0.256	0.255	0.252	0.252	0.253	0.255	0.253	0.250	0.254	0.254	0.250	0.251	0.252	0.253	0.249	0.251	0.250	0.274	0.264	0.271	0.267	0.271	0.267	0.251	0.251	0.252	0.253	0.247	0.252
20:00:45	34.5	0.252	0.247	0.253	0.248	0.252	0.250	0.251	0.252	0.254	0.251	0.252	0.253	0.259	0.251	0.247	0.249	0.246	0.243	0.248	0.255	0.259	0.246	0.249	0.249	0.254	0.257	0.252	0.252	0.252	0.248	0.252	0.267	0.250	0.251	0.251	0.258	0.255	0.256	0.251	0.252	0.251	0.249	0.252	0.252	0.250	0.254	0.253	0.256	0.255	0.252	0.251	0.251	0.248	0.244	0.250	0.251	0.250	0.251	0.246	0.245	0.254	0.249	0.251	0.247	0.262	0.251	0.261	0.257	0.256	0.253	0.254	0.254	0.255	0.254	0.251	0.256	0.255	0.251	0.252	0.254	0.254	0.250	0.252	0.251	0.276	0.266	0.273	0.270	0.273	0.269	0.257	0.252	0.253	0.255	0.249	0.253
21:00:45	34.5	0.253	0.248	0.255	0.250	0.252	0.250	0.252	0.253	0.254	0.252	0.253	0.253	0.259	0.252	0.248	0.250	0.247	0.244	0.249	0.255	0.260	0.247	0.250	0.249	0.255	0.258	0.253	0.253	0.253	0.249	0.253	0.269	0.251	0.251	0.252	0.259	0.257	0.257	0.252	0.253	0.252	0.251	0.253	0.253	0.251	0.255	0.253	0.257	0.256	0.254	0.252	0.252	0.250	0.245	0.251	0.252	0.251	0.252	0.247	0.247	0.255	0.251	0.254	0.248	0.263	0.252	0.257	0.259	0.257	0.254	0.254	0.255	0.257	0.255	0.252	0.256	0.256	0.252	0.253	0.255	0.255	0.251	0.254	0.251	0.278	0.269	0.275	0.272	0.276	0.271	0.253	0.253	0.254	0.255	0.253	0.253
22:00:47	34.5	0.253	0.248	0.256	0.251	0.253	0.251	0.252	0.253	0.255	0.253	0.254	0.253	0.260	0.253	0.248	0.251	0.248	0.244	0.249	0.256	0.260	0.248	0.251	0.250	0.256	0.258	0.254	0.254	0.254	0.250	0.254	0.270	0.252	0.252	0.253	0.259	0.256	0.258	0.253	0.254	0.253	0.252	0.254	0.253	0.252	0.256	0.254	0.257	0.256	0.255	0.252	0.253	0.250	0.246	0.253	0.253	0.252	0.252	0.248	0.247	0.256	0.251	0.255	0.249	0.264	0.253	0.253	0.260	0.258	0.255	0.255	0.255	0.257	0.255	0.254	0.257	0.257	0.253	0.254	0.255	0.256	0.252	0.254	0.252	0.279	0.270	0.275	0.274	0.277	0.272	0.253	0.254	0.255	0.256	0.250	0.253
23:00:47	34.5	0.254	0.249	0.256	0.252	0.253	0.252	0.253	0.254	0.255	0.254	0.254	0.254	0.260	0.254	0.249	0.251	0.248	0.245	0.250	0.257	0.261	0.248	0.252	0.250	0.256	0.259	0.255	0.255	0.255	0.251	0.255	0.270	0.253	0.252	0.253	0.260	0.257	0.259	0.253	0.255	0.254	0.253	0.255	0.254	0.252	0.257	0.255	0.258	0.257	0.255	0.253	0.253	0.251	0.247	0.253	0.254	0.253	0.253	0.248	0.248	0.256	0.252	0.253	0.250	0.265	0.253	0.254	0.261	0.259	0.256	0.255	0.256	0.257	0.256	0.254	0.258	0.258	0.253	0.255	0.257	0.257	0.253	0.255	0.252	0.280	0.271	0.287	0.275	0.279	0.274	0.254	0.255	0.255	0.256	0.251	0.254
0:00:00																																																																																																	

Results
	1	2	3	4	5	6	7	8	9	10	11	12
A	0.135	0.131	0.127	0.129	0.133	0.132	0.135	0.131	0.130	0.136	0.134	0.134	Max V [600]
	0.986	0.992	0.996	0.994	0.988	0.991	0.994	0.990	0.989	0.986	0.986	0.984	R-Squared [600]
	11:00:40	11:00:40	11:00:40	11:00:40	11:00:40	11:00:40	11:00:40	11:00:40	11:00:40	11:00:40	11:00:40	11:00:40	t at Max V [600]
	5:19:04	5:29:21	5:58:40	6:01:52	5:26:36	5:54:02	5:32:52	6:07:48	5:37:02	5:36:01	5:33:50	5:14:30	Lagtime [600]
B	0.133	0.123	0.129	0.128	0.127	0.124	0.121	0.120	0.124	0.127	0.129	0.130	Max V [600]
	0.984	0.992	0.991	0.992	0.994	0.993	0.992	0.993	0.990	0.986	0.984	0.986	R-Squared [600]
	11:00:40	11:00:40	11:00:40	11:00:40	11:00:40	11:00:40	11:00:40	11:00:40	11:00:40	11:00:40	11:00:40	10:00:40	t at Max V [600]
	5:35:25	5:39:45	5:47:19	6:35:49	5:56:13	5:37:04	5:54:19	5:05:27	7:16:57	5:40:43	5:27:22	5:10:50	Lagtime [600]
C	0.129	0.125	0.127	0.128	0.127	0.126	0.127	0.127	0.128	0.133	0.129	0.128	Max V [600]
	0.997	0.990	0.984	0.985	0.986	0.985	0.982	0.986	0.984	0.989	0.996	0.996	R-Squared [600]
	11:00:40	11:00:40	11:00:40	11:00:40	12:00:41	12:00:41	12:00:41	11:00:40	11:00:40	11:00:40	11:00:40	11:00:40	t at Max V [600]
	5:37:00	6:05:59	6:23:22	6:27:45	6:18:51	6:19:35	6:33:14	7:00:19	6:19:48	6:18:19	6:58:47	6:07:10	Lagtime [600]
D	0.133	0.129	0.127	0.130	0.127	0.130	0.125	0.128	0.129	0.130	0.123	0.130	Max V [600]
	0.994	0.987	0.981	0.986	0.985	0.983	0.981	0.983	0.983	0.986	0.989	0.998	R-Squared [600]
	11:00:40	11:00:40	12:00:41	12:00:41	12:00:41	12:00:41	11:00:40	12:00:41	12:00:41	11:00:40	11:00:40	11:00:40	t at Max V [600]
	5:35:21	6:13:00	6:32:21	6:28:48	7:10:04	6:27:09	6:55:22	6:50:48	6:25:56	6:06:10	6:51:32	5:30:05	Lagtime [600]
E	0.127	0.134	0.127	0.127	0.127	0.119	0.130	0.133	0.126	0.121	0.118	0.112	Max V [600]
	0.997	0.988	0.982	0.987	0.983	0.986	0.992	0.990	0.983	0.986	0.976	0.974	R-Squared [600]
	11:00:40	11:00:40	12:00:41	12:00:41	11:00:40	11:00:40	11:00:40	11:00:40	12:00:41	11:00:40	12:00:41	12:00:41	t at Max V [600]
	6:11:47	6:11:24	6:36:18	6:29:04	6:17:35	6:07:20	6:32:21	6:20:07	6:44:28	6:12:10	6:35:53	5:54:12	Lagtime [600]
F	0.124	0.131	0.129	0.131	0.127	0.125	0.146	0.127	0.125	0.131	0.130	0.131	Max V [600]
	0.995	0.982	0.982	0.984	0.985	0.983	0.979	0.981	0.981	0.984	0.991	0.995	R-Squared [600]
	11:00:40	11:00:40	12:00:41	12:00:41	12:00:41	11:00:40	12:00:41	12:00:41	12:00:41	11:00:40	11:00:40	11:00:40	t at Max V [600]
	5:32:50	5:59:20	6:23:35	6:23:54	6:59:59	6:08:04	7:12:32	8:12:09	7:13:23	6:15:51	5:59:00	5:41:57	Lagtime [600]
G	0.130	0.133	0.130	0.132	0.128	0.124	0.136	0.125	0.134	0.129	0.129	0.130	Max V [600]
	0.997	0.994	0.989	0.989	0.989	0.991	0.994	0.992	0.992	0.993	0.993	0.999	R-Squared [600]
	11:00:40	11:00:40	11:00:40	11:00:40	11:00:40	11:00:40	11:00:40	11:00:40	11:00:40	11:00:40	11:00:40	11:00:40	t at Max V [600]
	5:35:27	6:13:12	5:56:52	7:13:03	6:24:31	6:12:24	6:17:44	6:47:20	6:12:55	6:28:07	5:40:56	5:30:42	Lagtime [600]
H	0.140	0.144	0.137	0.140	0.133	0.138	0.134	0.131	0.129	0.132	0.133	0.130	Max V [600]
	1.000	0.996	0.997	0.994	0.997	0.993	0.983	0.991	0.992	0.986	0.987	0.984	R-Squared [600]
	10:00:40	10:00:40	10:00:40	10:00:40	10:00:40	10:00:40	11:00:40	11:00:40	11:00:40	11:00:40	11:00:40	11:00:40	t at Max V [600]
	4:46:36	5:12:31	5:18:12	5:16:13	5:35:51	5:31:02	6:00:51	5:46:03	5:31:05	5:21:48	5:35:22	6:02:24	Lagtime [600]

