
Software Version	3.11.19



Experiment File Path:	C:\Users\patil-group\Desktop\Sweeteners_stacker\131221_NT5007_24_24\NT5007_24_24_Rep3.xpt
Protocol File Path:	C:\Users\Public\Documents\Protocols\Screening-protocol.prt



Plate Number	Plate 12
Date	13/12/2021
Time	15:10:26
Reader Type:	Epoch 2
Reader Serial Number:	2103223
Reading Type	Reader

Procedure Details

Plate Type	96 WELL PLATE
Discontinuous Kinetics	Runtime 1:00:00 (D:HH:MM), Interval 0:01:00, 25 Reads
	Pause after each run
Eject plate on completion	
Shake	Linear: 0:00:30 (HH:MM:SS)
	Frequency: 567 cpm (3 mm)
Read	Absorbance Endpoint
	Full Plate
	Wavelengths:  600
	Read Speed: Normal,  Delay: 100 msec,  Measurements/Data Point: 8

600

Time	T° 600	A1	A2	A3	A4	A5	A6	A7	A8	A9	A10	A11	A12	B1	B2	B3	B4	B5	B6	B7	B8	B9	B10	B11	B12	C1	C2	C3	C4	C5	C6	C7	C8	C9	C10	C11	C12	D1	D2	D3	D4	D5	D6	D7	D8	D9	D10	D11	D12	E1	E2	E3	E4	E5	E6	E7	E8	E9	E10	E11	E12	F1	F2	F3	F4	F5	F6	F7	F8	F9	F10	F11	F12	G1	G2	G3	G4	G5	G6	G7	G8	G9	G10	G11	G12	H1	H2	H3	H4	H5	H6	H7	H8	H9	H10	H11	H12
0:00:34	34.2	0.187	0.183	0.187	0.186	0.189	0.188	0.187	0.185	0.191	0.193	0.194	0.193	0.189	0.183	0.195	0.184	0.183	0.191	0.194	0.187	0.194	0.193	0.191	0.190	0.186	0.186	0.186	0.187	0.188	0.189	0.190	0.188	0.190	0.193	0.186	0.192	0.186	0.194	0.184	0.185	0.185	0.185	0.204	0.187	0.188	0.192	0.189	0.189	0.184	0.191	0.190	0.185	0.187	0.184	0.187	0.188	0.187	0.193	0.189	0.188	0.184	0.183	0.183	0.189	0.186	0.189	0.188	0.188	0.188	0.196	0.192	0.195	0.181	0.187	0.189	0.190	0.183	0.191	0.199	0.189	0.197	0.187	0.191	0.191	0.190	0.199	0.190	0.186	0.190	0.203	0.191	0.187	0.185	0.193	0.193	0.188
1:00:33	34.5	0.188	0.185	0.189	0.188	0.190	0.190	0.187	0.186	0.192	0.195	0.194	0.194	0.190	0.184	0.196	0.185	0.185	0.192	0.196	0.188	0.194	0.193	0.193	0.192	0.188	0.187	0.188	0.189	0.190	0.190	0.191	0.189	0.191	0.194	0.196	0.193	0.187	0.195	0.186	0.186	0.187	0.187	0.204	0.189	0.189	0.193	0.190	0.189	0.184	0.192	0.191	0.186	0.189	0.185	0.189	0.189	0.189	0.194	0.190	0.190	0.185	0.185	0.185	0.190	0.187	0.190	0.189	0.189	0.189	0.197	0.193	0.195	0.182	0.187	0.190	0.189	0.184	0.191	0.199	0.191	0.198	0.188	0.192	0.193	0.192	0.200	0.192	0.187	0.191	0.202	0.192	0.188	0.186	0.194	0.194	0.190
2:00:35	34.6	0.190	0.187	0.189	0.190	0.192	0.192	0.189	0.188	0.193	0.196	0.197	0.196	0.192	0.186	0.197	0.187	0.187	0.194	0.197	0.190	0.195	0.195	0.194	0.194	0.190	0.193	0.189	0.190	0.191	0.192	0.192	0.191	0.192	0.195	0.188	0.195	0.189	0.197	0.187	0.188	0.188	0.188	0.205	0.190	0.190	0.193	0.192	0.192	0.186	0.194	0.193	0.188	0.190	0.186	0.190	0.190	0.190	0.195	0.192	0.191	0.187	0.187	0.186	0.191	0.189	0.191	0.190	0.190	0.191	0.199	0.195	0.196	0.184	0.189	0.191	0.189	0.186	0.193	0.200	0.192	0.199	0.190	0.194	0.195	0.194	0.201	0.194	0.189	0.193	0.203	0.194	0.190	0.188	0.193	0.198	0.192
3:00:35	34.6	0.194	0.189	0.191	0.192	0.193	0.194	0.191	0.191	0.195	0.198	0.198	0.197	0.194	0.192	0.199	0.189	0.189	0.195	0.199	0.192	0.197	0.196	0.196	0.196	0.192	0.189	0.191	0.192	0.193	0.193	0.194	0.192	0.194	0.197	0.190	0.196	0.191	0.198	0.188	0.190	0.190	0.190	0.207	0.191	0.191	0.195	0.194	0.193	0.188	0.195	0.194	0.189	0.192	0.188	0.192	0.192	0.192	0.196	0.194	0.193	0.189	0.189	0.188	0.193	0.190	0.193	0.191	0.192	0.192	0.199	0.196	0.198	0.186	0.191	0.193	0.191	0.188	0.194	0.202	0.194	0.201	0.192	0.196	0.197	0.196	0.202	0.196	0.191	0.195	0.203	0.196	0.192	0.190	0.195	0.199	0.194
4:00:37	34.6	0.197	0.191	0.193	0.194	0.195	0.196	0.192	0.193	0.197	0.200	0.200	0.200	0.196	0.194	0.201	0.191	0.191	0.197	0.200	0.194	0.198	0.199	0.198	0.198	0.194	0.191	0.193	0.194	0.194	0.195	0.196	0.194	0.196	0.198	0.192	0.197	0.193	0.200	0.190	0.191	0.192	0.192	0.207	0.193	0.193	0.197	0.196	0.196	0.191	0.197	0.196	0.191	0.193	0.190	0.194	0.194	0.193	0.198	0.196	0.195	0.191	0.190	0.190	0.195	0.192	0.195	0.193	0.194	0.194	0.201	0.198	0.199	0.189	0.192	0.194	0.192	0.189	0.196	0.203	0.195	0.203	0.194	0.197	0.199	0.198	0.201	0.199	0.193	0.197	0.205	0.198	0.194	0.192	0.197	0.201	0.196
5:00:37	34.5	0.199	0.193	0.195	0.196	0.197	0.198	0.194	0.195	0.199	0.202	0.202	0.201	0.198	0.196	0.203	0.193	0.193	0.199	0.202	0.196	0.200	0.201	0.200	0.200	0.196	0.194	0.195	0.196	0.197	0.197	0.198	0.196	0.198	0.200	0.194	0.200	0.195	0.202	0.192	0.194	0.194	0.194	0.206	0.195	0.195	0.199	0.198	0.197	0.193	0.199	0.197	0.193	0.195	0.192	0.196	0.196	0.195	0.200	0.198	0.197	0.193	0.192	0.192	0.197	0.194	0.196	0.195	0.196	0.196	0.202	0.200	0.201	0.191	0.194	0.196	0.194	0.193	0.198	0.205	0.197	0.204	0.196	0.200	0.201	0.199	0.202	0.200	0.195	0.199	0.206	0.200	0.196	0.194	0.199	0.203	0.198
6:00:38	34.5	0.202	0.195	0.196	0.197	0.198	0.198	0.196	0.195	0.200	0.203	0.204	0.204	0.200	0.197	0.203	0.193	0.193	0.199	0.202	0.196	0.200	0.201	0.200	0.202	0.197	0.194	0.196	0.197	0.196	0.197	0.198	0.197	0.199	0.201	0.194	0.201	0.196	0.202	0.193	0.194	0.194	0.194	0.206	0.196	0.196	0.199	0.197	0.198	0.194	0.199	0.197	0.194	0.195	0.192	0.196	0.196	0.196	0.199	0.198	0.198	0.194	0.193	0.192	0.197	0.195	0.197	0.196	0.197	0.197	0.201	0.200	0.202	0.193	0.195	0.196	0.195	0.192	0.198	0.205	0.198	0.204	0.197	0.200	0.202	0.202	0.203	0.201	0.196	0.200	0.207	0.200	0.196	0.195	0.200	0.205	0.201
7:00:38	34.5	0.209	0.202	0.203	0.204	0.205	0.205	0.203	0.203	0.207	0.210	0.211	0.211	0.207	0.204	0.209	0.199	0.200	0.205	0.208	0.202	0.205	0.209	0.212	0.209	0.204	0.200	0.201	0.201	0.201	0.202	0.203	0.201	0.204	0.205	0.200	0.207	0.202	0.208	0.198	0.198	0.198	0.199	0.209	0.200	0.200	0.204	0.203	0.204	0.200	0.204	0.201	0.198	0.200	0.197	0.200	0.200	0.200	0.204	0.204	0.204	0.200	0.199	0.197	0.201	0.200	0.201	0.200	0.200	0.201	0.206	0.206	0.208	0.200	0.201	0.202	0.200	0.201	0.203	0.210	0.203	0.209	0.203	0.206	0.209	0.209	0.209	0.207	0.202	0.206	0.213	0.207	0.203	0.201	0.207	0.212	0.208
8:00:39	34.5	0.217	0.209	0.211	0.211	0.211	0.212	0.210	0.209	0.214	0.217	0.218	0.218	0.214	0.210	0.215	0.205	0.206	0.210	0.213	0.208	0.211	0.214	0.213	0.215	0.211	0.206	0.207	0.207	0.207	0.208	0.209	0.207	0.209	0.211	0.217	0.214	0.209	0.214	0.204	0.204	0.204	0.205	0.214	0.206	0.206	0.210	0.209	0.211	0.207	0.210	0.207	0.204	0.206	0.203	0.206	0.206	0.206	0.210	0.210	0.210	0.207	0.204	0.203	0.207	0.205	0.207	0.206	0.206	0.207	0.211	0.211	0.215	0.206	0.208	0.208	0.206	0.207	0.209	0.216	0.209	0.215	0.213	0.212	0.216	0.216	0.215	0.214	0.209	0.213	0.220	0.213	0.210	0.208	0.214	0.218	0.214
9:00:39	34.6	0.225	0.216	0.217	0.217	0.218	0.219	0.217	0.216	0.221	0.224	0.225	0.226	0.221	0.217	0.221	0.211	0.212	0.217	0.219	0.215	0.218	0.221	0.219	0.222	0.217	0.212	0.214	0.213	0.213	0.213	0.215	0.214	0.216	0.217	0.223	0.220	0.215	0.220	0.210	0.209	0.210	0.211	0.219	0.212	0.212	0.216	0.215	0.217	0.213	0.216	0.213	0.210	0.212	0.209	0.212	0.212	0.212	0.216	0.216	0.217	0.214	0.211	0.209	0.213	0.211	0.212	0.212	0.212	0.213	0.217	0.217	0.221	0.213	0.214	0.214	0.212	0.214	0.215	0.222	0.215	0.221	0.215	0.219	0.223	0.224	0.222	0.221	0.216	0.219	0.226	0.220	0.217	0.214	0.221	0.225	0.222
10:00:39	34.6	0.233	0.225	0.226	0.226	0.227	0.227	0.225	0.224	0.229	0.232	0.234	0.234	0.230	0.225	0.228	0.219	0.219	0.224	0.226	0.222	0.226	0.228	0.227	0.230	0.226	0.220	0.221	0.220	0.220	0.220	0.222	0.220	0.222	0.223	0.231	0.228	0.223	0.227	0.217	0.216	0.216	0.217	0.226	0.218	0.219	0.223	0.222	0.225	0.221	0.223	0.220	0.216	0.219	0.215	0.218	0.219	0.219	0.223	0.224	0.225	0.222	0.219	0.216	0.220	0.219	0.219	0.218	0.219	0.220	0.224	0.225	0.229	0.221	0.221	0.221	0.219	0.222	0.223	0.229	0.222	0.228	0.222	0.227	0.231	0.232	0.230	0.229	0.224	0.227	0.234	0.228	0.225	0.223	0.229	0.233	0.232
11:00:40	34.6	0.242	0.233	0.235	0.235	0.235	0.235	0.233	0.232	0.237	0.240	0.242	0.243	0.238	0.233	0.236	0.227	0.227	0.232	0.234	0.230	0.234	0.236	0.236	0.239	0.234	0.228	0.229	0.228	0.227	0.228	0.229	0.228	0.230	0.230	0.239	0.237	0.231	0.235	0.225	0.224	0.224	0.225	0.233	0.225	0.226	0.230	0.230	0.234	0.230	0.231	0.228	0.224	0.226	0.223	0.226	0.226	0.226	0.231	0.231	0.234	0.230	0.227	0.224	0.228	0.226	0.227	0.226	0.226	0.228	0.232	0.233	0.237	0.232	0.230	0.229	0.228	0.231	0.232	0.236	0.230	0.235	0.230	0.235	0.239	0.241	0.239	0.237	0.232	0.236	0.242	0.236	0.233	0.231	0.237	0.241	0.241
12:00:41	34.6	0.247	0.240	0.242	0.242	0.242	0.243	0.239	0.239	0.244	0.247	0.248	0.248	0.245	0.241	0.244	0.235	0.235	0.241	0.242	0.239	0.244	0.244	0.243	0.245	0.242	0.236	0.237	0.236	0.236	0.237	0.238	0.236	0.238	0.238	0.248	0.243	0.239	0.244	0.233	0.232	0.232	0.233	0.240	0.234	0.235	0.239	0.238	0.240	0.238	0.239	0.236	0.232	0.234	0.231	0.233	0.234	0.235	0.238	0.239	0.240	0.237	0.235	0.233	0.236	0.234	0.234	0.234	0.234	0.236	0.240	0.240	0.244	0.239	0.238	0.238	0.236	0.240	0.241	0.245	0.238	0.244	0.238	0.242	0.246	0.247	0.244	0.245	0.240	0.243	0.250	0.244	0.241	0.238	0.244	0.247	0.247
13:00:41	34.6	0.251	0.243	0.245	0.246	0.246	0.246	0.243	0.243	0.248	0.251	0.252	0.252	0.248	0.245	0.248	0.240	0.240	0.245	0.246	0.243	0.248	0.248	0.247	0.249	0.246	0.240	0.242	0.242	0.241	0.242	0.243	0.242	0.243	0.243	0.252	0.248	0.243	0.248	0.239	0.238	0.238	0.239	0.245	0.240	0.241	0.244	0.242	0.244	0.241	0.243	0.241	0.239	0.240	0.238	0.239	0.241	0.240	0.243	0.243	0.244	0.241	0.239	0.237	0.242	0.241	0.241	0.239	0.241	0.241	0.244	0.244	0.248	0.242	0.242	0.242	0.242	0.245	0.245	0.248	0.242	0.248	0.242	0.247	0.250	0.251	0.247	0.249	0.244	0.247	0.253	0.247	0.245	0.241	0.248	0.250	0.249
14:00:42	34.5	0.255	0.247	0.249	0.250	0.250	0.250	0.246	0.247	0.252	0.255	0.256	0.256	0.253	0.250	0.252	0.244	0.244	0.249	0.251	0.247	0.252	0.253	0.251	0.254	0.250	0.244	0.246	0.246	0.246	0.247	0.247	0.246	0.248	0.247	0.256	0.252	0.247	0.252	0.243	0.242	0.242	0.244	0.249	0.244	0.245	0.248	0.247	0.249	0.246	0.247	0.246	0.243	0.244	0.242	0.244	0.245	0.244	0.248	0.247	0.249	0.245	0.243	0.241	0.246	0.245	0.245	0.244	0.245	0.246	0.249	0.249	0.252	0.245	0.246	0.246	0.246	0.248	0.249	0.250	0.247	0.252	0.246	0.252	0.254	0.255	0.251	0.252	0.248	0.251	0.257	0.251	0.249	0.245	0.252	0.255	0.253
15:00:43	34.5	0.260	0.252	0.254	0.254	0.255	0.254	0.250	0.251	0.256	0.259	0.261	0.261	0.257	0.254	0.256	0.249	0.249	0.254	0.254	0.251	0.256	0.257	0.256	0.258	0.254	0.249	0.251	0.251	0.251	0.251	0.251	0.250	0.252	0.251	0.261	0.257	0.252	0.256	0.247	0.246	0.246	0.247	0.253	0.248	0.249	0.253	0.251	0.253	0.250	0.251	0.250	0.247	0.248	0.246	0.248	0.249	0.249	0.252	0.252	0.253	0.249	0.248	0.245	0.250	0.248	0.249	0.249	0.248	0.250	0.253	0.254	0.257	0.250	0.250	0.250	0.251	0.251	0.253	0.254	0.251	0.256	0.250	0.257	0.263	0.260	0.255	0.256	0.253	0.255	0.261	0.255	0.253	0.250	0.256	0.261	0.256
16:00:43	34.5	0.265	0.257	0.258	0.259	0.259	0.258	0.254	0.255	0.261	0.263	0.265	0.265	0.261	0.259	0.260	0.253	0.253	0.258	0.258	0.256	0.260	0.261	0.260	0.262	0.259	0.253	0.255	0.255	0.255	0.255	0.255	0.254	0.256	0.255	0.265	0.261	0.256	0.259	0.251	0.250	0.250	0.251	0.256	0.252	0.253	0.257	0.256	0.257	0.254	0.255	0.253	0.251	0.252	0.250	0.252	0.253	0.253	0.256	0.257	0.258	0.254	0.252	0.250	0.254	0.252	0.253	0.253	0.253	0.254	0.258	0.258	0.261	0.254	0.255	0.254	0.255	0.255	0.257	0.257	0.255	0.261	0.255	0.260	0.263	0.264	0.259	0.261	0.256	0.259	0.265	0.259	0.257	0.253	0.260	0.267	0.260
17:00:44	34.5	0.269	0.260	0.261	0.262	0.263	0.261	0.257	0.258	0.264	0.266	0.268	0.268	0.264	0.263	0.263	0.257	0.256	0.262	0.262	0.259	0.264	0.265	0.263	0.266	0.263	0.257	0.259	0.259	0.259	0.259	0.259	0.259	0.260	0.260	0.269	0.265	0.259	0.262	0.255	0.254	0.254	0.255	0.259	0.255	0.256	0.261	0.260	0.261	0.258	0.258	0.257	0.254	0.255	0.254	0.255	0.257	0.257	0.260	0.260	0.262	0.258	0.256	0.254	0.258	0.256	0.256	0.257	0.256	0.259	0.261	0.262	0.265	0.258	0.258	0.258	0.258	0.259	0.261	0.261	0.259	0.264	0.259	0.264	0.267	0.268	0.262	0.264	0.260	0.263	0.268	0.263	0.261	0.257	0.264	0.270	0.263
18:00:44	34.5	0.272	0.263	0.265	0.266	0.266	0.264	0.260	0.261	0.268	0.268	0.271	0.272	0.268	0.266	0.266	0.261	0.260	0.265	0.265	0.263	0.268	0.268	0.266	0.270	0.266	0.261	0.262	0.263	0.262	0.263	0.262	0.262	0.264	0.263	0.273	0.269	0.263	0.266	0.258	0.257	0.257	0.259	0.263	0.259	0.260	0.265	0.264	0.264	0.262	0.262	0.261	0.258	0.258	0.258	0.259	0.261	0.260	0.264	0.263	0.265	0.261	0.260	0.257	0.263	0.260	0.261	0.260	0.260	0.262	0.265	0.265	0.269	0.262	0.263	0.262	0.263	0.263	0.266	0.264	0.263	0.268	0.262	0.268	0.270	0.271	0.266	0.268	0.264	0.267	0.272	0.266	0.264	0.260	0.269	0.272	0.267
19:00:45	34.5	0.275	0.266	0.267	0.269	0.270	0.267	0.263	0.265	0.272	0.273	0.274	0.275	0.270	0.270	0.269	0.264	0.263	0.268	0.267	0.267	0.271	0.272	0.269	0.273	0.269	0.264	0.265	0.266	0.266	0.267	0.265	0.266	0.268	0.266	0.276	0.272	0.265	0.271	0.261	0.261	0.261	0.262	0.266	0.262	0.262	0.268	0.267	0.267	0.265	0.265	0.265	0.262	0.261	0.262	0.262	0.265	0.264	0.267	0.267	0.269	0.265	0.263	0.261	0.266	0.264	0.264	0.264	0.263	0.266	0.269	0.268	0.272	0.265	0.266	0.265	0.266	0.272	0.267	0.267	0.266	0.271	0.265	0.271	0.276	0.275	0.268	0.271	0.267	0.270	0.274	0.269	0.268	0.263	0.272	0.277	0.269
20:00:45	34.5	0.278	0.268	0.270	0.271	0.272	0.270	0.265	0.268	0.274	0.276	0.276	0.277	0.273	0.273	0.272	0.268	0.265	0.272	0.271	0.272	0.274	0.276	0.271	0.276	0.272	0.267	0.269	0.269	0.269	0.270	0.268	0.268	0.271	0.270	0.280	0.275	0.268	0.274	0.265	0.264	0.264	0.265	0.270	0.265	0.266	0.273	0.270	0.270	0.268	0.268	0.271	0.266	0.264	0.266	0.265	0.268	0.267	0.271	0.270	0.273	0.268	0.267	0.265	0.270	0.268	0.268	0.268	0.266	0.269	0.272	0.271	0.276	0.268	0.269	0.269	0.269	0.270	0.271	0.275	0.269	0.274	0.268	0.274	0.276	0.277	0.271	0.275	0.271	0.273	0.277	0.273	0.271	0.266	0.274	0.278	0.272
21:00:46	34.5	0.279	0.269	0.271	0.272	0.275	0.270	0.265	0.268	0.276	0.276	0.277	0.277	0.274	0.276	0.273	0.270	0.271	0.274	0.272	0.273	0.276	0.278	0.272	0.277	0.274	0.269	0.272	0.272	0.271	0.274	0.272	0.272	0.274	0.273	0.282	0.278	0.272	0.274	0.266	0.266	0.267	0.266	0.271	0.267	0.269	0.276	0.273	0.272	0.271	0.271	0.272	0.269	0.266	0.269	0.268	0.271	0.270	0.273	0.274	0.276	0.271	0.270	0.268	0.274	0.271	0.271	0.270	0.269	0.272	0.274	0.273	0.278	0.270	0.272	0.271	0.273	0.276	0.274	0.274	0.271	0.276	0.275	0.277	0.285	0.279	0.272	0.277	0.274	0.277	0.280	0.275	0.273	0.268	0.277	0.278	0.273
22:00:47	34.5	0.287	0.270	0.273	0.273	0.275	0.272	0.266	0.269	0.276	0.277	0.278	0.278	0.275	0.278	0.274	0.272	0.268	0.276	0.274	0.274	0.279	0.280	0.273	0.278	0.276	0.272	0.274	0.276	0.273	0.276	0.274	0.274	0.277	0.275	0.284	0.279	0.271	0.274	0.269	0.268	0.268	0.268	0.273	0.269	0.271	0.278	0.275	0.273	0.274	0.274	0.274	0.272	0.268	0.271	0.269	0.273	0.273	0.275	0.275	0.277	0.273	0.274	0.271	0.276	0.274	0.274	0.272	0.271	0.274	0.277	0.275	0.279	0.272	0.274	0.274	0.275	0.275	0.276	0.276	0.274	0.279	0.275	0.279	0.289	0.281	0.274	0.279	0.275	0.278	0.281	0.276	0.278	0.268	0.279	0.281	0.275
23:00:47	34.5	0.282	0.271	0.272	0.274	0.277	0.272	0.267	0.269	0.276	0.277	0.278	0.278	0.276	0.279	0.275	0.274	0.269	0.278	0.274	0.276	0.279	0.281	0.274	0.278	0.277	0.273	0.276	0.277	0.276	0.277	0.275	0.275	0.279	0.277	0.285	0.284	0.277	0.275	0.269	0.269	0.269	0.269	0.274	0.270	0.271	0.280	0.276	0.273	0.275	0.275	0.276	0.274	0.270	0.273	0.270	0.276	0.275	0.277	0.277	0.279	0.274	0.274	0.273	0.277	0.275	0.276	0.273	0.273	0.276	0.278	0.275	0.279	0.273	0.275	0.275	0.278	0.276	0.278	0.277	0.275	0.280	0.274	0.280	0.282	0.283	0.275	0.279	0.277	0.280	0.282	0.278	0.281	0.269	0.292	0.280	0.277
0:00:00																																																																																																	

Results
	1	2	3	4	5	6	7	8	9	10	11	12
A	0.137	0.131	0.132	0.133	0.131	0.131	0.126	0.130	0.129	0.129	0.129	0.132	Max V [600]
	0.998	0.998	0.998	0.997	0.998	0.999	0.999	0.999	0.999	0.999	0.997	0.998	R-Squared [600]
	9:00:39	10:00:40	10:00:40	10:00:40	10:00:40	10:00:40	10:00:40	10:00:40	10:00:40	10:00:40	9:00:39	9:00:39	t at Max V [600]
	4:22:22	4:43:12	5:07:04	4:58:53	5:08:15	5:06:39	5:03:33	4:59:19	5:06:34	5:02:05	4:49:01	4:44:34	Lagtime [600]
B	0.131	0.130	0.124	0.126	0.124	0.126	0.122	0.129	0.137	0.125	0.128	0.129	Max V [600]
	0.999	0.998	0.997	0.996	0.997	0.996	0.996	0.995	0.996	0.996	0.997	0.998	R-Squared [600]
	10:00:40	10:00:40	10:00:40	10:00:40	10:00:40	10:00:40	10:00:40	10:00:40	10:00:40	10:00:40	10:00:40	10:00:40	t at Max V [600]
	4:49:47	4:37:54	5:26:41	5:15:19	5:07:13	5:31:37	5:30:47	5:24:11	6:02:32	5:15:34	5:18:54	4:49:31	Lagtime [600]
C	0.133	0.126	0.125	0.123	0.120	0.124	0.119	0.121	0.120	0.114	0.161	0.126	Max V [600]
	0.998	0.998	0.995	0.998	0.998	0.997	0.995	0.998	0.996	0.996	0.972	0.999	R-Squared [600]
	10:00:40	10:00:40	10:00:40	11:00:40	11:00:40	11:00:40	10:00:40	11:00:40	10:00:40	10:00:40	8:00:39	10:00:40	t at Max V [600]
	5:03:55	5:28:00	5:16:40	5:32:29	5:28:27	5:46:24	5:23:56	5:31:06	5:21:47	5:33:52	5:15:59	5:12:11	Lagtime [600]
D	0.128	0.124	0.123	0.122	0.120	0.121	0.111	0.120	0.123	0.122	0.123	0.125	Max V [600]
	0.997	0.995	0.998	0.999	0.998	0.999	0.999	0.998	0.999	0.995	0.998	0.999	R-Squared [600]
	10:00:40	10:00:40	11:00:40	11:00:40	11:00:40	11:00:40	11:00:40	11:00:40	11:00:40	10:00:40	10:00:40	10:00:40	t at Max V [600]
	5:05:46	5:27:14	5:33:10	5:42:08	5:42:00	5:34:47	6:43:43	5:41:23	5:45:10	5:38:39	5:26:41	5:07:14	Lagtime [600]
E	0.130	0.124	0.121	0.122	0.120	0.125	0.117	0.120	0.120	0.119	0.123	0.127	Max V [600]
	0.998	0.995	0.996	0.999	0.998	0.999	0.999	0.999	0.998	0.997	0.998	0.999	R-Squared [600]
	10:00:40	10:00:40	11:00:40	11:00:40	11:00:40	11:00:40	11:00:40	11:00:40	11:00:40	10:00:40	10:00:40	10:00:40	t at Max V [600]
	5:09:43	5:35:22	5:52:18	5:40:50	5:34:40	5:46:22	5:32:11	5:39:07	5:36:38	5:41:08	5:14:39	5:05:44	Lagtime [600]
F	0.128	0.129	0.125	0.122	0.123	0.119	0.118	0.123	0.120	0.120	0.121	0.125	Max V [600]
	0.999	0.998	0.996	0.999	0.999	0.999	0.998	0.999	0.998	0.997	0.999	0.998	R-Squared [600]
	10:00:40	10:00:40	10:00:40	11:00:40	11:00:40	11:00:40	11:00:40	11:00:40	11:00:40	10:00:40	10:00:40	10:00:40	t at Max V [600]
	5:02:53	5:22:32	5:30:25	5:39:05	5:37:38	5:40:47	5:34:26	5:44:25	5:32:59	5:59:07	5:26:10	5:27:25	Lagtime [600]
G	0.142	0.130	0.126	0.128	0.137	0.133	0.117	0.121	0.121	0.114	0.127	0.130	Max V [600]
	0.995	0.996	0.995	0.995	0.995	0.996	0.993	0.996	0.996	0.988	0.999	0.999	R-Squared [600]
	10:00:40	10:00:40	10:00:40	10:00:40	10:00:40	10:00:40	10:00:40	10:00:40	10:00:40	11:00:40	10:00:40	10:00:40	t at Max V [600]
	5:10:34	5:26:47	5:42:00	6:02:30	5:08:08	5:50:35	5:37:25	5:26:34	5:42:05	4:47:19	5:13:38	4:55:27	Lagtime [600]
H	0.133	0.124	0.132	0.131	0.129	0.128	0.129	0.132	0.128	0.130	0.125	0.143	Max V [600]
	0.998	0.997	0.998	0.999	0.999	0.997	0.998	0.998	0.998	0.998	0.998	0.995	R-Squared [600]
	9:00:39	9:00:39	10:00:40	10:00:40	10:00:40	10:00:40	10:00:40	10:00:40	10:00:40	10:00:40	10:00:40	10:00:40	t at Max V [600]
	4:42:36	5:44:17	5:05:59	5:09:36	5:06:11	5:55:01	5:08:04	5:09:35	5:01:19	5:20:43	4:38:10	5:01:06	Lagtime [600]

