
Software Version	3.11.19



Experiment File Path:	C:\Users\patil-group\Desktop\Sweeteners_stacker\301121_NT5071_72_74_Rep3\NT5071_72_74_Rep3.xpt
Protocol File Path:	C:\Users\Public\Documents\Protocols\Screening-protocol.prt



Plate Number	Plate 5
Date	30/11/2021
Time	12:54:21
Reader Type:	Epoch 2
Reader Serial Number:	2103223
Reading Type	Reader

Procedure Details

Plate Type	96 WELL PLATE
Discontinuous Kinetics	Runtime 1:00:00 (D:HH:MM), Interval 0:01:00, 25 Reads
	Pause after each run
Eject plate on completion	
Shake	Linear: 0:00:30 (HH:MM:SS)
	Frequency: 567 cpm (3 mm)
Read	Absorbance Endpoint
	Full Plate
	Wavelengths:  600
	Read Speed: Normal,  Delay: 100 msec,  Measurements/Data Point: 8

600

Time	T° 600	A1	A2	A3	A4	A5	A6	A7	A8	A9	A10	A11	A12	B1	B2	B3	B4	B5	B6	B7	B8	B9	B10	B11	B12	C1	C2	C3	C4	C5	C6	C7	C8	C9	C10	C11	C12	D1	D2	D3	D4	D5	D6	D7	D8	D9	D10	D11	D12	E1	E2	E3	E4	E5	E6	E7	E8	E9	E10	E11	E12	F1	F2	F3	F4	F5	F6	F7	F8	F9	F10	F11	F12	G1	G2	G3	G4	G5	G6	G7	G8	G9	G10	G11	G12	H1	H2	H3	H4	H5	H6	H7	H8	H9	H10	H11	H12
0:00:34	34.4	0.181	0.180	0.188	0.180	0.183	0.182	0.189	0.179	0.180	0.180	0.178	0.181	0.176	0.179	0.181	0.181	0.180	0.182	0.192	0.181	0.178	0.185	0.183	0.183	0.184	0.178	0.180	0.176	0.184	0.178	0.182	0.180	0.179	0.181	0.179	0.181	0.178	0.179	0.185	0.180	0.178	0.177	0.180	0.186	0.181	0.182	0.181	0.184	0.177	0.178	0.180	0.180	0.205	0.177	0.179	0.181	0.182	0.181	0.179	0.190	0.180	0.180	0.179	0.179	0.180	0.176	0.180	0.184	0.180	0.184	0.185	0.181	0.177	0.174	0.179	0.176	0.181	0.179	0.176	0.180	0.178	0.182	0.180	0.182	0.178	0.181	0.179	0.174	0.179	0.188	0.181	0.183	0.179	0.177	0.181	0.184
1:00:34	34.6	0.186	0.186	0.193	0.187	0.188	0.189	0.195	0.185	0.187	0.188	0.185	0.187	0.180	0.184	0.187	0.186	0.185	0.188	0.197	0.187	0.185	0.192	0.190	0.190	0.187	0.182	0.185	0.180	0.188	0.182	0.187	0.185	0.184	0.186	0.185	0.188	0.183	0.183	0.186	0.184	0.182	0.182	0.185	0.191	0.186	0.188	0.187	0.190	0.182	0.183	0.185	0.184	0.209	0.182	0.183	0.185	0.186	0.186	0.184	0.195	0.185	0.185	0.183	0.183	0.184	0.180	0.183	0.188	0.184	0.189	0.190	0.186	0.182	0.178	0.184	0.181	0.186	0.183	0.180	0.184	0.183	0.186	0.185	0.188	0.182	0.185	0.184	0.179	0.183	0.191	0.185	0.187	0.185	0.183	0.188	0.190
2:00:34	34.7	0.191	0.190	0.198	0.189	0.192	0.192	0.196	0.189	0.190	0.188	0.187	0.190	0.184	0.188	0.191	0.189	0.187	0.192	0.200	0.190	0.186	0.194	0.193	0.191	0.191	0.186	0.189	0.183	0.191	0.185	0.190	0.188	0.185	0.188	0.187	0.190	0.185	0.186	0.190	0.188	0.186	0.185	0.188	0.193	0.190	0.191	0.191	0.194	0.185	0.186	0.188	0.187	0.212	0.184	0.186	0.188	0.191	0.190	0.188	0.200	0.187	0.187	0.186	0.187	0.186	0.182	0.185	0.190	0.188	0.191	0.194	0.189	0.185	0.181	0.187	0.185	0.189	0.186	0.183	0.186	0.186	0.190	0.189	0.191	0.186	0.189	0.186	0.182	0.187	0.193	0.188	0.190	0.187	0.184	0.190	0.193
3:00:35	34.7	0.202	0.199	0.208	0.197	0.200	0.200	0.203	0.196	0.198	0.195	0.197	0.202	0.192	0.194	0.198	0.195	0.193	0.196	0.203	0.196	0.194	0.200	0.199	0.200	0.198	0.192	0.194	0.188	0.195	0.190	0.195	0.192	0.191	0.194	0.192	0.196	0.193	0.191	0.195	0.192	0.192	0.189	0.193	0.198	0.195	0.196	0.196	0.201	0.191	0.192	0.193	0.193	0.217	0.191	0.191	0.194	0.194	0.194	0.195	0.206	0.194	0.194	0.191	0.192	0.191	0.187	0.192	0.195	0.193	0.196	0.201	0.198	0.193	0.188	0.193	0.189	0.193	0.192	0.188	0.192	0.191	0.196	0.195	0.198	0.195	0.197	0.194	0.189	0.193	0.200	0.195	0.198	0.194	0.192	0.199	0.202
4:00:35	34.7	0.221	0.218	0.225	0.214	0.216	0.218	0.218	0.212	0.212	0.209	0.214	0.220	0.207	0.208	0.212	0.209	0.206	0.210	0.214	0.207	0.204	0.216	0.212	0.218	0.212	0.204	0.206	0.199	0.205	0.200	0.204	0.200	0.200	0.204	0.205	0.211	0.207	0.203	0.206	0.203	0.202	0.201	0.202	0.208	0.204	0.205	0.209	0.214	0.206	0.204	0.204	0.202	0.227	0.201	0.201	0.202	0.204	0.205	0.206	0.220	0.208	0.208	0.203	0.202	0.201	0.195	0.199	0.205	0.203	0.206	0.213	0.212	0.208	0.202	0.206	0.201	0.205	0.203	0.201	0.203	0.202	0.207	0.207	0.212	0.211	0.212	0.209	0.204	0.207	0.214	0.209	0.211	0.208	0.206	0.214	0.218
5:00:36	34.7	0.247	0.242	0.249	0.239	0.239	0.240	0.241	0.233	0.236	0.231	0.240	0.248	0.229	0.228	0.233	0.228	0.224	0.229	0.232	0.225	0.224	0.236	0.237	0.241	0.235	0.224	0.224	0.217	0.223	0.216	0.219	0.217	0.216	0.223	0.225	0.233	0.229	0.221	0.223	0.220	0.218	0.216	0.218	0.223	0.221	0.223	0.228	0.237	0.227	0.224	0.222	0.218	0.243	0.216	0.216	0.218	0.222	0.223	0.224	0.241	0.229	0.228	0.221	0.219	0.217	0.212	0.215	0.220	0.218	0.224	0.232	0.235	0.230	0.222	0.226	0.220	0.223	0.224	0.217	0.221	0.220	0.224	0.227	0.235	0.237	0.236	0.233	0.227	0.230	0.235	0.232	0.233	0.230	0.228	0.237	0.244
6:00:36	34.7	0.282	0.276	0.281	0.271	0.270	0.271	0.272	0.265	0.268	0.262	0.275	0.288	0.260	0.257	0.261	0.255	0.250	0.254	0.255	0.250	0.251	0.264	0.267	0.277	0.265	0.251	0.249	0.240	0.245	0.239	0.242	0.240	0.242	0.248	0.253	0.267	0.258	0.247	0.249	0.245	0.242	0.240	0.242	0.248	0.245	0.249	0.256	0.268	0.257	0.250	0.247	0.242	0.267	0.239	0.238	0.242	0.246	0.248	0.251	0.272	0.259	0.257	0.245	0.243	0.240	0.233	0.237	0.243	0.241	0.250	0.259	0.266	0.262	0.251	0.254	0.245	0.249	0.249	0.242	0.246	0.245	0.252	0.256	0.266	0.272	0.270	0.264	0.258	0.262	0.266	0.263	0.263	0.260	0.261	0.271	0.279
7:00:37	34.7	0.326	0.317	0.322	0.311	0.310	0.312	0.313	0.307	0.310	0.299	0.319	0.332	0.299	0.294	0.301	0.291	0.284	0.290	0.291	0.285	0.290	0.303	0.306	0.323	0.305	0.287	0.283	0.272	0.277	0.272	0.273	0.274	0.278	0.285	0.292	0.308	0.299	0.281	0.283	0.278	0.274	0.272	0.274	0.279	0.280	0.285	0.295	0.309	0.297	0.288	0.283	0.275	0.300	0.272	0.268	0.273	0.278	0.285	0.288	0.311	0.298	0.295	0.281	0.277	0.273	0.264	0.267	0.275	0.276	0.287	0.298	0.306	0.303	0.288	0.291	0.281	0.284	0.285	0.277	0.282	0.283	0.289	0.294	0.304	0.318	0.314	0.307	0.299	0.304	0.309	0.304	0.305	0.301	0.304	0.315	0.324
8:00:38	34.7	0.373	0.362	0.365	0.354	0.354	0.354	0.358	0.349	0.354	0.337	0.363	0.378	0.342	0.336	0.346	0.333	0.323	0.331	0.331	0.328	0.334	0.346	0.350	0.370	0.348	0.330	0.324	0.312	0.313	0.308	0.313	0.313	0.318	0.326	0.336	0.351	0.341	0.320	0.325	0.319	0.315	0.312	0.315	0.319	0.323	0.328	0.338	0.352	0.339	0.331	0.325	0.314	0.340	0.311	0.304	0.310	0.318	0.326	0.330	0.354	0.342	0.339	0.324	0.319	0.312	0.321	0.304	0.316	0.317	0.329	0.341	0.351	0.347	0.330	0.336	0.322	0.328	0.329	0.319	0.331	0.325	0.332	0.336	0.345	0.364	0.366	0.352	0.344	0.348	0.354	0.350	0.350	0.347	0.349	0.359	0.368
9:00:39	34.7	0.422	0.410	0.409	0.398	0.398	0.399	0.402	0.391	0.399	0.379	0.409	0.426	0.387	0.378	0.390	0.376	0.365	0.373	0.372	0.367	0.378	0.390	0.395	0.414	0.394	0.372	0.366	0.352	0.353	0.348	0.350	0.355	0.359	0.367	0.381	0.395	0.386	0.372	0.368	0.362	0.356	0.353	0.354	0.360	0.362	0.371	0.386	0.395	0.383	0.375	0.369	0.354	0.380	0.354	0.343	0.346	0.358	0.367	0.371	0.399	0.386	0.380	0.368	0.361	0.351	0.342	0.345	0.357	0.357	0.369	0.383	0.398	0.394	0.370	0.380	0.363	0.369	0.372	0.360	0.381	0.366	0.376	0.376	0.388	0.413	0.409	0.399	0.385	0.394	0.400	0.397	0.400	0.392	0.392	0.409	0.416
10:00:39	34.7	0.471	0.458	0.455	0.441	0.443	0.443	0.445	0.434	0.438	0.420	0.452	0.470	0.432	0.423	0.436	0.420	0.407	0.416	0.416	0.419	0.419	0.436	0.439	0.462	0.441	0.416	0.410	0.395	0.391	0.389	0.388	0.392	0.402	0.411	0.426	0.441	0.432	0.403	0.409	0.404	0.394	0.392	0.394	0.397	0.407	0.414	0.430	0.441	0.429	0.416	0.412	0.397	0.423	0.390	0.375	0.381	0.398	0.412	0.413	0.444	0.430	0.423	0.409	0.403	0.394	0.379	0.383	0.396	0.400	0.446	0.426	0.443	0.439	0.414	0.424	0.405	0.415	0.417	0.403	0.408	0.409	0.422	0.420	0.432	0.463	0.458	0.446	0.429	0.441	0.447	0.443	0.444	0.436	0.435	0.452	0.463
11:00:39	34.7	0.515	0.501	0.498	0.485	0.484	0.485	0.487	0.477	0.479	0.463	0.494	0.511	0.477	0.466	0.481	0.492	0.448	0.455	0.466	0.448	0.466	0.475	0.478	0.500	0.484	0.459	0.453	0.433	0.435	0.427	0.440	0.434	0.442	0.454	0.469	0.484	0.476	0.437	0.454	0.447	0.439	0.437	0.438	0.439	0.450	0.462	0.470	0.484	0.474	0.460	0.456	0.443	0.462	0.433	0.412	0.413	0.437	0.454	0.456	0.488	0.476	0.464	0.451	0.445	0.436	0.414	0.423	0.447	0.461	0.478	0.470	0.488	0.486	0.455	0.469	0.447	0.455	0.462	0.456	0.450	0.453	0.462	0.461	0.475	0.509	0.505	0.492	0.476	0.487	0.492	0.487	0.487	0.480	0.478	0.495	0.506
12:00:40	34.7	0.557	0.539	0.540	0.523	0.525	0.523	0.526	0.514	0.519	0.504	0.533	0.546	0.519	0.510	0.520	0.503	0.489	0.497	0.491	0.487	0.498	0.514	0.516	0.539	0.523	0.499	0.493	0.473	0.499	0.464	0.463	0.471	0.480	0.495	0.507	0.528	0.516	0.477	0.491	0.488	0.487	0.473	0.491	0.513	0.516	0.518	0.507	0.520	0.513	0.502	0.498	0.478	0.504	0.474	0.439	0.442	0.477	0.491	0.497	0.527	0.517	0.504	0.495	0.486	0.476	0.453	0.466	0.478	0.481	0.494	0.511	0.528	0.528	0.497	0.510	0.486	0.515	0.537	0.510	0.487	0.517	0.497	0.503	0.515	0.550	0.546	0.532	0.510	0.527	0.541	0.527	0.533	0.519	0.516	0.537	0.545
13:00:41	34.7	0.592	0.574	0.573	0.554	0.556	0.559	0.563	0.548	0.552	0.539	0.568	0.579	0.557	0.546	0.559	0.540	0.524	0.528	0.529	0.522	0.538	0.549	0.551	0.571	0.559	0.536	0.534	0.511	0.509	0.503	0.500	0.503	0.515	0.533	0.545	0.562	0.553	0.513	0.529	0.526	0.518	0.519	0.516	0.530	0.524	0.557	0.544	0.557	0.554	0.540	0.533	0.514	0.537	0.523	0.469	0.472	0.511	0.528	0.530	0.559	0.554	0.539	0.526	0.521	0.511	0.485	0.500	0.510	0.518	0.538	0.549	0.565	0.562	0.530	0.543	0.524	0.532	0.538	0.519	0.522	0.522	0.554	0.538	0.548	0.585	0.583	0.568	0.544	0.563	0.571	0.600	0.565	0.561	0.546	0.571	0.579
14:00:42	34.7	0.617	0.606	0.604	0.585	0.589	0.590	0.595	0.577	0.578	0.573	0.591	0.611	0.588	0.580	0.595	0.571	0.557	0.569	0.560	0.581	0.567	0.582	0.583	0.600	0.593	0.572	0.564	0.545	0.539	0.539	0.541	0.538	0.550	0.565	0.592	0.590	0.582	0.534	0.564	0.561	0.555	0.582	0.555	0.558	0.550	0.563	0.581	0.584	0.580	0.573	0.569	0.550	0.574	0.545	0.495	0.498	0.542	0.566	0.561	0.596	0.584	0.573	0.565	0.558	0.544	0.581	0.537	0.541	0.550	0.616	0.577	0.606	0.595	0.563	0.582	0.557	0.575	0.573	0.561	0.552	0.596	0.603	0.569	0.579	0.614	0.616	0.602	0.585	0.604	0.613	0.597	0.597	0.588	0.575	0.611	0.605
15:00:42	34.7	0.640	0.630	0.627	0.609	0.614	0.622	0.642	0.602	0.605	0.598	0.615	0.627	0.613	0.607	0.633	0.640	0.586	0.592	0.604	0.580	0.593	0.622	0.611	0.624	0.615	0.600	0.599	0.575	0.566	0.572	0.556	0.585	0.578	0.594	0.604	0.618	0.608	0.565	0.593	0.592	0.585	0.577	0.577	0.564	0.581	0.594	0.605	0.611	0.609	0.601	0.596	0.587	0.598	0.571	0.522	0.524	0.579	0.593	0.592	0.618	0.612	0.601	0.601	0.596	0.584	0.552	0.560	0.573	0.584	0.594	0.607	0.619	0.620	0.586	0.607	0.586	0.601	0.602	0.624	0.621	0.592	0.595	0.601	0.604	0.641	0.642	0.629	0.619	0.632	0.636	0.625	0.625	0.616	0.610	0.626	0.630
16:00:43	34.7	0.654	0.647	0.647	0.628	0.634	0.655	0.645	0.621	0.627	0.621	0.630	0.636	0.634	0.634	0.642	0.625	0.605	0.609	0.634	0.605	0.617	0.639	0.663	0.646	0.636	0.620	0.624	0.597	0.592	0.599	0.582	0.588	0.605	0.621	0.627	0.638	0.631	0.577	0.618	0.618	0.607	0.599	0.636	0.595	0.612	0.614	0.628	0.632	0.629	0.625	0.624	0.621	0.626	0.602	0.537	0.539	0.598	0.614	0.609	0.637	0.632	0.623	0.629	0.618	0.602	0.595	0.587	0.599	0.608	0.619	0.628	0.636	0.641	0.608	0.643	0.608	0.620	0.631	0.660	0.607	0.641	0.647	0.621	0.623	0.662	0.659	0.660	0.622	0.653	0.657	0.645	0.646	0.635	0.636	0.646	0.644
17:00:44	34.7	0.663	0.656	0.658	0.639	0.643	0.646	0.654	0.635	0.633	0.636	0.644	0.648	0.650	0.649	0.668	0.646	0.633	0.632	0.637	0.624	0.647	0.645	0.641	0.654	0.653	0.638	0.639	0.623	0.617	0.628	0.610	0.604	0.628	0.639	0.641	0.654	0.646	0.595	0.638	0.637	0.625	0.623	0.636	0.610	0.657	0.657	0.642	0.642	0.646	0.648	0.642	0.620	0.648	0.660	0.552	0.557	0.616	0.636	0.632	0.651	0.646	0.638	0.636	0.643	0.637	0.593	0.607	0.627	0.631	0.645	0.655	0.652	0.655	0.626	0.654	0.655	0.640	0.644	0.623	0.622	0.629	0.655	0.635	0.635	0.673	0.675	0.664	0.640	0.675	0.671	0.663	0.660	0.660	0.630	0.654	0.654
18:00:44	34.7	0.669	0.662	0.667	0.645	0.651	0.664	0.661	0.641	0.643	0.654	0.646	0.648	0.660	0.660	0.670	0.682	0.638	0.638	0.643	0.633	0.645	0.667	0.652	0.660	0.657	0.650	0.654	0.632	0.637	0.622	0.618	0.625	0.632	0.649	0.667	0.656	0.656	0.611	0.661	0.653	0.645	0.634	0.659	0.683	0.641	0.648	0.654	0.651	0.654	0.657	0.665	0.643	0.663	0.629	0.569	0.569	0.631	0.649	0.646	0.660	0.655	0.655	0.649	0.664	0.652	0.607	0.630	0.635	0.683	0.670	0.651	0.657	0.661	0.631	0.667	0.637	0.649	0.661	0.639	0.639	0.646	0.663	0.651	0.644	0.674	0.682	0.678	0.644	0.676	0.678	0.702	0.671	0.655	0.664	0.661	0.661
19:00:45	34.7	0.669	0.664	0.672	0.644	0.656	0.657	0.661	0.644	0.653	0.648	0.652	0.647	0.664	0.666	0.676	0.660	0.643	0.648	0.661	0.641	0.654	0.657	0.669	0.659	0.664	0.657	0.667	0.643	0.636	0.634	0.631	0.633	0.642	0.655	0.660	0.658	0.661	0.617	0.662	0.665	0.656	0.643	0.647	0.691	0.658	0.681	0.661	0.656	0.660	0.673	0.667	0.653	0.674	0.643	0.573	0.573	0.645	0.658	0.652	0.663	0.661	0.659	0.658	0.668	0.648	0.616	0.637	0.645	0.652	0.666	0.661	0.660	0.666	0.641	0.667	0.647	0.661	0.679	0.643	0.643	0.640	0.655	0.655	0.646	0.678	0.691	0.676	0.646	0.684	0.683	0.674	0.676	0.662	0.646	0.668	0.660
20:00:46	34.7	0.666	0.663	0.668	0.646	0.656	0.668	0.657	0.645	0.645	0.651	0.647	0.652	0.668	0.669	0.680	0.677	0.649	0.650	0.655	0.648	0.660	0.665	0.654	0.660	0.664	0.661	0.673	0.647	0.650	0.640	0.647	0.635	0.654	0.659	0.673	0.658	0.664	0.617	0.674	0.671	0.660	0.645	0.654	0.643	0.667	0.661	0.668	0.653	0.669	0.669	0.677	0.659	0.681	0.649	0.584	0.581	0.651	0.660	0.652	0.662	0.660	0.658	0.664	0.668	0.659	0.634	0.643	0.658	0.655	0.668	0.662	0.665	0.667	0.641	0.670	0.652	0.670	0.675	0.651	0.664	0.719	0.653	0.653	0.649	0.676	0.687	0.675	0.648	0.684	0.677	0.677	0.675	0.666	0.644	0.665	0.659
21:00:46	34.7	0.665	0.663	0.668	0.645	0.654	0.656	0.672	0.645	0.639	0.652	0.643	0.644	0.661	0.667	0.683	0.667	0.652	0.654	0.659	0.645	0.656	0.660	0.654	0.656	0.663	0.660	0.678	0.657	0.641	0.641	0.648	0.652	0.648	0.662	0.693	0.657	0.660	0.610	0.672	0.677	0.670	0.651	0.652	0.659	0.664	0.675	0.663	0.654	0.664	0.675	0.693	0.669	0.685	0.649	0.588	0.591	0.652	0.661	0.648	0.664	0.662	0.660	0.667	0.684	0.663	0.621	0.642	0.670	0.659	0.679	0.663	0.664	0.664	0.639	0.675	0.648	0.674	0.690	0.651	0.673	0.646	0.680	0.652	0.648	0.674	0.689	0.680	0.646	0.679	0.677	0.678	0.681	0.660	0.655	0.666	0.659
22:00:47	34.6	0.661	0.661	0.666	0.641	0.653	0.655	0.659	0.641	0.637	0.650	0.654	0.640	0.662	0.664	0.680	0.663	0.649	0.654	0.674	0.647	0.655	0.662	0.653	0.661	0.663	0.661	0.669	0.655	0.644	0.638	0.644	0.636	0.650	0.666	0.682	0.661	0.659	0.611	0.674	0.688	0.663	0.660	0.658	0.648	0.672	0.666	0.667	0.656	0.660	0.670	0.682	0.667	0.686	0.653	0.594	0.594	0.655	0.663	0.652	0.664	0.664	0.660	0.669	0.677	0.662	0.623	0.649	0.655	0.660	0.665	0.658	0.662	0.663	0.638	0.676	0.651	0.668	0.674	0.660	0.651	0.650	0.658	0.652	0.647	0.676	0.681	0.674	0.651	0.680	0.680	0.676	0.677	0.660	0.645	0.663	0.657
23:00:47	34.5	0.661	0.657	0.664	0.641	0.652	0.653	0.663	0.639	0.632	0.650	0.639	0.633	0.660	0.668	0.680	0.660	0.652	0.649	0.668	0.647	0.660	0.660	0.653	0.654	0.659	0.660	0.672	0.647	0.651	0.637	0.634	0.647	0.652	0.658	0.662	0.654	0.667	0.602	0.679	0.681	0.658	0.653	0.664	0.649	0.662	0.661	0.664	0.653	0.662	0.667	0.679	0.654	0.691	0.658	0.592	0.598	0.657	0.664	0.646	0.660	0.663	0.662	0.666	0.673	0.659	0.639	0.640	0.652	0.661	0.661	0.657	0.658	0.660	0.635	0.671	0.648	0.667	0.680	0.649	0.647	0.646	0.655	0.656	0.643	0.675	0.679	0.668	0.648	0.677	0.683	0.673	0.676	0.659	0.642	0.661	0.652
0:00:00																																																																																																	

Results
	1	2	3	4	5	6	7	8	9	10	11	12
A	0.792	0.773	0.740	0.726	0.727	0.725	0.726	0.707	0.715	0.698	0.742	0.764	Max V [600]
	1.000	1.000	1.000	1.000	1.000	1.000	1.000	1.000	1.000	1.000	1.000	1.000	R-Squared [600]
	9:00:38	9:00:38	9:00:38	9:00:38	9:00:38	9:00:38	9:00:38	9:00:38	8:00:38	10:00:39	8:00:38	8:00:38	t at Max V [600]
	3:56:54	4:03:16	4:00:29	4:00:06	4:05:38	4:01:40	4:08:31	3:59:53	3:57:06	4:16:01	3:50:12	3:42:03	Lagtime [600]
B	0.743	0.726	0.749	0.814	0.691	0.692	0.723	0.700	0.727	0.721	0.723	0.767	Max V [600]
	1.000	1.000	1.000	0.985	1.000	1.000	0.998	0.995	1.000	1.000	0.999	1.000	R-Squared [600]
	9:00:38	10:00:39	9:00:38	9:00:38	10:00:39	9:00:38	9:00:38	8:00:38	9:00:38	9:00:38	8:00:38	8:00:38	t at Max V [600]
	4:15:50	4:25:08	4:21:16	4:53:14	4:32:31	4:24:20	4:46:28	4:27:59	4:26:27	4:15:33	4:08:11	3:57:41	Lagtime [600]
C	0.751	0.718	0.709	0.673	0.756	0.653	0.682	0.667	0.689	0.707	0.742	0.740	Max V [600]
	1.000	1.000	1.000	1.000	0.987	1.000	0.996	1.000	1.000	1.000	1.000	1.000	R-Squared [600]
	9:00:38	9:00:38	9:00:38	9:00:38	10:00:39	9:00:38	9:00:38	9:00:38	9:00:38	9:00:38	9:00:38	10:00:39	t at Max V [600]
	4:20:15	4:28:35	4:37:28	4:37:55	5:17:04	4:38:10	4:50:29	4:41:16	4:38:24	4:35:21	4:28:05	4:11:27	Lagtime [600]
D	0.741	0.670	0.709	0.705	0.713	0.770	0.725	0.780	0.791	0.795	0.740	0.730	Max V [600]
	1.000	0.994	1.000	1.000	0.998	0.990	0.996	0.978	0.990	0.997	0.999	1.000	R-Squared [600]
	9:00:38	8:00:38	9:00:38	9:00:38	10:00:39	12:00:41	10:00:39	10:00:39	10:00:39	11:00:40	9:00:38	9:00:38	t at Max V [600]
	4:19:29	4:22:38	4:42:04	4:42:59	4:51:20	5:25:44	4:59:27	5:19:31	5:09:40	5:05:05	4:26:47	4:10:06	Lagtime [600]
E	0.741	0.717	0.723	0.698	0.684	0.704	0.598	0.586	0.663	0.706	0.700	0.740	Max V [600]
	1.000	1.000	1.000	0.999	1.000	0.997	1.000	0.999	1.000	1.000	1.000	1.000	R-Squared [600]
	9:00:38	9:00:38	9:00:38	9:00:38	10:00:39	11:00:40	9:00:38	9:00:38	10:00:39	9:00:38	9:00:38	9:00:38	t at Max V [600]
	4:20:58	4:27:11	4:39:38	4:47:31	4:43:59	4:54:49	4:31:12	4:21:23	4:34:59	4:34:20	4:25:29	4:18:09	Lagtime [600]
F	0.740	0.704	0.710	0.700	0.689	0.792	0.670	0.707	0.754	0.832	0.716	0.759	Max V [600]
	1.000	1.000	1.000	1.000	1.000	0.942	1.000	0.997	0.992	0.984	1.000	1.000	R-Squared [600]
	9:00:38	9:00:38	9:00:38	9:00:38	10:00:39	12:00:41	10:00:39	9:00:38	9:00:38	9:00:38	9:00:38	9:00:38	t at Max V [600]
	4:21:57	4:16:19	4:36:10	4:41:09	4:50:24	5:59:30	4:55:33	4:54:11	4:59:28	5:02:52	4:24:02	4:15:53	Lagtime [600]
G	0.761	0.699	0.738	0.692	0.768	0.844	0.796	0.707	0.785	0.756	0.700	0.715	Max V [600]
	1.000	1.000	1.000	1.000	0.995	0.985	0.996	0.992	0.992	0.993	1.000	1.000	R-Squared [600]
	9:00:38	10:00:39	9:00:38	9:00:38	10:00:39	10:00:39	10:00:39	8:00:38	10:00:39	12:00:41	10:00:39	9:00:38	t at Max V [600]
	4:16:07	4:17:55	4:28:52	4:29:56	4:54:32	5:10:29	5:06:45	4:28:56	4:59:36	4:49:20	4:18:50	4:11:16	Lagtime [600]
H	0.803	0.790	0.771	0.731	0.767	0.775	0.816	0.762	0.743	0.729	0.759	0.768	Max V [600]
	1.000	0.999	1.000	0.999	1.000	1.000	0.987	1.000	1.000	1.000	0.999	1.000	R-Squared [600]
	9:00:38	9:00:38	9:00:38	9:00:38	9:00:38	10:00:39	11:00:40	9:00:38	9:00:38	8:00:38	8:00:38	8:00:38	t at Max V [600]
	4:07:09	4:10:21	4:15:08	4:09:48	4:18:47	4:26:32	4:41:29	4:19:26	4:15:45	4:05:59	4:03:28	3:59:06	Lagtime [600]


