

Software Version	3.11.19



Experiment File Path:	C:\Users\patil-group\Desktop\Sweeteners_stacker\301121_NT5071_72_74_Rep3\NT5071_72_74_Rep3.xpt
Protocol File Path:	C:\Users\Public\Documents\Protocols\Screening-protocol.prt



Plate Number	Plate 1
Date	30/11/2021
Time	12:46:57
Reader Type:	Epoch 2
Reader Serial Number:	2103223
Reading Type	Reader

Procedure Details

Plate Type	96 WELL PLATE
Discontinuous Kinetics	Runtime 1:00:00 (D:HH:MM), Interval 0:01:00, 25 Reads
	Pause after each run
Eject plate on completion	
Shake	Linear: 0:00:30 (HH:MM:SS)
	Frequency: 567 cpm (3 mm)
Read	Absorbance Endpoint
	Full Plate
	Wavelengths:  600
	Read Speed: Normal,  Delay: 100 msec,  Measurements/Data Point: 8

600

Time	T° 600	A1	A2	A3	A4	A5	A6	A7	A8	A9	A10	A11	A12	B1	B2	B3	B4	B5	B6	B7	B8	B9	B10	B11	B12	C1	C2	C3	C4	C5	C6	C7	C8	C9	C10	C11	C12	D1	D2	D3	D4	D5	D6	D7	D8	D9	D10	D11	D12	E1	E2	E3	E4	E5	E6	E7	E8	E9	E10	E11	E12	F1	F2	F3	F4	F5	F6	F7	F8	F9	F10	F11	F12	G1	G2	G3	G4	G5	G6	G7	G8	G9	G10	G11	G12	H1	H2	H3	H4	H5	H6	H7	H8	H9	H10	H11	H12
0:00:34	34.5	0.179	0.185	0.187	0.181	0.177	0.187	0.176	0.175	0.179	0.184	0.184	0.182	0.179	0.182	0.190	0.183	0.196	0.176	0.179	0.183	0.181	0.180	0.188	0.190	0.186	0.182	0.185	0.179	0.198	0.178	0.186	0.187	0.193	0.186	0.177	0.181	0.183	0.183	0.183	0.179	0.179	0.176	0.179	0.179	0.176	0.186	0.183	0.178	0.177	0.178	0.182	0.182	0.181	0.179	0.193	0.183	0.180	0.179	0.187	0.180	0.178	0.182	0.179	0.178	0.188	0.185	0.182	0.188	0.180	0.182	0.180	0.181	0.184	0.178	0.189	0.181	0.177	0.179	0.189	0.195	0.180	0.178	0.183	0.182	0.179	0.178	0.179	0.176	0.181	0.181	0.183	0.188	0.177	0.179	0.179	0.184
1:00:34	34.8	0.184	0.190	0.191	0.187	0.183	0.192	0.180	0.180	0.185	0.187	0.189	0.188	0.184	0.188	0.194	0.187	0.200	0.180	0.184	0.187	0.185	0.185	0.192	0.194	0.191	0.186	0.195	0.184	0.211	0.184	0.193	0.192	0.198	0.195	0.181	0.186	0.187	0.197	0.216	0.208	0.231	0.210	0.227	0.214	0.208	0.227	0.191	0.183	0.181	0.196	0.213	0.225	0.225	0.227	0.247	0.232	0.225	0.223	0.218	0.185	0.182	0.202	0.211	0.220	0.232	0.224	0.229	0.228	0.227	0.204	0.209	0.186	0.188	0.187	0.199	0.215	0.223	0.226	0.225	0.236	0.202	0.203	0.191	0.187	0.183	0.183	0.184	0.182	0.189	0.196	0.188	0.194	0.182	0.184	0.184	0.189
2:00:34	34.8	0.187	0.193	0.196	0.189	0.186	0.195	0.182	0.182	0.186	0.189	0.191	0.191	0.187	0.191	0.198	0.191	0.203	0.182	0.186	0.189	0.186	0.187	0.195	0.198	0.195	0.191	0.193	0.188	0.205	0.186	0.192	0.193	0.200	0.191	0.184	0.188	0.190	0.190	0.191	0.186	0.187	0.183	0.187	0.186	0.183	0.192	0.190	0.185	0.184	0.185	0.188	0.189	0.189	0.186	0.200	0.201	0.187	0.185	0.195	0.189	0.185	0.191	0.186	0.185	0.197	0.191	0.198	0.194	0.188	0.190	0.189	0.190	0.191	0.184	0.194	0.188	0.186	0.187	0.197	0.198	0.186	0.186	0.192	0.190	0.188	0.186	0.187	0.185	0.188	0.188	0.190	0.198	0.185	0.187	0.187	0.193
3:00:35	34.8	0.198	0.201	0.206	0.198	0.193	0.202	0.191	0.190	0.193	0.196	0.199	0.201	0.196	0.198	0.205	0.198	0.210	0.190	0.192	0.195	0.194	0.194	0.202	0.205	0.202	0.198	0.200	0.194	0.210	0.192	0.197	0.198	0.204	0.197	0.191	0.196	0.197	0.197	0.196	0.193	0.192	0.188	0.191	0.192	0.189	0.197	0.195	0.193	0.192	0.193	0.195	0.194	0.195	0.191	0.203	0.198	0.192	0.192	0.200	0.196	0.193	0.198	0.193	0.191	0.199	0.197	0.196	0.200	0.193	0.196	0.196	0.198	0.198	0.192	0.200	0.194	0.190	0.193	0.201	0.202	0.192	0.192	0.199	0.198	0.195	0.194	0.195	0.192	0.195	0.196	0.197	0.205	0.192	0.194	0.195	0.202
4:00:35	34.8	0.217	0.219	0.223	0.214	0.211	0.216	0.208	0.206	0.210	0.212	0.218	0.220	0.213	0.215	0.221	0.212	0.222	0.204	0.208	0.209	0.208	0.209	0.218	0.223	0.218	0.212	0.215	0.206	0.224	0.204	0.209	0.211	0.218	0.211	0.207	0.213	0.212	0.212	0.210	0.205	0.204	0.200	0.204	0.204	0.201	0.210	0.210	0.210	0.207	0.209	0.209	0.208	0.207	0.204	0.215	0.208	0.206	0.205	0.215	0.212	0.208	0.214	0.209	0.204	0.212	0.212	0.207	0.212	0.204	0.210	0.212	0.215	0.215	0.207	0.216	0.207	0.203	0.208	0.214	0.214	0.206	0.207	0.214	0.215	0.213	0.211	0.213	0.208	0.210	0.211	0.212	0.221	0.208	0.211	0.213	0.221
5:00:36	34.8	0.244	0.246	0.249	0.238	0.235	0.240	0.234	0.229	0.234	0.235	0.244	0.249	0.238	0.240	0.244	0.235	0.244	0.226	0.229	0.234	0.231	0.232	0.243	0.250	0.242	0.235	0.237	0.229	0.245	0.226	0.231	0.233	0.240	0.234	0.231	0.239	0.236	0.236	0.234	0.227	0.226	0.222	0.226	0.225	0.222	0.233	0.233	0.235	0.230	0.232	0.233	0.230	0.228	0.227	0.236	0.229	0.229	0.229	0.237	0.238	0.232	0.238	0.234	0.225	0.234	0.235	0.227	0.232	0.225	0.232	0.236	0.241	0.240	0.230	0.239	0.229	0.225	0.230	0.235	0.234	0.228	0.230	0.239	0.241	0.241	0.236	0.239	0.233	0.234	0.235	0.235	0.244	0.232	0.235	0.240	0.249
6:00:37	34.8	0.281	0.280	0.283	0.273	0.270	0.272	0.267	0.265	0.270	0.270	0.282	0.290	0.275	0.274	0.277	0.266	0.275	0.258	0.261	0.265	0.264	0.265	0.279	0.286	0.276	0.269	0.270	0.259	0.276	0.256	0.262	0.264	0.271	0.267	0.266	0.274	0.270	0.272	0.266	0.257	0.256	0.252	0.255	0.256	0.254	0.267	0.266	0.271	0.264	0.267	0.265	0.261	0.259	0.255	0.266	0.258	0.260	0.261	0.270	0.273	0.269	0.275	0.267	0.256	0.263	0.266	0.257	0.263	0.255	0.266	0.270	0.279	0.274	0.264	0.273	0.260	0.257	0.263	0.267	0.266	0.262	0.264	0.275	0.278	0.280	0.275	0.278	0.269	0.270	0.271	0.271	0.280	0.267	0.271	0.276	0.289
7:00:37	34.8	0.328	0.325	0.327	0.317	0.313	0.317	0.310	0.309	0.316	0.320	0.327	0.338	0.318	0.316	0.321	0.308	0.316	0.301	0.305	0.307	0.308	0.318	0.323	0.332	0.321	0.313	0.313	0.299	0.317	0.296	0.303	0.304	0.314	0.309	0.310	0.319	0.313	0.315	0.309	0.298	0.297	0.293	0.302	0.299	0.293	0.309	0.315	0.314	0.310	0.310	0.309	0.304	0.302	0.298	0.303	0.297	0.305	0.305	0.311	0.316	0.344	0.322	0.315	0.298	0.305	0.309	0.297	0.303	0.296	0.329	0.316	0.323	0.318	0.308	0.320	0.305	0.322	0.307	0.311	0.308	0.303	0.308	0.318	0.322	0.328	0.322	0.327	0.315	0.319	0.319	0.317	0.325	0.315	0.318	0.324	0.339
8:00:38	34.8	0.377	0.373	0.372	0.361	0.360	0.361	0.356	0.362	0.361	0.361	0.376	0.389	0.364	0.361	0.368	0.355	0.361	0.348	0.353	0.353	0.351	0.351	0.369	0.380	0.367	0.359	0.363	0.345	0.363	0.344	0.346	0.350	0.361	0.353	0.357	0.365	0.360	0.367	0.358	0.345	0.343	0.338	0.343	0.344	0.342	0.361	0.355	0.361	0.360	0.358	0.363	0.352	0.351	0.360	0.341	0.337	0.350	0.351	0.357	0.362	0.377	0.372	0.364	0.343	0.350	0.357	0.341	0.349	0.343	0.354	0.368	0.371	0.368	0.356	0.366	0.352	0.348	0.356	0.358	0.360	0.379	0.355	0.364	0.368	0.378	0.370	0.373	0.364	0.368	0.365	0.371	0.403	0.361	0.370	0.372	0.390
9:00:39	34.8	0.429	0.422	0.420	0.408	0.408	0.427	0.403	0.397	0.410	0.408	0.425	0.438	0.419	0.407	0.415	0.401	0.407	0.396	0.402	0.398	0.400	0.399	0.454	0.430	0.416	0.406	0.406	0.401	0.411	0.388	0.394	0.400	0.413	0.401	0.405	0.415	0.419	0.412	0.406	0.396	0.393	0.385	0.390	0.390	0.406	0.401	0.404	0.409	0.415	0.437	0.409	0.400	0.402	0.394	0.381	0.376	0.398	0.400	0.405	0.412	0.429	0.421	0.423	0.398	0.399	0.410	0.387	0.394	0.389	0.401	0.420	0.420	0.414	0.404	0.418	0.408	0.411	0.404	0.403	0.420	0.410	0.404	0.412	0.417	0.426	0.421	0.425	0.411	0.436	0.416	0.415	0.424	0.409	0.414	0.422	0.440
10:00:39	34.8	0.476	0.471	0.467	0.453	0.453	0.447	0.450	0.442	0.454	0.458	0.475	0.485	0.461	0.454	0.475	0.449	0.460	0.441	0.467	0.445	0.446	0.447	0.465	0.478	0.463	0.453	0.456	0.434	0.468	0.477	0.439	0.443	0.450	0.466	0.454	0.464	0.455	0.459	0.450	0.508	0.437	0.431	0.437	0.437	0.429	0.486	0.449	0.457	0.451	0.453	0.450	0.496	0.460	0.482	0.417	0.423	0.443	0.445	0.451	0.460	0.514	0.469	0.469	0.437	0.444	0.462	0.445	0.439	0.434	0.460	0.460	0.470	0.462	0.457	0.457	0.473	0.472	0.452	0.450	0.493	0.445	0.452	0.458	0.464	0.476	0.471	0.475	0.491	0.472	0.467	0.487	0.470	0.456	0.463	0.484	0.491
11:00:40	34.8	0.521	0.517	0.512	0.497	0.497	0.497	0.494	0.485	0.499	0.502	0.517	0.527	0.511	0.501	0.511	0.493	0.496	0.486	0.504	0.489	0.493	0.494	0.509	0.522	0.509	0.497	0.500	0.506	0.512	0.473	0.482	0.488	0.524	0.494	0.502	0.510	0.501	0.505	0.492	0.478	0.482	0.473	0.481	0.481	0.473	0.496	0.491	0.500	0.494	0.499	0.493	0.488	0.488	0.485	0.450	0.450	0.487	0.491	0.495	0.505	0.558	0.515	0.527	0.481	0.488	0.496	0.480	0.482	0.478	0.491	0.504	0.518	0.508	0.496	0.505	0.493	0.486	0.498	0.492	0.518	0.495	0.495	0.523	0.506	0.521	0.516	0.519	0.503	0.538	0.515	0.564	0.544	0.504	0.506	0.517	0.552
12:00:40	34.9	0.562	0.557	0.553	0.536	0.538	0.527	0.534	0.527	0.536	0.546	0.555	0.572	0.547	0.545	0.550	0.534	0.539	0.531	0.537	0.532	0.534	0.534	0.551	0.570	0.548	0.538	0.544	0.550	0.541	0.519	0.525	0.527	0.535	0.533	0.558	0.559	0.538	0.548	0.532	0.519	0.520	0.515	0.522	0.517	0.510	0.527	0.536	0.539	0.561	0.538	0.534	0.525	0.529	0.523	0.485	0.481	0.559	0.531	0.537	0.543	0.563	0.558	0.546	0.517	0.529	0.565	0.558	0.540	0.517	0.533	0.549	0.556	0.550	0.537	0.568	0.542	0.526	0.537	0.537	0.593	0.544	0.533	0.541	0.545	0.560	0.557	0.563	0.554	0.564	0.549	0.575	0.557	0.542	0.547	0.556	0.576
13:00:41	34.9	0.595	0.591	0.586	0.572	0.582	0.560	0.583	0.556	0.572	0.573	0.586	0.598	0.584	0.572	0.587	0.571	0.581	0.563	0.570	0.567	0.571	0.572	0.587	0.593	0.582	0.573	0.581	0.549	0.579	0.600	0.562	0.564	0.575	0.597	0.580	0.589	0.573	0.592	0.568	0.555	0.559	0.567	0.556	0.553	0.547	0.563	0.568	0.570	0.569	0.585	0.593	0.568	0.564	0.556	0.518	0.511	0.563	0.573	0.569	0.576	0.574	0.604	0.579	0.559	0.568	0.583	0.587	0.585	0.575	0.576	0.580	0.585	0.612	0.604	0.604	0.583	0.564	0.582	0.576	0.577	0.565	0.574	0.578	0.578	0.602	0.594	0.594	0.579	0.594	0.588	0.595	0.631	0.630	0.580	0.592	0.617
14:00:41	34.9	0.649	0.631	0.616	0.602	0.600	0.588	0.594	0.588	0.599	0.611	0.617	0.623	0.619	0.610	0.635	0.601	0.606	0.596	0.605	0.596	0.603	0.601	0.617	0.623	0.612	0.606	0.614	0.581	0.614	0.581	0.595	0.594	0.632	0.603	0.664	0.613	0.606	0.614	0.604	0.588	0.586	0.602	0.594	0.584	0.577	0.597	0.598	0.602	0.651	0.610	0.603	0.603	0.599	0.594	0.540	0.534	0.606	0.612	0.601	0.607	0.622	0.640	0.621	0.587	0.606	0.636	0.586	0.589	0.607	0.613	0.620	0.618	0.611	0.617	0.610	0.630	0.599	0.606	0.618	0.641	0.637	0.600	0.609	0.610	0.635	0.643	0.624	0.626	0.632	0.620	0.672	0.673	0.612	0.613	0.619	0.648
15:00:42	34.8	0.649	0.642	0.642	0.628	0.628	0.611	0.656	0.608	0.620	0.624	0.635	0.654	0.649	0.636	0.647	0.634	0.631	0.636	0.630	0.625	0.628	0.629	0.675	0.648	0.636	0.635	0.637	0.611	0.645	0.615	0.622	0.628	0.629	0.625	0.635	0.635	0.627	0.640	0.628	0.615	0.621	0.605	0.626	0.619	0.606	0.624	0.624	0.624	0.637	0.634	0.651	0.670	0.642	0.649	0.557	0.561	0.622	0.626	0.630	0.677	0.670	0.649	0.651	0.642	0.634	0.645	0.614	0.638	0.625	0.634	0.636	0.639	0.633	0.658	0.648	0.623	0.634	0.672	0.627	0.638	0.625	0.624	0.632	0.632	0.644	0.647	0.649	0.672	0.657	0.643	0.634	0.658	0.627	0.635	0.641	0.656
16:00:43	34.8	0.657	0.658	0.659	0.639	0.640	0.629	0.633	0.627	0.635	0.636	0.652	0.651	0.658	0.653	0.677	0.649	0.659	0.647	0.663	0.642	0.646	0.642	0.661	0.659	0.653	0.655	0.666	0.629	0.660	0.644	0.649	0.656	0.646	0.646	0.651	0.651	0.651	0.666	0.644	0.660	0.659	0.633	0.647	0.655	0.625	0.641	0.641	0.641	0.641	0.661	0.649	0.644	0.655	0.691	0.571	0.578	0.651	0.645	0.642	0.642	0.693	0.699	0.664	0.684	0.648	0.654	0.689	0.637	0.635	0.645	0.655	0.648	0.650	0.649	0.647	0.643	0.640	0.723	0.646	0.648	0.656	0.644	0.667	0.646	0.661	0.661	0.663	0.649	0.666	0.669	0.652	0.662	0.645	0.648	0.656	0.671
17:00:44	34.8	0.664	0.668	0.665	0.649	0.663	0.643	0.649	0.636	0.645	0.646	0.658	0.655	0.671	0.674	0.683	0.663	0.663	0.654	0.666	0.661	0.660	0.661	0.667	0.689	0.665	0.668	0.676	0.640	0.671	0.655	0.653	0.657	0.675	0.660	0.660	0.659	0.660	0.673	0.661	0.646	0.651	0.640	0.648	0.650	0.637	0.650	0.649	0.648	0.647	0.664	0.664	0.654	0.665	0.654	0.583	0.592	0.662	0.652	0.666	0.650	0.655	0.689	0.672	0.653	0.666	0.667	0.644	0.647	0.645	0.667	0.665	0.658	0.656	0.665	0.656	0.658	0.650	0.675	0.658	0.656	0.654	0.659	0.660	0.653	0.686	0.677	0.697	0.658	0.712	0.672	0.663	0.675	0.658	0.666	0.665	0.676
18:00:44	34.8	0.685	0.668	0.673	0.654	0.672	0.640	0.651	0.657	0.649	0.650	0.664	0.653	0.672	0.672	0.702	0.674	0.671	0.663	0.671	0.663	0.670	0.660	0.673	0.668	0.672	0.673	0.685	0.651	0.679	0.684	0.665	0.667	0.670	0.666	0.667	0.660	0.663	0.691	0.667	0.656	0.655	0.648	0.658	0.662	0.645	0.667	0.656	0.651	0.664	0.671	0.678	0.667	0.669	0.658	0.589	0.589	0.658	0.687	0.660	0.653	0.680	0.688	0.682	0.656	0.672	0.673	0.662	0.705	0.655	0.661	0.667	0.669	0.673	0.668	0.676	0.694	0.663	0.682	0.695	0.676	0.657	0.704	0.665	0.667	0.669	0.679	0.678	0.667	0.681	0.687	0.678	0.676	0.673	0.667	0.671	0.697
19:00:45	34.8	0.667	0.668	0.673	0.653	0.655	0.639	0.652	0.636	0.650	0.650	0.656	0.654	0.674	0.669	0.682	0.681	0.675	0.665	0.679	0.663	0.681	0.662	0.672	0.676	0.667	0.670	0.683	0.659	0.698	0.652	0.662	0.668	0.679	0.668	0.694	0.664	0.662	0.685	0.676	0.662	0.670	0.652	0.670	0.660	0.648	0.681	0.660	0.651	0.657	0.670	0.687	0.668	0.674	0.669	0.595	0.595	0.667	0.661	0.660	0.656	0.660	0.693	0.679	0.690	0.680	0.710	0.658	0.663	0.661	0.664	0.687	0.662	0.660	0.660	0.668	0.701	0.683	0.674	0.670	0.667	0.658	0.685	0.670	0.655	0.666	0.673	0.678	0.663	0.683	0.673	0.674	0.680	0.664	0.689	0.666	0.689
20:00:46	34.8	0.661	0.665	0.671	0.658	0.659	0.634	0.652	0.639	0.661	0.651	0.657	0.654	0.672	0.666	0.695	0.687	0.690	0.663	0.676	0.664	0.672	0.661	0.672	0.687	0.666	0.679	0.683	0.658	0.692	0.655	0.667	0.683	0.678	0.669	0.668	0.661	0.664	0.688	0.669	0.671	0.662	0.656	0.670	0.660	0.648	0.687	0.668	0.652	0.657	0.671	0.674	0.670	0.674	0.669	0.602	0.602	0.666	0.662	0.663	0.656	0.682	0.689	0.675	0.665	0.687	0.682	0.662	0.662	0.653	0.664	0.667	0.660	0.670	0.666	0.663	0.671	0.664	0.689	0.677	0.667	0.663	0.664	0.665	0.657	0.677	0.670	0.674	0.666	0.679	0.680	0.670	0.672	0.658	0.659	0.673	0.680
21:00:46	34.8	0.661	0.665	0.668	0.655	0.661	0.633	0.647	0.637	0.647	0.647	0.662	0.651	0.669	0.668	0.681	0.675	0.680	0.668	0.676	0.664	0.670	0.660	0.678	0.668	0.665	0.667	0.696	0.659	0.696	0.654	0.671	0.671	0.674	0.670	0.672	0.657	0.665	0.682	0.685	0.661	0.663	0.657	0.666	0.664	0.650	0.676	0.656	0.649	0.668	0.668	0.670	0.667	0.673	0.667	0.601	0.603	0.661	0.663	0.673	0.656	0.677	0.684	0.677	0.659	0.681	0.682	0.670	0.661	0.654	0.662	0.672	0.654	0.652	0.661	0.668	0.667	0.676	0.672	0.667	0.667	0.658	0.662	0.670	0.656	0.671	0.667	0.671	0.669	0.698	0.675	0.680	0.670	0.659	0.661	0.663	0.681
22:00:46	34.7	0.659	0.656	0.668	0.650	0.651	0.632	0.649	0.632	0.650	0.652	0.647	0.645	0.667	0.659	0.679	0.676	0.672	0.664	0.691	0.661	0.666	0.659	0.669	0.660	0.660	0.663	0.679	0.652	0.685	0.678	0.663	0.666	0.679	0.664	0.665	0.656	0.657	0.680	0.667	0.665	0.660	0.653	0.681	0.672	0.648	0.659	0.653	0.649	0.656	0.672	0.676	0.683	0.674	0.665	0.604	0.602	0.659	0.662	0.657	0.650	0.661	0.688	0.690	0.667	0.680	0.690	0.682	0.662	0.650	0.673	0.673	0.659	0.656	0.657	0.662	0.661	0.659	0.674	0.680	0.663	0.700	0.659	0.662	0.651	0.660	0.668	0.683	0.668	0.684	0.692	0.675	0.666	0.680	0.667	0.661	0.669
23:00:47	34.6	0.660	0.655	0.662	0.646	0.647	0.628	0.641	0.626	0.646	0.637	0.644	0.637	0.659	0.655	0.692	0.676	0.669	0.666	0.671	0.659	0.666	0.657	0.663	0.657	0.656	0.669	0.675	0.650	0.684	0.654	0.669	0.676	0.668	0.665	0.662	0.657	0.664	0.675	0.664	0.668	0.655	0.652	0.664	0.656	0.650	0.654	0.658	0.641	0.666	0.666	0.665	0.665	0.666	0.685	0.610	0.604	0.668	0.673	0.661	0.651	0.672	0.677	0.684	0.654	0.685	0.679	0.667	0.675	0.652	0.659	0.668	0.647	0.646	0.658	0.662	0.662	0.666	0.678	0.674	0.663	0.658	0.652	0.665	0.648	0.660	0.662	0.665	0.656	0.681	0.663	0.665	0.663	0.660	0.668	0.675	0.670
0:00:00																																																																																																	

Results
	1	2	3	4	5	6	7	8	9	10	11	12
A	0.819	0.804	0.773	0.753	0.770	0.770	0.771	0.738	0.770	0.776	0.808	0.815	Max V [600]
	1.000	1.000	1.000	1.000	1.000	0.984	1.000	0.997	1.000	0.999	1.000	1.000	R-Squared [600]
	8:00:38	9:00:39	9:00:39	9:00:39	8:00:38	7:00:38	9:00:39	8:00:38	8:00:38	8:00:38	8:00:38	8:00:38	t at Max V [600]
	3:57:15	4:06:48	3:59:24	4:01:08	4:02:28	4:03:24	4:06:29	3:56:27	4:02:47	4:09:06	4:01:50	3:48:17	Lagtime [600]
B	0.803	0.771	0.817	0.769	0.769	0.773	0.853	0.758	0.774	0.767	0.855	0.805	Max V [600]
	0.999	1.000	0.997	1.000	0.998	1.000	0.995	1.000	1.000	0.999	0.969	1.000	R-Squared [600]
	9:00:39	9:00:39	8:00:38	9:00:39	8:00:38	9:00:39	9:00:39	9:00:39	9:00:39	10:00:39	7:00:38	8:00:38	t at Max V [600]
	4:07:27	4:08:21	4:18:13	4:16:33	4:22:47	4:17:49	4:34:31	4:16:16	4:19:09	4:15:36	4:09:59	4:02:23	Lagtime [600]
C	0.784	0.771	0.780	0.860	0.825	0.891	0.752	0.768	0.848	0.816	0.832	0.804	Max V [600]
	1.000	1.000	0.999	0.991	0.998	0.972	1.000	0.999	0.990	0.992	0.999	1.000	R-Squared [600]
	9:00:39	9:00:39	9:00:39	10:00:39	9:00:39	8:00:38	9:00:39	9:00:39	9:00:39	8:00:38	10:00:39	10:00:39	t at Max V [600]
	4:08:05	4:11:28	4:14:58	4:49:07	4:38:21	4:45:39	4:25:57	4:27:25	4:42:02	4:28:12	4:25:49	4:10:17	Lagtime [600]
D	0.792	0.787	0.778	0.999	0.773	0.757	0.754	0.763	0.773	0.885	0.759	0.779	Max V [600]
	0.996	1.000	0.999	0.950	1.000	1.000	0.999	1.000	0.984	0.979	0.999	1.000	R-Squared [600]
	8:00:38	9:00:39	8:00:38	8:00:38	9:00:39	9:00:39	9:00:39	9:00:39	8:00:38	8:00:38	8:00:38	8:00:38	t at Max V [600]
	4:12:54	4:10:39	4:16:21	4:58:38	4:26:57	4:26:35	4:20:13	4:24:28	4:22:48	4:38:16	4:10:26	4:04:21	Lagtime [600]
E	0.802	0.837	0.785	0.941	0.835	0.914	0.635	0.678	0.849	0.777	0.770	0.791	Max V [600]
	0.989	0.974	0.998	0.969	0.997	0.979	1.000	0.999	0.990	1.000	1.000	1.000	R-Squared [600]
	10:00:39	7:00:38	8:00:38	8:00:38	8:00:38	8:00:38	8:00:38	8:00:38	10:00:39	9:00:39	9:00:39	9:00:39	t at Max V [600]
	4:12:17	4:09:25	4:15:03	4:48:59	4:32:46	4:45:06	4:06:40	4:11:02	4:45:49	4:18:11	4:19:24	4:08:35	Lagtime [600]
F	0.959	0.814	0.884	0.769	0.769	0.839	0.878	0.806	0.761	0.767	0.806	0.814	Max V [600]
	0.979	1.000	0.999	0.997	1.000	0.992	0.987	0.998	1.000	0.985	0.998	1.000	R-Squared [600]
	8:00:38	8:00:38	9:00:39	8:00:38	9:00:39	10:00:39	10:00:39	11:00:40	9:00:39	8:00:38	8:00:38	9:00:39	t at Max V [600]
	4:22:37	4:08:05	4:28:58	4:22:09	4:27:56	4:35:12	5:04:27	4:48:24	4:27:30	4:06:48	4:08:33	4:07:08	Lagtime [600]
G	0.806	0.802	0.820	0.882	0.866	0.797	0.763	0.944	0.804	0.786	0.840	0.779	Max V [600]
	0.996	0.990	0.994	0.994	0.986	1.000	1.000	0.989	0.979	1.000	0.995	1.000	R-Squared [600]
	11:00:40	11:00:40	10:00:39	8:00:38	8:00:38	9:00:39	8:00:38	8:00:38	7:00:38	8:00:38	9:00:39	8:00:38	t at Max V [600]
	4:17:40	4:19:26	4:26:12	4:37:36	4:26:45	4:19:43	4:19:39	4:55:50	4:10:38	4:14:00	4:24:34	3:59:54	Lagtime [600]
H	0.819	0.820	0.822	0.900	0.903	0.823	1.015	0.841	0.881	0.798	0.855	0.882	Max V [600]
	1.000	1.000	1.000	0.986	0.994	1.000	0.988	0.969	0.975	1.000	0.997	0.998	R-Squared [600]
	8:00:38	8:00:38	8:00:38	8:00:38	9:00:39	9:00:39	9:00:39	9:00:39	11:00:40	8:00:38	8:00:38	9:00:39	t at Max V [600]
	3:57:44	4:04:03	4:00:52	4:25:20	4:28:49	4:14:15	4:56:28	4:09:13	4:44:27	4:04:20	4:10:38	4:07:19	Lagtime [600]


