

Software Version	3.10.06



Experiment File Path:	C:\Users\patil-group\Desktop\Sweeteners_stacker\251021_NT5019_22_23_Rep1\NT5019_22_23_Rep1.xpt
Protocol File Path:	C:\Users\Public\Documents\Protocols\Screening-protocol.prt



Plate Number	Plate 5
Date	25/10/2021
Time	11:24:13
Reader Type:	Epoch 2
Reader Serial Number:	2103223
Reading Type	Reader

Procedure Details

Plate Type	96 WELL PLATE
Discontinuous Kinetics	Runtime 1:00:00 (D:HH:MM), Interval 0:01:00, 25 Reads
	Pause after each run
Eject plate on completion	
Shake	Linear: 0:00:30 (HH:MM:SS)
	Frequency: 567 cpm (3 mm)
Read	Absorbance Endpoint
	Full Plate
	Wavelengths:  600
	Read Speed: Normal,  Delay: 100 msec,  Measurements/Data Point: 8

600

Time	T° 600	A1	A2	A3	A4	A5	A6	A7	A8	A9	A10	A11	A12	B1	B2	B3	B4	B5	B6	B7	B8	B9	B10	B11	B12	C1	C2	C3	C4	C5	C6	C7	C8	C9	C10	C11	C12	D1	D2	D3	D4	D5	D6	D7	D8	D9	D10	D11	D12	E1	E2	E3	E4	E5	E6	E7	E8	E9	E10	E11	E12	F1	F2	F3	F4	F5	F6	F7	F8	F9	F10	F11	F12	G1	G2	G3	G4	G5	G6	G7	G8	G9	G10	G11	G12	H1	H2	H3	H4	H5	H6	H7	H8	H9	H10	H11	H12
0:00:34	34.5	0.207	0.178	0.173	0.178	0.178	0.181	0.178	0.176	0.181	0.176	0.177	0.188	0.197	0.191	0.172	0.174	0.175	0.180	0.176	0.182	0.174	0.169	0.173	0.182	0.182	0.182	0.183	0.177	0.172	0.177	0.172	0.170	0.173	0.173	0.172	0.189	0.180	0.182	0.176	0.169	0.178	0.170	0.172	0.176	0.170	0.171	0.177	0.184	0.189	0.182	0.170	0.175	0.191	0.179	0.170	0.170	0.172	0.172	0.172	0.186	0.188	0.187	0.179	0.184	0.179	0.175	0.173	0.172	0.170	0.173	0.176	0.186	0.176	0.179	0.169	0.171	0.174	0.173	0.174	0.179	0.170	0.170	0.170	0.194	0.188	0.179	0.176	0.184	0.178	0.174	0.174	0.173	0.176	0.174	0.176	0.182
1:00:33	35.0	0.216	0.187	0.183	0.188	0.186	0.189	0.187	0.184	0.190	0.185	0.185	0.196	0.206	0.186	0.181	0.183	0.184	0.189	0.185	0.190	0.182	0.178	0.183	0.190	0.190	0.190	0.190	0.184	0.180	0.185	0.180	0.178	0.180	0.180	0.181	0.197	0.188	0.189	0.184	0.176	0.186	0.178	0.180	0.183	0.177	0.179	0.184	0.192	0.196	0.190	0.178	0.183	0.197	0.186	0.176	0.177	0.179	0.180	0.181	0.193	0.197	0.193	0.185	0.189	0.186	0.182	0.179	0.179	0.177	0.181	0.184	0.194	0.186	0.187	0.178	0.179	0.182	0.180	0.181	0.186	0.177	0.178	0.179	0.202	0.196	0.187	0.185	0.190	0.186	0.182	0.181	0.181	0.184	0.182	0.184	0.189
2:00:34	34.9	0.230	0.201	0.197	0.201	0.198	0.200	0.200	0.195	0.203	0.199	0.198	0.209	0.219	0.199	0.193	0.195	0.196	0.200	0.196	0.202	0.194	0.190	0.196	0.202	0.201	0.201	0.199	0.195	0.191	0.195	0.190	0.188	0.191	0.191	0.193	0.208	0.200	0.200	0.194	0.187	0.196	0.188	0.189	0.193	0.187	0.190	0.195	0.202	0.206	0.200	0.188	0.193	0.206	0.195	0.185	0.187	0.193	0.190	0.192	0.203	0.209	0.204	0.194	0.198	0.195	0.191	0.188	0.188	0.186	0.190	0.195	0.205	0.199	0.199	0.189	0.189	0.192	0.190	0.191	0.195	0.187	0.188	0.190	0.214	0.209	0.199	0.197	0.201	0.197	0.193	0.191	0.191	0.195	0.192	0.194	0.200
3:00:35	34.9	0.258	0.228	0.222	0.227	0.224	0.226	0.224	0.218	0.229	0.225	0.224	0.234	0.244	0.230	0.216	0.216	0.218	0.221	0.217	0.223	0.216	0.212	0.220	0.226	0.223	0.222	0.217	0.212	0.210	0.213	0.206	0.206	0.209	0.209	0.215	0.229	0.221	0.220	0.211	0.204	0.211	0.204	0.205	0.209	0.204	0.207	0.214	0.221	0.226	0.219	0.206	0.209	0.222	0.210	0.200	0.201	0.206	0.207	0.211	0.222	0.232	0.223	0.211	0.212	0.210	0.206	0.203	0.203	0.203	0.207	0.216	0.226	0.223	0.221	0.208	0.207	0.208	0.207	0.206	0.211	0.204	0.205	0.210	0.236	0.232	0.222	0.220	0.222	0.218	0.211	0.210	0.209	0.214	0.212	0.215	0.220
4:00:35	34.9	0.312	0.281	0.272	0.282	0.278	0.280	0.275	0.266	0.278	0.276	0.276	0.284	0.295	0.280	0.262	0.259	0.262	0.263	0.258	0.267	0.259	0.257	0.269	0.274	0.269	0.263	0.253	0.247	0.244	0.246	0.237	0.239	0.243	0.245	0.258	0.271	0.265	0.259	0.245	0.236	0.241	0.234	0.234	0.238	0.235	0.240	0.251	0.258	0.267	0.256	0.240	0.241	0.252	0.239	0.226	0.225	0.237	0.239	0.249	0.259	0.279	0.263	0.244	0.241	0.241	0.235	0.232	0.232	0.233	0.240	0.255	0.266	0.271	0.262	0.244	0.239	0.240	0.235	0.236	0.242	0.237	0.239	0.249	0.278	0.281	0.269	0.264	0.263	0.258	0.248	0.247	0.245	0.251	0.249	0.255	0.260
5:00:36	34.9	0.369	0.344	0.333	0.342	0.341	0.340	0.336	0.324	0.336	0.334	0.333	0.336	0.354	0.342	0.322	0.319	0.322	0.321	0.316	0.323	0.319	0.315	0.330	0.331	0.329	0.321	0.309	0.301	0.299	0.299	0.289	0.293	0.298	0.301	0.315	0.326	0.322	0.316	0.300	0.290	0.293	0.284	0.283	0.289	0.287	0.293	0.307	0.310	0.322	0.316	0.295	0.292	0.314	0.290	0.270	0.266	0.289	0.292	0.305	0.310	0.340	0.322	0.300	0.291	0.296	0.283	0.286	0.281	0.284	0.292	0.311	0.319	0.336	0.322	0.301	0.292	0.292	0.286	0.284	0.292	0.289	0.292	0.302	0.331	0.324	0.327	0.320	0.319	0.313	0.301	0.299	0.297	0.302	0.299	0.307	0.308
6:00:36	34.9	0.436	0.416	0.398	0.414	0.426	0.424	0.405	0.382	0.400	0.393	0.393	0.387	0.417	0.430	0.385	0.379	0.399	0.384	0.377	0.387	0.375	0.376	0.389	0.383	0.379	0.401	0.366	0.358	0.354	0.353	0.340	0.349	0.350	0.355	0.371	0.373	0.387	0.388	0.360	0.356	0.352	0.349	0.339	0.344	0.343	0.345	0.361	0.353	0.395	0.403	0.376	0.363	0.407	0.367	0.324	0.312	0.351	0.344	0.356	0.346	0.422	0.400	0.381	0.354	0.384	0.347	0.376	0.339	0.344	0.344	0.375	0.364	0.432	0.396	0.371	0.365	0.358	0.343	0.346	0.352	0.346	0.345	0.347	0.369	0.386	0.394	0.384	0.372	0.389	0.350	0.355	0.348	0.346	0.339	0.349	0.343
7:00:37	34.9	0.561	0.551	0.531	0.558	0.572	0.567	0.535	0.502	0.519	0.504	0.506	0.469	0.545	0.562	0.513	0.499	0.533	0.501	0.494	0.509	0.490	0.493	0.519	0.480	0.483	0.525	0.475	0.458	0.451	0.439	0.423	0.450	0.441	0.461	0.484	0.448	0.510	0.508	0.459	0.456	0.441	0.443	0.424	0.428	0.436	0.431	0.458	0.421	0.514	0.515	0.478	0.460	0.498	0.456	0.401	0.357	0.446	0.428	0.446	0.406	0.544	0.518	0.488	0.452	0.484	0.439	0.470	0.426	0.440	0.432	0.493	0.446	0.561	0.513	0.488	0.480	0.464	0.438	0.444	0.448	0.441	0.441	0.421	0.437	0.490	0.519	0.509	0.482	0.507	0.439	0.445	0.440	0.414	0.405	0.418	0.391
8:00:38	34.9	0.723	0.721	0.696	0.724	0.744	0.738	0.703	0.663	0.683	0.664	0.667	0.599	0.712	0.742	0.679	0.665	0.695	0.658	0.647	0.665	0.651	0.655	0.690	0.630	0.639	0.675	0.622	0.596	0.593	0.576	0.558	0.590	0.582	0.608	0.644	0.572	0.666	0.659	0.603	0.587	0.569	0.568	0.548	0.553	0.568	0.571	0.604	0.524	0.662	0.651	0.609	0.585	0.614	0.571	0.496	0.434	0.581	0.564	0.589	0.493	0.700	0.667	0.626	0.584	0.606	0.562	0.584	0.548	0.571	0.576	0.644	0.573	0.721	0.670	0.629	0.618	0.597	0.561	0.565	0.569	0.579	0.579	0.542	0.543	0.637	0.678	0.657	0.629	0.650	0.568	0.569	0.561	0.521	0.504	0.523	0.452
9:00:37	34.9	0.826	0.827	0.807	0.827	0.851	0.850	0.817	0.788	0.805	0.787	0.785	0.734	0.827	0.862	0.808	0.800	0.828	0.797	0.791	0.801	0.787	0.785	0.811	0.757	0.777	0.811	0.773	0.744	0.739	0.726	0.707	0.739	0.728	0.750	0.781	0.712	0.809	0.810	0.753	0.735	0.717	0.717	0.694	0.700	0.715	0.720	0.753	0.662	0.812	0.796	0.757	0.732	0.757	0.712	0.600	0.510	0.725	0.695	0.740	0.619	0.839	0.818	0.773	0.728	0.752	0.707	0.725	0.696	0.719	0.726	0.791	0.716	0.862	0.817	0.774	0.762	0.747	0.704	0.703	0.708	0.724	0.724	0.682	0.676	0.766	0.816	0.795	0.767	0.792	0.717	0.711	0.710	0.660	0.641	0.661	0.544
10:00:39	34.9	0.849	0.855	0.829	0.847	0.876	0.877	0.848	0.833	0.844	0.828	0.823	0.795	0.861	0.896	0.863	0.854	0.892	0.862	0.853	0.861	0.844	0.836	0.847	0.809	0.841	0.892	0.866	0.851	0.839	0.828	0.812	0.837	0.821	0.828	0.848	0.791	0.872	0.894	0.849	0.845	0.836	0.838	0.817	0.810	0.827	0.819	0.841	0.763	0.890	0.898	0.869	0.849	0.875	0.840	0.711	0.581	0.835	0.810	0.829	0.728	0.902	0.906	0.882	0.838	0.876	0.831	0.847	0.812	0.832	0.829	0.874	0.800	0.913	0.887	0.874	0.869	0.856	0.818	0.826	0.822	0.833	0.820	0.768	0.762	0.820	0.876	0.869	0.848	0.876	0.811	0.812	0.812	0.761	0.746	0.755	0.654
11:00:39	34.9	0.834	0.834	0.808	0.830	0.860	0.860	0.830	0.820	0.835	0.821	0.810	0.804	0.846	0.884	0.853	0.846	0.887	0.863	0.853	0.858	0.838	0.825	0.834	0.808	0.836	0.895	0.883	0.881	0.867	0.861	0.852	0.867	0.842	0.843	0.848	0.808	0.874	0.906	0.880	0.891	0.889	0.890	0.876	0.866	0.864	0.849	0.852	0.799	0.893	0.915	0.912	0.905	0.937	0.905	0.786	0.632	0.878	0.852	0.851	0.782	0.902	0.920	0.915	0.891	0.933	0.890	0.912	0.872	0.886	0.867	0.883	0.816	0.906	0.896	0.906	0.912	0.902	0.872	0.882	0.876	0.872	0.849	0.799	0.790	0.818	0.870	0.874	0.856	0.891	0.838	0.844	0.844	0.802	0.783	0.788	0.727
12:00:40	34.9	0.812	0.811	0.785	0.803	0.832	0.833	0.803	0.795	0.809	0.797	0.788	0.788	0.820	0.859	0.827	0.821	0.863	0.840	0.830	0.835	0.817	0.801	0.809	0.788	0.814	0.878	0.867	0.866	0.856	0.848	0.840	0.855	0.827	0.819	0.824	0.796	0.847	0.887	0.866	0.884	0.881	0.887	0.874	0.862	0.857	0.835	0.834	0.795	0.870	0.898	0.903	0.902	0.939	0.912	0.824	0.659	0.869	0.842	0.836	0.788	0.879	0.904	0.905	0.888	0.932	0.894	0.918	0.873	0.885	0.855	0.865	0.806	0.878	0.873	0.888	0.903	0.898	0.866	0.878	0.873	0.860	0.832	0.798	0.786	0.796	0.842	0.851	0.833	0.871	0.822	0.837	0.833	0.796	0.779	0.782	0.758
13:00:40	34.9	0.795	0.791	0.762	0.782	0.809	0.810	0.783	0.773	0.787	0.778	0.769	0.770	0.798	0.832	0.800	0.794	0.835	0.812	0.805	0.809	0.790	0.776	0.788	0.768	0.789	0.850	0.838	0.836	0.829	0.821	0.817	0.830	0.799	0.801	0.799	0.773	0.815	0.856	0.835	0.858	0.854	0.864	0.852	0.838	0.831	0.809	0.806	0.775	0.840	0.871	0.876	0.878	0.915	0.892	0.829	0.671	0.851	0.817	0.810	0.775	0.851	0.870	0.877	0.863	0.908	0.874	0.892	0.851	0.863	0.829	0.838	0.783	0.849	0.842	0.864	0.873	0.873	0.846	0.855	0.848	0.832	0.806	0.778	0.771	0.774	0.811	0.821	0.807	0.842	0.797	0.813	0.807	0.776	0.761	0.763	0.761
14:00:41	34.9	0.783	0.775	0.747	0.767	0.795	0.791	0.768	0.759	0.771	0.763	0.759	0.760	0.781	0.805	0.777	0.774	0.813	0.790	0.784	0.789	0.772	0.759	0.773	0.757	0.771	0.816	0.812	0.808	0.801	0.793	0.793	0.802	0.775	0.778	0.777	0.758	0.794	0.828	0.806	0.829	0.821	0.829	0.821	0.805	0.799	0.780	0.781	0.755	0.813	0.838	0.844	0.849	0.885	0.859	0.822	0.682	0.821	0.787	0.785	0.755	0.829	0.848	0.853	0.837	0.874	0.837	0.861	0.818	0.833	0.799	0.808	0.764	0.824	0.814	0.834	0.841	0.841	0.817	0.825	0.814	0.806	0.776	0.759	0.754	0.760	0.790	0.795	0.783	0.816	0.774	0.787	0.780	0.754	0.739	0.745	0.747
15:00:41	34.9	0.774	0.765	0.737	0.753	0.781	0.777	0.756	0.748	0.760	0.751	0.751	0.754	0.771	0.786	0.764	0.763	0.797	0.776	0.767	0.772	0.759	0.748	0.762	0.748	0.757	0.802	0.787	0.788	0.782	0.770	0.770	0.781	0.757	0.762	0.763	0.750	0.774	0.806	0.791	0.804	0.799	0.804	0.795	0.784	0.777	0.761	0.764	0.744	0.794	0.821	0.821	0.824	0.859	0.830	0.806	0.685	0.795	0.765	0.765	0.741	0.811	0.830	0.833	0.809	0.852	0.811	0.832	0.791	0.804	0.776	0.791	0.752	0.805	0.795	0.811	0.816	0.805	0.790	0.803	0.789	0.781	0.756	0.745	0.744	0.749	0.779	0.776	0.766	0.796	0.757	0.767	0.761	0.742	0.729	0.735	0.736
16:00:42	34.9	0.772	0.759	0.732	0.744	0.773	0.767	0.750	0.741	0.753	0.745	0.745	0.750	0.763	0.774	0.756	0.754	0.788	0.767	0.759	0.763	0.750	0.742	0.755	0.744	0.749	0.786	0.775	0.775	0.771	0.762	0.761	0.768	0.747	0.751	0.756	0.745	0.762	0.793	0.774	0.790	0.785	0.789	0.779	0.767	0.764	0.748	0.754	0.736	0.777	0.804	0.803	0.802	0.842	0.812	0.783	0.686	0.779	0.752	0.754	0.732	0.798	0.818	0.815	0.797	0.825	0.795	0.812	0.777	0.792	0.760	0.777	0.742	0.791	0.785	0.796	0.798	0.790	0.772	0.788	0.776	0.776	0.744	0.733	0.736	0.742	0.765	0.764	0.754	0.783	0.746	0.758	0.747	0.733	0.721	0.729	0.730
17:00:43	34.9	0.778	0.762	0.736	0.748	0.774	0.768	0.750	0.739	0.752	0.748	0.748	0.751	0.765	0.772	0.751	0.752	0.782	0.764	0.754	0.758	0.749	0.739	0.755	0.743	0.746	0.775	0.766	0.766	0.762	0.755	0.749	0.758	0.741	0.744	0.750	0.741	0.759	0.779	0.764	0.781	0.774	0.777	0.771	0.761	0.751	0.741	0.747	0.731	0.765	0.798	0.791	0.793	0.831	0.799	0.766	0.684	0.765	0.745	0.746	0.725	0.788	0.805	0.803	0.786	0.825	0.781	0.798	0.761	0.779	0.751	0.768	0.736	0.786	0.775	0.784	0.790	0.781	0.760	0.778	0.760	0.761	0.734	0.725	0.730	0.740	0.764	0.752	0.748	0.773	0.737	0.747	0.738	0.727	0.716	0.724	0.727
18:00:43	34.9	0.786	0.769	0.743	0.756	0.781	0.774	0.758	0.745	0.760	0.755	0.755	0.757	0.770	0.776	0.754	0.754	0.784	0.764	0.756	0.760	0.751	0.743	0.760	0.750	0.748	0.775	0.762	0.765	0.761	0.752	0.744	0.752	0.740	0.743	0.754	0.742	0.757	0.780	0.760	0.775	0.769	0.772	0.764	0.753	0.747	0.736	0.744	0.730	0.762	0.788	0.784	0.789	0.826	0.794	0.758	0.682	0.760	0.739	0.740	0.721	0.786	0.804	0.794	0.778	0.815	0.777	0.787	0.758	0.774	0.745	0.763	0.735	0.785	0.775	0.777	0.783	0.771	0.752	0.771	0.756	0.756	0.729	0.721	0.727	0.745	0.760	0.755	0.747	0.770	0.735	0.744	0.735	0.724	0.714	0.724	0.725
19:00:44	34.9	0.798	0.779	0.753	0.766	0.787	0.783	0.767	0.755	0.768	0.767	0.768	0.770	0.780	0.789	0.765	0.760	0.789	0.768	0.762	0.766	0.758	0.753	0.770	0.759	0.753	0.775	0.760	0.760	0.762	0.754	0.747	0.752	0.742	0.746	0.760	0.750	0.762	0.780	0.761	0.771	0.768	0.771	0.759	0.754	0.746	0.738	0.749	0.733	0.766	0.783	0.783	0.785	0.822	0.790	0.761	0.683	0.759	0.740	0.742	0.719	0.792	0.798	0.794	0.778	0.808	0.775	0.783	0.750	0.767	0.745	0.765	0.738	0.791	0.778	0.774	0.778	0.773	0.753	0.762	0.753	0.756	0.731	0.721	0.729	0.755	0.770	0.761	0.751	0.771	0.737	0.744	0.735	0.728	0.716	0.729	0.726
20:00:45	34.9	0.811	0.793	0.765	0.780	0.798	0.794	0.779	0.766	0.781	0.780	0.782	0.786	0.789	0.795	0.773	0.770	0.793	0.776	0.771	0.773	0.766	0.761	0.781	0.770	0.763	0.778	0.768	0.765	0.767	0.758	0.749	0.756	0.747	0.752	0.766	0.759	0.767	0.782	0.764	0.772	0.768	0.772	0.761	0.754	0.747	0.746	0.755	0.741	0.774	0.791	0.778	0.784	0.817	0.786	0.760	0.687	0.758	0.745	0.749	0.724	0.795	0.809	0.802	0.777	0.804	0.767	0.776	0.752	0.772	0.751	0.770	0.747	0.795	0.785	0.779	0.782	0.769	0.753	0.764	0.750	0.757	0.735	0.724	0.736	0.765	0.777	0.765	0.759	0.775	0.745	0.746	0.740	0.735	0.723	0.738	0.728
21:00:45	34.9	0.826	0.806	0.776	0.787	0.809	0.800	0.789	0.778	0.791	0.791	0.795	0.801	0.799	0.796	0.780	0.777	0.802	0.785	0.777	0.781	0.776	0.770	0.791	0.782	0.774	0.786	0.773	0.772	0.770	0.764	0.753	0.763	0.752	0.759	0.775	0.771	0.774	0.788	0.768	0.779	0.770	0.775	0.764	0.757	0.754	0.754	0.763	0.752	0.781	0.790	0.786	0.783	0.817	0.789	0.756	0.696	0.763	0.752	0.755	0.732	0.802	0.814	0.800	0.781	0.813	0.773	0.781	0.754	0.773	0.756	0.779	0.756	0.804	0.790	0.785	0.789	0.774	0.762	0.766	0.756	0.764	0.742	0.730	0.747	0.777	0.785	0.777	0.767	0.782	0.754	0.755	0.747	0.745	0.733	0.750	0.734
22:00:46	34.9	0.835	0.817	0.786	0.799	0.817	0.811	0.801	0.787	0.802	0.802	0.806	0.814	0.809	0.801	0.790	0.785	0.811	0.793	0.786	0.790	0.783	0.780	0.800	0.794	0.784	0.791	0.781	0.779	0.781	0.771	0.762	0.769	0.760	0.766	0.785	0.783	0.785	0.791	0.775	0.780	0.775	0.778	0.768	0.764	0.760	0.760	0.774	0.764	0.782	0.801	0.791	0.795	0.819	0.789	0.757	0.706	0.771	0.758	0.764	0.742	0.811	0.818	0.801	0.787	0.812	0.775	0.783	0.759	0.780	0.763	0.784	0.767	0.810	0.797	0.791	0.792	0.777	0.762	0.775	0.762	0.767	0.750	0.739	0.759	0.790	0.799	0.785	0.777	0.784	0.762	0.760	0.756	0.755	0.744	0.761	0.744
23:00:46	35.0	0.846	0.827	0.797	0.809	0.827	0.822	0.810	0.799	0.811	0.814	0.818	0.827	0.819	0.812	0.798	0.793	0.817	0.803	0.794	0.798	0.792	0.789	0.811	0.806	0.794	0.797	0.788	0.784	0.788	0.778	0.770	0.776	0.768	0.776	0.795	0.795	0.793	0.799	0.782	0.790	0.781	0.787	0.775	0.768	0.764	0.767	0.782	0.776	0.795	0.799	0.799	0.799	0.830	0.794	0.760	0.718	0.777	0.768	0.774	0.754	0.816	0.825	0.808	0.789	0.820	0.780	0.784	0.765	0.788	0.770	0.793	0.777	0.812	0.803	0.796	0.796	0.785	0.768	0.779	0.768	0.780	0.761	0.751	0.771	0.799	0.806	0.792	0.787	0.793	0.771	0.769	0.766	0.766	0.756	0.773	0.755
0:00:00																																																																																																	

Results
	1	2	3	4	5	6	7	8	9	10	11	12
A	2.004	2.118	2.077	2.133	2.231	2.223	2.102	2.014	2.034	1.963	1.963	1.803	Max V [600]
	0.984	0.985	0.983	0.986	0.989	0.989	0.984	0.979	0.981	0.978	0.979	0.987	R-Squared [600]
	7:00:37	7:00:37	7:00:37	7:00:37	7:00:37	7:00:37	7:00:37	7:00:37	7:00:37	7:00:37	7:00:37	8:00:38	t at Max V [600]
	3:53:01	3:54:29	3:57:42	3:55:46	3:57:32	3:59:16	3:59:12	4:03:46	3:59:56	3:57:04	3:57:10	4:13:42	Lagtime [600]
B	2.068	2.253	2.111	2.083	2.178	2.089	2.081	2.068	2.058	2.032	2.103	1.879	Max V [600]
	0.982	0.988	0.981	0.978	0.988	0.985	0.985	0.983	0.981	0.979	0.979	0.981	R-Squared [600]
	7:00:37	7:00:37	7:00:37	8:00:38	7:00:37	8:00:38	8:00:38	8:00:38	8:00:38	7:00:37	7:00:37	8:00:38	t at Max V [600]
	3:59:42	4:04:27	4:05:24	4:17:21	4:06:14	4:20:14	4:21:33	4:16:44	4:19:15	4:05:51	4:02:38	4:11:41	Lagtime [600]
C	2.030	2.115	2.162	2.119	2.094	2.062	2.046	2.107	2.047	2.060	2.086	1.831	Max V [600]
	0.985	0.992	0.994	0.996	0.995	0.993	0.993	0.995	0.993	0.991	0.985	0.990	R-Squared [600]
	8:00:38	8:00:38	8:00:38	8:00:38	8:00:38	8:00:38	8:00:38	8:00:38	8:00:38	8:00:38	8:00:38	8:00:38	t at Max V [600]
	4:22:49	4:14:08	4:38:29	4:40:06	4:38:41	4:43:01	4:47:20	4:39:49	4:39:23	4:33:10	4:23:07	4:27:34	Lagtime [600]
D	2.115	2.188	2.119	2.094	2.069	2.085	2.040	2.005	2.076	2.064	2.088	1.767	Max V [600]
	0.984	0.992	0.994	0.996	0.994	0.995	0.993	0.993	0.995	0.992	0.992	0.988	R-Squared [600]
	8:00:38	8:00:38	8:00:38	8:00:38	8:00:38	8:00:38	8:00:38	8:00:38	8:00:38	8:00:38	8:00:38	8:00:38	t at Max V [600]
	4:19:14	4:25:49	4:38:12	4:36:48	4:44:52	4:42:57	4:48:31	4:45:38	4:44:09	4:44:04	4:36:13	4:36:42	Lagtime [600]
E	2.145	2.120	2.110	2.073	1.989	2.000	1.641	1.163	2.074	1.999	2.069	1.645	Max V [600]
	0.991	0.997	0.997	0.996	0.995	0.993	0.997	0.995	0.996	0.995	0.991	0.986	R-Squared [600]
	8:00:38	8:00:38	8:00:38	8:00:38	8:00:38	8:00:38	9:00:38	9:00:38	8:00:38	8:00:38	8:00:38	9:00:38	t at Max V [600]
	4:23:21	4:18:41	4:28:19	4:36:39	4:19:37	4:35:43	4:39:09	4:14:29	4:40:24	4:42:31	4:37:47	4:45:23	Lagtime [600]
F	2.125	2.189	2.144	2.075	2.085	2.060	1.993	2.029	2.090	2.105	2.158	1.902	Max V [600]
	0.988	0.994	0.997	0.996	0.996	0.995	0.995	0.993	0.995	0.993	0.992	0.991	R-Squared [600]
	7:00:37	8:00:38	8:00:38	8:00:38	8:00:38	8:00:38	8:00:38	8:00:38	8:00:38	8:00:38	8:00:38	8:00:38	t at Max V [600]
	4:01:30	4:23:56	4:30:15	4:44:18	4:29:09	4:45:17	4:26:33	4:47:07	4:43:40	4:46:38	4:27:43	4:33:53	Lagtime [600]
G	2.237	2.142	2.152	2.151	2.131	2.027	2.028	2.000	2.097	2.053	1.840	1.708	Max V [600]
	0.992	0.987	0.997	0.998	0.997	0.996	0.997	0.997	0.995	0.994	0.990	0.990	R-Squared [600]
	7:00:37	8:00:38	8:00:38	8:00:38	8:00:38	8:00:38	8:00:38	8:00:38	8:00:38	8:00:38	8:00:38	8:00:38	t at Max V [600]
	3:59:15	4:17:50	4:27:45	4:32:32	4:38:43	4:43:29	4:42:05	4:40:13	4:42:48	4:40:14	4:33:01	4:27:34	Lagtime [600]
H	1.905	2.107	2.094	2.058	2.099	2.002	1.968	1.996	1.793	1.752	1.758	1.457	Max V [600]
	0.982	0.982	0.989	0.992	0.994	0.993	0.995	0.994	0.989	0.987	0.989	0.992	R-Squared [600]
	8:00:38	7:00:37	8:00:38	8:00:38	8:00:38	8:00:38	8:00:38	8:00:38	8:00:38	8:00:38	8:00:38	9:00:38	t at Max V [600]
	4:13:40	4:06:11	4:17:56	4:28:44	4:19:18	4:39:12	4:35:15	4:39:54	4:37:33	4:39:05	4:33:02	4:45:21	Lagtime [600]

