

Software Version	3.10.06



Experiment File Path:	C:\Users\patil-group\Desktop\Sweeteners_stacker\251021_NT5019_22_23_Rep1\NT5019_22_23_Rep1.xpt
Protocol File Path:	C:\Users\Public\Documents\Protocols\Screening-protocol.prt



Plate Number	Plate 1
Date	25/10/2021
Time	11:16:48
Reader Type:	Epoch 2
Reader Serial Number:	2103223
Reading Type	Reader

Procedure Details

Plate Type	96 WELL PLATE
Discontinuous Kinetics	Runtime 1:00:00 (D:HH:MM), Interval 0:01:00, 25 Reads
	Pause after each run
Eject plate on completion	
Shake	Linear: 0:00:30 (HH:MM:SS)
	Frequency: 567 cpm (3 mm)
Read	Absorbance Endpoint
	Full Plate
	Wavelengths:  600
	Read Speed: Normal,  Delay: 100 msec,  Measurements/Data Point: 8

600

Time	T° 600	A1	A2	A3	A4	A5	A6	A7	A8	A9	A10	A11	A12	B1	B2	B3	B4	B5	B6	B7	B8	B9	B10	B11	B12	C1	C2	C3	C4	C5	C6	C7	C8	C9	C10	C11	C12	D1	D2	D3	D4	D5	D6	D7	D8	D9	D10	D11	D12	E1	E2	E3	E4	E5	E6	E7	E8	E9	E10	E11	E12	F1	F2	F3	F4	F5	F6	F7	F8	F9	F10	F11	F12	G1	G2	G3	G4	G5	G6	G7	G8	G9	G10	G11	G12	H1	H2	H3	H4	H5	H6	H7	H8	H9	H10	H11	H12
0:00:34	34.6	0.183	0.180	0.180	0.179	0.180	0.189	0.179	0.173	0.171	0.180	0.209	0.179	0.175	0.176	0.177	0.177	0.177	0.180	0.197	0.178	0.174	0.172	0.172	0.175	0.189	0.173	0.174	0.177	0.172	0.176	0.177	0.176	0.170	0.171	0.172	0.182	0.184	0.190	0.179	0.178	0.187	0.181	0.173	0.171	0.173	0.170	0.173	0.187	0.182	0.183	0.179	0.175	0.176	0.171	0.174	0.175	0.170	0.172	0.171	0.177	0.191	0.185	0.172	0.173	0.179	0.179	0.174	0.182	0.170	0.169	0.170	0.181	0.179	0.176	0.187	0.175	0.182	0.177	0.183	0.172	0.171	0.172	0.167	0.174	0.174	0.180	0.183	0.183	0.176	0.178	0.175	0.171	0.175	0.173	0.169	0.179
1:00:33	35.1	0.194	0.190	0.189	0.189	0.189	0.198	0.189	0.182	0.181	0.191	0.217	0.188	0.185	0.185	0.186	0.186	0.186	0.190	0.205	0.188	0.183	0.181	0.181	0.184	0.198	0.183	0.183	0.188	0.183	0.185	0.186	0.185	0.179	0.181	0.181	0.190	0.192	0.197	0.186	0.182	0.193	0.189	0.182	0.179	0.181	0.179	0.181	0.195	0.193	0.190	0.185	0.182	0.184	0.180	0.182	0.183	0.178	0.180	0.180	0.185	0.198	0.192	0.181	0.180	0.188	0.188	0.182	0.191	0.178	0.181	0.178	0.188	0.187	0.186	0.191	0.181	0.190	0.187	0.189	0.181	0.177	0.180	0.176	0.182	0.185	0.189	0.193	0.192	0.184	0.185	0.185	0.180	0.183	0.181	0.178	0.187
2:00:34	35.1	0.208	0.203	0.202	0.202	0.202	0.211	0.201	0.195	0.194	0.204	0.229	0.199	0.200	0.200	0.200	0.200	0.200	0.203	0.217	0.200	0.196	0.194	0.193	0.192	0.212	0.196	0.196	0.199	0.195	0.198	0.198	0.197	0.191	0.193	0.191	0.199	0.205	0.210	0.198	0.195	0.204	0.201	0.193	0.192	0.194	0.191	0.191	0.204	0.205	0.204	0.198	0.196	0.196	0.193	0.194	0.194	0.192	0.192	0.190	0.193	0.210	0.205	0.194	0.194	0.201	0.200	0.195	0.203	0.191	0.190	0.190	0.196	0.202	0.201	0.204	0.194	0.202	0.200	0.202	0.193	0.190	0.193	0.191	0.194	0.199	0.203	0.206	0.206	0.197	0.198	0.198	0.194	0.197	0.197	0.193	0.200
3:00:35	35.0	0.234	0.229	0.226	0.227	0.227	0.234	0.226	0.220	0.219	0.229	0.251	0.214	0.228	0.229	0.226	0.227	0.225	0.228	0.241	0.224	0.221	0.219	0.216	0.206	0.238	0.222	0.221	0.222	0.219	0.222	0.220	0.219	0.215	0.215	0.210	0.211	0.232	0.236	0.222	0.219	0.226	0.223	0.215	0.214	0.218	0.212	0.207	0.217	0.232	0.228	0.223	0.219	0.218	0.214	0.214	0.213	0.214	0.216	0.207	0.203	0.237	0.230	0.220	0.217	0.223	0.222	0.218	0.228	0.214	0.214	0.212	0.208	0.232	0.230	0.229	0.219	0.226	0.225	0.227	0.218	0.215	0.220	0.217	0.215	0.229	0.232	0.235	0.234	0.224	0.225	0.225	0.220	0.225	0.226	0.221	0.226
4:00:35	35.0	0.282	0.281	0.269	0.275	0.277	0.280	0.281	0.267	0.272	0.277	0.294	0.249	0.282	0.283	0.279	0.279	0.273	0.276	0.287	0.272	0.268	0.267	0.258	0.231	0.286	0.276	0.268	0.268	0.267	0.270	0.265	0.263	0.261	0.258	0.245	0.232	0.280	0.284	0.269	0.267	0.270	0.269	0.261	0.261	0.264	0.254	0.231	0.231	0.283	0.279	0.270	0.265	0.262	0.259	0.255	0.244	0.262	0.260	0.236	0.237	0.297	0.290	0.270	0.266	0.271	0.267	0.264	0.274	0.259	0.263	0.252	0.228	0.291	0.291	0.279	0.268	0.276	0.277	0.274	0.268	0.262	0.268	0.275	0.253	0.285	0.291	0.287	0.290	0.280	0.274	0.284	0.272	0.284	0.281	0.276	0.284
5:00:36	35.0	0.338	0.343	0.326	0.332	0.335	0.356	0.336	0.332	0.327	0.337	0.385	0.278	0.341	0.351	0.341	0.338	0.339	0.340	0.346	0.335	0.330	0.320	0.307	0.268	0.347	0.329	0.325	0.330	0.325	0.328	0.324	0.331	0.323	0.310	0.290	0.263	0.341	0.348	0.329	0.329	0.327	0.331	0.321	0.322	0.331	0.309	0.281	0.273	0.342	0.337	0.331	0.325	0.324	0.319	0.312	0.299	0.320	0.315	0.280	0.419	0.343	0.357	0.332	0.330	0.327	0.327	0.328	0.338	0.321	0.323	0.327	0.265	0.348	0.352	0.341	0.330	0.340	0.333	0.336	0.323	0.318	0.328	0.317	0.294	0.349	0.375	0.383	0.337	0.335	0.332	0.345	0.337	0.343	0.337	0.348	0.320
6:00:36	35.0	0.418	0.414	0.405	0.403	0.410	0.415	0.408	0.400	0.393	0.406	0.412	0.335	0.416	0.418	0.407	0.407	0.401	0.407	0.414	0.397	0.391	0.392	0.369	0.300	0.419	0.403	0.395	0.389	0.391	0.389	0.380	0.382	0.377	0.366	0.329	0.284	0.415	0.414	0.397	0.396	0.390	0.392	0.381	0.379	0.380	0.365	0.314	0.293	0.405	0.402	0.391	0.382	0.380	0.376	0.358	0.339	0.372	0.367	0.305	0.320	0.412	0.408	0.395	0.387	0.386	0.383	0.379	0.391	0.376	0.370	0.345	0.279	0.418	0.425	0.400	0.385	0.394	0.393	0.391	0.380	0.372	0.387	0.372	0.325	0.407	0.416	0.415	0.404	0.403	0.394	0.398	0.391	0.396	0.399	0.397	0.390
7:00:36	35.0	0.554	0.554	0.545	0.548	0.549	0.553	0.543	0.536	0.524	0.537	0.512	0.383	0.549	0.563	0.541	0.541	0.530	0.536	0.539	0.522	0.508	0.508	0.455	0.329	0.554	0.537	0.518	0.504	0.514	0.506	0.488	0.492	0.483	0.457	0.375	0.314	0.548	0.550	0.524	0.526	0.504	0.507	0.493	0.494	0.490	0.457	0.354	0.324	0.525	0.524	0.507	0.487	0.500	0.486	0.439	0.393	0.472	0.456	0.348	0.295	0.531	0.531	0.515	0.500	0.492	0.485	0.484	0.493	0.474	0.470	0.405	0.305	0.555	0.582	0.522	0.497	0.512	0.512	0.508	0.489	0.476	0.506	0.467	0.359	0.533	0.551	0.553	0.533	0.525	0.514	0.524	0.513	0.512	0.521	0.520	0.454
8:00:37	35.0	0.741	0.738	0.732	0.734	0.735	0.740	0.727	0.723	0.698	0.714	0.674	0.434	0.721	0.741	0.718	0.730	0.713	0.716	0.716	0.697	0.678	0.678	0.597	0.344	0.729	0.713	0.692	0.676	0.697	0.682	0.654	0.657	0.649	0.603	0.430	0.329	0.733	0.737	0.706	0.723	0.683	0.678	0.669	0.673	0.658	0.606	0.386	0.337	0.703	0.700	0.679	0.656	0.659	0.653	0.560	0.466	0.633	0.603	0.383	0.319	0.706	0.714	0.698	0.673	0.660	0.649	0.642	0.653	0.634	0.624	0.497	0.320	0.722	0.759	0.695	0.666	0.685	0.686	0.679	0.648	0.633	0.665	0.609	0.398	0.709	0.722	0.726	0.694	0.702	0.677	0.692	0.679	0.671	0.679	0.681	0.584
9:00:37	35.0	0.839	0.826	0.824	0.832	0.826	0.845	0.824	0.824	0.793	0.817	0.801	0.515	0.812	0.833	0.813	0.827	0.818	0.820	0.824	0.800	0.785	0.783	0.734	0.360	0.823	0.805	0.800	0.790	0.807	0.796	0.775	0.772	0.769	0.732	0.515	0.343	0.830	0.837	0.819	0.844	0.804	0.802	0.788	0.795	0.776	0.747	0.432	0.348	0.814	0.808	0.798	0.778	0.790	0.785	0.685	0.538	0.761	0.737	0.429	0.330	0.812	0.827	0.817	0.793	0.780	0.776	0.765	0.778	0.757	0.739	0.628	0.328	0.808	0.849	0.804	0.778	0.799	0.796	0.796	0.766	0.748	0.764	0.725	0.454	0.804	0.810	0.817	0.789	0.803	0.778	0.789	0.778	0.762	0.766	0.769	0.708
10:00:38	35.0	0.846	0.830	0.829	0.842	0.833	0.851	0.828	0.831	0.803	0.831	0.839	0.631	0.829	0.846	0.834	0.851	0.836	0.837	0.848	0.823	0.813	0.813	0.793	0.386	0.841	0.822	0.823	0.820	0.836	0.831	0.817	0.806	0.809	0.791	0.636	0.357	0.849	0.855	0.843	0.868	0.839	0.839	0.825	0.832	0.809	0.806	0.498	0.362	0.848	0.842	0.840	0.824	0.850	0.839	0.748	0.598	0.813	0.799	0.495	0.339	0.846	0.852	0.859	0.831	0.822	0.821	0.815	0.829	0.806	0.786	0.728	0.335	0.831	0.861	0.836	0.819	0.836	0.838	0.837	0.812	0.798	0.796	0.771	0.528	0.825	0.824	0.836	0.821	0.829	0.806	0.813	0.807	0.791	0.790	0.792	0.764
11:00:39	35.0	0.825	0.807	0.807	0.822	0.809	0.825	0.806	0.808	0.781	0.811	0.830	0.710	0.811	0.828	0.817	0.834	0.821	0.819	0.831	0.805	0.802	0.802	0.799	0.410	0.824	0.810	0.809	0.811	0.824	0.819	0.809	0.800	0.802	0.796	0.725	0.367	0.829	0.834	0.826	0.848	0.822	0.832	0.816	0.821	0.799	0.805	0.590	0.370	0.839	0.832	0.830	0.819	0.850	0.838	0.766	0.626	0.811	0.806	0.580	0.346	0.829	0.838	0.848	0.824	0.817	0.817	0.811	0.825	0.804	0.786	0.769	0.340	0.813	0.845	0.827	0.814	0.828	0.828	0.828	0.813	0.796	0.788	0.774	0.605	0.813	0.809	0.821	0.807	0.816	0.794	0.800	0.796	0.780	0.779	0.779	0.768
12:00:39	35.0	0.806	0.789	0.787	0.800	0.788	0.804	0.789	0.790	0.764	0.792	0.810	0.750	0.786	0.802	0.792	0.805	0.797	0.795	0.807	0.781	0.778	0.778	0.780	0.438	0.800	0.785	0.785	0.788	0.801	0.796	0.787	0.780	0.779	0.781	0.765	0.376	0.802	0.806	0.799	0.820	0.800	0.803	0.790	0.797	0.774	0.785	0.669	0.377	0.815	0.811	0.806	0.796	0.828	0.815	0.766	0.633	0.789	0.787	0.657	0.357	0.802	0.817	0.823	0.799	0.793	0.791	0.789	0.802	0.784	0.767	0.771	0.346	0.786	0.816	0.806	0.796	0.807	0.807	0.805	0.791	0.774	0.763	0.760	0.657	0.789	0.786	0.793	0.783	0.788	0.773	0.777	0.772	0.756	0.753	0.752	0.750
13:00:40	35.0	0.795	0.782	0.775	0.787	0.777	0.791	0.780	0.778	0.756	0.782	0.799	0.758	0.768	0.783	0.772	0.785	0.778	0.775	0.786	0.760	0.758	0.758	0.757	0.463	0.783	0.765	0.764	0.766	0.779	0.774	0.765	0.759	0.757	0.758	0.771	0.381	0.783	0.786	0.776	0.796	0.778	0.782	0.767	0.774	0.755	0.762	0.715	0.388	0.790	0.786	0.780	0.772	0.802	0.788	0.754	0.635	0.763	0.765	0.703	0.366	0.780	0.790	0.796	0.777	0.769	0.766	0.765	0.770	0.760	0.744	0.756	0.349	0.765	0.793	0.784	0.773	0.784	0.781	0.780	0.768	0.752	0.742	0.742	0.682	0.773	0.768	0.773	0.761	0.768	0.753	0.758	0.752	0.737	0.735	0.736	0.731
14:00:40	35.0	0.788	0.776	0.768	0.778	0.770	0.783	0.775	0.773	0.753	0.778	0.793	0.751	0.756	0.764	0.760	0.766	0.761	0.761	0.771	0.748	0.746	0.749	0.747	0.490	0.769	0.752	0.749	0.750	0.762	0.759	0.752	0.748	0.743	0.744	0.759	0.377	0.766	0.767	0.760	0.774	0.759	0.763	0.749	0.755	0.742	0.746	0.728	0.398	0.772	0.767	0.761	0.753	0.779	0.769	0.740	0.634	0.747	0.748	0.719	0.375	0.764	0.773	0.771	0.756	0.751	0.748	0.747	0.752	0.745	0.729	0.736	0.352	0.751	0.771	0.768	0.756	0.764	0.761	0.760	0.751	0.735	0.728	0.727	0.688	0.761	0.758	0.756	0.748	0.750	0.741	0.745	0.738	0.723	0.723	0.726	0.722
15:00:41	35.0	0.788	0.776	0.768	0.776	0.769	0.781	0.773	0.771	0.751	0.774	0.789	0.746	0.750	0.755	0.755	0.754	0.753	0.753	0.760	0.739	0.740	0.741	0.739	0.512	0.763	0.744	0.741	0.740	0.751	0.747	0.743	0.741	0.733	0.734	0.748	0.375	0.757	0.760	0.751	0.757	0.748	0.749	0.740	0.743	0.733	0.737	0.728	0.399	0.759	0.752	0.747	0.738	0.760	0.747	0.731	0.634	0.731	0.737	0.719	0.378	0.754	0.757	0.756	0.741	0.738	0.736	0.735	0.738	0.730	0.719	0.726	0.363	0.739	0.757	0.751	0.744	0.746	0.744	0.745	0.735	0.721	0.717	0.716	0.687	0.755	0.750	0.746	0.739	0.738	0.733	0.737	0.729	0.716	0.715	0.719	0.717
16:00:41	35.0	0.797	0.782	0.773	0.783	0.775	0.786	0.778	0.775	0.758	0.780	0.794	0.742	0.751	0.754	0.755	0.755	0.752	0.750	0.760	0.738	0.737	0.740	0.735	0.523	0.765	0.744	0.740	0.735	0.747	0.744	0.738	0.736	0.729	0.729	0.741	0.372	0.758	0.760	0.748	0.753	0.746	0.745	0.738	0.740	0.732	0.733	0.722	0.397	0.754	0.746	0.739	0.733	0.749	0.737	0.731	0.641	0.724	0.730	0.713	0.384	0.753	0.754	0.746	0.734	0.731	0.729	0.729	0.731	0.722	0.713	0.719	0.372	0.738	0.754	0.744	0.736	0.737	0.737	0.736	0.727	0.712	0.714	0.708	0.684	0.756	0.752	0.743	0.738	0.735	0.731	0.735	0.726	0.713	0.715	0.718	0.715
17:00:42	35.0	0.810	0.793	0.784	0.792	0.786	0.796	0.786	0.784	0.769	0.791	0.805	0.737	0.760	0.763	0.761	0.761	0.756	0.755	0.764	0.744	0.742	0.747	0.740	0.540	0.774	0.750	0.745	0.737	0.752	0.745	0.739	0.737	0.731	0.731	0.737	0.369	0.767	0.767	0.754	0.759	0.749	0.750	0.741	0.740	0.736	0.735	0.722	0.404	0.757	0.751	0.738	0.732	0.745	0.736	0.734	0.653	0.723	0.729	0.711	0.385	0.757	0.760	0.747	0.735	0.734	0.730	0.728	0.730	0.723	0.712	0.713	0.379	0.745	0.756	0.746	0.737	0.738	0.737	0.738	0.727	0.712	0.717	0.704	0.685	0.766	0.760	0.752	0.744	0.741	0.736	0.741	0.732	0.718	0.720	0.725	0.718
18:00:43	35.0	0.823	0.805	0.795	0.804	0.796	0.806	0.797	0.795	0.780	0.804	0.818	0.734	0.773	0.774	0.772	0.772	0.767	0.766	0.774	0.754	0.752	0.759	0.751	0.560	0.786	0.760	0.755	0.747	0.761	0.755	0.747	0.746	0.740	0.739	0.732	0.383	0.778	0.778	0.761	0.770	0.758	0.760	0.750	0.754	0.748	0.744	0.720	0.410	0.766	0.761	0.746	0.739	0.750	0.740	0.738	0.667	0.731	0.734	0.711	0.375	0.768	0.765	0.755	0.745	0.741	0.738	0.734	0.735	0.730	0.720	0.714	0.389	0.757	0.766	0.754	0.744	0.745	0.745	0.743	0.732	0.718	0.726	0.708	0.689	0.780	0.773	0.764	0.755	0.752	0.746	0.752	0.742	0.728	0.731	0.737	0.731
19:00:43	35.0	0.836	0.818	0.807	0.816	0.807	0.818	0.808	0.806	0.790	0.814	0.831	0.738	0.788	0.786	0.784	0.788	0.780	0.780	0.788	0.766	0.765	0.771	0.766	0.571	0.800	0.773	0.766	0.758	0.772	0.768	0.758	0.757	0.750	0.750	0.732	0.398	0.791	0.792	0.773	0.784	0.769	0.772	0.761	0.764	0.758	0.756	0.720	0.423	0.781	0.772	0.761	0.749	0.758	0.749	0.745	0.685	0.741	0.745	0.710	0.369	0.782	0.776	0.768	0.755	0.751	0.748	0.744	0.745	0.740	0.731	0.719	0.399	0.771	0.779	0.765	0.755	0.756	0.755	0.753	0.743	0.728	0.737	0.718	0.695	0.793	0.787	0.778	0.768	0.765	0.758	0.763	0.753	0.740	0.743	0.749	0.745
20:00:44	35.0	0.848	0.830	0.818	0.826	0.818	0.828	0.819	0.817	0.801	0.827	0.844	0.746	0.801	0.801	0.796	0.799	0.792	0.793	0.799	0.777	0.776	0.784	0.781	0.587	0.814	0.785	0.779	0.771	0.785	0.780	0.769	0.770	0.763	0.763	0.737	0.419	0.805	0.802	0.788	0.796	0.780	0.784	0.774	0.778	0.770	0.768	0.721	0.440	0.795	0.786	0.771	0.760	0.771	0.762	0.756	0.703	0.752	0.758	0.712	0.375	0.795	0.791	0.779	0.767	0.763	0.760	0.755	0.756	0.754	0.748	0.731	0.389	0.786	0.790	0.779	0.768	0.767	0.768	0.765	0.756	0.740	0.748	0.732	0.699	0.808	0.802	0.790	0.780	0.778	0.772	0.776	0.767	0.753	0.755	0.762	0.763
21:00:45	35.0	0.860	0.840	0.829	0.837	0.829	0.838	0.830	0.828	0.811	0.837	0.855	0.757	0.814	0.811	0.809	0.812	0.803	0.803	0.810	0.788	0.789	0.797	0.795	0.602	0.824	0.797	0.791	0.783	0.800	0.792	0.781	0.782	0.775	0.777	0.746	0.435	0.816	0.812	0.797	0.806	0.792	0.795	0.785	0.789	0.781	0.780	0.720	0.477	0.805	0.797	0.782	0.771	0.782	0.775	0.768	0.722	0.763	0.774	0.714	0.384	0.808	0.806	0.793	0.779	0.775	0.772	0.766	0.769	0.766	0.756	0.747	0.402	0.797	0.803	0.792	0.781	0.781	0.780	0.778	0.769	0.753	0.761	0.745	0.707	0.820	0.813	0.803	0.794	0.789	0.784	0.789	0.778	0.764	0.767	0.775	0.786
22:00:45	35.0	0.870	0.849	0.837	0.846	0.839	0.847	0.841	0.838	0.820	0.848	0.864	0.765	0.826	0.822	0.821	0.822	0.815	0.815	0.819	0.800	0.799	0.809	0.807	0.620	0.837	0.806	0.801	0.795	0.811	0.801	0.792	0.792	0.786	0.790	0.759	0.425	0.827	0.823	0.808	0.815	0.801	0.806	0.795	0.801	0.792	0.791	0.725	0.463	0.818	0.808	0.792	0.783	0.793	0.785	0.781	0.740	0.775	0.783	0.714	0.390	0.819	0.814	0.802	0.792	0.786	0.784	0.778	0.780	0.778	0.767	0.761	0.407	0.810	0.814	0.804	0.792	0.791	0.792	0.790	0.780	0.765	0.773	0.761	0.712	0.835	0.825	0.813	0.805	0.802	0.796	0.801	0.791	0.776	0.779	0.786	0.806
23:00:46	35.0	0.880	0.859	0.845	0.856	0.847	0.856	0.850	0.848	0.829	0.858	0.875	0.773	0.836	0.833	0.833	0.835	0.827	0.827	0.831	0.812	0.810	0.819	0.819	0.621	0.847	0.818	0.814	0.805	0.823	0.816	0.804	0.805	0.798	0.802	0.773	0.437	0.836	0.833	0.819	0.830	0.811	0.817	0.804	0.814	0.801	0.803	0.729	0.469	0.828	0.820	0.804	0.794	0.804	0.796	0.794	0.757	0.788	0.796	0.718	0.406	0.832	0.822	0.816	0.801	0.796	0.794	0.790	0.792	0.790	0.778	0.776	0.408	0.821	0.824	0.817	0.806	0.803	0.802	0.801	0.792	0.777	0.785	0.773	0.716	0.847	0.835	0.824	0.816	0.812	0.807	0.812	0.804	0.787	0.789	0.797	0.821
0:00:00																																																																																																	

Results
	1	2	3	4	5	6	7	8	9	10	11	12
A	2.208	2.148	2.206	2.215	2.178	2.171	2.158	2.179	2.063	2.113	1.903	1.417	Max V [600]
	0.984	0.980	0.983	0.981	0.982	0.976	0.982	0.980	0.981	0.982	0.969	0.985	R-Squared [600]
	7:00:37	7:00:37	7:00:37	7:00:37	7:00:37	7:00:37	7:00:37	7:00:37	7:00:37	7:00:37	8:00:37	9:00:38	t at Max V [600]
	4:02:03	3:56:41	4:05:39	4:04:10	4:00:52	3:59:34	4:00:24	4:01:28	3:58:13	3:59:48	4:10:13	4:50:09	Lagtime [600]
B	2.081	2.144	2.093	2.167	2.119	2.116	2.097	2.051	1.995	2.022	1.879	0.523	Max V [600]
	0.984	0.980	0.981	0.979	0.978	0.981	0.981	0.979	0.979	0.983	0.984	0.996	R-Squared [600]
	7:00:37	7:00:37	7:00:37	7:00:37	7:00:37	7:00:37	7:00:37	7:00:37	7:00:37	7:00:37	8:00:37	5:00:36	t at Max V [600]
	3:51:54	3:51:23	3:55:37	3:59:59	3:59:42	3:59:22	4:03:31	3:59:22	3:57:59	4:00:34	4:18:18	2:05:03	Lagtime [600]
C	2.103	2.102	2.076	2.011	2.117	2.049	1.959	1.927	1.939	1.874	1.507	0.429	Max V [600]
	0.983	0.984	0.982	0.977	0.978	0.977	0.975	0.973	0.973	0.984	0.986	0.997	R-Squared [600]
	7:00:37	7:00:37	7:00:37	7:00:37	7:00:37	7:00:37	7:00:37	7:00:37	7:00:37	8:00:37	9:00:38	5:00:36	t at Max V [600]
	3:57:12	3:57:47	4:01:22	4:01:10	4:03:36	4:02:49	4:03:28	3:58:44	3:59:56	4:17:09	4:59:01	1:57:15	Lagtime [600]
D	2.160	2.168	2.147	2.261	2.077	2.048	2.041	2.065	1.948	1.952	1.227	0.460	Max V [600]
	0.982	0.979	0.980	0.977	0.976	0.977	0.975	0.973	0.971	0.983	0.990	0.981	R-Squared [600]
	7:00:37	7:00:37	7:00:37	7:00:37	7:00:37	7:00:37	7:00:37	7:00:37	7:00:37	8:00:37	11:00:39	5:00:36	t at Max V [600]
	4:00:26	4:02:11	4:05:48	4:10:02	4:09:54	4:04:35	4:05:25	4:05:27	3:58:50	4:22:22	5:28:31	2:05:44	Lagtime [600]
E	2.070	2.066	2.037	1.968	2.051	2.041	1.712	1.105	1.952	1.907	1.180	0.852	Max V [600]
	0.978	0.980	0.977	0.973	0.982	0.978	0.989	0.998	0.978	0.985	0.992	0.684	R-Squared [600]
	7:00:37	7:00:37	7:00:37	7:00:37	8:00:37	8:00:37	8:00:37	8:00:37	8:00:37	8:00:37	11:00:39	3:00:35	t at Max V [600]
	3:59:03	4:00:38	4:02:41	4:02:26	4:16:25	4:16:51	4:16:04	3:36:21	4:15:27	4:19:46	5:20:08	1:38:12	Lagtime [600]
F	2.056	2.074	2.120	2.021	1.965	1.947	1.924	1.935	1.906	1.835	1.648	0.407	Max V [600]
	0.982	0.971	0.976	0.975	0.975	0.973	0.977	0.977	0.976	0.976	0.985	0.985	R-Squared [600]
	7:00:37	7:00:37	7:00:37	7:00:37	7:00:37	8:00:37	8:00:37	8:00:37	8:00:37	8:00:37	8:00:37	5:00:36	t at Max V [600]
	4:00:40	3:56:08	4:01:33	4:00:51	4:02:23	4:12:43	4:10:22	4:09:54	4:10:06	4:06:56	4:28:00	1:54:31	Lagtime [600]
G	2.041	2.213	2.033	1.964	2.012	2.033	2.015	1.925	1.874	1.915	1.760	1.116	Max V [600]
	0.983	0.982	0.978	0.975	0.975	0.978	0.975	0.978	0.976	0.981	0.978	0.996	R-Squared [600]
	7:00:37	7:00:37	7:00:37	7:00:37	7:00:37	7:00:37	7:00:37	7:00:37	8:00:37	7:00:37	8:00:37	10:00:38	t at Max V [600]
	3:48:43	3:52:08	4:00:44	3:59:18	3:59:50	4:00:13	4:02:11	3:59:17	4:08:29	3:53:33	4:01:12	4:43:02	Lagtime [600]
H	2.020	1.960	1.965	1.990	2.059	1.958	1.969	1.951	1.854	1.895	1.878	1.669	Max V [600]
	0.977	0.969	0.964	0.984	0.981	0.982	0.976	0.977	0.978	0.982	0.976	0.982	R-Squared [600]
	7:00:37	7:00:37	7:00:37	7:00:37	7:00:37	7:00:37	7:00:37	7:00:37	7:00:37	7:00:37	7:00:37	8:00:37	t at Max V [600]
	3:49:29	3:39:07	3:39:39	3:55:21	3:57:25	3:56:13	3:50:25	3:51:27	3:45:06	3:46:42	3:41:36	4:00:19	Lagtime [600]

