
Software Version	3.11.19



Experiment File Path:	C:\Users\patil-group\Desktop\Sweeteners_stacker\241121_NT5048_77_81_Rep2\NT5048_77_81_Rep2.xpt
Protocol File Path:	C:\Users\Public\Documents\Protocols\Screening-protocol.prt



Plate Number	Plate 17
Date	24/11/2021
Time	14:44:41
Reader Type:	Epoch 2
Reader Serial Number:	2103223
Reading Type	Reader

Procedure Details

Plate Type	96 WELL PLATE
Discontinuous Kinetics	Runtime 1:00:00 (D:HH:MM), Interval 0:01:00, 25 Reads
	Pause after each run
Eject plate on completion	
Shake	Linear: 0:00:30 (HH:MM:SS)
	Frequency: 567 cpm (3 mm)
Read	Absorbance Endpoint
	Full Plate
	Wavelengths:  600
	Read Speed: Normal,  Delay: 100 msec,  Measurements/Data Point: 8

600

Time	T° 600	A1	A2	A3	A4	A5	A6	A7	A8	A9	A10	A11	A12	B1	B2	B3	B4	B5	B6	B7	B8	B9	B10	B11	B12	C1	C2	C3	C4	C5	C6	C7	C8	C9	C10	C11	C12	D1	D2	D3	D4	D5	D6	D7	D8	D9	D10	D11	D12	E1	E2	E3	E4	E5	E6	E7	E8	E9	E10	E11	E12	F1	F2	F3	F4	F5	F6	F7	F8	F9	F10	F11	F12	G1	G2	G3	G4	G5	G6	G7	G8	G9	G10	G11	G12	H1	H2	H3	H4	H5	H6	H7	H8	H9	H10	H11	H12
0:00:34	34.6	0.157	0.158	0.159	0.157	0.170	0.159	0.164	0.161	0.173	0.163	0.167	0.166	0.161	0.160	0.172	0.170	0.160	0.160	0.162	0.177	0.175	0.159	0.161	0.164	0.158	0.169	0.160	0.163	0.167	0.162	0.253	0.173	0.162	0.162	0.162	0.167	0.166	0.164	0.174	0.166	0.161	0.173	0.168	0.161	0.171	0.160	0.165	0.173	0.157	0.164	0.160	0.156	0.159	0.167	0.162	0.163	0.164	0.163	0.170	0.175	0.187	0.165	0.187	0.159	0.169	0.175	0.163	0.170	0.160	0.172	0.168	0.168	0.170	0.156	0.158	0.160	0.174	0.164	0.216	0.164	0.163	0.158	0.166	0.167	0.160	0.155	0.156	0.163	0.165	0.159	0.157	0.164	0.166	0.162	0.178	0.172
1:00:35	34.8	0.158	0.159	0.160	0.159	0.172	0.160	0.166	0.163	0.174	0.165	0.170	0.167	0.162	0.160	0.172	0.171	0.162	0.162	0.163	0.178	0.176	0.160	0.162	0.166	0.159	0.170	0.161	0.164	0.169	0.163	0.165	0.174	0.163	0.164	0.163	0.169	0.166	0.165	0.174	0.166	0.162	0.169	0.168	0.162	0.171	0.161	0.167	0.175	0.158	0.164	0.160	0.157	0.159	0.168	0.163	0.167	0.165	0.164	0.171	0.176	0.188	0.165	0.193	0.159	0.169	0.174	0.164	0.170	0.162	0.173	0.169	0.169	0.167	0.157	0.159	0.161	0.174	0.165	0.214	0.165	0.164	0.160	0.168	0.168	0.161	0.156	0.157	0.165	0.165	0.160	0.158	0.165	0.182	0.164	0.179	0.174
2:00:35	34.9	0.160	0.161	0.162	0.160	0.173	0.163	0.168	0.165	0.176	0.167	0.173	0.170	0.164	0.162	0.173	0.172	0.164	0.163	0.165	0.179	0.178	0.162	0.165	0.168	0.161	0.171	0.162	0.165	0.169	0.165	0.176	0.175	0.165	0.165	0.165	0.171	0.167	0.166	0.175	0.167	0.164	0.171	0.170	0.163	0.172	0.162	0.168	0.175	0.159	0.165	0.161	0.158	0.161	0.170	0.164	0.172	0.166	0.166	0.172	0.178	0.189	0.165	0.164	0.160	0.170	0.175	0.165	0.172	0.163	0.174	0.171	0.170	0.167	0.158	0.160	0.162	0.175	0.167	0.214	0.166	0.166	0.161	0.169	0.170	0.162	0.158	0.158	0.166	0.166	0.161	0.160	0.167	0.170	0.166	0.180	0.175
3:00:36	34.8	0.164	0.165	0.165	0.163	0.176	0.166	0.171	0.168	0.180	0.171	0.177	0.173	0.168	0.165	0.175	0.175	0.167	0.166	0.168	0.182	0.181	0.166	0.168	0.172	0.164	0.174	0.165	0.168	0.173	0.168	0.175	0.178	0.168	0.168	0.169	0.175	0.170	0.168	0.177	0.169	0.167	0.173	0.172	0.166	0.175	0.166	0.172	0.178	0.161	0.167	0.164	0.160	0.163	0.172	0.167	0.177	0.169	0.169	0.175	0.181	0.191	0.167	0.186	0.162	0.172	0.176	0.167	0.174	0.165	0.176	0.174	0.173	0.169	0.161	0.162	0.164	0.177	0.169	0.216	0.169	0.169	0.164	0.172	0.174	0.165	0.161	0.161	0.169	0.169	0.164	0.163	0.170	0.175	0.169	0.184	0.179
4:00:37	34.8	0.169	0.170	0.170	0.168	0.180	0.171	0.175	0.173	0.185	0.177	0.183	0.180	0.172	0.169	0.178	0.179	0.172	0.171	0.172	0.185	0.185	0.170	0.172	0.176	0.168	0.177	0.169	0.172	0.176	0.171	0.172	0.181	0.172	0.172	0.173	0.179	0.173	0.171	0.180	0.173	0.171	0.176	0.175	0.170	0.179	0.169	0.176	0.182	0.165	0.171	0.167	0.163	0.167	0.176	0.171	0.181	0.172	0.173	0.179	0.185	0.195	0.171	0.165	0.165	0.175	0.179	0.171	0.177	0.169	0.180	0.177	0.177	0.173	0.164	0.166	0.167	0.181	0.173	0.220	0.172	0.173	0.168	0.176	0.178	0.170	0.165	0.165	0.173	0.173	0.168	0.167	0.174	0.176	0.173	0.188	0.183
5:00:38	34.8	0.178	0.178	0.177	0.175	0.187	0.178	0.182	0.181	0.195	0.186	0.194	0.190	0.181	0.176	0.184	0.185	0.178	0.176	0.178	0.191	0.191	0.176	0.180	0.185	0.174	0.182	0.173	0.176	0.181	0.176	0.180	0.186	0.177	0.178	0.180	0.187	0.179	0.176	0.185	0.177	0.175	0.181	0.179	0.174	0.183	0.175	0.183	0.189	0.171	0.175	0.171	0.167	0.173	0.181	0.175	0.176	0.177	0.179	0.185	0.192	0.200	0.175	0.169	0.170	0.179	0.183	0.175	0.182	0.173	0.184	0.183	0.183	0.179	0.170	0.171	0.172	0.186	0.178	0.224	0.177	0.178	0.174	0.182	0.184	0.176	0.172	0.171	0.179	0.178	0.173	0.172	0.180	0.183	0.180	0.195	0.190
6:00:39	34.8	0.194	0.193	0.191	0.188	0.201	0.192	0.196	0.195	0.212	0.204	0.213	0.209	0.196	0.188	0.195	0.196	0.191	0.187	0.189	0.201	0.203	0.188	0.192	0.199	0.186	0.191	0.181	0.185	0.191	0.185	0.184	0.196	0.188	0.189	0.193	0.201	0.190	0.184	0.193	0.184	0.185	0.189	0.187	0.183	0.192	0.185	0.195	0.202	0.182	0.183	0.178	0.175	0.180	0.190	0.183	0.186	0.185	0.190	0.196	0.205	0.209	0.183	0.180	0.176	0.184	0.190	0.182	0.190	0.180	0.192	0.194	0.194	0.190	0.179	0.180	0.179	0.195	0.187	0.231	0.185	0.189	0.184	0.192	0.196	0.189	0.183	0.182	0.190	0.189	0.184	0.182	0.191	0.198	0.192	0.209	0.204
7:00:39	34.8	0.220	0.218	0.213	0.210	0.223	0.215	0.218	0.220	0.239	0.231	0.243	0.238	0.221	0.208	0.214	0.214	0.210	0.205	0.208	0.219	0.223	0.208	0.214	0.224	0.206	0.207	0.197	0.200	0.207	0.201	0.201	0.212	0.205	0.207	0.214	0.224	0.208	0.200	0.207	0.197	0.201	0.203	0.201	0.198	0.207	0.201	0.214	0.222	0.200	0.198	0.191	0.188	0.196	0.206	0.197	0.193	0.198	0.209	0.215	0.226	0.226	0.198	0.214	0.187	0.195	0.203	0.196	0.204	0.194	0.206	0.211	0.213	0.209	0.195	0.195	0.192	0.211	0.203	0.243	0.200	0.206	0.202	0.209	0.215	0.211	0.203	0.202	0.209	0.209	0.201	0.201	0.210	0.215	0.212	0.232	0.226
8:00:39	34.8	0.258	0.254	0.246	0.244	0.257	0.250	0.252	0.257	0.278	0.272	0.286	0.280	0.257	0.240	0.243	0.242	0.242	0.234	0.236	0.247	0.253	0.238	0.247	0.258	0.237	0.234	0.221	0.225	0.233	0.226	0.224	0.237	0.233	0.235	0.246	0.258	0.237	0.223	0.229	0.217	0.225	0.225	0.222	0.221	0.231	0.227	0.245	0.254	0.228	0.221	0.211	0.209	0.220	0.230	0.217	0.212	0.221	0.238	0.243	0.257	0.252	0.222	0.240	0.206	0.213	0.223	0.217	0.226	0.215	0.228	0.238	0.241	0.238	0.221	0.221	0.214	0.236	0.228	0.264	0.224	0.233	0.229	0.236	0.243	0.244	0.234	0.232	0.239	0.237	0.228	0.228	0.240	0.246	0.242	0.267	0.258
9:00:40	34.9	0.306	0.303	0.290	0.288	0.303	0.295	0.297	0.303	0.327	0.322	0.337	0.331	0.303	0.283	0.284	0.282	0.283	0.274	0.276	0.286	0.295	0.280	0.290	0.305	0.279	0.271	0.256	0.260	0.269	0.262	0.263	0.273	0.271	0.274	0.288	0.303	0.278	0.258	0.262	0.248	0.260	0.257	0.253	0.255	0.265	0.263	0.286	0.296	0.268	0.255	0.242	0.240	0.254	0.265	0.246	0.238	0.253	0.278	0.281	0.299	0.289	0.256	0.239	0.235	0.240	0.253	0.249	0.258	0.247	0.261	0.276	0.281	0.279	0.257	0.256	0.246	0.272	0.263	0.294	0.256	0.271	0.267	0.271	0.281	0.288	0.275	0.273	0.281	0.277	0.266	0.265	0.279	0.298	0.284	0.313	0.299
10:00:40	34.8	0.360	0.358	0.340	0.341	0.356	0.348	0.349	0.357	0.381	0.378	0.395	0.388	0.356	0.333	0.332	0.330	0.333	0.324	0.325	0.335	0.344	0.329	0.343	0.358	0.330	0.319	0.302	0.304	0.315	0.308	0.305	0.319	0.319	0.322	0.338	0.356	0.326	0.302	0.304	0.289	0.304	0.299	0.295	0.298	0.308	0.308	0.336	0.348	0.316	0.298	0.283	0.281	0.298	0.308	0.282	0.273	0.296	0.326	0.328	0.349	0.334	0.298	0.284	0.273	0.277	0.294	0.290	0.301	0.289	0.303	0.323	0.329	0.328	0.303	0.301	0.288	0.317	0.309	0.335	0.300	0.319	0.314	0.316	0.328	0.340	0.325	0.322	0.331	0.324	0.313	0.310	0.329	0.339	0.335	0.366	0.348
11:00:40	34.8	0.422	0.420	0.398	0.400	0.416	0.409	0.409	0.418	0.444	0.442	0.459	0.452	0.416	0.391	0.386	0.384	0.388	0.378	0.379	0.389	0.399	0.383	0.400	0.417	0.387	0.372	0.354	0.354	0.367	0.359	0.356	0.370	0.371	0.377	0.395	0.414	0.380	0.353	0.351	0.336	0.355	0.346	0.343	0.346	0.358	0.358	0.392	0.404	0.369	0.346	0.331	0.327	0.346	0.358	0.324	0.313	0.344	0.380	0.381	0.405	0.384	0.347	0.326	0.319	0.320	0.341	0.337	0.350	0.337	0.351	0.377	0.383	0.382	0.354	0.352	0.336	0.367	0.361	0.381	0.349	0.372	0.366	0.365	0.379	0.398	0.381	0.378	0.388	0.378	0.366	0.361	0.383	0.420	0.392	0.426	0.400
12:00:40	34.8	0.491	0.491	0.464	0.467	0.482	0.476	0.474	0.485	0.512	0.512	0.527	0.520	0.483	0.458	0.447	0.444	0.449	0.441	0.440	0.449	0.462	0.445	0.464	0.481	0.453	0.432	0.412	0.411	0.425	0.417	0.413	0.428	0.430	0.437	0.457	0.479	0.441	0.410	0.404	0.389	0.410	0.400	0.396	0.399	0.413	0.415	0.454	0.467	0.430	0.400	0.384	0.379	0.401	0.413	0.369	0.357	0.398	0.440	0.441	0.467	0.442	0.403	0.378	0.368	0.369	0.392	0.391	0.404	0.391	0.405	0.436	0.444	0.445	0.414	0.409	0.391	0.424	0.418	0.432	0.404	0.432	0.425	0.421	0.437	0.464	0.445	0.442	0.452	0.438	0.427	0.417	0.445	0.481	0.455	0.492	0.457
13:00:41	34.8	0.559	0.564	0.533	0.539	0.554	0.547	0.543	0.555	0.579	0.582	0.592	0.585	0.553	0.528	0.513	0.512	0.515	0.510	0.506	0.514	0.528	0.509	0.533	0.547	0.524	0.500	0.480	0.474	0.489	0.481	0.478	0.492	0.494	0.504	0.525	0.547	0.509	0.474	0.466	0.449	0.472	0.460	0.455	0.460	0.474	0.476	0.521	0.534	0.498	0.462	0.444	0.436	0.462	0.474	0.420	0.406	0.458	0.504	0.505	0.533	0.505	0.465	0.471	0.425	0.423	0.450	0.449	0.465	0.451	0.465	0.500	0.507	0.513	0.479	0.473	0.453	0.488	0.483	0.489	0.465	0.497	0.488	0.482	0.499	0.534	0.513	0.512	0.522	0.504	0.493	0.479	0.510	0.543	0.524	0.561	0.512
14:00:42	34.8	0.609	0.627	0.598	0.604	0.622	0.616	0.609	0.618	0.628	0.641	0.643	0.633	0.612	0.600	0.582	0.581	0.585	0.582	0.574	0.582	0.595	0.577	0.600	0.609	0.596	0.572	0.550	0.541	0.557	0.549	0.546	0.560	0.562	0.571	0.592	0.613	0.577	0.545	0.529	0.514	0.538	0.524	0.518	0.523	0.539	0.541	0.590	0.600	0.567	0.527	0.510	0.501	0.528	0.539	0.475	0.458	0.521	0.572	0.572	0.597	0.571	0.531	0.503	0.487	0.483	0.513	0.513	0.528	0.515	0.529	0.566	0.572	0.582	0.548	0.542	0.519	0.554	0.550	0.551	0.528	0.565	0.553	0.544	0.560	0.600	0.582	0.580	0.593	0.570	0.561	0.541	0.578	0.603	0.592	0.627	0.566
15:00:42	34.8	0.643	0.664	0.636	0.643	0.665	0.659	0.652	0.655	0.661	0.676	0.673	0.662	0.650	0.649	0.637	0.646	0.645	0.650	0.636	0.645	0.654	0.635	0.655	0.654	0.650	0.643	0.620	0.608	0.625	0.616	0.614	0.627	0.626	0.637	0.653	0.663	0.633	0.613	0.594	0.582	0.604	0.589	0.583	0.586	0.605	0.605	0.652	0.656	0.624	0.594	0.580	0.566	0.593	0.604	0.531	0.513	0.586	0.636	0.635	0.655	0.629	0.596	0.599	0.552	0.546	0.577	0.579	0.594	0.581	0.593	0.629	0.629	0.635	0.612	0.608	0.586	0.621	0.618	0.613	0.593	0.630	0.615	0.605	0.619	0.641	0.634	0.627	0.652	0.626	0.625	0.598	0.637	0.660	0.648	0.671	0.611
16:00:43	34.8	0.666	0.691	0.666	0.676	0.696	0.692	0.682	0.681	0.684	0.699	0.693	0.681	0.677	0.684	0.674	0.688	0.682	0.693	0.675	0.684	0.689	0.670	0.688	0.681	0.685	0.688	0.672	0.657	0.675	0.668	0.671	0.678	0.669	0.683	0.690	0.694	0.670	0.664	0.648	0.645	0.662	0.652	0.646	0.642	0.660	0.652	0.692	0.690	0.662	0.640	0.643	0.624	0.648	0.662	0.587	0.569	0.646	0.678	0.677	0.688	0.666	0.640	0.656	0.617	0.609	0.638	0.640	0.656	0.640	0.646	0.669	0.663	0.670	0.655	0.654	0.643	0.669	0.674	0.671	0.649	0.672	0.655	0.659	0.663	0.672	0.666	0.660	0.689	0.663	0.665	0.634	0.675	0.701	0.683	0.702	0.635
17:00:44	34.8	0.679	0.708	0.686	0.697	0.718	0.712	0.701	0.700	0.694	0.712	0.704	0.692	0.694	0.706	0.699	0.717	0.708	0.724	0.702	0.713	0.713	0.693	0.709	0.699	0.709	0.721	0.708	0.691	0.709	0.703	0.705	0.711	0.698	0.714	0.716	0.714	0.695	0.699	0.682	0.687	0.699	0.692	0.688	0.678	0.696	0.684	0.720	0.713	0.689	0.673	0.684	0.660	0.683	0.697	0.628	0.613	0.684	0.708	0.706	0.711	0.691	0.676	0.696	0.661	0.653	0.679	0.678	0.694	0.677	0.679	0.699	0.689	0.695	0.686	0.688	0.677	0.703	0.710	0.707	0.685	0.703	0.685	0.689	0.688	0.689	0.687	0.682	0.713	0.688	0.694	0.660	0.704	0.719	0.708	0.722	0.645
18:00:44	34.7	0.682	0.717	0.699	0.709	0.731	0.721	0.713	0.707	0.696	0.719	0.706	0.694	0.704	0.721	0.716	0.733	0.724	0.742	0.719	0.728	0.727	0.708	0.722	0.706	0.723	0.740	0.732	0.714	0.730	0.725	0.729	0.733	0.716	0.732	0.731	0.722	0.710	0.721	0.707	0.717	0.725	0.721	0.718	0.702	0.722	0.707	0.735	0.727	0.704	0.695	0.713	0.686	0.707	0.722	0.656	0.641	0.710	0.726	0.723	0.724	0.706	0.696	0.719	0.690	0.682	0.707	0.706	0.722	0.703	0.702	0.715	0.703	0.710	0.706	0.709	0.702	0.725	0.735	0.733	0.709	0.722	0.703	0.708	0.701	0.698	0.698	0.694	0.729	0.702	0.710	0.676	0.722	0.726	0.722	0.732	0.648
19:00:44	34.7	0.672	0.714	0.701	0.711	0.734	0.721	0.713	0.705	0.686	0.716	0.701	0.686	0.704	0.724	0.725	0.743	0.733	0.751	0.728	0.737	0.735	0.716	0.728	0.708	0.728	0.751	0.744	0.726	0.743	0.738	0.743	0.743	0.725	0.740	0.737	0.726	0.717	0.734	0.722	0.735	0.739	0.737	0.736	0.715	0.738	0.720	0.744	0.731	0.712	0.707	0.730	0.703	0.722	0.737	0.677	0.663	0.724	0.737	0.731	0.729	0.713	0.707	0.736	0.708	0.699	0.725	0.724	0.737	0.718	0.715	0.723	0.708	0.715	0.718	0.722	0.717	0.736	0.749	0.749	0.726	0.732	0.713	0.719	0.707	0.697	0.701	0.698	0.734	0.710	0.718	0.685	0.732	0.734	0.728	0.734	0.645
20:00:45	34.7	0.659	0.698	0.692	0.696	0.728	0.710	0.702	0.692	0.671	0.704	0.684	0.672	0.695	0.721	0.724	0.746	0.734	0.754	0.731	0.737	0.734	0.716	0.724	0.704	0.723	0.751	0.748	0.729	0.747	0.744	0.751	0.748	0.727	0.743	0.735	0.720	0.714	0.740	0.729	0.746	0.746	0.747	0.746	0.723	0.743	0.724	0.744	0.727	0.711	0.712	0.739	0.712	0.729	0.746	0.690	0.676	0.732	0.739	0.732	0.726	0.711	0.711	0.713	0.718	0.711	0.733	0.733	0.746	0.725	0.720	0.725	0.704	0.713	0.721	0.727	0.725	0.740	0.755	0.757	0.733	0.733	0.714	0.721	0.709	0.686	0.693	0.692	0.731	0.708	0.718	0.687	0.734	0.732	0.723	0.725	0.642
21:00:46	34.9	0.646	0.683	0.677	0.681	0.709	0.697	0.688	0.675	0.656	0.688	0.670	0.656	0.684	0.713	0.715	0.738	0.727	0.750	0.722	0.729	0.725	0.707	0.708	0.691	0.713	0.745	0.746	0.725	0.743	0.742	0.749	0.744	0.720	0.738	0.724	0.708	0.706	0.738	0.728	0.749	0.744	0.749	0.749	0.723	0.743	0.718	0.735	0.712	0.703	0.710	0.742	0.712	0.730	0.746	0.695	0.684	0.736	0.732	0.723	0.713	0.701	0.706	0.744	0.721	0.716	0.735	0.734	0.748	0.725	0.717	0.714	0.693	0.701	0.716	0.724	0.724	0.736	0.752	0.757	0.734	0.724	0.706	0.714	0.700	0.673	0.681	0.681	0.720	0.698	0.709	0.683	0.726	0.738	0.711	0.711	0.637
22:00:46	34.8	0.634	0.674	0.667	0.672	0.694	0.689	0.677	0.665	0.649	0.678	0.651	0.672	0.676	0.706	0.704	0.722	0.710	0.736	0.708	0.711	0.714	0.693	0.695	0.677	0.703	0.738	0.739	0.716	0.737	0.732	0.738	0.731	0.705	0.722	0.705	0.690	0.697	0.733	0.722	0.747	0.738	0.746	0.749	0.716	0.735	0.711	0.721	0.699	0.694	0.703	0.740	0.708	0.726	0.739	0.695	0.686	0.730	0.721	0.709	0.700	0.692	0.698	0.709	0.717	0.712	0.730	0.728	0.744	0.717	0.707	0.699	0.678	0.691	0.710	0.718	0.718	0.729	0.745	0.751	0.729	0.716	0.695	0.701	0.686	0.665	0.673	0.677	0.708	0.687	0.698	0.672	0.713	0.716	0.697	0.697	0.629
23:00:46	34.7	0.626	0.667	0.659	0.661	0.683	0.679	0.658	0.655	0.639	0.669	0.650	0.642	0.670	0.699	0.697	0.710	0.698	0.729	0.699	0.698	0.704	0.680	0.680	0.660	0.696	0.733	0.733	0.708	0.729	0.722	0.728	0.716	0.696	0.710	0.692	0.677	0.691	0.728	0.712	0.738	0.730	0.733	0.739	0.700	0.724	0.702	0.708	0.686	0.689	0.699	0.733	0.702	0.721	0.731	0.685	0.677	0.714	0.713	0.698	0.685	0.680	0.691	0.732	0.711	0.705	0.719	0.716	0.732	0.705	0.697	0.690	0.665	0.686	0.705	0.713	0.711	0.721	0.733	0.735	0.713	0.710	0.686	0.688	0.669	0.674	0.668	0.671	0.699	0.678	0.682	0.660	0.702	0.695	0.686	0.686	0.618
0:00:00																																																																																																	

Results
	1	2	3	4	5	6	7	8	9	10	11	12
A	1.064	1.135	1.085	1.109	1.117	1.123	1.089	1.099	1.060	1.108	1.069	1.068	Max V [600]
	0.998	0.999	0.999	0.999	0.999	0.999	0.999	1.000	0.998	0.999	0.999	0.999	R-Squared [600]
	11:00:41	12:00:41	12:00:41	12:00:41	12:00:41	12:00:41	12:00:41	12:00:41	11:00:41	12:00:41	11:00:41	11:00:41	t at Max V [600]
	6:45:46	7:06:19	7:17:48	7:18:28	7:18:07	7:15:25	7:13:49	7:04:35	6:40:39	6:46:20	6:24:23	6:29:12	Lagtime [600]
B	1.081	1.118	1.064	1.100	1.086	1.139	1.081	1.076	1.072	1.058	1.080	1.053	Max V [600]
	0.999	0.998	0.999	1.000	1.000	1.000	1.000	1.000	1.000	1.000	0.999	1.000	R-Squared [600]
	12:00:41	12:00:41	13:00:41	13:00:41	13:00:41	13:00:41	13:00:41	13:00:41	13:00:41	13:00:41	12:00:41	12:00:41	t at Max V [600]
	7:01:45	7:30:13	7:40:05	7:48:25	7:32:52	7:51:34	7:41:21	7:45:38	7:32:11	7:29:05	7:16:24	6:58:16	Lagtime [600]
C	1.114	1.137	1.115	1.064	1.082	1.077	1.085	1.074	1.071	1.091	1.082	1.076	Max V [600]
	0.998	0.999	0.999	0.999	0.999	0.999	0.999	0.999	1.000	1.000	1.000	0.999	R-Squared [600]
	13:00:41	13:00:41	13:00:41	13:00:41	13:00:41	13:00:41	14:00:42	13:00:41	13:00:41	13:00:41	13:00:41	12:00:41	t at Max V [600]
	7:34:24	8:06:21	8:11:05	8:05:16	7:59:58	8:01:21	9:32:21	8:00:15	7:48:05	7:46:34	7:26:02	7:08:04	Lagtime [600]
D	1.072	1.094	1.026	1.075	1.057	1.056	1.051	1.020	1.043	1.031	1.094	1.061	Max V [600]
	0.999	0.998	0.999	1.000	1.000	1.000	1.000	1.000	0.999	0.999	1.000	0.999	R-Squared [600]
	13:00:41	13:00:41	14:00:42	14:00:42	14:00:42	14:00:42	14:00:42	14:00:42	14:00:42	13:00:41	13:00:41	13:00:41	t at Max V [600]
	7:41:36	8:12:34	8:15:02	8:35:04	8:05:11	8:27:19	8:25:32	8:07:15	8:08:26	7:51:03	7:34:51	7:22:04	Lagtime [600]
E	1.080	1.037	1.089	1.033	1.040	1.047	0.910	0.886	1.037	1.077	1.064	1.048	Max V [600]
	0.999	0.999	0.999	1.000	0.999	1.000	1.000	0.999	1.000	1.000	1.000	1.000	R-Squared [600]
	13:00:41	13:00:41	14:00:42	14:00:42	14:00:42	14:00:42	14:00:42	14:00:42	14:00:42	13:00:41	13:00:41	13:00:41	t at Max V [600]
	7:45:17	8:09:18	8:37:02	8:26:26	8:06:46	8:06:07	8:15:09	8:25:06	8:16:00	7:41:48	7:43:56	7:20:16	Lagtime [600]
F	1.034	1.043	1.138	1.041	1.007	1.032	1.046	1.054	1.045	1.015	1.056	1.034	Max V [600]
	1.000	0.999	0.983	0.999	0.999	1.000	1.000	1.000	1.000	0.999	1.000	1.000	R-Squared [600]
	13:00:41	13:00:41	14:00:42	14:00:42	14:00:42	14:00:42	14:00:42	14:00:42	14:00:42	14:00:42	13:00:41	13:00:41	t at Max V [600]
	7:52:14	8:09:40	9:07:10	8:42:47	8:45:28	8:32:21	8:24:15	8:19:07	8:20:38	8:10:35	7:44:55	7:32:53	Lagtime [600]
G	1.069	1.079	1.075	1.061	1.061	1.079	1.001	1.032	1.081	1.044	1.005	1.002	Max V [600]
	0.998	0.999	0.999	0.999	0.999	0.999	1.000	1.000	0.999	1.000	1.000	1.000	R-Squared [600]
	13:00:41	13:00:41	13:00:41	14:00:42	13:00:41	14:00:42	14:00:42	14:00:42	13:00:41	13:00:41	13:00:41	13:00:41	t at Max V [600]
	7:41:19	7:59:00	8:04:19	8:23:20	8:02:19	8:03:30	8:25:28	8:07:58	7:49:12	7:43:22	7:44:45	7:29:20	Lagtime [600]
H	1.095	1.073	1.082	1.116	1.048	1.084	0.994	1.070	1.083	1.081	1.094	0.912	Max V [600]
	0.999	0.998	0.998	0.999	0.999	1.000	1.000	1.000	0.996	0.999	0.999	1.000	R-Squared [600]
	12:00:41	12:00:41	12:00:41	13:00:41	13:00:41	13:00:41	13:00:41	13:00:41	12:00:41	13:00:41	12:00:41	12:00:41	t at Max V [600]
	7:20:05	7:26:53	7:31:56	7:39:46	7:37:49	7:51:19	7:36:40	7:36:47	7:13:24	7:27:36	7:11:27	6:48:37	Lagtime [600]


