
Software Version	3.11.19



Experiment File Path:	C:\Users\patil-group\Desktop\Sweeteners_stacker\241121_NT5048_77_81_Rep2\NT5048_77_81_Rep2.xpt
Protocol File Path:	C:\Users\Public\Documents\Protocols\Screening-protocol.prt



Plate Number	Plate 16
Date	24/11/2021
Time	14:42:50
Reader Type:	Epoch 2
Reader Serial Number:	2103223
Reading Type	Reader

Procedure Details

Plate Type	96 WELL PLATE
Discontinuous Kinetics	Runtime 1:00:00 (D:HH:MM), Interval 0:01:00, 25 Reads
	Pause after each run
Eject plate on completion	
Shake	Linear: 0:00:30 (HH:MM:SS)
	Frequency: 567 cpm (3 mm)
Read	Absorbance Endpoint
	Full Plate
	Wavelengths:  600
	Read Speed: Normal,  Delay: 100 msec,  Measurements/Data Point: 8

600

Time	T° 600	A1	A2	A3	A4	A5	A6	A7	A8	A9	A10	A11	A12	B1	B2	B3	B4	B5	B6	B7	B8	B9	B10	B11	B12	C1	C2	C3	C4	C5	C6	C7	C8	C9	C10	C11	C12	D1	D2	D3	D4	D5	D6	D7	D8	D9	D10	D11	D12	E1	E2	E3	E4	E5	E6	E7	E8	E9	E10	E11	E12	F1	F2	F3	F4	F5	F6	F7	F8	F9	F10	F11	F12	G1	G2	G3	G4	G5	G6	G7	G8	G9	G10	G11	G12	H1	H2	H3	H4	H5	H6	H7	H8	H9	H10	H11	H12
0:00:34	34.6	0.158	0.157	0.167	0.166	0.161	0.164	0.158	0.157	0.160	0.161	0.166	0.169	0.160	0.162	0.170	0.160	0.163	0.163	0.158	0.163	0.159	0.161	0.164	0.166	0.166	0.172	0.163	0.162	0.168	0.159	0.162	0.190	0.161	0.163	0.171	0.165	0.165	0.164	0.161	0.160	0.168	0.167	0.161	0.167	0.168	0.161	0.163	0.167	0.160	0.161	0.159	0.174	0.168	0.159	0.162	0.170	0.159	0.165	0.165	0.170	0.160	0.166	0.167	0.170	0.181	0.165	0.163	0.176	0.161	0.165	0.163	0.168	0.169	0.167	0.168	0.166	0.168	0.167	0.161	0.168	0.162	0.161	0.164	0.164	0.166	0.183	0.167	0.167	0.164	0.168	0.163	0.172	0.163	0.163	0.164	0.169
1:00:35	34.8	0.159	0.158	0.168	0.165	0.161	0.165	0.158	0.157	0.161	0.162	0.166	0.170	0.161	0.163	0.170	0.160	0.164	0.162	0.159	0.164	0.160	0.162	0.165	0.170	0.167	0.172	0.163	0.162	0.168	0.160	0.160	0.190	0.162	0.163	0.172	0.166	0.165	0.164	0.162	0.161	0.168	0.167	0.161	0.167	0.169	0.162	0.164	0.167	0.160	0.162	0.160	0.174	0.168	0.160	0.163	0.171	0.160	0.165	0.166	0.171	0.161	0.167	0.168	0.170	0.181	0.166	0.163	0.176	0.162	0.166	0.164	0.169	0.170	0.168	0.168	0.167	0.168	0.168	0.162	0.169	0.163	0.161	0.164	0.165	0.168	0.184	0.168	0.168	0.165	0.169	0.164	0.168	0.164	0.164	0.165	0.170
2:00:35	34.9	0.160	0.159	0.168	0.166	0.161	0.166	0.159	0.158	0.162	0.162	0.167	0.171	0.162	0.163	0.170	0.160	0.164	0.163	0.159	0.164	0.160	0.162	0.166	0.171	0.167	0.172	0.163	0.163	0.169	0.160	0.161	0.190	0.162	0.164	0.172	0.167	0.165	0.164	0.162	0.161	0.168	0.167	0.162	0.167	0.169	0.163	0.165	0.169	0.161	0.162	0.161	0.175	0.168	0.160	0.163	0.171	0.160	0.166	0.166	0.171	0.161	0.167	0.168	0.170	0.180	0.166	0.164	0.177	0.162	0.166	0.165	0.169	0.171	0.168	0.169	0.168	0.169	0.168	0.162	0.169	0.163	0.162	0.165	0.166	0.170	0.185	0.170	0.170	0.166	0.171	0.164	0.168	0.165	0.164	0.166	0.171
3:00:36	34.8	0.161	0.160	0.170	0.166	0.161	0.166	0.159	0.158	0.162	0.163	0.168	0.172	0.162	0.164	0.170	0.161	0.164	0.163	0.159	0.165	0.161	0.163	0.167	0.172	0.168	0.173	0.164	0.163	0.169	0.161	0.161	0.191	0.163	0.164	0.173	0.168	0.166	0.165	0.163	0.162	0.168	0.168	0.162	0.167	0.170	0.163	0.166	0.170	0.162	0.163	0.161	0.175	0.169	0.160	0.163	0.171	0.161	0.168	0.167	0.172	0.162	0.169	0.168	0.171	0.180	0.166	0.164	0.177	0.163	0.167	0.165	0.170	0.172	0.169	0.170	0.168	0.169	0.169	0.163	0.169	0.164	0.163	0.165	0.167	0.173	0.188	0.173	0.172	0.169	0.173	0.165	0.169	0.166	0.165	0.166	0.171
4:00:37	34.8	0.163	0.163	0.172	0.168	0.162	0.167	0.160	0.159	0.164	0.164	0.171	0.175	0.164	0.165	0.172	0.163	0.165	0.163	0.160	0.165	0.162	0.168	0.169	0.174	0.169	0.174	0.165	0.164	0.169	0.161	0.161	0.191	0.163	0.165	0.174	0.171	0.168	0.167	0.164	0.163	0.169	0.168	0.164	0.168	0.171	0.165	0.167	0.172	0.163	0.165	0.162	0.175	0.169	0.161	0.163	0.171	0.161	0.167	0.168	0.173	0.164	0.169	0.170	0.171	0.180	0.167	0.165	0.177	0.164	0.168	0.166	0.172	0.174	0.171	0.173	0.169	0.170	0.170	0.163	0.170	0.165	0.164	0.167	0.168	0.178	0.191	0.177	0.176	0.172	0.177	0.167	0.171	0.166	0.165	0.167	0.172
5:00:38	34.8	0.167	0.167	0.176	0.171	0.164	0.170	0.163	0.162	0.167	0.168	0.175	0.181	0.168	0.167	0.175	0.165	0.167	0.165	0.162	0.167	0.164	0.167	0.172	0.179	0.172	0.176	0.167	0.165	0.171	0.162	0.162	0.191	0.165	0.166	0.176	0.175	0.171	0.170	0.167	0.165	0.169	0.169	0.164	0.169	0.172	0.166	0.169	0.176	0.167	0.167	0.165	0.176	0.170	0.161	0.164	0.172	0.163	0.169	0.170	0.176	0.167	0.172	0.172	0.173	0.181	0.168	0.166	0.178	0.165	0.169	0.169	0.175	0.177	0.175	0.175	0.172	0.172	0.171	0.165	0.172	0.167	0.166	0.169	0.172	0.184	0.197	0.182	0.181	0.178	0.182	0.171	0.173	0.169	0.168	0.170	0.176
6:00:39	34.8	0.175	0.176	0.184	0.178	0.170	0.175	0.169	0.168	0.173	0.174	0.185	0.191	0.175	0.170	0.179	0.169	0.171	0.168	0.165	0.171	0.169	0.171	0.179	0.187	0.176	0.180	0.172	0.167	0.174	0.164	0.163	0.193	0.168	0.170	0.182	0.184	0.177	0.174	0.170	0.168	0.172	0.171	0.165	0.171	0.176	0.170	0.175	0.183	0.171	0.171	0.168	0.178	0.171	0.163	0.165	0.174	0.165	0.173	0.175	0.181	0.172	0.175	0.175	0.175	0.183	0.169	0.168	0.181	0.167	0.172	0.173	0.182	0.184	0.179	0.180	0.175	0.175	0.175	0.169	0.175	0.171	0.171	0.173	0.178	0.196	0.206	0.191	0.189	0.186	0.191	0.176	0.178	0.176	0.173	0.177	0.184
7:00:39	34.8	0.190	0.192	0.198	0.190	0.180	0.185	0.179	0.178	0.185	0.185	0.201	0.206	0.187	0.176	0.188	0.178	0.180	0.175	0.172	0.179	0.179	0.181	0.192	0.202	0.187	0.187	0.178	0.172	0.180	0.171	0.168	0.198	0.175	0.176	0.192	0.199	0.188	0.183	0.178	0.174	0.177	0.176	0.168	0.177	0.183	0.179	0.185	0.197	0.182	0.178	0.174	0.183	0.176	0.167	0.169	0.177	0.171	0.181	0.184	0.191	0.183	0.183	0.181	0.181	0.188	0.174	0.173	0.188	0.174	0.179	0.182	0.193	0.197	0.190	0.189	0.183	0.183	0.182	0.176	0.182	0.178	0.179	0.181	0.188	0.216	0.224	0.209	0.206	0.202	0.207	0.188	0.189	0.188	0.183	0.188	0.195
8:00:39	34.9	0.209	0.216	0.220	0.208	0.196	0.199	0.194	0.195	0.203	0.201	0.224	0.228	0.206	0.184	0.204	0.192	0.193	0.187	0.184	0.193	0.193	0.196	0.210	0.224	0.202	0.200	0.190	0.182	0.191	0.181	0.176	0.207	0.186	0.187	0.207	0.221	0.206	0.198	0.190	0.185	0.187	0.185	0.172	0.188	0.195	0.192	0.200	0.216	0.199	0.191	0.184	0.192	0.184	0.175	0.175	0.184	0.181	0.195	0.197	0.205	0.197	0.195	0.193	0.190	0.196	0.182	0.182	0.197	0.184	0.191	0.196	0.210	0.216	0.205	0.206	0.197	0.195	0.195	0.187	0.194	0.191	0.193	0.194	0.204	0.249	0.251	0.235	0.232	0.227	0.232	0.206	0.205	0.203	0.197	0.203	0.209
9:00:40	34.8	0.239	0.250	0.253	0.235	0.218	0.218	0.216	0.217	0.227	0.224	0.257	0.259	0.235	0.194	0.228	0.215	0.214	0.204	0.202	0.213	0.213	0.217	0.238	0.254	0.226	0.221	0.210	0.198	0.209	0.197	0.189	0.221	0.202	0.204	0.230	0.252	0.234	0.222	0.210	0.202	0.203	0.200	0.179	0.203	0.213	0.211	0.222	0.244	0.226	0.211	0.201	0.206	0.197	0.188	0.186	0.194	0.197	0.214	0.216	0.225	0.221	0.217	0.210	0.206	0.211	0.195	0.196	0.212	0.199	0.208	0.217	0.235	0.244	0.231	0.229	0.217	0.214	0.214	0.204	0.211	0.209	0.214	0.212	0.227	0.293	0.291	0.274	0.269	0.264	0.268	0.233	0.230	0.226	0.216	0.224	0.229
10:00:40	34.8	0.276	0.294	0.294	0.272	0.249	0.245	0.245	0.249	0.259	0.254	0.298	0.296	0.273	0.212	0.262	0.245	0.244	0.228	0.227	0.240	0.242	0.246	0.274	0.293	0.259	0.250	0.240	0.222	0.233	0.220	0.207	0.241	0.226	0.228	0.259	0.293	0.270	0.254	0.239	0.228	0.225	0.221	0.188	0.225	0.239	0.237	0.252	0.280	0.262	0.241	0.227	0.226	0.215	0.206	0.200	0.209	0.219	0.241	0.243	0.253	0.254	0.246	0.238	0.228	0.232	0.213	0.217	0.235	0.222	0.233	0.245	0.269	0.282	0.267	0.263	0.247	0.241	0.241	0.229	0.237	0.235	0.243	0.238	0.257	0.347	0.341	0.324	0.316	0.310	0.314	0.270	0.265	0.257	0.244	0.252	0.256
11:00:40	34.8	0.321	0.345	0.343	0.316	0.288	0.280	0.284	0.289	0.300	0.293	0.346	0.339	0.319	0.239	0.304	0.285	0.283	0.260	0.260	0.277	0.278	0.284	0.317	0.339	0.302	0.289	0.279	0.254	0.266	0.250	0.231	0.269	0.258	0.260	0.299	0.340	0.316	0.296	0.277	0.263	0.255	0.249	0.201	0.255	0.274	0.273	0.292	0.323	0.308	0.280	0.261	0.255	0.241	0.230	0.219	0.230	0.248	0.276	0.278	0.289	0.296	0.284	0.275	0.259	0.262	0.239	0.245	0.265	0.252	0.267	0.283	0.310	0.330	0.311	0.307	0.285	0.277	0.278	0.262	0.271	0.270	0.282	0.270	0.295	0.407	0.396	0.379	0.369	0.363	0.367	0.315	0.307	0.295	0.278	0.289	0.289
12:00:40	34.8	0.371	0.403	0.397	0.365	0.334	0.322	0.328	0.335	0.347	0.338	0.399	0.383	0.371	0.276	0.353	0.331	0.329	0.300	0.301	0.321	0.320	0.328	0.365	0.389	0.351	0.335	0.326	0.294	0.308	0.289	0.264	0.305	0.297	0.300	0.345	0.391	0.366	0.344	0.323	0.305	0.293	0.287	0.221	0.293	0.316	0.314	0.337	0.371	0.358	0.326	0.304	0.290	0.274	0.261	0.243	0.255	0.286	0.319	0.320	0.331	0.346	0.331	0.318	0.298	0.300	0.272	0.281	0.304	0.291	0.309	0.326	0.357	0.382	0.361	0.356	0.331	0.320	0.322	0.302	0.312	0.311	0.326	0.309	0.337	0.474	0.459	0.440	0.429	0.423	0.425	0.365	0.355	0.339	0.320	0.333	0.329
13:00:41	34.8	0.425	0.465	0.457	0.422	0.387	0.369	0.379	0.388	0.400	0.389	0.456	0.428	0.430	0.321	0.407	0.382	0.381	0.345	0.348	0.370	0.368	0.377	0.419	0.442	0.407	0.387	0.379	0.340	0.355	0.334	0.304	0.347	0.343	0.345	0.393	0.447	0.424	0.398	0.374	0.353	0.338	0.330	0.247	0.337	0.363	0.360	0.387	0.423	0.417	0.377	0.352	0.332	0.314	0.300	0.273	0.287	0.329	0.366	0.367	0.379	0.400	0.382	0.368	0.344	0.343	0.312	0.323	0.348	0.336	0.356	0.375	0.409	0.441	0.418	0.411	0.382	0.368	0.372	0.348	0.359	0.359	0.376	0.351	0.384	0.544	0.528	0.509	0.495	0.488	0.491	0.421	0.410	0.389	0.369	0.381	0.373
14:00:41	34.8	0.482	0.531	0.520	0.483	0.444	0.422	0.434	0.446	0.457	0.445	0.515	0.472	0.494	0.374	0.468	0.438	0.440	0.397	0.400	0.425	0.421	0.430	0.474	0.497	0.469	0.445	0.439	0.392	0.409	0.385	0.349	0.395	0.393	0.395	0.448	0.504	0.486	0.458	0.432	0.407	0.388	0.378	0.284	0.386	0.416	0.412	0.442	0.478	0.480	0.435	0.406	0.378	0.359	0.343	0.306	0.322	0.378	0.419	0.421	0.430	0.462	0.440	0.425	0.394	0.392	0.357	0.370	0.398	0.386	0.409	0.430	0.464	0.502	0.479	0.473	0.440	0.423	0.428	0.399	0.411	0.411	0.432	0.399	0.434	0.615	0.599	0.579	0.566	0.556	0.560	0.482	0.470	0.443	0.423	0.434	0.419
15:00:42	34.8	0.536	0.593	0.582	0.546	0.504	0.480	0.493	0.506	0.516	0.502	0.570	0.511	0.557	0.432	0.531	0.498	0.502	0.453	0.457	0.484	0.478	0.487	0.531	0.550	0.533	0.508	0.504	0.449	0.468	0.442	0.401	0.448	0.448	0.451	0.505	0.560	0.550	0.522	0.494	0.466	0.443	0.432	0.325	0.440	0.474	0.467	0.500	0.532	0.547	0.497	0.466	0.431	0.409	0.392	0.343	0.361	0.432	0.476	0.477	0.484	0.526	0.503	0.486	0.450	0.448	0.408	0.423	0.453	0.442	0.467	0.487	0.520	0.567	0.545	0.537	0.501	0.483	0.488	0.455	0.469	0.469	0.490	0.449	0.486	0.668	0.663	0.645	0.632	0.624	0.626	0.544	0.533	0.499	0.480	0.490	0.466
16:00:43	34.8	0.584	0.633	0.626	0.602	0.564	0.536	0.550	0.566	0.572	0.557	0.618	0.545	0.615	0.495	0.594	0.559	0.567	0.511	0.516	0.545	0.534	0.543	0.584	0.598	0.597	0.574	0.570	0.510	0.530	0.503	0.457	0.505	0.506	0.509	0.562	0.612	0.612	0.587	0.560	0.529	0.501	0.490	0.374	0.497	0.534	0.523	0.558	0.582	0.611	0.561	0.530	0.486	0.463	0.444	0.384	0.404	0.490	0.536	0.534	0.535	0.591	0.568	0.552	0.510	0.507	0.462	0.480	0.511	0.501	0.528	0.546	0.575	0.626	0.608	0.603	0.566	0.544	0.552	0.513	0.528	0.528	0.550	0.500	0.535	0.703	0.703	0.688	0.678	0.671	0.673	0.605	0.595	0.554	0.538	0.543	0.510
17:00:44	34.8	0.612	0.661	0.655	0.637	0.613	0.588	0.602	0.613	0.619	0.608	0.645	0.568	0.651	0.560	0.642	0.612	0.626	0.569	0.575	0.603	0.587	0.597	0.629	0.630	0.646	0.636	0.633	0.571	0.593	0.564	0.515	0.563	0.564	0.568	0.616	0.646	0.657	0.646	0.622	0.593	0.561	0.549	0.425	0.556	0.595	0.578	0.614	0.625	0.653	0.623	0.595	0.544	0.519	0.500	0.428	0.449	0.549	0.594	0.589	0.583	0.642	0.629	0.617	0.571	0.567	0.518	0.538	0.571	0.560	0.588	0.601	0.622	0.665	0.659	0.657	0.628	0.605	0.615	0.571	0.587	0.585	0.607	0.549	0.580	0.726	0.731	0.719	0.709	0.704	0.705	0.649	0.645	0.605	0.593	0.593	0.548
18:00:44	34.7	0.628	0.678	0.676	0.662	0.644	0.626	0.634	0.641	0.646	0.640	0.661	0.578	0.676	0.620	0.676	0.645	0.665	0.620	0.624	0.648	0.628	0.636	0.654	0.648	0.678	0.676	0.674	0.627	0.648	0.622	0.574	0.618	0.617	0.622	0.657	0.667	0.688	0.683	0.666	0.648	0.620	0.609	0.482	0.611	0.649	0.628	0.657	0.649	0.684	0.663	0.647	0.600	0.575	0.554	0.474	0.497	0.605	0.643	0.636	0.623	0.674	0.669	0.669	0.631	0.625	0.571	0.595	0.627	0.617	0.642	0.643	0.653	0.693	0.692	0.691	0.671	0.655	0.661	0.623	0.638	0.633	0.647	0.594	0.617	0.739	0.747	0.737	0.729	0.726	0.725	0.678	0.676	0.638	0.637	0.632	0.579
19:00:44	34.7	0.637	0.687	0.689	0.678	0.664	0.648	0.654	0.661	0.663	0.659	0.670	0.583	0.693	0.659	0.698	0.670	0.692	0.654	0.656	0.676	0.652	0.661	0.670	0.659	0.700	0.703	0.704	0.662	0.683	0.662	0.626	0.661	0.655	0.660	0.682	0.679	0.708	0.710	0.696	0.683	0.658	0.655	0.540	0.654	0.682	0.659	0.683	0.664	0.704	0.692	0.681	0.644	0.626	0.605	0.520	0.544	0.647	0.673	0.667	0.644	0.697	0.698	0.702	0.677	0.667	0.622	0.642	0.668	0.660	0.675	0.669	0.671	0.711	0.715	0.715	0.700	0.686	0.692	0.656	0.670	0.663	0.672	0.628	0.637	0.743	0.755	0.747	0.740	0.738	0.736	0.697	0.698	0.657	0.662	0.652	0.598
20:00:45	34.7	0.642	0.690	0.694	0.688	0.677	0.663	0.667	0.673	0.673	0.671	0.675	0.586	0.702	0.689	0.712	0.686	0.710	0.676	0.678	0.695	0.669	0.678	0.680	0.664	0.714	0.721	0.723	0.686	0.707	0.689	0.661	0.688	0.680	0.683	0.698	0.687	0.721	0.728	0.717	0.709	0.686	0.684	0.597	0.681	0.707	0.682	0.700	0.673	0.717	0.712	0.705	0.672	0.658	0.642	0.563	0.585	0.674	0.693	0.682	0.657	0.712	0.716	0.725	0.705	0.695	0.658	0.671	0.695	0.686	0.698	0.686	0.682	0.722	0.731	0.730	0.720	0.709	0.714	0.679	0.692	0.682	0.690	0.647	0.648	0.738	0.753	0.747	0.743	0.743	0.739	0.709	0.712	0.669	0.677	0.664	0.608
21:00:46	34.9	0.647	0.690	0.696	0.692	0.686	0.672	0.675	0.682	0.679	0.679	0.676	0.586	0.707	0.710	0.720	0.696	0.723	0.691	0.694	0.708	0.681	0.689	0.683	0.668	0.720	0.733	0.735	0.703	0.723	0.708	0.684	0.706	0.696	0.699	0.707	0.690	0.727	0.738	0.730	0.726	0.704	0.705	0.644	0.701	0.725	0.696	0.711	0.678	0.723	0.723	0.720	0.693	0.680	0.665	0.589	0.610	0.691	0.707	0.693	0.665	0.720	0.726	0.740	0.724	0.715	0.680	0.692	0.714	0.704	0.714	0.697	0.686	0.726	0.740	0.738	0.733	0.724	0.728	0.694	0.708	0.696	0.703	0.657	0.653	0.737	0.742	0.738	0.736	0.739	0.732	0.716	0.720	0.677	0.686	0.670	0.612
22:00:46	34.8	0.646	0.678	0.691	0.692	0.690	0.677	0.681	0.685	0.681	0.683	0.676	0.583	0.708	0.723	0.724	0.702	0.731	0.702	0.705	0.717	0.688	0.697	0.686	0.669	0.722	0.740	0.741	0.714	0.734	0.722	0.701	0.719	0.708	0.710	0.714	0.690	0.730	0.744	0.738	0.737	0.717	0.719	0.673	0.713	0.736	0.707	0.719	0.680	0.725	0.730	0.730	0.706	0.696	0.682	0.609	0.629	0.704	0.717	0.701	0.669	0.725	0.733	0.748	0.737	0.728	0.697	0.706	0.725	0.717	0.724	0.704	0.690	0.728	0.745	0.743	0.741	0.733	0.737	0.705	0.718	0.705	0.709	0.665	0.657	0.711	0.731	0.729	0.724	0.731	0.719	0.719	0.725	0.682	0.693	0.676	0.616
23:00:46	34.7	0.642	0.665	0.675	0.682	0.688	0.678	0.679	0.682	0.678	0.682	0.669	0.580	0.701	0.732	0.720	0.702	0.734	0.706	0.711	0.720	0.691	0.699	0.684	0.667	0.718	0.739	0.741	0.718	0.740	0.729	0.711	0.725	0.714	0.716	0.716	0.684	0.726	0.744	0.741	0.743	0.725	0.728	0.694	0.720	0.742	0.712	0.720	0.678	0.717	0.731	0.734	0.715	0.705	0.692	0.621	0.641	0.711	0.721	0.704	0.669	0.723	0.732	0.751	0.744	0.736	0.707	0.716	0.733	0.724	0.730	0.705	0.688	0.723	0.741	0.740	0.743	0.737	0.741	0.711	0.723	0.708	0.712	0.667	0.655	0.708	0.718	0.722	0.716	0.723	0.709	0.714	0.723	0.682	0.694	0.676	0.617
0:00:00																																																																																																	

Results
	1	2	3	4	5	6	7	8	9	10	11	12
A	0.902	1.042	1.002	0.997	0.961	0.918	0.938	0.966	0.941	0.920	0.941	0.733	Max V [600]
	0.999	1.000	0.999	1.000	0.999	1.000	1.000	0.999	1.000	1.000	1.000	1.000	R-Squared [600]
	13:00:41	13:00:41	13:00:41	14:00:42	14:00:42	15:00:43	15:00:43	14:00:42	14:00:42	14:00:42	13:00:41	12:00:41	t at Max V [600]
	8:03:06	8:02:53	8:08:56	8:42:18	9:03:38	9:17:55	9:04:48	8:58:42	8:43:47	8:50:14	7:51:01	7:07:04	Lagtime [600]
B	1.026	1.031	1.009	0.967	1.030	0.935	0.949	0.975	0.915	0.922	0.913	0.885	Max V [600]
	1.000	1.000	0.999	1.000	1.000	1.000	0.999	1.000	1.000	1.000	1.000	1.000	R-Squared [600]
	14:00:42	16:00:43	14:00:42	15:00:43	15:00:43	16:00:43	15:00:43	15:00:43	15:00:43	15:00:43	14:00:42	13:00:41	t at Max V [600]
	8:35:57	10:36:38	9:02:12	9:11:00	9:30:17	9:49:18	9:43:56	9:29:40	9:12:38	9:07:52	8:21:00	7:47:01	Lagtime [600]
C	1.028	1.045	1.066	0.985	1.004	0.992	0.944	0.935	0.942	0.950	0.931	0.925	Max V [600]
	0.999	1.000	1.000	1.000	1.000	1.000	1.000	1.000	1.000	1.000	1.000	1.000	R-Squared [600]
	14:00:42	15:00:43	15:00:43	16:00:43	16:00:43	16:00:43	17:00:43	16:00:43	16:00:43	16:00:43	15:00:43	14:00:42	t at Max V [600]
	9:04:08	9:37:31	9:39:31	10:07:47	10:00:12	10:13:59	10:46:58	10:23:32	9:54:39	9:56:00	9:02:24	7:55:44	Lagtime [600]
D	1.027	1.040	1.039	1.017	0.971	0.964	0.935	0.942	0.977	0.914	0.951	0.883	Max V [600]
	1.000	1.000	0.999	0.999	1.000	1.000	1.000	1.000	1.000	1.000	1.000	1.000	R-Squared [600]
	14:00:42	15:00:43	15:00:43	16:00:43	16:00:43	16:00:43	18:00:44	16:00:43	16:00:43	15:00:43	15:00:43	14:00:42	t at Max V [600]
	8:46:16	9:15:56	9:38:04	9:58:08	10:16:04	10:24:23	12:15:56	10:09:03	9:46:46	9:24:27	9:06:09	8:08:44	Lagtime [600]
E	1.058	1.032	1.015	0.926	0.910	0.892	0.748	0.764	0.953	0.953	0.928	0.853	Max V [600]
	0.999	1.000	0.999	1.000	1.000	1.000	1.000	1.000	1.000	1.000	1.000	1.000	R-Squared [600]
	14:00:42	15:00:43	16:00:43	16:00:43	17:00:43	17:00:43	18:00:44	17:00:43	16:00:43	15:00:43	15:00:43	14:00:42	t at Max V [600]
	8:55:18	9:33:53	9:56:36	10:22:26	10:35:28	10:40:05	11:03:57	10:53:22	10:12:14	9:31:27	9:23:36	8:53:58	Lagtime [600]
F	1.027	1.035	1.041	0.991	0.975	0.898	0.942	0.959	0.966	0.978	0.945	0.911	Max V [600]
	0.999	1.000	0.999	1.000	1.000	1.000	1.000	1.000	1.000	1.000	1.000	1.000	R-Squared [600]
	14:00:42	15:00:43	15:00:43	16:00:43	16:00:43	16:00:43	16:00:43	16:00:43	16:00:43	16:00:43	15:00:43	14:00:42	t at Max V [600]
	9:03:59	9:34:15	9:51:17	10:16:15	10:25:25	10:28:48	10:22:40	10:10:12	10:09:02	9:50:29	9:17:07	8:34:32	Lagtime [600]
G	1.024	1.036	1.035	1.031	0.991	1.016	0.941	0.954	0.950	0.969	0.827	0.831	Max V [600]
	1.000	0.999	0.999	1.000	0.999	0.999	1.000	1.000	1.000	1.000	1.000	1.000	R-Squared [600]
	14:00:42	14:00:42	15:00:43	15:00:43	15:00:43	15:00:43	16:00:43	15:00:43	15:00:43	15:00:43	15:00:43	14:00:42	t at Max V [600]
	8:34:18	8:56:27	9:04:49	9:33:44	9:40:56	9:41:57	9:47:02	9:43:39	9:35:53	9:20:09	9:15:05	8:33:48	Lagtime [600]
H	1.123	1.125	1.119	1.103	1.092	1.087	1.005	1.002	0.904	0.936	0.887	0.760	Max V [600]
	0.999	1.000	0.999	0.999	0.999	0.999	1.000	0.999	1.000	1.000	1.000	1.000	R-Squared [600]
	12:00:41	13:00:41	13:00:41	13:00:41	13:00:41	13:00:41	14:00:42	14:00:42	15:00:43	15:00:43	15:00:43	14:00:42	t at Max V [600]
	7:23:41	7:52:57	7:53:38	8:00:27	8:00:57	8:01:09	8:42:27	9:00:37	8:50:36	9:21:31	8:55:49	8:31:12	Lagtime [600]


