
Software Version	3.11.19



Experiment File Path:	C:\Users\patil-group\Desktop\Sweeteners_stacker\NT5007_07_24_76_Rep1.xpt
Protocol File Path:	C:\Users\Public\Documents\Protocols\Screening-protocol.prt



Plate Number	Plate 19
Date	12/12/2021
Time	15:29:30
Reader Type:	Epoch 2
Reader Serial Number:	2103223
Reading Type	Reader

Procedure Details

Plate Type	96 WELL PLATE
Discontinuous Kinetics	Runtime 1:00:00 (D:HH:MM), Interval 0:01:00, 25 Reads
	Pause after each run
Eject plate on completion	
Shake	Linear: 0:00:30 (HH:MM:SS)
	Frequency: 567 cpm (3 mm)
Read	Absorbance Endpoint
	Full Plate
	Wavelengths:  600
	Read Speed: Normal,  Delay: 100 msec,  Measurements/Data Point: 8

600

Time	T° 600	A1	A2	A3	A4	A5	A6	A7	A8	A9	A10	A11	A12	B1	B2	B3	B4	B5	B6	B7	B8	B9	B10	B11	B12	C1	C2	C3	C4	C5	C6	C7	C8	C9	C10	C11	C12	D1	D2	D3	D4	D5	D6	D7	D8	D9	D10	D11	D12	E1	E2	E3	E4	E5	E6	E7	E8	E9	E10	E11	E12	F1	F2	F3	F4	F5	F6	F7	F8	F9	F10	F11	F12	G1	G2	G3	G4	G5	G6	G7	G8	G9	G10	G11	G12	H1	H2	H3	H4	H5	H6	H7	H8	H9	H10	H11	H12
0:00:34	34.2	0.178	0.176	0.181	0.187	0.179	0.174	0.178	0.176	0.175	0.177	0.181	0.181	0.179	0.174	0.174	0.178	0.176	0.175	0.189	0.175	0.179	0.179	0.178	0.176	0.174	0.178	0.173	0.175	0.183	0.173	0.184	0.179	0.179	0.198	0.171	0.175	0.175	0.178	0.175	0.176	0.177	0.173	0.174	0.176	0.174	0.175	0.174	0.170	0.175	0.184	0.177	0.180	0.176	0.173	0.173	0.174	0.190	0.181	0.177	0.174	0.180	0.181	0.176	0.183	0.176	0.176	0.173	0.185	0.183	0.181	0.181	0.175	0.173	0.173	0.175	0.179	0.177	0.178	0.173	0.172	0.174	0.177	0.185	0.176	0.175	0.179	0.182	0.181	0.183	0.178	0.175	0.174	0.177	0.175	0.182	0.184
1:00:34	34.4	0.177	0.175	0.181	0.185	0.178	0.172	0.177	0.175	0.174	0.175	0.179	0.178	0.180	0.174	0.175	0.178	0.177	0.175	0.190	0.176	0.178	0.175	0.176	0.175	0.174	0.181	0.175	0.175	0.183	0.175	0.184	0.181	0.178	0.173	0.170	0.170	0.174	0.178	0.177	0.176	0.179	0.176	0.177	0.177	0.173	0.175	0.173	0.169	0.175	0.183	0.176	0.182	0.177	0.176	0.174	0.174	0.190	0.184	0.177	0.173	0.180	0.180	0.178	0.184	0.177	0.178	0.176	0.186	0.182	0.180	0.181	0.175	0.172	0.173	0.177	0.181	0.178	0.179	0.176	0.172	0.174	0.177	0.182	0.174	0.175	0.175	0.182	0.180	0.182	0.178	0.175	0.174	0.174	0.172	0.180	0.184
2:00:35	34.4	0.177	0.174	0.178	0.183	0.176	0.172	0.174	0.173	0.172	0.174	0.177	0.177	0.178	0.174	0.173	0.176	0.175	0.175	0.188	0.174	0.176	0.173	0.174	0.173	0.174	0.175	0.174	0.173	0.183	0.174	0.184	0.179	0.178	0.172	0.170	0.169	0.174	0.177	0.175	0.176	0.177	0.174	0.175	0.176	0.173	0.174	0.171	0.169	0.174	0.183	0.176	0.181	0.178	0.176	0.174	0.177	0.190	0.191	0.176	0.172	0.179	0.179	0.175	0.183	0.176	0.177	0.174	0.184	0.181	0.179	0.179	0.174	0.172	0.173	0.177	0.181	0.179	0.179	0.177	0.172	0.173	0.177	0.177	0.174	0.173	0.173	0.179	0.179	0.179	0.175	0.173	0.174	0.172	0.172	0.179	0.184
3:00:35	34.4	0.175	0.173	0.179	0.183	0.175	0.170	0.173	0.172	0.171	0.173	0.176	0.177	0.177	0.174	0.173	0.175	0.173	0.173	0.187	0.173	0.174	0.171	0.173	0.172	0.174	0.174	0.172	0.171	0.182	0.173	0.182	0.177	0.176	0.189	0.167	0.167	0.173	0.176	0.173	0.174	0.176	0.172	0.174	0.175	0.172	0.173	0.170	0.168	0.173	0.182	0.175	0.180	0.176	0.174	0.173	0.173	0.189	0.189	0.174	0.172	0.179	0.178	0.174	0.181	0.175	0.176	0.172	0.182	0.180	0.178	0.178	0.173	0.171	0.172	0.176	0.180	0.177	0.178	0.174	0.171	0.172	0.176	0.174	0.173	0.173	0.171	0.178	0.177	0.179	0.173	0.172	0.173	0.172	0.171	0.178	0.181
4:00:36	34.4	0.175	0.172	0.178	0.182	0.174	0.170	0.172	0.171	0.171	0.172	0.175	0.177	0.176	0.173	0.172	0.174	0.173	0.172	0.186	0.172	0.174	0.170	0.173	0.172	0.174	0.173	0.172	0.171	0.181	0.172	0.180	0.176	0.175	0.170	0.168	0.167	0.172	0.177	0.173	0.173	0.175	0.171	0.173	0.173	0.172	0.172	0.170	0.168	0.172	0.181	0.173	0.178	0.175	0.174	0.172	0.176	0.187	0.178	0.173	0.171	0.178	0.177	0.173	0.181	0.174	0.174	0.172	0.182	0.180	0.177	0.178	0.173	0.170	0.172	0.177	0.179	0.176	0.177	0.172	0.171	0.172	0.175	0.180	0.172	0.172	0.170	0.176	0.176	0.170	0.173	0.172	0.173	0.171	0.171	0.178	0.181
5:00:36	34.4	0.174	0.172	0.178	0.181	0.174	0.169	0.172	0.170	0.169	0.172	0.175	0.177	0.175	0.172	0.171	0.174	0.172	0.171	0.185	0.172	0.173	0.170	0.172	0.172	0.172	0.172	0.171	0.170	0.180	0.171	0.179	0.175	0.175	0.170	0.167	0.167	0.171	0.174	0.172	0.172	0.174	0.171	0.172	0.174	0.171	0.171	0.169	0.167	0.171	0.180	0.172	0.177	0.176	0.173	0.171	0.172	0.186	0.176	0.172	0.171	0.178	0.175	0.174	0.180	0.174	0.174	0.171	0.181	0.179	0.176	0.177	0.173	0.171	0.171	0.172	0.179	0.174	0.176	0.171	0.170	0.171	0.174	0.175	0.172	0.172	0.169	0.174	0.174	0.168	0.173	0.171	0.172	0.170	0.171	0.177	0.183
6:00:36	34.4	0.174	0.171	0.177	0.180	0.173	0.168	0.171	0.170	0.169	0.171	0.174	0.176	0.174	0.172	0.170	0.173	0.171	0.170	0.184	0.171	0.173	0.170	0.172	0.172	0.172	0.170	0.170	0.169	0.179	0.170	0.178	0.175	0.174	0.168	0.167	0.166	0.170	0.174	0.171	0.171	0.173	0.170	0.171	0.171	0.170	0.170	0.169	0.167	0.171	0.179	0.171	0.176	0.174	0.172	0.170	0.171	0.185	0.176	0.172	0.170	0.178	0.175	0.173	0.179	0.173	0.173	0.171	0.180	0.178	0.175	0.176	0.172	0.170	0.171	0.172	0.178	0.174	0.176	0.171	0.170	0.171	0.173	0.173	0.171	0.171	0.168	0.174	0.175	0.168	0.172	0.171	0.171	0.169	0.170	0.177	0.179
7:00:36	34.4	0.174	0.171	0.176	0.180	0.173	0.168	0.171	0.170	0.169	0.170	0.174	0.176	0.173	0.171	0.170	0.172	0.170	0.169	0.183	0.171	0.173	0.169	0.172	0.171	0.171	0.170	0.170	0.168	0.179	0.169	0.178	0.174	0.174	0.168	0.166	0.165	0.170	0.173	0.171	0.171	0.173	0.169	0.171	0.171	0.169	0.170	0.168	0.166	0.170	0.179	0.170	0.175	0.174	0.172	0.169	0.171	0.185	0.175	0.171	0.170	0.177	0.174	0.172	0.178	0.172	0.174	0.169	0.179	0.178	0.174	0.176	0.173	0.170	0.170	0.171	0.177	0.173	0.175	0.170	0.169	0.170	0.173	0.173	0.170	0.171	0.168	0.173	0.174	0.169	0.174	0.170	0.171	0.169	0.170	0.176	0.179
8:00:37	34.4	0.174	0.170	0.177	0.179	0.172	0.167	0.171	0.169	0.169	0.170	0.174	0.176	0.173	0.170	0.170	0.173	0.170	0.169	0.183	0.170	0.172	0.169	0.171	0.171	0.170	0.169	0.170	0.168	0.179	0.168	0.177	0.173	0.174	0.168	0.165	0.165	0.169	0.172	0.170	0.170	0.172	0.168	0.171	0.171	0.169	0.169	0.168	0.167	0.170	0.178	0.169	0.175	0.173	0.171	0.169	0.170	0.184	0.174	0.170	0.170	0.177	0.173	0.171	0.178	0.172	0.172	0.169	0.179	0.177	0.174	0.175	0.172	0.169	0.170	0.170	0.177	0.172	0.174	0.170	0.169	0.170	0.172	0.173	0.170	0.170	0.167	0.173	0.173	0.167	0.170	0.169	0.170	0.169	0.170	0.175	0.180
9:00:37	34.4	0.173	0.170	0.176	0.178	0.171	0.167	0.171	0.169	0.169	0.170	0.174	0.177	0.172	0.170	0.169	0.172	0.169	0.169	0.182	0.170	0.173	0.169	0.171	0.171	0.170	0.169	0.169	0.168	0.178	0.169	0.177	0.173	0.173	0.168	0.165	0.165	0.168	0.172	0.170	0.170	0.172	0.168	0.170	0.170	0.169	0.169	0.168	0.166	0.169	0.179	0.169	0.175	0.173	0.171	0.169	0.183	0.183	0.178	0.169	0.170	0.176	0.172	0.170	0.177	0.172	0.172	0.168	0.178	0.176	0.173	0.175	0.172	0.169	0.169	0.170	0.176	0.172	0.173	0.169	0.169	0.170	0.172	0.172	0.170	0.170	0.167	0.172	0.173	0.167	0.169	0.169	0.170	0.168	0.170	0.175	0.179
10:00:38	34.4	0.173	0.170	0.176	0.177	0.171	0.167	0.171	0.168	0.169	0.170	0.174	0.176	0.172	0.170	0.169	0.172	0.170	0.168	0.182	0.169	0.172	0.169	0.171	0.171	0.170	0.168	0.168	0.167	0.178	0.168	0.176	0.172	0.173	0.167	0.164	0.165	0.168	0.172	0.169	0.169	0.172	0.168	0.170	0.170	0.168	0.168	0.168	0.166	0.168	0.177	0.169	0.174	0.173	0.171	0.168	0.170	0.184	0.173	0.169	0.170	0.176	0.172	0.170	0.177	0.172	0.172	0.168	0.178	0.176	0.173	0.175	0.172	0.169	0.169	0.169	0.175	0.177	0.173	0.169	0.168	0.169	0.171	0.173	0.170	0.169	0.167	0.172	0.172	0.167	0.169	0.168	0.169	0.167	0.170	0.174	0.178
11:00:38	34.4	0.173	0.169	0.176	0.177	0.171	0.167	0.170	0.168	0.168	0.170	0.173	0.176	0.172	0.169	0.168	0.172	0.169	0.168	0.181	0.169	0.172	0.168	0.171	0.171	0.169	0.167	0.168	0.167	0.178	0.167	0.176	0.172	0.172	0.167	0.164	0.165	0.167	0.171	0.168	0.169	0.171	0.167	0.170	0.169	0.168	0.168	0.167	0.166	0.168	0.177	0.169	0.173	0.172	0.170	0.167	0.170	0.182	0.172	0.169	0.169	0.175	0.171	0.170	0.177	0.172	0.171	0.168	0.178	0.175	0.172	0.174	0.172	0.169	0.169	0.169	0.175	0.177	0.172	0.168	0.167	0.169	0.171	0.172	0.170	0.169	0.167	0.171	0.171	0.167	0.169	0.169	0.169	0.167	0.170	0.173	0.178
12:00:39	34.4	0.174	0.169	0.176	0.177	0.171	0.167	0.170	0.167	0.168	0.170	0.174	0.177	0.172	0.169	0.168	0.170	0.169	0.167	0.180	0.168	0.172	0.168	0.170	0.171	0.170	0.167	0.167	0.167	0.178	0.167	0.175	0.172	0.172	0.167	0.164	0.166	0.168	0.171	0.168	0.169	0.171	0.167	0.169	0.169	0.167	0.171	0.167	0.166	0.167	0.177	0.168	0.173	0.172	0.170	0.167	0.169	0.182	0.172	0.169	0.169	0.175	0.171	0.170	0.176	0.171	0.171	0.168	0.177	0.175	0.172	0.174	0.172	0.169	0.169	0.168	0.175	0.171	0.172	0.168	0.167	0.169	0.170	0.172	0.170	0.169	0.167	0.171	0.171	0.166	0.169	0.168	0.169	0.168	0.170	0.173	0.178
13:00:39	34.4	0.173	0.169	0.176	0.177	0.171	0.166	0.170	0.167	0.168	0.170	0.174	0.177	0.172	0.169	0.168	0.171	0.170	0.167	0.181	0.168	0.172	0.168	0.170	0.171	0.170	0.167	0.167	0.167	0.178	0.167	0.175	0.172	0.172	0.166	0.164	0.165	0.168	0.170	0.168	0.169	0.170	0.166	0.169	0.169	0.167	0.167	0.167	0.166	0.167	0.177	0.168	0.172	0.171	0.169	0.167	0.170	0.181	0.172	0.169	0.169	0.175	0.171	0.170	0.176	0.171	0.171	0.167	0.177	0.175	0.172	0.174	0.172	0.169	0.168	0.169	0.174	0.171	0.171	0.168	0.167	0.169	0.170	0.172	0.170	0.169	0.167	0.170	0.171	0.167	0.169	0.168	0.168	0.167	0.170	0.173	0.178
14:00:40	34.4	0.173	0.169	0.176	0.176	0.170	0.166	0.170	0.167	0.168	0.170	0.174	0.176	0.171	0.169	0.168	0.170	0.169	0.167	0.180	0.168	0.171	0.168	0.170	0.171	0.170	0.166	0.168	0.166	0.177	0.166	0.175	0.171	0.172	0.166	0.164	0.167	0.167	0.170	0.167	0.168	0.170	0.166	0.168	0.168	0.166	0.167	0.167	0.166	0.167	0.178	0.167	0.172	0.170	0.169	0.167	0.169	0.181	0.180	0.168	0.169	0.175	0.170	0.169	0.175	0.171	0.170	0.167	0.177	0.174	0.171	0.174	0.172	0.169	0.170	0.169	0.174	0.170	0.171	0.167	0.167	0.169	0.169	0.173	0.169	0.169	0.167	0.170	0.171	0.166	0.169	0.169	0.168	0.167	0.170	0.173	0.178
15:00:40	34.4	0.174	0.169	0.176	0.177	0.170	0.167	0.170	0.167	0.168	0.170	0.174	0.176	0.171	0.169	0.168	0.170	0.168	0.166	0.179	0.167	0.172	0.168	0.170	0.171	0.169	0.166	0.167	0.166	0.177	0.166	0.175	0.172	0.172	0.166	0.165	0.165	0.168	0.170	0.167	0.167	0.170	0.166	0.168	0.168	0.166	0.167	0.167	0.166	0.167	0.176	0.167	0.172	0.170	0.169	0.167	0.169	0.181	0.172	0.168	0.169	0.175	0.170	0.169	0.175	0.171	0.170	0.167	0.176	0.174	0.171	0.174	0.172	0.169	0.168	0.168	0.173	0.170	0.171	0.167	0.167	0.169	0.170	0.172	0.170	0.170	0.167	0.171	0.171	0.166	0.169	0.168	0.169	0.167	0.170	0.173	0.177
16:00:40	34.4	0.173	0.168	0.176	0.178	0.170	0.166	0.170	0.167	0.168	0.170	0.174	0.176	0.171	0.169	0.168	0.170	0.168	0.166	0.179	0.167	0.171	0.168	0.170	0.171	0.170	0.166	0.167	0.166	0.177	0.166	0.174	0.171	0.172	0.166	0.164	0.166	0.167	0.170	0.167	0.168	0.170	0.166	0.168	0.168	0.166	0.167	0.167	0.166	0.167	0.176	0.167	0.171	0.170	0.168	0.166	0.169	0.181	0.180	0.168	0.169	0.175	0.170	0.169	0.175	0.171	0.170	0.166	0.176	0.174	0.171	0.174	0.173	0.168	0.169	0.170	0.173	0.169	0.171	0.167	0.167	0.169	0.169	0.172	0.170	0.169	0.167	0.170	0.171	0.167	0.169	0.168	0.169	0.167	0.170	0.173	0.178
17:00:41	34.4	0.174	0.169	0.176	0.178	0.170	0.166	0.170	0.167	0.168	0.170	0.174	0.176	0.171	0.169	0.168	0.170	0.168	0.166	0.179	0.167	0.171	0.168	0.170	0.171	0.169	0.167	0.166	0.165	0.177	0.165	0.174	0.171	0.172	0.166	0.165	0.165	0.167	0.170	0.167	0.167	0.170	0.166	0.167	0.168	0.166	0.167	0.167	0.165	0.167	0.176	0.167	0.171	0.169	0.168	0.166	0.169	0.180	0.179	0.168	0.169	0.175	0.170	0.169	0.174	0.171	0.170	0.167	0.176	0.174	0.170	0.173	0.172	0.168	0.169	0.168	0.173	0.169	0.171	0.166	0.167	0.168	0.169	0.172	0.169	0.169	0.167	0.170	0.171	0.166	0.169	0.168	0.169	0.167	0.170	0.172	0.178
18:00:42	34.4	0.174	0.168	0.175	0.182	0.170	0.166	0.170	0.167	0.168	0.170	0.174	0.176	0.171	0.169	0.169	0.170	0.168	0.166	0.179	0.167	0.171	0.167	0.170	0.171	0.169	0.166	0.167	0.166	0.176	0.166	0.174	0.171	0.172	0.165	0.165	0.165	0.167	0.170	0.167	0.167	0.170	0.166	0.167	0.168	0.166	0.167	0.167	0.166	0.167	0.176	0.167	0.170	0.169	0.168	0.166	0.169	0.180	0.171	0.168	0.169	0.175	0.170	0.168	0.175	0.171	0.170	0.166	0.176	0.174	0.171	0.174	0.172	0.169	0.168	0.168	0.173	0.169	0.170	0.167	0.167	0.169	0.169	0.172	0.170	0.169	0.167	0.170	0.171	0.169	0.169	0.168	0.168	0.167	0.170	0.173	0.178
19:00:42	34.4	0.174	0.169	0.176	0.175	0.170	0.166	0.170	0.168	0.168	0.170	0.174	0.177	0.172	0.169	0.168	0.170	0.168	0.166	0.179	0.166	0.172	0.168	0.170	0.171	0.169	0.166	0.167	0.166	0.176	0.165	0.174	0.171	0.172	0.166	0.164	0.165	0.167	0.170	0.166	0.167	0.169	0.165	0.167	0.168	0.166	0.168	0.167	0.165	0.167	0.176	0.167	0.170	0.169	0.168	0.166	0.169	0.182	0.170	0.169	0.169	0.174	0.170	0.169	0.174	0.171	0.169	0.169	0.176	0.174	0.171	0.173	0.172	0.168	0.168	0.170	0.173	0.170	0.171	0.166	0.167	0.169	0.169	0.171	0.169	0.170	0.166	0.170	0.171	0.169	0.169	0.168	0.168	0.167	0.170	0.172	0.178
20:00:43	34.4	0.173	0.169	0.176	0.175	0.170	0.166	0.172	0.167	0.168	0.170	0.174	0.176	0.171	0.169	0.168	0.170	0.168	0.166	0.178	0.166	0.172	0.168	0.170	0.171	0.169	0.166	0.167	0.166	0.176	0.166	0.173	0.171	0.172	0.166	0.164	0.165	0.167	0.170	0.166	0.167	0.169	0.165	0.167	0.167	0.165	0.168	0.166	0.166	0.167	0.176	0.166	0.170	0.169	0.168	0.166	0.169	0.180	0.178	0.168	0.169	0.174	0.170	0.168	0.175	0.171	0.170	0.166	0.176	0.174	0.170	0.173	0.172	0.169	0.168	0.169	0.173	0.169	0.170	0.167	0.167	0.169	0.169	0.171	0.170	0.169	0.166	0.170	0.170	0.168	0.169	0.168	0.168	0.167	0.170	0.172	0.178
21:00:43	34.6	0.173	0.168	0.183	0.175	0.170	0.166	0.169	0.167	0.168	0.170	0.174	0.176	0.171	0.169	0.168	0.169	0.168	0.166	0.178	0.166	0.172	0.167	0.169	0.171	0.169	0.166	0.167	0.165	0.176	0.165	0.173	0.171	0.172	0.166	0.164	0.165	0.167	0.170	0.166	0.167	0.169	0.165	0.167	0.167	0.166	0.167	0.166	0.165	0.167	0.176	0.166	0.170	0.168	0.168	0.166	0.169	0.180	0.170	0.168	0.169	0.174	0.170	0.168	0.174	0.171	0.170	0.167	0.176	0.174	0.170	0.173	0.172	0.168	0.168	0.170	0.173	0.169	0.171	0.166	0.167	0.169	0.168	0.171	0.169	0.170	0.167	0.170	0.170	0.171	0.169	0.168	0.168	0.167	0.170	0.172	0.180
22:00:43	34.6	0.173	0.169	0.175	0.193	0.170	0.166	0.171	0.167	0.168	0.169	0.174	0.176	0.172	0.168	0.167	0.170	0.168	0.166	0.178	0.166	0.172	0.167	0.170	0.171	0.169	0.166	0.167	0.166	0.176	0.166	0.173	0.171	0.172	0.166	0.164	0.165	0.167	0.170	0.166	0.167	0.169	0.165	0.167	0.167	0.166	0.167	0.166	0.165	0.167	0.176	0.166	0.170	0.168	0.168	0.166	0.169	0.180	0.171	0.168	0.169	0.174	0.170	0.168	0.174	0.171	0.169	0.166	0.176	0.174	0.170	0.172	0.176	0.168	0.167	0.168	0.173	0.169	0.170	0.166	0.167	0.169	0.168	0.171	0.169	0.169	0.166	0.170	0.170	0.168	0.169	0.168	0.168	0.166	0.170	0.172	0.177
23:00:46	34.5	0.174	0.168	0.177	0.179	0.170	0.166	0.169	0.167	0.168	0.169	0.174	0.176	0.172	0.168	0.168	0.169	0.167	0.166	0.178	0.166	0.171	0.168	0.170	0.172	0.169	0.166	0.166	0.165	0.176	0.165	0.172	0.170	0.172	0.166	0.164	0.165	0.167	0.169	0.166	0.167	0.169	0.165	0.167	0.168	0.166	0.167	0.166	0.165	0.167	0.175	0.166	0.170	0.169	0.168	0.165	0.168	0.180	0.170	0.169	0.169	0.174	0.169	0.167	0.174	0.171	0.170	0.166	0.176	0.174	0.171	0.173	0.172	0.169	0.168	0.168	0.174	0.169	0.170	0.166	0.167	0.169	0.168	0.172	0.170	0.169	0.166	0.169	0.171	0.166	0.169	0.168	0.168	0.167	0.170	0.172	0.177
0:00:00																																																																																																	

Results
	1	2	3	4	5	6	7	8	9	10	11	12
A	-0.014	-0.018	0.023	0.040	-0.021	-0.018	-0.026	-0.021	-0.019	-0.019	-0.025	-0.015	Max V [600]
	0.972	0.990	0.488	0.257	0.980	0.976	0.964	0.985	0.961	0.975	0.973	0.789	R-Squared [600]
	2:00:35	2:00:35	19:00:42	21:00:44	2:00:35	2:00:35	2:00:35	2:00:35	2:00:35	2:00:35	2:00:35	2:00:35	t at Max V [600]
	?????	?????	21:50:57	?????	?????	?????	?????	?????	0:05:52	?????	?????	?????	Lagtime [600]
B	-0.020	-0.013	-0.015	-0.020	-0.018	-0.019	-0.022	-0.017	-0.024	-0.036	-0.021	-0.016	Max V [600]
	0.996	0.943	0.987	0.963	0.930	0.977	0.982	0.989	0.973	0.924	0.911	0.886	R-Squared [600]
	3:00:35	4:00:36	3:00:35	2:00:35	3:00:35	3:00:35	3:00:35	3:00:35	2:00:35	2:00:35	2:00:35	2:00:35	t at Max V [600]
	1:03:34	1:54:35	1:18:06	0:12:28	1:26:22	1:10:50	1:24:23	1:19:02	?????	?????	?????	?????	Lagtime [600]
C	-0.016	-0.033	-0.018	-0.020	-0.016	-0.017	-0.024	-0.022	-0.016	-0.070	-0.015	-0.031	Max V [600]
	0.971	0.797	0.993	0.919	0.978	0.996	0.975	0.962	0.895	0.582	0.857	0.882	R-Squared [600]
	6:00:37	3:00:35	3:00:35	3:00:35	4:00:36	6:00:37	3:00:35	3:00:35	2:00:35	5:00:36	2:00:35	2:00:35	t at Max V [600]
	3:14:21	1:20:52	2:23:13	0:46:34	2:01:51	3:42:19	1:13:15	1:39:22	0:09:30	?????	0:19:55	?????	Lagtime [600]
D	-0.016	-0.016	-0.021	-0.017	-0.019	-0.023	-0.020	-0.018	-0.013	-0.017	-0.018	-0.011	Max V [600]
	0.979	0.792	0.935	0.952	0.994	0.964	0.991	0.875	0.966	0.996	0.989	0.978	R-Squared [600]
	4:00:36	3:00:35	3:00:35	3:00:35	3:00:35	3:00:35	3:00:35	5:00:36	5:00:36	4:00:36	2:00:35	2:00:35	t at Max V [600]
	0:37:41	1:27:31	2:04:50	0:59:24	2:10:40	2:36:35	2:38:46	1:55:38	0:12:16	1:09:19	?????	?????	Lagtime [600]
E	-0.016	-0.015	-0.021	-0.023	-0.012	-0.015	-0.018	-0.046	-0.019	-0.071	-0.020	-0.014	Max V [600]
	0.985	0.991	0.961	0.989	0.822	0.979	0.991	0.494	0.952	0.877	1.000	0.990	R-Squared [600]
	3:00:35	4:00:36	4:00:36	3:00:35	7:00:37	4:00:36	4:00:36	11:00:38	4:00:36	4:00:36	3:00:35	2:00:35	t at Max V [600]
	0:27:10	0:18:50	1:00:06	2:50:14	4:28:36	4:14:57	3:09:19	10:14:12	1:58:28	4:13:35	0:35:46	?????	Lagtime [600]
F	-0.009	-0.019	-0.015	-0.016	-0.012	-0.017	-0.020	-0.020	-0.014	-0.018	-0.016	0.014	Max V [600]
	0.897	0.986	0.734	0.925	0.951	0.975	0.925	0.962	0.987	0.993	0.947	0.558	R-Squared [600]
	3:00:35	3:00:35	3:00:35	3:00:35	3:00:35	3:00:35	3:00:35	3:00:35	6:00:37	2:00:35	2:00:35	20:00:43	t at Max V [600]
	1:15:51	0:12:59	1:37:06	2:10:35	1:17:14	3:14:42	2:28:35	1:35:00	0:35:17	0:10:34	0:24:04	22:05:07	Lagtime [600]
G	-0.012	-0.012	-0.025	-0.013	-0.034	-0.017	-0.023	-0.010	-0.014	-0.017	-0.029	-0.014	Max V [600]
	0.995	0.986	0.847	0.977	0.807	0.928	0.864	0.950	0.987	0.985	0.412	0.971	R-Squared [600]
	2:00:35	4:00:36	6:00:37	5:00:36	12:00:39	3:00:35	3:00:35	4:00:36	3:00:35	4:00:36	2:00:35	2:00:35	t at Max V [600]
	?????	2:05:44	4:04:31	4:00:36	10:08:19	3:11:04	3:34:38	2:35:25	0:41:15	2:01:46	?????	?????	Lagtime [600]
H	-0.012	-0.037	-0.031	-0.026	-0.059	-0.026	-0.016	-0.011	-0.020	-0.015	-0.017	-0.015	Max V [600]
	0.971	0.968	0.974	0.974	0.900	0.873	0.955	0.976	0.855	0.819	0.916	0.812	R-Squared [600]
	3:00:35	2:00:35	3:00:35	3:00:35	3:00:35	2:00:35	3:00:35	4:00:36	2:00:35	2:00:35	2:00:35	2:00:35	t at Max V [600]
	0:23:23	?????	1:00:34	0:56:48	0:55:51	0:25:30	0:56:47	2:14:42	?????	?????	?????	0:16:34	Lagtime [600]

