
Software Version	3.11.19



Experiment File Path:	C:\Users\patil-group\Desktop\Sweeteners_stacker\NT5007_07_24_76_Rep1.xpt
Protocol File Path:	C:\Users\Public\Documents\Protocols\Screening-protocol.prt



Plate Number	Plate 22
Date	12/12/2021
Time	15:35:03
Reader Type:	Epoch 2
Reader Serial Number:	2103223
Reading Type	Reader

Procedure Details

Plate Type	96 WELL PLATE
Discontinuous Kinetics	Runtime 1:00:00 (D:HH:MM), Interval 0:01:00, 25 Reads
	Pause after each run
Eject plate on completion	
Shake	Linear: 0:00:30 (HH:MM:SS)
	Frequency: 567 cpm (3 mm)
Read	Absorbance Endpoint
	Full Plate
	Wavelengths:  600
	Read Speed: Normal,  Delay: 100 msec,  Measurements/Data Point: 8

600

Time	T° 600	A1	A2	A3	A4	A5	A6	A7	A8	A9	A10	A11	A12	B1	B2	B3	B4	B5	B6	B7	B8	B9	B10	B11	B12	C1	C2	C3	C4	C5	C6	C7	C8	C9	C10	C11	C12	D1	D2	D3	D4	D5	D6	D7	D8	D9	D10	D11	D12	E1	E2	E3	E4	E5	E6	E7	E8	E9	E10	E11	E12	F1	F2	F3	F4	F5	F6	F7	F8	F9	F10	F11	F12	G1	G2	G3	G4	G5	G6	G7	G8	G9	G10	G11	G12	H1	H2	H3	H4	H5	H6	H7	H8	H9	H10	H11	H12
0:00:34	34.2	0.171	0.170	0.170	0.174	0.173	0.180	0.180	0.180	0.174	0.176	0.172	0.175	0.171	0.176	0.179	0.173	0.175	0.173	0.180	0.174	0.187	0.174	0.177	0.162	0.173	0.173	0.174	0.174	0.178	0.174	0.173	0.183	0.175	0.175	0.176	0.169	0.175	0.180	0.175	0.171	0.171	0.176	0.172	0.173	0.174	0.178	0.179	0.181	0.173	0.172	0.177	0.174	0.172	0.174	0.173	0.175	0.186	0.181	0.175	0.181	0.173	0.174	0.176	0.171	0.186	0.175	0.172	0.173	0.175	0.177	0.176	0.177	0.173	0.178	0.175	0.173	0.170	0.173	0.174	0.173	0.173	0.176	0.178	0.182	0.180	0.175	0.171	0.177	0.169	0.171	0.178	0.171	0.180	0.174	0.180	0.175
1:00:34	34.4	0.170	0.169	0.169	0.173	0.171	0.178	0.176	0.177	0.172	0.174	0.171	0.174	0.170	0.173	0.177	0.171	0.173	0.171	0.179	0.173	0.185	0.172	0.176	0.160	0.172	0.171	0.172	0.172	0.176	0.172	0.171	0.183	0.173	0.174	0.174	0.168	0.174	0.178	0.174	0.170	0.170	0.175	0.171	0.172	0.172	0.176	0.177	0.179	0.172	0.171	0.175	0.172	0.171	0.172	0.172	0.173	0.185	0.180	0.174	0.178	0.172	0.172	0.175	0.169	0.185	0.173	0.171	0.173	0.173	0.176	0.174	0.176	0.172	0.177	0.174	0.172	0.169	0.171	0.172	0.172	0.173	0.175	0.176	0.182	0.178	0.175	0.172	0.176	0.169	0.171	0.177	0.169	0.179	0.173	0.178	0.173
2:00:35	34.4	0.169	0.168	0.168	0.172	0.170	0.177	0.176	0.175	0.172	0.173	0.171	0.173	0.169	0.172	0.177	0.171	0.173	0.170	0.177	0.172	0.184	0.171	0.177	0.160	0.171	0.170	0.171	0.171	0.175	0.171	0.171	0.180	0.172	0.173	0.173	0.167	0.173	0.178	0.172	0.169	0.168	0.175	0.170	0.171	0.171	0.175	0.176	0.178	0.171	0.169	0.175	0.172	0.170	0.171	0.170	0.173	0.183	0.178	0.173	0.178	0.171	0.172	0.174	0.169	0.184	0.172	0.170	0.172	0.172	0.175	0.174	0.175	0.170	0.176	0.173	0.171	0.168	0.170	0.171	0.171	0.171	0.174	0.175	0.179	0.178	0.174	0.172	0.174	0.169	0.171	0.176	0.169	0.178	0.172	0.177	0.172
3:00:35	34.4	0.169	0.168	0.168	0.171	0.169	0.176	0.174	0.175	0.171	0.172	0.169	0.172	0.168	0.172	0.176	0.170	0.172	0.170	0.176	0.171	0.183	0.170	0.174	0.159	0.170	0.169	0.170	0.170	0.175	0.170	0.170	0.180	0.172	0.171	0.172	0.167	0.172	0.177	0.172	0.168	0.168	0.174	0.169	0.170	0.171	0.173	0.176	0.177	0.170	0.169	0.174	0.171	0.169	0.170	0.170	0.171	0.182	0.177	0.171	0.177	0.171	0.171	0.173	0.167	0.183	0.172	0.169	0.170	0.172	0.174	0.173	0.175	0.170	0.175	0.173	0.170	0.168	0.169	0.171	0.170	0.170	0.174	0.174	0.179	0.176	0.179	0.171	0.173	0.168	0.170	0.175	0.167	0.177	0.171	0.176	0.172
4:00:36	34.4	0.168	0.167	0.168	0.171	0.169	0.175	0.177	0.174	0.171	0.172	0.168	0.172	0.168	0.172	0.175	0.169	0.172	0.169	0.175	0.171	0.183	0.169	0.174	0.159	0.170	0.169	0.170	0.169	0.174	0.170	0.172	0.179	0.171	0.171	0.172	0.167	0.172	0.176	0.171	0.168	0.167	0.173	0.169	0.170	0.170	0.173	0.175	0.177	0.170	0.168	0.174	0.170	0.169	0.170	0.169	0.171	0.181	0.177	0.171	0.177	0.170	0.171	0.172	0.167	0.183	0.171	0.169	0.170	0.172	0.174	0.173	0.174	0.169	0.175	0.172	0.170	0.167	0.169	0.170	0.171	0.171	0.172	0.175	0.178	0.176	0.181	0.170	0.173	0.168	0.169	0.174	0.167	0.177	0.170	0.176	0.172
5:00:36	34.4	0.168	0.167	0.167	0.170	0.169	0.175	0.179	0.174	0.170	0.171	0.168	0.171	0.168	0.172	0.175	0.169	0.171	0.169	0.174	0.170	0.182	0.169	0.174	0.159	0.170	0.168	0.170	0.169	0.174	0.170	0.170	0.179	0.170	0.170	0.172	0.166	0.171	0.176	0.171	0.168	0.167	0.173	0.168	0.169	0.169	0.172	0.174	0.176	0.169	0.167	0.181	0.170	0.168	0.169	0.168	0.171	0.181	0.176	0.171	0.177	0.170	0.170	0.172	0.166	0.183	0.171	0.169	0.169	0.171	0.173	0.172	0.174	0.169	0.174	0.172	0.169	0.166	0.169	0.170	0.170	0.169	0.172	0.173	0.177	0.175	0.181	0.169	0.171	0.167	0.168	0.173	0.166	0.176	0.170	0.176	0.171
6:00:36	34.4	0.168	0.167	0.167	0.170	0.168	0.174	0.179	0.174	0.170	0.171	0.168	0.171	0.167	0.172	0.175	0.169	0.171	0.169	0.175	0.170	0.182	0.168	0.173	0.159	0.170	0.168	0.169	0.169	0.173	0.170	0.173	0.178	0.171	0.170	0.172	0.166	0.171	0.175	0.170	0.168	0.167	0.172	0.168	0.169	0.169	0.172	0.174	0.176	0.169	0.167	0.180	0.169	0.168	0.169	0.168	0.171	0.180	0.176	0.171	0.176	0.170	0.170	0.171	0.166	0.182	0.170	0.168	0.169	0.171	0.173	0.173	0.174	0.169	0.174	0.172	0.168	0.166	0.168	0.170	0.170	0.169	0.172	0.173	0.177	0.174	0.180	0.169	0.172	0.167	0.168	0.173	0.166	0.175	0.170	0.175	0.171
7:00:37	34.4	0.168	0.167	0.167	0.170	0.168	0.174	0.178	0.174	0.170	0.171	0.168	0.171	0.167	0.171	0.175	0.169	0.171	0.168	0.174	0.169	0.182	0.169	0.173	0.159	0.169	0.168	0.169	0.169	0.173	0.169	0.169	0.178	0.170	0.170	0.171	0.166	0.171	0.175	0.170	0.167	0.166	0.172	0.167	0.168	0.169	0.172	0.174	0.176	0.169	0.168	0.180	0.169	0.168	0.169	0.168	0.171	0.180	0.175	0.170	0.176	0.170	0.170	0.171	0.166	0.182	0.170	0.168	0.169	0.171	0.173	0.172	0.174	0.169	0.174	0.172	0.168	0.166	0.168	0.169	0.169	0.169	0.171	0.173	0.177	0.174	0.181	0.169	0.170	0.166	0.167	0.173	0.166	0.176	0.170	0.175	0.170
8:00:38	34.4	0.168	0.167	0.167	0.170	0.168	0.174	0.178	0.173	0.169	0.171	0.168	0.171	0.167	0.171	0.174	0.169	0.171	0.169	0.174	0.170	0.182	0.168	0.173	0.159	0.170	0.168	0.169	0.168	0.173	0.169	0.169	0.178	0.170	0.170	0.171	0.166	0.171	0.175	0.170	0.167	0.167	0.172	0.167	0.168	0.169	0.171	0.178	0.176	0.169	0.167	0.180	0.169	0.167	0.169	0.168	0.170	0.180	0.175	0.170	0.177	0.170	0.170	0.171	0.165	0.182	0.171	0.168	0.169	0.171	0.173	0.172	0.174	0.169	0.173	0.172	0.168	0.166	0.169	0.169	0.169	0.169	0.172	0.173	0.177	0.173	0.180	0.168	0.170	0.166	0.167	0.173	0.166	0.175	0.170	0.175	0.171
9:00:37	34.4	0.168	0.167	0.167	0.170	0.168	0.174	0.178	0.173	0.169	0.171	0.168	0.172	0.168	0.171	0.174	0.169	0.171	0.168	0.174	0.169	0.181	0.168	0.173	0.159	0.169	0.168	0.169	0.168	0.173	0.169	0.210	0.178	0.170	0.170	0.171	0.166	0.171	0.175	0.170	0.167	0.166	0.171	0.167	0.168	0.169	0.171	0.173	0.176	0.169	0.167	0.180	0.169	0.167	0.169	0.168	0.170	0.179	0.175	0.170	0.176	0.170	0.170	0.171	0.165	0.182	0.170	0.168	0.169	0.170	0.173	0.172	0.174	0.169	0.173	0.171	0.168	0.166	0.168	0.169	0.169	0.169	0.171	0.173	0.176	0.173	0.170	0.168	0.170	0.166	0.166	0.172	0.166	0.175	0.169	0.175	0.171
10:00:38	34.4	0.167	0.167	0.167	0.170	0.168	0.174	0.179	0.173	0.169	0.171	0.168	0.171	0.167	0.171	0.174	0.168	0.171	0.168	0.173	0.169	0.182	0.168	0.173	0.159	0.169	0.168	0.169	0.168	0.173	0.169	0.168	0.178	0.170	0.170	0.171	0.166	0.171	0.176	0.170	0.167	0.167	0.171	0.167	0.168	0.168	0.171	0.173	0.175	0.169	0.167	0.179	0.169	0.167	0.169	0.168	0.169	0.179	0.175	0.170	0.176	0.169	0.170	0.171	0.165	0.182	0.170	0.168	0.169	0.170	0.172	0.172	0.174	0.168	0.173	0.172	0.168	0.166	0.168	0.169	0.169	0.169	0.171	0.173	0.176	0.173	0.170	0.167	0.169	0.166	0.166	0.171	0.166	0.175	0.170	0.174	0.171
11:00:38	34.4	0.167	0.167	0.167	0.170	0.168	0.174	0.178	0.173	0.169	0.170	0.169	0.171	0.167	0.171	0.174	0.169	0.171	0.168	0.173	0.169	0.182	0.168	0.173	0.159	0.169	0.169	0.169	0.168	0.173	0.169	0.168	0.178	0.170	0.170	0.171	0.166	0.170	0.175	0.170	0.167	0.166	0.171	0.167	0.168	0.169	0.171	0.173	0.176	0.169	0.167	0.179	0.169	0.168	0.169	0.168	0.170	0.179	0.175	0.170	0.176	0.170	0.170	0.170	0.165	0.182	0.170	0.167	0.169	0.171	0.172	0.172	0.174	0.169	0.173	0.172	0.168	0.166	0.169	0.169	0.169	0.169	0.171	0.173	0.176	0.172	0.170	0.167	0.169	0.166	0.166	0.171	0.167	0.172	0.170	0.175	0.171
12:00:39	34.4	0.168	0.167	0.167	0.170	0.168	0.174	0.178	0.173	0.169	0.170	0.168	0.171	0.167	0.171	0.174	0.168	0.171	0.168	0.173	0.169	0.182	0.169	0.173	0.159	0.169	0.168	0.169	0.168	0.173	0.169	0.169	0.177	0.170	0.170	0.171	0.166	0.171	0.174	0.169	0.167	0.166	0.171	0.167	0.168	0.168	0.171	0.173	0.176	0.168	0.167	0.179	0.168	0.167	0.169	0.168	0.170	0.179	0.175	0.170	0.176	0.170	0.170	0.170	0.165	0.181	0.170	0.167	0.169	0.170	0.173	0.172	0.173	0.168	0.173	0.171	0.168	0.166	0.168	0.169	0.169	0.169	0.171	0.173	0.176	0.172	0.170	0.167	0.169	0.166	0.166	0.171	0.166	0.170	0.170	0.175	0.170
13:00:39	34.4	0.168	0.167	0.167	0.170	0.169	0.174	0.178	0.173	0.169	0.171	0.168	0.171	0.167	0.171	0.174	0.169	0.171	0.168	0.173	0.169	0.181	0.168	0.173	0.159	0.169	0.168	0.169	0.168	0.173	0.169	0.168	0.178	0.170	0.169	0.171	0.166	0.170	0.174	0.169	0.167	0.166	0.170	0.167	0.168	0.168	0.171	0.173	0.176	0.168	0.167	0.179	0.169	0.167	0.169	0.168	0.169	0.179	0.175	0.170	0.177	0.170	0.170	0.170	0.165	0.181	0.170	0.168	0.168	0.170	0.173	0.172	0.174	0.169	0.172	0.172	0.168	0.166	0.168	0.169	0.169	0.169	0.171	0.172	0.176	0.172	0.169	0.167	0.171	0.166	0.166	0.171	0.166	0.170	0.170	0.174	0.170
14:00:40	34.4	0.168	0.167	0.167	0.170	0.168	0.175	0.178	0.173	0.169	0.170	0.168	0.172	0.167	0.171	0.174	0.168	0.171	0.168	0.174	0.169	0.181	0.168	0.173	0.160	0.169	0.168	0.168	0.168	0.173	0.169	0.168	0.177	0.170	0.170	0.171	0.166	0.171	0.174	0.169	0.167	0.166	0.171	0.167	0.168	0.168	0.171	0.173	0.175	0.168	0.167	0.179	0.169	0.167	0.169	0.167	0.169	0.178	0.175	0.170	0.176	0.170	0.170	0.170	0.165	0.182	0.170	0.168	0.168	0.171	0.173	0.172	0.173	0.168	0.172	0.171	0.168	0.166	0.168	0.169	0.169	0.168	0.171	0.172	0.176	0.172	0.170	0.166	0.168	0.165	0.166	0.171	0.166	0.170	0.170	0.174	0.171
15:00:40	34.4	0.168	0.167	0.167	0.170	0.168	0.173	0.178	0.173	0.169	0.170	0.168	0.171	0.167	0.171	0.174	0.169	0.170	0.168	0.174	0.169	0.181	0.168	0.173	0.159	0.170	0.168	0.169	0.168	0.173	0.169	0.178	0.178	0.170	0.169	0.171	0.166	0.171	0.175	0.170	0.167	0.166	0.170	0.167	0.167	0.168	0.171	0.173	0.175	0.168	0.167	0.179	0.168	0.168	0.169	0.167	0.170	0.179	0.175	0.170	0.176	0.169	0.169	0.170	0.165	0.182	0.170	0.167	0.170	0.170	0.172	0.172	0.174	0.168	0.172	0.171	0.168	0.166	0.168	0.169	0.169	0.169	0.171	0.173	0.176	0.173	0.170	0.167	0.169	0.166	0.166	0.171	0.167	0.170	0.170	0.174	0.170
16:00:41	34.4	0.168	0.167	0.167	0.170	0.168	0.174	0.179	0.173	0.169	0.170	0.168	0.171	0.167	0.171	0.174	0.169	0.171	0.168	0.173	0.169	0.182	0.168	0.173	0.159	0.169	0.168	0.169	0.168	0.173	0.169	0.209	0.177	0.170	0.170	0.171	0.166	0.170	0.175	0.169	0.167	0.166	0.170	0.166	0.168	0.168	0.170	0.172	0.175	0.168	0.167	0.179	0.168	0.168	0.168	0.167	0.170	0.179	0.175	0.170	0.176	0.170	0.170	0.170	0.165	0.181	0.170	0.167	0.168	0.170	0.172	0.172	0.174	0.168	0.172	0.172	0.168	0.166	0.168	0.169	0.169	0.169	0.171	0.173	0.177	0.172	0.169	0.167	0.168	0.166	0.166	0.171	0.166	0.170	0.170	0.174	0.171
17:00:41	34.4	0.168	0.167	0.168	0.170	0.168	0.174	0.179	0.174	0.169	0.171	0.168	0.171	0.167	0.171	0.174	0.169	0.171	0.168	0.173	0.169	0.182	0.169	0.173	0.159	0.170	0.168	0.169	0.169	0.173	0.169	0.172	0.178	0.170	0.170	0.171	0.166	0.170	0.175	0.169	0.167	0.166	0.171	0.166	0.168	0.169	0.171	0.173	0.175	0.169	0.167	0.179	0.168	0.167	0.168	0.168	0.169	0.179	0.175	0.169	0.176	0.170	0.170	0.170	0.165	0.182	0.170	0.167	0.168	0.170	0.172	0.172	0.174	0.168	0.172	0.172	0.168	0.166	0.169	0.169	0.169	0.169	0.173	0.172	0.176	0.173	0.170	0.167	0.170	0.165	0.167	0.172	0.166	0.170	0.170	0.173	0.171
18:00:42	34.4	0.168	0.167	0.167	0.171	0.168	0.174	0.178	0.173	0.170	0.170	0.168	0.171	0.167	0.171	0.174	0.168	0.171	0.168	0.173	0.169	0.182	0.168	0.173	0.159	0.169	0.168	0.168	0.168	0.173	0.169	0.170	0.177	0.170	0.170	0.171	0.166	0.170	0.175	0.169	0.167	0.166	0.170	0.166	0.168	0.168	0.170	0.173	0.174	0.168	0.168	0.179	0.169	0.167	0.168	0.167	0.169	0.178	0.174	0.169	0.176	0.169	0.170	0.170	0.165	0.182	0.170	0.168	0.168	0.170	0.172	0.172	0.174	0.168	0.173	0.172	0.168	0.166	0.168	0.169	0.169	0.168	0.171	0.172	0.176	0.172	0.169	0.166	0.168	0.166	0.166	0.171	0.166	0.170	0.169	0.173	0.170
19:00:43	34.4	0.168	0.167	0.167	0.171	0.168	0.175	0.179	0.173	0.170	0.171	0.169	0.171	0.167	0.171	0.174	0.169	0.172	0.168	0.174	0.169	0.182	0.168	0.173	0.159	0.170	0.168	0.169	0.168	0.173	0.169	0.210	0.178	0.170	0.169	0.171	0.166	0.170	0.175	0.169	0.167	0.166	0.170	0.166	0.167	0.168	0.170	0.173	0.174	0.168	0.168	0.179	0.169	0.168	0.168	0.168	0.170	0.178	0.175	0.170	0.176	0.169	0.170	0.170	0.165	0.182	0.170	0.168	0.170	0.170	0.172	0.172	0.174	0.168	0.172	0.171	0.168	0.166	0.168	0.169	0.169	0.169	0.171	0.173	0.177	0.172	0.170	0.166	0.170	0.165	0.166	0.171	0.166	0.170	0.170	0.173	0.170
20:00:43	34.5	0.168	0.167	0.168	0.170	0.168	0.174	0.179	0.173	0.170	0.171	0.168	0.171	0.167	0.171	0.174	0.169	0.171	0.168	0.174	0.169	0.182	0.168	0.173	0.160	0.170	0.169	0.169	0.168	0.173	0.169	0.168	0.178	0.170	0.170	0.171	0.166	0.170	0.174	0.169	0.168	0.166	0.170	0.167	0.167	0.168	0.170	0.173	0.174	0.169	0.168	0.179	0.168	0.168	0.168	0.168	0.169	0.178	0.174	0.170	0.176	0.169	0.170	0.171	0.165	0.182	0.171	0.168	0.168	0.170	0.172	0.172	0.174	0.168	0.172	0.172	0.168	0.166	0.168	0.169	0.169	0.169	0.171	0.173	0.178	0.173	0.170	0.166	0.169	0.165	0.166	0.171	0.166	0.170	0.170	0.173	0.170
21:00:44	34.6	0.168	0.168	0.168	0.170	0.168	0.174	0.180	0.174	0.170	0.171	0.168	0.171	0.167	0.171	0.174	0.169	0.171	0.168	0.174	0.170	0.182	0.168	0.173	0.160	0.169	0.168	0.169	0.168	0.173	0.169	0.175	0.178	0.170	0.170	0.171	0.166	0.170	0.174	0.169	0.167	0.166	0.171	0.166	0.168	0.168	0.170	0.172	0.174	0.168	0.168	0.179	0.168	0.168	0.168	0.168	0.169	0.178	0.175	0.170	0.176	0.169	0.170	0.170	0.166	0.182	0.170	0.168	0.168	0.170	0.172	0.172	0.174	0.169	0.172	0.172	0.168	0.167	0.168	0.169	0.169	0.168	0.171	0.173	0.176	0.172	0.170	0.166	0.168	0.165	0.166	0.170	0.166	0.170	0.170	0.172	0.171
22:00:44	34.5	0.168	0.167	0.168	0.171	0.168	0.174	0.179	0.173	0.170	0.171	0.169	0.171	0.167	0.171	0.174	0.169	0.171	0.168	0.174	0.170	0.182	0.168	0.173	0.160	0.170	0.168	0.169	0.168	0.173	0.170	0.168	0.178	0.171	0.170	0.170	0.166	0.171	0.173	0.169	0.167	0.166	0.170	0.166	0.167	0.168	0.171	0.172	0.174	0.168	0.167	0.179	0.169	0.168	0.167	0.168	0.170	0.178	0.174	0.170	0.176	0.170	0.170	0.170	0.166	0.182	0.171	0.168	0.169	0.171	0.172	0.172	0.174	0.169	0.172	0.172	0.169	0.166	0.168	0.169	0.169	0.169	0.171	0.173	0.176	0.173	0.170	0.166	0.168	0.165	0.167	0.171	0.166	0.170	0.170	0.172	0.170
23:00:47	34.5	0.168	0.167	0.168	0.171	0.168	0.174	0.179	0.173	0.169	0.171	0.168	0.171	0.168	0.171	0.173	0.169	0.171	0.168	0.174	0.169	0.182	0.168	0.173	0.160	0.170	0.167	0.169	0.169	0.172	0.169	0.169	0.178	0.170	0.169	0.170	0.166	0.170	0.173	0.169	0.167	0.166	0.170	0.166	0.167	0.168	0.170	0.172	0.174	0.168	0.167	0.179	0.168	0.168	0.168	0.168	0.170	0.178	0.174	0.169	0.176	0.170	0.170	0.170	0.166	0.182	0.171	0.168	0.169	0.171	0.172	0.172	0.174	0.169	0.172	0.172	0.169	0.166	0.168	0.169	0.169	0.169	0.171	0.173	0.176	0.173	0.170	0.168	0.169	0.166	0.166	0.170	0.166	0.170	0.169	0.172	0.170
0:00:00																																																																																																	

Results
	1	2	3	4	5	6	7	8	9	10	11	12
A	-0.011	-0.012	-0.008	-0.016	-0.014	-0.018	0.018	-0.023	-0.016	-0.018	-0.017	-0.015	Max V [600]
	0.958	0.967	0.763	0.973	0.825	0.965	0.746	0.867	0.902	0.947	0.909	0.932	R-Squared [600]
	2:00:35	2:00:35	2:00:35	2:00:35	2:00:35	2:00:35	4:00:36	2:00:35	2:00:35	2:00:35	2:00:35	2:00:35	t at Max V [600]
	?????	?????	?????	?????	?????	?????	6:56:45	?????	?????	?????	?????	?????	Lagtime [600]
B	-0.013	-0.015	-0.014	-0.015	-0.014	-0.013	-0.022	-0.016	-0.016	-0.020	-0.013	-0.011	Max V [600]
	0.971	0.851	0.977	0.956	0.867	0.869	0.988	0.997	0.908	0.935	0.811	0.786	R-Squared [600]
	2:00:35	2:00:35	2:00:35	2:00:35	2:00:35	2:00:35	2:00:35	2:00:35	2:00:35	2:00:35	4:00:36	2:00:35	t at Max V [600]
	0:11:37	?????	?????	?????	?????	?????	?????	?????	?????	?????	0:24:53	?????	Lagtime [600]
C	-0.011	-0.015	-0.017	-0.018	-0.015	-0.017	0.151	-0.019	-0.015	-0.018	-0.017	-0.011	Max V [600]
	0.904	0.919	0.912	0.954	0.923	0.974	0.660	0.906	0.956	0.940	0.924	0.925	R-Squared [600]
	2:00:35	2:00:35	2:00:35	2:00:35	2:00:35	2:00:35	14:00:40	2:00:35	2:00:35	2:00:35	2:00:35	2:00:35	t at Max V [600]
	?????	?????	?????	?????	?????	?????	13:25:49	0:03:38	?????	?????	?????	?????	Lagtime [600]
D	-0.014	-0.015	-0.017	-0.013	-0.016	-0.014	-0.015	-0.016	-0.019	-0.021	-0.019	-0.014	Max V [600]
	0.951	0.927	0.969	0.919	0.904	0.976	0.954	0.984	0.923	0.991	0.549	0.817	R-Squared [600]
	2:00:35	2:00:35	2:00:35	2:00:35	2:00:35	2:00:35	2:00:35	2:00:35	2:00:35	2:00:35	10:00:39	2:00:35	t at Max V [600]
	?????	?????	?????	?????	?????	?????	?????	?????	?????	?????	5:45:36	?????	Lagtime [600]
E	-0.014	-0.015	0.032	-0.016	-0.014	-0.016	-0.017	-0.019	-0.020	-0.017	-0.018	-0.013	Max V [600]
	0.918	0.976	0.654	0.961	0.952	0.981	0.968	0.940	0.984	0.977	0.979	0.793	R-Squared [600]
	2:00:35	2:00:35	5:00:36	2:00:35	2:00:35	2:00:35	2:00:35	2:00:35	2:00:35	2:00:35	2:00:35	2:00:35	t at Max V [600]
	?????	?????	4:41:45	?????	?????	?????	?????	?????	?????	?????	?????	?????	Lagtime [600]
F	-0.011	-0.013	-0.015	-0.015	-0.015	-0.015	-0.013	-0.016	-0.014	-0.013	-0.015	-0.012	Max V [600]
	0.880	0.968	0.956	0.981	0.891	0.961	0.921	0.977	0.829	0.929	0.891	0.864	R-Squared [600]
	2:00:35	2:00:35	2:00:35	2:00:35	2:00:35	2:00:35	2:00:35	2:00:35	2:00:35	2:00:35	2:00:35	2:00:35	t at Max V [600]
	?????	?????	?????	?????	?????	?????	?????	0:04:16	?????	?????	?????	?????	Lagtime [600]
G	-0.015	-0.014	-0.011	-0.013	-0.012	-0.016	-0.015	-0.013	-0.013	-0.014	-0.015	-0.017	Max V [600]
	0.961	0.942	0.925	0.949	0.998	0.955	0.967	0.917	0.799	0.905	0.723	0.908	R-Squared [600]
	2:00:35	2:00:35	2:00:35	2:00:35	2:00:35	2:00:35	2:00:35	2:00:35	2:00:35	2:00:35	2:00:35	2:00:35	t at Max V [600]
	?????	?????	?????	?????	?????	?????	?????	?????	?????	?????	?????	0:08:39	Lagtime [600]
H	-0.015	-0.055	-0.013	-0.017	-0.009	-0.013	-0.018	-0.016	-0.025	-0.016	-0.017	-0.011	Max V [600]
	0.959	0.768	0.985	0.962	0.931	0.984	0.979	0.951	0.916	0.954	0.955	0.915	R-Squared [600]
	4:00:36	9:00:38	4:00:36	2:00:35	5:00:36	4:00:36	2:00:35	2:00:35	11:00:38	2:00:35	2:00:35	2:00:35	t at Max V [600]
	?????	8:37:08	2:39:06	?????	1:13:54	1:00:35	?????	?????	5:47:10	?????	?????	?????	Lagtime [600]


