
Software Version	3.11.19



Experiment File Path:	C:\Users\patil-group\Desktop\Sweeteners_stacker\181121_NT5026_37_38_Rep3\NT5026_37_38_Rep3.xpt
Protocol File Path:	C:\Users\Public\Documents\Protocols\Screening-protocol.prt



Plate Number	Plate 4
Date	18/11/2021
Time	15:08:05
Reader Type:	Epoch 2
Reader Serial Number:	2103223
Reading Type	Reader

Procedure Details

Plate Type	96 WELL PLATE
Discontinuous Kinetics	Runtime 1:00:00 (D:HH:MM), Interval 0:01:00, 25 Reads
	Pause after each run
Eject plate on completion	
Shake	Linear: 0:00:30 (HH:MM:SS)
	Frequency: 567 cpm (3 mm)
Read	Absorbance Endpoint
	Full Plate
	Wavelengths:  600
	Read Speed: Normal,  Delay: 100 msec,  Measurements/Data Point: 8

600

Time	T° 600	A1	A2	A3	A4	A5	A6	A7	A8	A9	A10	A11	A12	B1	B2	B3	B4	B5	B6	B7	B8	B9	B10	B11	B12	C1	C2	C3	C4	C5	C6	C7	C8	C9	C10	C11	C12	D1	D2	D3	D4	D5	D6	D7	D8	D9	D10	D11	D12	E1	E2	E3	E4	E5	E6	E7	E8	E9	E10	E11	E12	F1	F2	F3	F4	F5	F6	F7	F8	F9	F10	F11	F12	G1	G2	G3	G4	G5	G6	G7	G8	G9	G10	G11	G12	H1	H2	H3	H4	H5	H6	H7	H8	H9	H10	H11	H12
0:00:34	34.9	0.175	0.178	0.171	0.174	0.189	0.175	0.176	0.171	0.168	0.169	0.168	0.177	0.182	0.181	0.173	0.170	0.175	0.170	0.170	0.175	0.178	0.167	0.175	0.171	0.181	0.173	0.179	0.186	0.181	0.174	0.171	0.181	0.168	0.165	0.176	0.169	0.181	0.170	0.174	0.170	0.168	0.179	0.168	0.168	0.168	0.176	0.164	0.172	0.174	0.170	0.180	0.167	0.172	0.171	0.170	0.190	0.167	0.168	0.173	0.172	0.178	0.177	0.181	0.171	0.185	0.170	0.173	0.167	0.174	0.178	0.191	0.174	0.171	0.183	0.173	0.173	0.177	0.175	0.183	0.171	0.176	0.164	0.200	0.174	0.173	0.187	0.172	0.171	0.172	0.177	0.172	0.173	0.171	0.174	0.169	0.176
1:00:34	34.9	0.180	0.182	0.177	0.179	0.193	0.178	0.180	0.176	0.172	0.172	0.172	0.181	0.187	0.184	0.177	0.173	0.179	0.173	0.172	0.178	0.181	0.170	0.179	0.175	0.186	0.177	0.181	0.188	0.182	0.177	0.173	0.183	0.171	0.168	0.179	0.173	0.185	0.174	0.176	0.173	0.170	0.181	0.170	0.170	0.170	0.178	0.168	0.175	0.179	0.173	0.181	0.170	0.174	0.174	0.172	0.192	0.169	0.170	0.177	0.176	0.182	0.180	0.183	0.174	0.187	0.172	0.176	0.169	0.185	0.180	0.192	0.177	0.175	0.186	0.176	0.176	0.180	0.177	0.185	0.174	0.179	0.168	0.184	0.178	0.176	0.189	0.175	0.176	0.176	0.181	0.178	0.176	0.174	0.177	0.172	0.179
2:00:34	34.9	0.186	0.187	0.183	0.183	0.197	0.182	0.183	0.179	0.175	0.176	0.177	0.186	0.192	0.188	0.180	0.176	0.181	0.175	0.175	0.180	0.184	0.173	0.182	0.180	0.191	0.185	0.183	0.190	0.184	0.179	0.175	0.185	0.173	0.170	0.182	0.178	0.189	0.177	0.179	0.175	0.172	0.183	0.172	0.172	0.172	0.180	0.171	0.180	0.184	0.176	0.182	0.173	0.176	0.176	0.173	0.190	0.171	0.172	0.180	0.179	0.186	0.184	0.185	0.176	0.190	0.174	0.177	0.171	0.183	0.182	0.194	0.181	0.180	0.188	0.178	0.179	0.182	0.179	0.191	0.176	0.181	0.172	0.176	0.182	0.182	0.193	0.179	0.180	0.180	0.184	0.181	0.179	0.177	0.180	0.177	0.183
3:00:35	34.9	0.197	0.197	0.194	0.190	0.205	0.188	0.190	0.186	0.183	0.184	0.185	0.196	0.201	0.194	0.185	0.180	0.185	0.180	0.179	0.186	0.189	0.179	0.189	0.189	0.199	0.192	0.186	0.193	0.187	0.182	0.178	0.188	0.176	0.175	0.188	0.186	0.197	0.183	0.182	0.179	0.175	0.186	0.174	0.175	0.175	0.184	0.177	0.188	0.194	0.183	0.186	0.177	0.178	0.179	0.176	0.191	0.174	0.177	0.185	0.186	0.194	0.189	0.189	0.181	0.192	0.177	0.181	0.175	0.182	0.186	0.200	0.189	0.188	0.194	0.184	0.185	0.186	0.184	0.188	0.180	0.184	0.180	0.207	0.189	0.192	0.201	0.187	0.188	0.187	0.191	0.186	0.185	0.184	0.187	0.184	0.192
4:00:35	34.9	0.219	0.215	0.213	0.203	0.222	0.200	0.202	0.200	0.195	0.197	0.199	0.214	0.218	0.207	0.196	0.190	0.193	0.189	0.187	0.195	0.199	0.189	0.200	0.204	0.216	0.203	0.193	0.200	0.193	0.188	0.185	0.195	0.183	0.183	0.199	0.200	0.212	0.194	0.189	0.186	0.180	0.192	0.180	0.182	0.182	0.192	0.190	0.202	0.214	0.196	0.195	0.184	0.183	0.184	0.181	0.195	0.180	0.184	0.194	0.200	0.209	0.199	0.197	0.190	0.198	0.183	0.187	0.182	0.191	0.194	0.210	0.203	0.204	0.205	0.193	0.195	0.195	0.194	0.196	0.188	0.193	0.193	0.223	0.202	0.210	0.217	0.203	0.203	0.200	0.205	0.200	0.197	0.196	0.200	0.196	0.208
5:00:36	34.9	0.238	0.238	0.233	0.230	0.247	0.226	0.227	0.228	0.222	0.225	0.229	0.236	0.245	0.234	0.218	0.206	0.209	0.206	0.201	0.212	0.216	0.210	0.225	0.232	0.245	0.224	0.206	0.213	0.203	0.199	0.196	0.206	0.197	0.198	0.222	0.229	0.242	0.217	0.202	0.199	0.191	0.203	0.191	0.194	0.194	0.206	0.214	0.232	0.233	0.221	0.209	0.200	0.194	0.195	0.192	0.203	0.192	0.199	0.212	0.228	0.240	0.220	0.210	0.206	0.209	0.194	0.200	0.195	0.205	0.209	0.231	0.233	0.234	0.228	0.215	0.215	0.212	0.211	0.212	0.204	0.210	0.219	0.257	0.229	0.233	0.242	0.227	0.229	0.225	0.227	0.225	0.224	0.221	0.225	0.225	0.237
6:00:36	34.9	0.245	0.243	0.237	0.239	0.250	0.238	0.238	0.237	0.231	0.232	0.234	0.241	0.251	0.246	0.235	0.234	0.237	0.236	0.230	0.236	0.240	0.227	0.236	0.237	0.250	0.245	0.232	0.240	0.225	0.222	0.219	0.232	0.222	0.224	0.234	0.234	0.247	0.233	0.229	0.225	0.212	0.226	0.213	0.219	0.219	0.233	0.225	0.236	0.238	0.232	0.238	0.228	0.213	0.216	0.212	0.220	0.215	0.226	0.238	0.236	0.252	0.244	0.239	0.233	0.232	0.217	0.224	0.223	0.235	0.234	0.244	0.238	0.236	0.242	0.232	0.236	0.240	0.237	0.238	0.232	0.234	0.222	0.229	0.238	0.249	0.257	0.246	0.248	0.248	0.249	0.234	0.235	0.232	0.235	0.232	0.242
7:00:37	34.9	0.261	0.256	0.248	0.245	0.260	0.244	0.246	0.244	0.239	0.241	0.243	0.255	0.263	0.251	0.241	0.239	0.245	0.240	0.234	0.240	0.245	0.234	0.243	0.247	0.259	0.250	0.244	0.249	0.243	0.236	0.234	0.243	0.232	0.230	0.241	0.243	0.256	0.239	0.241	0.238	0.230	0.240	0.228	0.231	0.232	0.239	0.231	0.244	0.251	0.239	0.245	0.240	0.235	0.233	0.231	0.241	0.230	0.232	0.242	0.243	0.263	0.253	0.246	0.238	0.248	0.233	0.236	0.232	0.246	0.240	0.250	0.247	0.247	0.250	0.239	0.241	0.243	0.242	0.243	0.235	0.238	0.229	0.236	0.247	0.271	0.278	0.269	0.270	0.268	0.269	0.244	0.243	0.240	0.244	0.241	0.252
8:00:38	34.9	0.291	0.281	0.268	0.261	0.282	0.261	0.263	0.262	0.258	0.261	0.265	0.281	0.288	0.269	0.255	0.249	0.253	0.249	0.242	0.251	0.255	0.246	0.260	0.270	0.282	0.263	0.251	0.256	0.249	0.243	0.240	0.249	0.239	0.238	0.255	0.263	0.279	0.253	0.247	0.244	0.236	0.246	0.234	0.238	0.237	0.247	0.245	0.264	0.274	0.255	0.253	0.248	0.241	0.239	0.236	0.245	0.237	0.240	0.252	0.261	0.282	0.267	0.253	0.248	0.254	0.239	0.242	0.239	0.254	0.249	0.264	0.266	0.270	0.266	0.253	0.254	0.251	0.252	0.253	0.245	0.248	0.247	0.252	0.264	0.303	0.305	0.294	0.295	0.288	0.294	0.261	0.261	0.257	0.261	0.260	0.274
9:00:38	34.9	0.314	0.308	0.301	0.287	0.313	0.291	0.292	0.293	0.289	0.293	0.301	0.308	0.321	0.300	0.281	0.270	0.272	0.269	0.260	0.272	0.277	0.271	0.289	0.307	0.318	0.288	0.267	0.272	0.261	0.256	0.253	0.264	0.255	0.257	0.283	0.297	0.315	0.280	0.263	0.260	0.248	0.258	0.247	0.252	0.252	0.266	0.273	0.297	0.299	0.283	0.272	0.266	0.252	0.251	0.248	0.254	0.250	0.258	0.273	0.292	0.315	0.293	0.271	0.268	0.267	0.253	0.257	0.256	0.272	0.269	0.290	0.298	0.308	0.297	0.280	0.278	0.272	0.273	0.274	0.266	0.270	0.277	0.280	0.293	0.323	0.334	0.321	0.327	0.326	0.331	0.292	0.292	0.287	0.292	0.292	0.311
10:00:39	34.9	0.323	0.317	0.307	0.313	0.319	0.311	0.311	0.312	0.306	0.307	0.308	0.317	0.326	0.319	0.309	0.306	0.306	0.304	0.291	0.308	0.313	0.300	0.308	0.311	0.325	0.321	0.295	0.301	0.284	0.281	0.278	0.290	0.283	0.290	0.304	0.307	0.321	0.308	0.292	0.289	0.271	0.283	0.271	0.277	0.280	0.298	0.294	0.308	0.307	0.305	0.304	0.296	0.274	0.275	0.270	0.273	0.276	0.290	0.307	0.307	0.326	0.322	0.302	0.302	0.292	0.278	0.285	0.284	0.301	0.302	0.313	0.310	0.317	0.322	0.308	0.312	0.306	0.310	0.310	0.301	0.306	0.286	0.298	0.311	0.334	0.342	0.330	0.335	0.332	0.337	0.310	0.310	0.308	0.310	0.308	0.315
11:00:39	34.9	0.333	0.326	0.315	0.323	0.329	0.320	0.320	0.321	0.315	0.318	0.318	0.328	0.332	0.324	0.317	0.316	0.320	0.315	0.307	0.314	0.318	0.307	0.317	0.322	0.335	0.327	0.319	0.323	0.321	0.312	0.307	0.315	0.306	0.303	0.312	0.316	0.331	0.316	0.317	0.315	0.308	0.313	0.304	0.303	0.305	0.314	0.302	0.318	0.316	0.313	0.319	0.317	0.311	0.309	0.306	0.304	0.304	0.304	0.316	0.317	0.336	0.329	0.320	0.313	0.324	0.308	0.309	0.306	0.320	0.313	0.320	0.320	0.326	0.329	0.316	0.318	0.317	0.315	0.318	0.311	0.312	0.295	0.332	0.321	0.339	0.348	0.335	0.341	0.339	0.343	0.319	0.319	0.317	0.319	0.316	0.325
12:00:39	34.9	0.335	0.331	0.319	0.329	0.334	0.327	0.328	0.331	0.323	0.325	0.325	0.333	0.339	0.331	0.325	0.326	0.329	0.323	0.317	0.323	0.327	0.316	0.325	0.328	0.341	0.336	0.328	0.331	0.325	0.319	0.315	0.324	0.315	0.313	0.320	0.323	0.338	0.323	0.326	0.323	0.313	0.320	0.310	0.312	0.315	0.324	0.308	0.324	0.321	0.320	0.328	0.326	0.319	0.315	0.311	0.315	0.312	0.313	0.324	0.324	0.342	0.337	0.329	0.323	0.331	0.316	0.317	0.316	0.329	0.322	0.327	0.327	0.332	0.337	0.324	0.328	0.327	0.325	0.328	0.322	0.322	0.301	0.316	0.329	0.343	0.351	0.338	0.344	0.343	0.347	0.326	0.325	0.325	0.327	0.324	0.332
13:00:40	34.9	0.341	0.336	0.324	0.333	0.338	0.333	0.332	0.336	0.327	0.330	0.329	0.337	0.342	0.333	0.330	0.331	0.332	0.328	0.323	0.329	0.332	0.322	0.329	0.333	0.344	0.340	0.334	0.336	0.333	0.326	0.323	0.331	0.322	0.320	0.324	0.328	0.340	0.326	0.331	0.328	0.322	0.328	0.318	0.319	0.323	0.329	0.312	0.329	0.325	0.324	0.332	0.331	0.327	0.323	0.319	0.323	0.320	0.319	0.330	0.329	0.346	0.341	0.335	0.328	0.339	0.323	0.324	0.322	0.335	0.327	0.331	0.331	0.337	0.342	0.329	0.333	0.332	0.330	0.333	0.327	0.326	0.304	0.319	0.334	0.345	0.353	0.341	0.346	0.345	0.349	0.331	0.329	0.330	0.331	0.329	0.337
14:00:40	34.9	0.345	0.340	0.328	0.337	0.340	0.335	0.334	0.340	0.330	0.334	0.333	0.341	0.345	0.335	0.333	0.334	0.337	0.331	0.327	0.332	0.337	0.324	0.332	0.336	0.348	0.344	0.338	0.340	0.337	0.330	0.328	0.335	0.326	0.323	0.327	0.332	0.344	0.331	0.335	0.332	0.327	0.330	0.323	0.324	0.327	0.333	0.317	0.334	0.329	0.328	0.334	0.334	0.331	0.327	0.323	0.328	0.324	0.322	0.334	0.333	0.350	0.344	0.339	0.332	0.342	0.327	0.327	0.326	0.338	0.331	0.334	0.336	0.340	0.347	0.333	0.336	0.336	0.334	0.337	0.331	0.330	0.309	0.324	0.339	0.348	0.356	0.343	0.348	0.347	0.350	0.335	0.333	0.333	0.335	0.334	0.341
15:00:41	34.9	0.347	0.342	0.330	0.342	0.344	0.339	0.338	0.344	0.335	0.337	0.337	0.342	0.348	0.337	0.337	0.337	0.340	0.335	0.331	0.336	0.339	0.328	0.336	0.339	0.353	0.347	0.342	0.343	0.341	0.334	0.330	0.338	0.329	0.326	0.331	0.336	0.347	0.333	0.338	0.336	0.330	0.333	0.326	0.327	0.330	0.335	0.320	0.337	0.331	0.331	0.337	0.336	0.335	0.330	0.327	0.331	0.326	0.326	0.337	0.337	0.353	0.347	0.342	0.335	0.347	0.331	0.331	0.330	0.341	0.334	0.338	0.340	0.344	0.350	0.338	0.341	0.340	0.338	0.342	0.334	0.333	0.313	0.328	0.343	0.345	0.354	0.344	0.347	0.348	0.351	0.339	0.337	0.337	0.339	0.338	0.346
16:00:41	34.9	0.346	0.342	0.328	0.343	0.345	0.341	0.341	0.344	0.337	0.339	0.336	0.342	0.346	0.339	0.340	0.341	0.343	0.339	0.335	0.340	0.343	0.332	0.338	0.339	0.352	0.351	0.344	0.346	0.345	0.337	0.335	0.341	0.332	0.330	0.333	0.336	0.347	0.336	0.340	0.338	0.333	0.337	0.329	0.330	0.334	0.341	0.323	0.338	0.330	0.333	0.340	0.338	0.337	0.332	0.330	0.334	0.331	0.329	0.342	0.338	0.354	0.350	0.344	0.339	0.350	0.333	0.334	0.331	0.344	0.337	0.341	0.341	0.343	0.352	0.340	0.343	0.343	0.342	0.344	0.338	0.337	0.312	0.329	0.343	0.342	0.352	0.338	0.343	0.344	0.346	0.341	0.338	0.339	0.341	0.338	0.345
17:00:42	34.9	0.345	0.341	0.328	0.343	0.344	0.341	0.340	0.344	0.336	0.338	0.336	0.342	0.344	0.336	0.339	0.341	0.344	0.341	0.337	0.340	0.344	0.332	0.338	0.338	0.351	0.349	0.347	0.349	0.348	0.340	0.338	0.345	0.335	0.331	0.332	0.336	0.353	0.335	0.344	0.341	0.336	0.340	0.332	0.333	0.337	0.342	0.322	0.337	0.329	0.332	0.342	0.340	0.339	0.336	0.333	0.338	0.334	0.331	0.343	0.338	0.353	0.349	0.346	0.339	0.354	0.336	0.337	0.334	0.346	0.337	0.340	0.340	0.343	0.350	0.339	0.342	0.343	0.342	0.344	0.338	0.336	0.312	0.328	0.343	0.340	0.348	0.335	0.339	0.340	0.343	0.340	0.337	0.338	0.340	0.337	0.344
18:00:42	34.9	0.344	0.340	0.327	0.342	0.343	0.340	0.338	0.344	0.335	0.337	0.335	0.341	0.342	0.334	0.340	0.341	0.344	0.340	0.337	0.340	0.343	0.332	0.337	0.338	0.350	0.349	0.347	0.347	0.348	0.340	0.338	0.344	0.335	0.330	0.332	0.335	0.346	0.334	0.342	0.340	0.336	0.341	0.332	0.333	0.337	0.342	0.322	0.337	0.329	0.331	0.340	0.338	0.341	0.337	0.334	0.339	0.334	0.329	0.343	0.337	0.352	0.348	0.344	0.338	0.354	0.336	0.336	0.333	0.346	0.337	0.339	0.340	0.342	0.349	0.338	0.341	0.342	0.341	0.347	0.337	0.335	0.311	0.344	0.342	0.338	0.344	0.332	0.336	0.338	0.339	0.339	0.337	0.338	0.339	0.337	0.343
19:00:42	34.9	0.342	0.339	0.326	0.340	0.342	0.340	0.338	0.342	0.334	0.336	0.334	0.339	0.339	0.331	0.339	0.340	0.343	0.340	0.337	0.341	0.343	0.331	0.335	0.337	0.349	0.348	0.346	0.345	0.347	0.339	0.338	0.343	0.333	0.330	0.331	0.334	0.345	0.334	0.341	0.339	0.335	0.340	0.331	0.332	0.337	0.342	0.321	0.336	0.327	0.331	0.340	0.337	0.340	0.336	0.334	0.339	0.332	0.329	0.342	0.336	0.351	0.347	0.343	0.336	0.353	0.335	0.335	0.332	0.347	0.336	0.339	0.339	0.342	0.348	0.336	0.339	0.341	0.341	0.342	0.336	0.335	0.311	0.327	0.341	0.335	0.340	0.329	0.333	0.334	0.335	0.338	0.336	0.338	0.337	0.336	0.342
20:00:43	34.9	0.342	0.338	0.325	0.340	0.342	0.339	0.336	0.342	0.334	0.336	0.333	0.339	0.338	0.330	0.338	0.340	0.342	0.340	0.337	0.341	0.342	0.330	0.335	0.336	0.349	0.348	0.346	0.346	0.347	0.339	0.338	0.343	0.334	0.329	0.331	0.333	0.346	0.334	0.341	0.340	0.336	0.341	0.331	0.332	0.338	0.343	0.322	0.336	0.327	0.332	0.339	0.336	0.341	0.336	0.334	0.339	0.333	0.328	0.342	0.336	0.351	0.346	0.343	0.337	0.353	0.336	0.336	0.332	0.349	0.336	0.340	0.338	0.342	0.348	0.336	0.340	0.342	0.342	0.343	0.337	0.335	0.311	0.332	0.341	0.332	0.338	0.327	0.331	0.333	0.333	0.337	0.336	0.338	0.338	0.336	0.342
21:00:44	35.0	0.340	0.336	0.323	0.338	0.340	0.338	0.335	0.340	0.333	0.334	0.332	0.336	0.336	0.328	0.337	0.339	0.341	0.338	0.335	0.339	0.340	0.329	0.333	0.334	0.347	0.347	0.345	0.345	0.346	0.338	0.337	0.342	0.332	0.328	0.329	0.331	0.343	0.333	0.340	0.339	0.335	0.339	0.330	0.331	0.337	0.342	0.320	0.334	0.325	0.330	0.338	0.335	0.340	0.336	0.333	0.338	0.332	0.328	0.340	0.334	0.349	0.345	0.343	0.336	0.352	0.335	0.335	0.331	0.351	0.335	0.338	0.336	0.339	0.346	0.335	0.339	0.340	0.340	0.345	0.336	0.334	0.310	0.325	0.338	0.329	0.335	0.324	0.328	0.329	0.330	0.337	0.334	0.335	0.336	0.334	0.340
22:00:44	34.9	0.337	0.334	0.322	0.337	0.339	0.336	0.333	0.339	0.331	0.332	0.330	0.333	0.333	0.325	0.336	0.338	0.340	0.336	0.335	0.338	0.339	0.328	0.332	0.332	0.345	0.346	0.344	0.344	0.345	0.337	0.336	0.341	0.331	0.327	0.327	0.330	0.341	0.332	0.339	0.337	0.334	0.338	0.329	0.331	0.338	0.342	0.319	0.332	0.324	0.329	0.336	0.334	0.339	0.335	0.332	0.336	0.332	0.327	0.339	0.333	0.348	0.344	0.341	0.334	0.351	0.334	0.334	0.330	0.347	0.334	0.337	0.335	0.339	0.345	0.333	0.338	0.339	0.340	0.344	0.335	0.332	0.308	0.344	0.337	0.325	0.333	0.321	0.326	0.326	0.327	0.335	0.333	0.334	0.335	0.332	0.338
23:00:44	35.1	0.336	0.332	0.321	0.337	0.338	0.335	0.332	0.338	0.330	0.331	0.329	0.332	0.332	0.325	0.335	0.337	0.340	0.336	0.334	0.339	0.340	0.327	0.332	0.331	0.344	0.344	0.343	0.343	0.345	0.337	0.335	0.341	0.331	0.327	0.328	0.328	0.341	0.331	0.338	0.336	0.333	0.338	0.329	0.330	0.339	0.343	0.318	0.331	0.323	0.328	0.335	0.334	0.339	0.335	0.333	0.337	0.332	0.327	0.339	0.332	0.347	0.344	0.340	0.334	0.351	0.334	0.335	0.331	0.332	0.334	0.336	0.334	0.338	0.344	0.334	0.338	0.339	0.339	0.340	0.334	0.332	0.308	0.329	0.336	0.322	0.330	0.319	0.324	0.325	0.325	0.334	0.332	0.333	0.334	0.332	0.336
0:00:00																																																																																																	

Results
	1	2	3	4	5	6	7	8	9	10	11	12
A	0.347	0.332	0.322	0.346	0.318	0.339	0.325	0.343	0.333	0.339	0.344	0.340	Max V [600]
	0.973	0.976	0.960	0.981	0.961	0.973	0.974	0.969	0.967	0.969	0.953	0.975	R-Squared [600]
	8:00:38	8:00:38	8:00:38	9:00:38	8:00:38	9:00:38	9:00:38	9:00:38	9:00:38	8:00:38	8:00:38	8:00:38	t at Max V [600]
	2:37:57	2:50:19	2:45:26	3:37:02	3:01:23	3:34:08	3:19:32	3:24:03	3:20:45	3:10:22	3:05:01	2:55:46	Lagtime [600]
B	0.346	0.327	0.341	0.354	0.338	0.340	0.328	0.341	0.340	0.335	0.324	0.348	Max V [600]
	0.959	0.958	0.972	0.961	0.961	0.959	0.968	0.956	0.950	0.970	0.973	0.945	R-Squared [600]
	8:00:38	9:00:38	9:00:38	9:00:38	9:00:38	9:00:38	10:00:39	9:00:38	9:00:38	9:00:38	9:00:38	8:00:38	t at Max V [600]
	2:49:21	3:18:20	3:44:31	4:01:35	3:51:22	3:51:11	4:15:12	4:03:02	3:57:25	3:47:26	3:27:36	3:04:10	Lagtime [600]
C	0.349	0.352	0.343	0.337	0.353	0.346	0.339	0.337	0.338	0.330	0.318	0.331	Max V [600]
	0.957	0.966	0.976	0.975	0.951	0.969	0.971	0.978	0.976	0.963	0.974	0.961	R-Squared [600]
	8:00:38	9:00:38	10:00:39	10:00:39	10:00:39	10:00:39	10:00:39	10:00:39	10:00:39	9:00:38	9:00:38	8:00:38	t at Max V [600]
	2:59:24	3:29:32	4:31:10	4:34:45	4:57:08	4:48:43	4:43:34	4:40:25	4:30:26	4:02:45	3:37:38	3:00:05	Lagtime [600]
D	0.344	0.345	0.350	0.354	0.356	0.340	0.348	0.331	0.344	0.337	0.320	0.329	Max V [600]
	0.953	0.973	0.976	0.975	0.952	0.971	0.965	0.978	0.980	0.966	0.975	0.964	R-Squared [600]
	8:00:38	9:00:38	10:00:39	10:00:39	10:00:39	10:00:39	10:00:39	10:00:39	10:00:39	10:00:39	9:00:38	8:00:38	t at Max V [600]
	3:01:52	3:45:38	4:32:21	4:33:31	4:57:18	4:51:12	4:58:02	4:32:38	4:42:01	4:22:20	3:33:38	3:03:05	Lagtime [600]
E	0.309	0.330	0.330	0.344	0.357	0.348	0.345	0.317	0.341	0.324	0.338	0.321	Max V [600]
	0.977	0.975	0.964	0.973	0.959	0.958	0.952	0.963	0.974	0.962	0.959	0.967	R-Squared [600]
	8:00:38	9:00:38	9:00:38	10:00:39	10:00:39	10:00:39	10:00:39	10:00:39	10:00:39	9:00:38	9:00:38	9:00:38	t at Max V [600]
	2:37:34	3:31:34	4:01:28	4:01:47	5:01:41	4:54:13	4:57:15	5:22:27	4:41:44	4:00:21	3:48:16	3:10:59	Lagtime [600]
F	0.335	0.346	0.335	0.339	0.351	0.350	0.338	0.339	0.330	0.333	0.312	0.325	Max V [600]
	0.970	0.971	0.970	0.964	0.969	0.973	0.976	0.977	0.972	0.964	0.974	0.967	R-Squared [600]
	8:00:38	9:00:38	10:00:39	9:00:38	10:00:39	10:00:39	10:00:39	10:00:39	10:00:39	9:00:38	9:00:38	8:00:38	t at Max V [600]
	2:33:08	3:24:32	4:19:43	3:57:07	4:52:37	4:49:41	4:38:10	4:27:07	3:54:08	4:10:36	3:53:06	2:59:33	Lagtime [600]
G	0.375	0.355	0.348	0.353	0.335	0.343	0.341	0.347	0.344	0.293	0.398	0.324	Max V [600]
	0.960	0.970	0.975	0.961	0.957	0.951	0.957	0.963	0.952	0.959	0.986	0.973	R-Squared [600]
	8:00:38	9:00:38	9:00:38	9:00:38	9:00:38	9:00:38	9:00:38	9:00:38	9:00:38	8:00:38	9:00:38	9:00:38	t at Max V [600]
	3:22:43	3:51:42	3:54:48	3:54:04	4:01:03	3:57:44	4:18:40	4:10:52	4:14:32	3:01:25	5:40:15	3:12:42	Lagtime [600]
H	0.391	0.385	0.394	0.404	0.402	0.419	0.333	0.335	0.340	0.332	0.337	0.343	Max V [600]
	0.988	0.984	0.995	0.989	0.982	0.984	0.970	0.968	0.971	0.969	0.967	0.950	R-Squared [600]
	7:00:37	7:00:37	7:00:37	7:00:37	7:00:37	7:00:37	9:00:38	9:00:38	9:00:38	9:00:38	8:00:38	8:00:38	t at Max V [600]
	2:38:11	2:50:36	2:49:49	2:47:22	2:54:45	3:10:16	3:21:32	3:27:35	3:33:44	3:24:39	3:10:18	2:59:59	Lagtime [600]


