
Software Version	3.11.19



Experiment File Path:	C:\Users\patil-group\Desktop\Sweeteners_stacker\191121_NT5022_23_78_Rep4\NT5022_23_78_Rep4.xpt
Protocol File Path:	C:\Users\Public\Documents\Protocols\Screening-protocol.prt



Plate Number	Plate 4
Date	19/11/2021
Time	14:48:44
Reader Type:	Epoch 2
Reader Serial Number:	2103223
Reading Type	Reader

Procedure Details

Plate Type	96 WELL PLATE
Discontinuous Kinetics	Runtime 1:00:00 (D:HH:MM), Interval 0:01:00, 25 Reads
	Pause after each run
Eject plate on completion	
Shake	Linear: 0:00:30 (HH:MM:SS)
	Frequency: 567 cpm (3 mm)
Read	Absorbance Endpoint
	Full Plate
	Wavelengths:  600
	Read Speed: Normal,  Delay: 100 msec,  Measurements/Data Point: 8

600

Time	T° 600	A1	A2	A3	A4	A5	A6	A7	A8	A9	A10	A11	A12	B1	B2	B3	B4	B5	B6	B7	B8	B9	B10	B11	B12	C1	C2	C3	C4	C5	C6	C7	C8	C9	C10	C11	C12	D1	D2	D3	D4	D5	D6	D7	D8	D9	D10	D11	D12	E1	E2	E3	E4	E5	E6	E7	E8	E9	E10	E11	E12	F1	F2	F3	F4	F5	F6	F7	F8	F9	F10	F11	F12	G1	G2	G3	G4	G5	G6	G7	G8	G9	G10	G11	G12	H1	H2	H3	H4	H5	H6	H7	H8	H9	H10	H11	H12
0:00:34	35.0	0.167	0.162	0.169	0.173	0.177	0.166	0.174	0.178	0.170	0.164	0.164	0.164	0.171	0.174	0.173	0.177	0.174	0.174	0.171	0.166	0.176	0.172	0.166	0.190	0.171	0.173	0.168	0.169	0.172	0.170	0.168	0.182	0.167	0.166	0.173	0.164	0.166	0.170	0.164	0.163	0.176	0.174	0.165	0.162	0.178	0.170	0.175	0.167	0.168	0.169	0.167	0.169	0.178	0.178	0.172	0.172	0.174	0.174	0.178	0.169	0.167	0.172	0.168	0.168	0.178	0.168	0.175	0.167	0.178	0.183	0.173	0.166	0.170	0.166	0.171	0.171	0.163	0.165	0.166	0.164	0.165	0.166	0.166	0.170	0.174	0.170	0.162	0.173	0.174	0.165	0.164	0.178	0.170	0.168	0.166	0.167
1:00:34	35.1	0.168	0.162	0.169	0.173	0.175	0.167	0.174	0.179	0.169	0.164	0.164	0.165	0.171	0.174	0.173	0.176	0.174	0.174	0.171	0.167	0.176	0.172	0.166	0.187	0.171	0.173	0.170	0.169	0.172	0.170	0.169	0.187	0.167	0.166	0.172	0.164	0.166	0.170	0.164	0.164	0.176	0.174	0.165	0.163	0.178	0.170	0.174	0.166	0.168	0.168	0.167	0.169	0.177	0.177	0.172	0.172	0.174	0.174	0.185	0.169	0.167	0.172	0.168	0.168	0.178	0.168	0.174	0.167	0.177	0.182	0.174	0.166	0.171	0.166	0.171	0.170	0.163	0.164	0.167	0.164	0.166	0.166	0.167	0.173	0.175	0.172	0.162	0.173	0.174	0.167	0.165	0.177	0.169	0.168	0.167	0.168
2:00:34	35.1	0.169	0.163	0.170	0.173	0.176	0.168	0.175	0.178	0.170	0.165	0.166	0.167	0.172	0.175	0.174	0.180	0.175	0.174	0.172	0.167	0.177	0.172	0.168	0.177	0.172	0.174	0.171	0.169	0.172	0.182	0.169	0.180	0.167	0.167	0.172	0.166	0.167	0.171	0.165	0.164	0.175	0.173	0.165	0.163	0.177	0.168	0.174	0.167	0.169	0.169	0.167	0.169	0.177	0.177	0.171	0.172	0.174	0.174	0.184	0.169	0.169	0.173	0.169	0.169	0.179	0.168	0.175	0.167	0.176	0.179	0.173	0.168	0.171	0.167	0.171	0.171	0.163	0.164	0.167	0.165	0.166	0.166	0.168	0.175	0.178	0.174	0.164	0.174	0.176	0.168	0.166	0.178	0.170	0.169	0.168	0.169
3:00:36	35.1	0.173	0.167	0.173	0.176	0.178	0.170	0.177	0.180	0.173	0.169	0.169	0.170	0.176	0.178	0.176	0.182	0.177	0.175	0.173	0.169	0.178	0.174	0.169	0.180	0.176	0.176	0.171	0.173	0.174	0.172	0.170	0.181	0.168	0.169	0.174	0.168	0.170	0.173	0.167	0.166	0.176	0.174	0.166	0.164	0.178	0.170	0.176	0.170	0.172	0.172	0.170	0.172	0.178	0.177	0.172	0.173	0.175	0.176	0.185	0.172	0.172	0.175	0.171	0.170	0.180	0.169	0.175	0.168	0.177	0.179	0.176	0.170	0.174	0.169	0.174	0.173	0.165	0.164	0.169	0.166	0.167	0.168	0.170	0.177	0.182	0.178	0.168	0.177	0.179	0.171	0.169	0.180	0.172	0.172	0.170	0.171
4:00:36	35.1	0.177	0.172	0.177	0.180	0.182	0.173	0.180	0.183	0.176	0.173	0.173	0.175	0.182	0.182	0.180	0.186	0.180	0.178	0.176	0.172	0.181	0.177	0.174	0.183	0.180	0.181	0.175	0.177	0.176	0.174	0.173	0.184	0.171	0.171	0.177	0.172	0.175	0.176	0.170	0.169	0.179	0.177	0.169	0.166	0.180	0.172	0.179	0.173	0.177	0.175	0.173	0.175	0.180	0.179	0.175	0.176	0.178	0.178	0.183	0.176	0.176	0.179	0.175	0.173	0.183	0.172	0.178	0.171	0.180	0.182	0.178	0.174	0.178	0.174	0.177	0.175	0.168	0.168	0.172	0.170	0.170	0.172	0.174	0.185	0.189	0.185	0.174	0.182	0.183	0.176	0.173	0.183	0.175	0.175	0.174	0.175
5:00:37	35.1	0.184	0.178	0.182	0.185	0.186	0.178	0.184	0.187	0.181	0.178	0.179	0.180	0.188	0.188	0.185	0.191	0.184	0.182	0.181	0.176	0.186	0.182	0.179	0.188	0.185	0.186	0.180	0.181	0.181	0.178	0.177	0.188	0.175	0.176	0.183	0.178	0.181	0.182	0.175	0.173	0.182	0.180	0.172	0.170	0.184	0.176	0.183	0.178	0.183	0.181	0.178	0.180	0.184	0.183	0.179	0.179	0.182	0.183	0.188	0.182	0.182	0.185	0.179	0.178	0.187	0.175	0.182	0.175	0.183	0.186	0.182	0.180	0.183	0.179	0.182	0.180	0.173	0.172	0.177	0.174	0.174	0.176	0.179	0.190	0.195	0.192	0.180	0.187	0.188	0.184	0.178	0.188	0.180	0.179	0.178	0.180
6:00:37	35.1	0.193	0.186	0.190	0.191	0.192	0.184	0.190	0.193	0.187	0.184	0.185	0.188	0.197	0.194	0.192	0.195	0.190	0.188	0.186	0.181	0.192	0.188	0.185	0.194	0.193	0.192	0.186	0.188	0.186	0.184	0.182	0.193	0.180	0.181	0.188	0.184	0.188	0.188	0.181	0.178	0.187	0.185	0.176	0.174	0.188	0.180	0.188	0.185	0.190	0.187	0.184	0.185	0.189	0.188	0.183	0.184	0.186	0.189	0.193	0.189	0.190	0.191	0.185	0.184	0.193	0.180	0.188	0.180	0.188	0.191	0.188	0.186	0.190	0.185	0.187	0.185	0.178	0.178	0.182	0.180	0.180	0.182	0.184	0.193	0.202	0.200	0.187	0.191	0.194	0.190	0.185	0.194	0.186	0.184	0.183	0.185
7:00:37	35.1	0.201	0.195	0.198	0.199	0.200	0.191	0.196	0.199	0.193	0.192	0.192	0.197	0.206	0.203	0.199	0.203	0.197	0.194	0.193	0.188	0.198	0.195	0.193	0.201	0.201	0.199	0.193	0.194	0.192	0.189	0.188	0.199	0.186	0.188	0.195	0.193	0.196	0.195	0.188	0.185	0.193	0.190	0.181	0.180	0.193	0.187	0.195	0.192	0.199	0.194	0.190	0.193	0.194	0.194	0.189	0.190	0.193	0.195	0.211	0.197	0.197	0.198	0.192	0.189	0.198	0.186	0.193	0.186	0.194	0.197	0.194	0.194	0.197	0.192	0.194	0.192	0.185	0.184	0.189	0.186	0.186	0.188	0.192	0.205	0.206	0.199	0.191	0.197	0.201	0.196	0.191	0.200	0.192	0.189	0.189	0.191
8:00:38	35.1	0.211	0.205	0.206	0.207	0.208	0.198	0.203	0.206	0.201	0.201	0.201	0.205	0.215	0.213	0.208	0.212	0.205	0.201	0.200	0.196	0.205	0.202	0.202	0.209	0.209	0.206	0.200	0.201	0.199	0.196	0.195	0.205	0.192	0.194	0.202	0.201	0.204	0.202	0.194	0.192	0.198	0.196	0.187	0.185	0.198	0.193	0.201	0.199	0.208	0.201	0.196	0.200	0.199	0.200	0.196	0.197	0.199	0.201	0.215	0.205	0.206	0.203	0.197	0.196	0.206	0.191	0.199	0.192	0.200	0.203	0.201	0.202	0.205	0.199	0.201	0.198	0.193	0.192	0.196	0.192	0.193	0.195	0.199	0.216	0.210	0.203	0.193	0.199	0.202	0.207	0.198	0.207	0.199	0.195	0.196	0.197
9:00:38	35.1	0.212	0.207	0.213	0.215	0.214	0.206	0.211	0.214	0.209	0.208	0.206	0.207	0.216	0.219	0.217	0.222	0.215	0.209	0.208	0.204	0.213	0.211	0.211	0.216	0.216	0.214	0.207	0.209	0.207	0.206	0.202	0.212	0.199	0.201	0.214	0.207	0.211	0.209	0.204	0.199	0.205	0.202	0.194	0.192	0.204	0.199	0.208	0.206	0.212	0.208	0.204	0.207	0.206	0.207	0.203	0.204	0.206	0.209	0.219	0.209	0.211	0.210	0.205	0.204	0.213	0.199	0.206	0.200	0.207	0.211	0.209	0.208	0.212	0.207	0.209	0.205	0.200	0.199	0.203	0.200	0.200	0.203	0.207	0.214	0.210	0.200	0.193	0.200	0.202	0.197	0.204	0.215	0.207	0.200	0.203	0.203
10:00:39	35.1	0.213	0.207	0.211	0.214	0.213	0.206	0.214	0.215	0.210	0.207	0.206	0.206	0.215	0.220	0.217	0.221	0.216	0.215	0.214	0.210	0.219	0.212	0.213	0.215	0.214	0.215	0.210	0.213	0.213	0.214	0.210	0.220	0.206	0.208	0.216	0.206	0.210	0.213	0.209	0.207	0.213	0.209	0.200	0.198	0.210	0.206	0.214	0.207	0.212	0.210	0.208	0.212	0.214	0.215	0.209	0.212	0.213	0.213	0.220	0.209	0.211	0.213	0.210	0.210	0.220	0.206	0.213	0.208	0.213	0.218	0.213	0.207	0.210	0.208	0.209	0.209	0.205	0.204	0.208	0.204	0.204	0.205	0.206	0.219	0.208	0.203	0.194	0.203	0.205	0.197	0.206	0.216	0.208	0.205	0.205	0.205
11:00:39	35.1	0.212	0.206	0.211	0.214	0.213	0.206	0.214	0.216	0.210	0.207	0.207	0.207	0.214	0.218	0.217	0.221	0.216	0.214	0.213	0.209	0.217	0.212	0.213	0.230	0.213	0.214	0.210	0.213	0.212	0.211	0.209	0.220	0.207	0.207	0.215	0.205	0.210	0.213	0.210	0.207	0.214	0.214	0.203	0.203	0.213	0.208	0.213	0.206	0.210	0.209	0.208	0.212	0.214	0.215	0.209	0.212	0.213	0.213	0.216	0.208	0.210	0.212	0.209	0.210	0.219	0.207	0.213	0.207	0.213	0.217	0.213	0.206	0.210	0.207	0.208	0.208	0.204	0.203	0.207	0.203	0.204	0.205	0.205	0.211	0.208	0.200	0.194	0.203	0.204	0.198	0.205	0.214	0.208	0.204	0.204	0.204
12:00:40	35.1	0.211	0.205	0.211	0.214	0.212	0.206	0.213	0.216	0.210	0.208	0.207	0.206	0.213	0.217	0.216	0.220	0.216	0.213	0.213	0.209	0.218	0.212	0.213	0.217	0.212	0.213	0.209	0.212	0.212	0.210	0.209	0.219	0.206	0.208	0.215	0.206	0.208	0.212	0.208	0.206	0.214	0.212	0.201	0.202	0.214	0.208	0.213	0.206	0.210	0.209	0.209	0.211	0.213	0.215	0.209	0.211	0.213	0.213	0.216	0.207	0.209	0.212	0.209	0.209	0.218	0.207	0.212	0.207	0.212	0.217	0.211	0.207	0.210	0.206	0.208	0.208	0.204	0.201	0.206	0.202	0.204	0.204	0.206	0.213	0.207	0.200	0.194	0.203	0.205	0.197	0.204	0.213	0.208	0.204	0.203	0.203
13:00:40	35.1	0.210	0.204	0.210	0.213	0.212	0.205	0.213	0.216	0.209	0.206	0.206	0.205	0.211	0.216	0.215	0.219	0.215	0.213	0.212	0.209	0.217	0.212	0.213	0.216	0.210	0.211	0.209	0.212	0.212	0.209	0.209	0.219	0.207	0.207	0.215	0.205	0.208	0.210	0.206	0.206	0.213	0.212	0.200	0.201	0.213	0.207	0.212	0.205	0.208	0.207	0.208	0.210	0.212	0.215	0.209	0.211	0.212	0.212	0.216	0.207	0.207	0.211	0.208	0.209	0.219	0.207	0.212	0.206	0.212	0.216	0.211	0.205	0.208	0.205	0.207	0.207	0.203	0.201	0.205	0.201	0.204	0.203	0.204	0.215	0.206	0.199	0.194	0.202	0.205	0.196	0.203	0.212	0.208	0.203	0.203	0.203
14:00:41	35.1	0.209	0.203	0.208	0.211	0.210	0.204	0.212	0.215	0.209	0.205	0.204	0.205	0.209	0.215	0.214	0.218	0.214	0.212	0.211	0.208	0.216	0.210	0.213	0.218	0.209	0.210	0.207	0.210	0.210	0.208	0.208	0.217	0.205	0.206	0.213	0.204	0.206	0.209	0.206	0.204	0.213	0.212	0.199	0.201	0.213	0.207	0.211	0.204	0.207	0.205	0.205	0.209	0.211	0.213	0.208	0.210	0.210	0.210	0.215	0.205	0.205	0.210	0.206	0.208	0.218	0.206	0.211	0.206	0.211	0.216	0.211	0.204	0.207	0.203	0.205	0.206	0.202	0.200	0.204	0.200	0.203	0.201	0.203	0.209	0.205	0.199	0.193	0.202	0.204	0.195	0.200	0.211	0.207	0.203	0.203	0.202
15:00:42	35.1	0.207	0.202	0.207	0.210	0.209	0.203	0.211	0.214	0.207	0.204	0.203	0.203	0.209	0.215	0.212	0.216	0.212	0.211	0.209	0.208	0.215	0.208	0.212	0.214	0.208	0.209	0.206	0.210	0.209	0.208	0.205	0.216	0.204	0.205	0.211	0.202	0.205	0.208	0.204	0.203	0.212	0.211	0.199	0.200	0.212	0.206	0.210	0.202	0.206	0.204	0.204	0.208	0.209	0.213	0.207	0.208	0.209	0.210	0.213	0.204	0.205	0.209	0.205	0.206	0.217	0.205	0.209	0.205	0.210	0.214	0.210	0.203	0.206	0.202	0.205	0.204	0.201	0.199	0.203	0.199	0.201	0.200	0.202	0.213	0.205	0.198	0.192	0.201	0.203	0.195	0.199	0.209	0.205	0.202	0.201	0.201
16:00:43	35.1	0.209	0.201	0.206	0.209	0.207	0.202	0.210	0.214	0.206	0.203	0.203	0.202	0.208	0.213	0.211	0.215	0.211	0.210	0.210	0.207	0.213	0.207	0.212	0.218	0.208	0.208	0.206	0.209	0.208	0.206	0.204	0.215	0.202	0.203	0.210	0.201	0.205	0.208	0.203	0.202	0.211	0.209	0.198	0.199	0.211	0.204	0.209	0.202	0.206	0.203	0.203	0.206	0.208	0.212	0.205	0.207	0.208	0.208	0.212	0.204	0.204	0.208	0.204	0.205	0.215	0.204	0.208	0.204	0.209	0.212	0.208	0.202	0.205	0.201	0.204	0.203	0.200	0.198	0.202	0.198	0.200	0.199	0.201	0.211	0.205	0.199	0.191	0.201	0.203	0.195	0.198	0.208	0.204	0.201	0.201	0.201
17:00:43	35.1	0.205	0.200	0.205	0.208	0.206	0.201	0.211	0.212	0.205	0.201	0.201	0.201	0.207	0.214	0.211	0.215	0.210	0.209	0.208	0.206	0.213	0.206	0.211	0.212	0.207	0.209	0.205	0.208	0.208	0.210	0.204	0.213	0.202	0.202	0.209	0.200	0.204	0.206	0.202	0.201	0.209	0.209	0.197	0.198	0.209	0.203	0.208	0.200	0.205	0.203	0.203	0.206	0.207	0.210	0.204	0.205	0.207	0.207	0.211	0.202	0.204	0.207	0.203	0.204	0.214	0.203	0.208	0.203	0.207	0.211	0.207	0.201	0.204	0.201	0.203	0.202	0.199	0.197	0.201	0.197	0.200	0.199	0.200	0.212	0.205	0.198	0.192	0.201	0.203	0.194	0.198	0.207	0.203	0.200	0.199	0.200
18:00:43	35.1	0.205	0.200	0.205	0.208	0.206	0.200	0.208	0.212	0.204	0.201	0.200	0.199	0.207	0.212	0.210	0.214	0.210	0.208	0.208	0.205	0.211	0.205	0.210	0.216	0.206	0.207	0.204	0.207	0.207	0.204	0.203	0.213	0.201	0.201	0.208	0.199	0.203	0.206	0.202	0.201	0.209	0.208	0.196	0.197	0.208	0.202	0.207	0.199	0.204	0.203	0.203	0.206	0.207	0.210	0.203	0.205	0.206	0.205	0.210	0.202	0.204	0.207	0.203	0.204	0.213	0.201	0.207	0.202	0.205	0.210	0.206	0.200	0.204	0.200	0.203	0.201	0.197	0.197	0.199	0.197	0.198	0.198	0.200	0.205	0.204	0.198	0.191	0.201	0.203	0.194	0.197	0.206	0.203	0.199	0.199	0.199
19:00:44	35.1	0.204	0.199	0.205	0.206	0.205	0.199	0.208	0.211	0.203	0.200	0.200	0.199	0.207	0.212	0.210	0.213	0.210	0.208	0.207	0.204	0.210	0.204	0.208	0.210	0.206	0.207	0.204	0.207	0.206	0.204	0.202	0.212	0.200	0.201	0.208	0.198	0.203	0.206	0.202	0.201	0.208	0.207	0.196	0.197	0.207	0.201	0.206	0.199	0.204	0.203	0.203	0.206	0.206	0.209	0.203	0.204	0.206	0.205	0.210	0.201	0.204	0.207	0.203	0.204	0.212	0.201	0.206	0.201	0.206	0.210	0.205	0.200	0.203	0.200	0.202	0.202	0.197	0.196	0.200	0.196	0.198	0.197	0.200	0.205	0.204	0.198	0.191	0.201	0.202	0.194	0.198	0.205	0.202	0.198	0.197	0.199
20:00:45	35.1	0.211	0.199	0.204	0.206	0.204	0.198	0.207	0.210	0.202	0.200	0.199	0.199	0.206	0.212	0.209	0.213	0.209	0.206	0.207	0.204	0.210	0.203	0.209	0.210	0.206	0.208	0.204	0.207	0.206	0.204	0.202	0.211	0.200	0.200	0.207	0.198	0.203	0.206	0.202	0.200	0.208	0.206	0.194	0.196	0.206	0.200	0.205	0.198	0.204	0.203	0.202	0.206	0.205	0.208	0.202	0.203	0.205	0.205	0.209	0.200	0.204	0.207	0.203	0.204	0.212	0.200	0.205	0.200	0.204	0.210	0.205	0.198	0.203	0.200	0.202	0.201	0.197	0.196	0.199	0.196	0.197	0.197	0.199	0.209	0.203	0.198	0.191	0.200	0.202	0.194	0.198	0.205	0.200	0.198	0.196	0.197
21:00:45	35.1	0.204	0.199	0.204	0.206	0.204	0.197	0.206	0.209	0.202	0.199	0.198	0.199	0.206	0.212	0.209	0.214	0.209	0.206	0.207	0.204	0.210	0.203	0.209	0.209	0.206	0.207	0.205	0.207	0.206	0.203	0.202	0.211	0.199	0.199	0.207	0.197	0.203	0.206	0.202	0.201	0.207	0.206	0.195	0.195	0.205	0.199	0.205	0.198	0.203	0.203	0.203	0.206	0.204	0.208	0.205	0.204	0.205	0.204	0.208	0.200	0.204	0.207	0.203	0.204	0.212	0.200	0.205	0.200	0.204	0.209	0.205	0.199	0.203	0.200	0.201	0.202	0.197	0.195	0.199	0.195	0.196	0.197	0.199	0.206	0.204	0.198	0.191	0.201	0.202	0.195	0.197	0.205	0.200	0.197	0.196	0.196
22:00:46	35.1	0.204	0.199	0.204	0.206	0.203	0.197	0.205	0.209	0.200	0.199	0.198	0.198	0.206	0.212	0.210	0.212	0.208	0.206	0.207	0.203	0.209	0.202	0.208	0.209	0.206	0.208	0.204	0.206	0.205	0.203	0.202	0.210	0.198	0.199	0.207	0.197	0.203	0.206	0.202	0.200	0.207	0.205	0.195	0.194	0.203	0.200	0.205	0.197	0.204	0.204	0.203	0.206	0.204	0.207	0.201	0.204	0.205	0.204	0.208	0.199	0.204	0.207	0.203	0.204	0.212	0.200	0.204	0.200	0.203	0.209	0.203	0.198	0.203	0.200	0.202	0.202	0.197	0.196	0.199	0.195	0.197	0.197	0.198	0.206	0.203	0.200	0.191	0.200	0.202	0.194	0.197	0.205	0.199	0.196	0.195	0.196
23:00:47	35.1	0.204	0.199	0.204	0.205	0.202	0.197	0.205	0.209	0.200	0.198	0.198	0.198	0.206	0.211	0.210	0.212	0.208	0.206	0.206	0.202	0.207	0.202	0.208	0.208	0.207	0.208	0.205	0.206	0.205	0.205	0.201	0.210	0.198	0.199	0.206	0.197	0.204	0.207	0.202	0.200	0.207	0.205	0.195	0.194	0.204	0.199	0.204	0.197	0.204	0.203	0.203	0.207	0.205	0.207	0.202	0.203	0.205	0.203	0.208	0.199	0.204	0.208	0.204	0.204	0.212	0.200	0.205	0.199	0.202	0.208	0.204	0.198	0.203	0.201	0.202	0.202	0.197	0.195	0.200	0.195	0.196	0.197	0.198	0.205	0.203	0.199	0.190	0.200	0.202	0.194	0.199	0.204	0.199	0.196	0.195	0.195
0:00:00																																																																																																	

Results
	1	2	3	4	5	6	7	8	9	10	11	12
A	0.141	0.141	0.128	0.127	0.118	0.116	0.110	0.110	0.118	0.125	0.116	0.128	Max V [600]
	0.995	0.993	0.999	0.998	0.998	0.997	0.996	0.995	0.995	0.997	0.996	0.994	R-Squared [600]
	6:00:37	6:00:37	7:00:38	7:00:38	7:00:38	7:00:38	7:00:38	7:00:38	7:00:38	7:00:38	7:00:38	6:00:37	t at Max V [600]
	2:54:46	2:59:07	3:16:31	3:32:44	3:45:21	3:23:37	3:38:15	3:44:12	3:32:34	3:07:39	2:54:35	2:49:53	Lagtime [600]
B	0.141	0.134	0.133	0.132	0.130	0.118	0.120	0.124	0.117	0.120	0.137	0.118	Max V [600]
	0.997	0.995	0.995	0.983	0.993	0.997	0.997	0.997	0.997	0.996	0.995	0.998	R-Squared [600]
	6:00:37	7:00:38	7:00:38	7:00:38	7:00:38	8:00:38	8:00:38	8:00:38	8:00:38	7:00:38	7:00:38	7:00:38	t at Max V [600]
	2:49:39	3:22:01	3:36:36	3:25:49	3:50:55	4:09:04	4:00:16	3:58:10	3:52:54	3:47:06	3:36:11	5:20:37	Lagtime [600]
C	0.129	0.118	0.114	0.114	0.115	0.130	0.115	0.111	0.109	0.112	0.126	0.125	Max V [600]
	0.999	0.997	0.997	0.998	0.997	0.988	0.997	0.997	0.998	0.999	0.981	0.998	R-Squared [600]
	7:00:38	7:00:38	7:00:38	7:00:38	8:00:38	8:00:38	8:00:38	8:00:38	8:00:38	8:00:38	7:00:38	7:00:38	t at Max V [600]
	3:10:57	3:19:05	3:18:54	3:10:57	3:59:02	4:27:04	4:03:44	4:23:57	4:02:59	3:49:34	3:53:10	3:12:43	Lagtime [600]
D	0.127	0.114	0.121	0.119	0.105	0.103	0.100	0.101	0.092	0.106	0.109	0.115	Max V [600]
	0.999	0.999	0.993	0.996	0.994	0.996	0.999	0.999	0.997	0.999	0.999	0.999	R-Squared [600]
	7:00:38	7:00:38	8:00:38	8:00:38	8:00:38	9:00:38	8:00:38	8:00:38	8:00:38	8:00:38	8:00:38	7:00:38	t at Max V [600]
	3:03:07	3:17:15	3:37:47	3:53:11	4:23:34	4:26:24	4:16:09	4:05:32	4:22:44	4:25:12	3:57:07	3:25:01	Lagtime [600]
E	0.130	0.114	0.105	0.116	0.105	0.114	0.110	0.116	0.113	0.109	0.145	0.120	Max V [600]
	0.994	0.999	0.997	0.998	0.991	0.995	0.999	0.997	0.999	0.995	0.935	0.994	R-Squared [600]
	6:00:37	7:00:38	7:00:38	7:00:38	8:00:38	8:00:38	8:00:38	8:00:38	8:00:38	7:00:38	6:00:37	6:00:37	t at Max V [600]
	3:01:45	3:17:24	3:14:09	3:37:03	4:31:59	4:42:14	4:19:32	4:21:45	4:14:16	3:41:57	3:43:58	3:07:20	Lagtime [600]
F	0.124	0.105	0.106	0.112	0.115	0.111	0.107	0.118	0.106	0.111	0.111	0.119	Max V [600]
	0.993	0.998	0.998	0.997	0.999	0.995	0.997	0.995	0.998	0.998	0.995	0.998	R-Squared [600]
	7:00:38	7:00:38	8:00:38	8:00:38	8:00:38	8:00:38	8:00:38	8:00:38	8:00:38	8:00:38	7:00:38	7:00:38	t at Max V [600]
	2:53:10	3:01:11	3:17:24	3:43:39	3:59:02	4:16:58	4:09:02	4:15:02	4:27:26	4:46:55	3:46:07	3:02:17	Lagtime [600]
G	0.121	0.115	0.111	0.107	0.114	0.112	0.110	0.107	0.105	0.111	0.118	0.127	Max V [600]
	0.999	0.998	0.994	0.997	0.997	0.998	0.997	0.995	0.997	0.997	0.996	0.930	R-Squared [600]
	7:00:38	7:00:38	7:00:38	7:00:38	7:00:38	8:00:38	7:00:38	7:00:38	7:00:38	7:00:38	7:00:38	6:00:37	t at Max V [600]
	3:19:38	3:10:29	3:26:42	3:39:25	3:37:02	4:03:05	3:31:53	3:32:20	3:39:05	3:32:00	3:13:56	2:21:06	Lagtime [600]
H	0.104	0.108	0.100	0.081	0.093	0.123	0.108	0.113	0.112	0.090	0.105	0.097	Max V [600]
	0.994	0.986	0.995	0.996	0.991	0.980	1.000	0.997	0.995	0.999	0.994	0.997	R-Squared [600]
	4:00:36	4:00:36	5:00:37	5:00:37	5:00:37	6:00:37	7:00:38	7:00:38	7:00:38	8:00:38	7:00:38	7:00:38	t at Max V [600]
	1:32:27	1:35:48	1:58:06	2:06:31	2:23:58	2:33:21	2:50:06	3:37:43	3:34:40	3:07:21	3:17:06	2:52:33	Lagtime [600]

