

Software Version	3.11.19



Experiment File Path:	C:\Users\patil-group\Desktop\Sweeteners_stacker\191121_NT5022_23_78_Rep4\NT5022_23_78_Rep4.xpt
Protocol File Path:	C:\Users\Public\Documents\Protocols\Screening-protocol.prt



Plate Number	Plate 5
Date	19/11/2021
Time	14:50:35
Reader Type:	Epoch 2
Reader Serial Number:	2103223
Reading Type	Reader

Procedure Details

Plate Type	96 WELL PLATE
Discontinuous Kinetics	Runtime 1:00:00 (D:HH:MM), Interval 0:01:00, 25 Reads
	Pause after each run
Eject plate on completion	
Shake	Linear: 0:00:30 (HH:MM:SS)
	Frequency: 567 cpm (3 mm)
Read	Absorbance Endpoint
	Full Plate
	Wavelengths:  600
	Read Speed: Normal,  Delay: 100 msec,  Measurements/Data Point: 8

600

Time	T° 600	A1	A2	A3	A4	A5	A6	A7	A8	A9	A10	A11	A12	B1	B2	B3	B4	B5	B6	B7	B8	B9	B10	B11	B12	C1	C2	C3	C4	C5	C6	C7	C8	C9	C10	C11	C12	D1	D2	D3	D4	D5	D6	D7	D8	D9	D10	D11	D12	E1	E2	E3	E4	E5	E6	E7	E8	E9	E10	E11	E12	F1	F2	F3	F4	F5	F6	F7	F8	F9	F10	F11	F12	G1	G2	G3	G4	G5	G6	G7	G8	G9	G10	G11	G12	H1	H2	H3	H4	H5	H6	H7	H8	H9	H10	H11	H12
0:00:34	35.0	0.164	0.159	0.172	0.161	0.157	0.156	0.163	0.156	0.160	0.154	0.163	0.159	0.168	0.177	0.171	0.170	0.159	0.159	0.160	0.164	0.164	0.157	0.156	0.169	0.164	0.171	0.174	0.174	0.178	0.182	0.166	0.163	0.163	0.167	0.163	0.168	0.172	0.182	0.166	0.175	0.169	0.167	0.165	0.165	0.161	0.165	0.161	0.170	0.167	0.171	0.175	0.168	0.174	0.165	0.163	0.168	0.177	0.172	0.175	0.164	0.167	0.166	0.168	0.167	0.178	0.166	0.168	0.169	0.169	0.175	0.165	0.175	0.166	0.175	0.171	0.174	0.164	0.169	0.173	0.180	0.175	0.174	0.165	0.168	0.167	0.160	0.163	0.170	0.170	0.170	0.174	0.172	0.167	0.167	0.164	0.172
1:00:34	35.1	0.166	0.163	0.176	0.167	0.160	0.159	0.161	0.157	0.160	0.155	0.163	0.159	0.168	0.177	0.171	0.174	0.164	0.163	0.163	0.164	0.162	0.159	0.157	0.165	0.165	0.172	0.174	0.174	0.180	0.182	0.166	0.164	0.163	0.165	0.159	0.166	0.174	0.182	0.168	0.175	0.170	0.168	0.166	0.166	0.162	0.165	0.158	0.166	0.167	0.171	0.174	0.169	0.174	0.167	0.165	0.168	0.180	0.172	0.397	0.164	0.164	0.166	0.168	0.169	0.178	0.167	0.168	0.168	0.170	0.176	0.166	0.175	0.162	0.169	0.169	0.174	0.166	0.170	0.175	0.176	0.168	0.174	0.165	0.169	0.162	0.161	0.164	0.166	0.168	0.168	0.174	0.173	0.168	0.167	0.165	0.172
2:00:35	35.1	0.167	0.163	0.173	0.169	0.160	0.156	0.159	0.156	0.159	0.153	0.163	0.157	0.169	0.178	0.171	0.172	0.163	0.162	0.162	0.160	0.158	0.157	0.154	0.164	0.168	0.172	0.176	0.173	0.179	0.172	0.166	0.163	0.162	0.162	0.156	0.162	0.175	0.181	0.167	0.174	0.170	0.168	0.166	0.167	0.162	0.164	0.156	0.164	0.168	0.174	0.173	0.169	0.174	0.167	0.165	0.168	0.194	0.173	0.164	0.160	0.164	0.164	0.168	0.169	0.178	0.167	0.168	0.169	0.170	0.176	0.167	0.173	0.162	0.165	0.169	0.167	0.166	0.170	0.175	0.176	0.169	0.175	0.167	0.171	0.162	0.160	0.165	0.164	0.168	0.169	0.175	0.174	0.169	0.169	0.167	0.173
3:00:35	35.1	0.171	0.167	0.178	0.171	0.165	0.161	0.163	0.160	0.163	0.160	0.166	0.160	0.172	0.176	0.175	0.172	0.166	0.166	0.165	0.164	0.163	0.161	0.158	0.167	0.180	0.174	0.177	0.175	0.181	0.170	0.168	0.165	0.164	0.165	0.161	0.166	0.174	0.173	0.169	0.176	0.172	0.170	0.168	0.168	0.164	0.166	0.160	0.168	0.167	0.168	0.169	0.329	0.176	0.168	0.167	0.170	0.189	0.175	0.166	0.162	0.165	0.166	0.167	0.165	0.195	0.169	0.170	0.171	0.173	0.178	0.169	0.179	0.165	0.163	0.170	0.168	0.168	0.172	0.177	0.179	0.171	0.177	0.171	0.174	0.163	0.162	0.166	0.167	0.171	0.171	0.177	0.179	0.171	0.170	0.170	0.176
4:00:36	35.1	0.167	0.163	0.174	0.169	0.165	0.163	0.166	0.164	0.166	0.162	0.172	0.165	0.170	0.173	0.185	0.167	0.216	0.164	0.170	0.168	0.168	0.167	0.163	0.172	0.172	0.172	0.459	0.168	0.183	0.173	0.172	0.168	0.168	0.170	0.166	0.171	0.177	0.178	0.173	0.180	0.175	0.173	0.171	0.172	0.168	0.170	0.167	0.172	0.173	0.174	0.170	0.253	0.179	0.172	0.170	0.173	0.186	0.179	0.173	0.166	0.170	0.171	0.173	0.170	0.185	0.172	0.173	0.174	0.175	0.182	0.173	0.183	0.171	0.167	0.176	0.173	0.172	0.176	0.182	0.183	0.175	0.182	0.175	0.179	0.166	0.168	0.171	0.169	0.174	0.176	0.180	0.184	0.175	0.175	0.174	0.179
5:00:37	35.1	0.177	0.170	0.182	0.177	0.172	0.167	0.171	0.168	0.171	0.169	0.177	0.171	0.178	0.182	0.176	0.173	0.172	0.175	0.171	0.173	0.170	0.172	0.171	0.178	0.177	0.180	0.179	0.173	0.187	0.176	0.176	0.172	0.171	0.174	0.170	0.177	0.183	0.183	0.179	0.182	0.179	0.177	0.175	0.176	0.172	0.174	0.169	0.177	0.178	0.181	0.175	0.212	0.183	0.176	0.174	0.178	0.194	0.183	0.180	0.172	0.175	0.173	0.176	0.171	0.185	0.176	0.177	0.178	0.179	0.186	0.178	0.189	0.175	0.171	0.180	0.179	0.176	0.180	0.186	0.188	0.180	0.187	0.181	0.184	0.172	0.174	0.177	0.174	0.181	0.177	0.180	0.194	0.180	0.180	0.178	0.184
6:00:37	35.1	0.181	0.176	0.187	0.183	0.180	0.174	0.177	0.176	0.178	0.176	0.186	0.180	0.183	0.188	0.181	0.182	0.177	0.181	0.178	0.178	0.177	0.178	0.178	0.187	0.183	0.185	0.186	0.178	0.191	0.180	0.180	0.176	0.176	0.178	0.175	0.184	0.188	0.187	0.182	0.187	0.183	0.181	0.179	0.179	0.176	0.178	0.175	0.182	0.183	0.186	0.182	0.197	0.187	0.180	0.177	0.182	0.190	0.187	0.182	0.177	0.179	0.180	0.183	0.175	0.187	0.180	0.181	0.182	0.183	0.190	0.182	0.194	0.181	0.175	0.187	0.187	0.183	0.184	0.190	0.193	0.186	0.192	0.187	0.189	0.175	0.176	0.180	0.179	0.184	0.184	0.185	0.190	0.185	0.185	0.186	0.189
7:00:37	35.1	0.186	0.180	0.191	0.189	0.186	0.181	0.182	0.180	0.181	0.179	0.191	0.186	0.187	0.193	0.185	0.185	0.180	0.185	0.179	0.183	0.182	0.181	0.182	0.193	0.186	0.190	0.191	0.183	0.196	0.185	0.185	0.179	0.179	0.183	0.181	0.190	0.193	0.191	0.189	0.192	0.189	0.187	0.185	0.184	0.180	0.182	0.180	0.188	0.188	0.190	0.186	0.197	0.192	0.185	0.182	0.188	0.203	0.191	0.187	0.183	0.182	0.185	0.187	0.181	0.191	0.184	0.184	0.187	0.189	0.193	0.186	0.200	0.185	0.178	0.190	0.193	0.188	0.188	0.195	0.198	0.191	0.196	0.192	0.195	0.181	0.178	0.183	0.183	0.188	0.190	0.190	0.193	0.190	0.188	0.189	0.194
8:00:39	35.1	0.192	0.187	0.195	0.194	0.193	0.188	0.186	0.186	0.188	0.186	0.198	0.197	0.193	0.198	0.189	0.191	0.186	0.193	0.183	0.189	0.188	0.188	0.189	0.203	0.190	0.194	0.195	0.187	0.199	0.188	0.188	0.183	0.183	0.187	0.186	0.198	0.196	0.195	0.192	0.197	0.194	0.190	0.189	0.189	0.184	0.186	0.185	0.194	0.190	0.193	0.189	0.200	0.197	0.190	0.186	0.191	0.200	0.196	0.192	0.189	0.186	0.186	0.190	0.184	0.195	0.190	0.189	0.191	0.192	0.196	0.192	0.206	0.190	0.180	0.204	0.196	0.192	0.192	0.199	0.202	0.195	0.200	0.197	0.200	0.188	0.187	0.189	0.183	0.192	0.193	0.193	0.196	0.194	0.192	0.194	0.198
9:00:38	35.1	0.194	0.191	0.200	0.199	0.198	0.194	0.193	0.192	0.194	0.189	0.202	0.202	0.198	0.204	0.194	0.200	0.194	0.200	0.194	0.194	0.194	0.194	0.196	0.208	0.195	0.198	0.200	0.193	0.204	0.193	0.192	0.189	0.191	0.192	0.191	0.202	0.193	0.194	0.196	0.199	0.197	0.194	0.192	0.194	0.189	0.192	0.193	0.196	0.191	0.190	0.187	0.200	0.199	0.195	0.190	0.195	0.205	0.200	0.197	0.194	0.190	0.188	0.187	0.186	0.196	0.195	0.191	0.196	0.196	0.199	0.408	0.211	0.194	0.187	0.199	0.199	0.188	0.196	0.202	0.205	0.201	0.200	0.198	0.215	0.192	0.193	0.194	0.190	0.191	0.191	0.192	0.200	0.198	0.196	0.194	0.198
10:00:39	35.1	0.190	0.192	0.202	0.200	0.199	0.196	0.195	0.193	0.197	0.193	0.205	0.204	0.190	0.199	0.198	0.204	0.199	0.199	0.194	0.196	0.196	0.197	0.201	0.213	0.193	0.199	0.202	0.200	0.208	0.198	0.195	0.194	0.195	0.196	0.195	0.204	0.192	0.203	0.270	0.204	0.203	0.198	0.198	0.200	0.196	0.197	0.196	0.201	0.193	0.197	0.189	0.200	0.203	0.201	0.195	0.200	0.207	0.206	0.199	0.195	0.194	0.193	0.191	0.192	0.199	0.199	0.196	0.199	0.202	0.204	0.326	0.210	0.195	0.189	0.198	0.203	0.196	0.197	0.207	0.209	0.203	0.204	0.199	0.195	0.198	0.193	0.194	0.193	0.197	0.198	0.197	0.203	0.200	0.198	0.197	0.201
11:00:39	35.1	0.193	0.194	0.203	0.201	0.200	0.196	0.196	0.196	0.197	0.192	0.201	0.204	0.195	0.203	0.203	0.205	0.199	0.199	0.196	0.197	0.197	0.198	0.199	0.209	0.197	0.201	0.204	0.202	0.209	0.200	0.197	0.195	0.196	0.197	0.196	0.202	0.194	0.207	0.194	0.206	0.204	0.201	0.202	0.202	0.197	0.198	0.195	0.202	0.195	0.200	0.196	0.201	0.208	0.203	0.199	0.203	0.225	0.207	0.200	0.196	0.195	0.198	0.197	0.194	0.200	0.201	0.200	0.204	0.203	0.207	0.204	0.210	0.196	0.190	0.202	0.203	0.198	0.198	0.206	0.209	0.203	0.205	0.200	0.196	0.196	0.193	0.196	0.192	0.199	0.198	0.198	0.203	0.201	0.198	0.197	0.202
12:00:40	35.1	0.192	0.193	0.202	0.200	0.199	0.196	0.195	0.194	0.197	0.192	0.203	0.229	0.195	0.204	0.203	0.206	0.199	0.198	0.196	0.197	0.196	0.196	0.201	0.213	0.198	0.202	0.205	0.203	0.207	0.200	0.197	0.195	0.196	0.198	0.195	0.201	0.193	0.209	0.193	0.206	0.205	0.202	0.200	0.201	0.198	0.197	0.197	0.199	0.193	0.198	0.197	0.201	0.208	0.203	0.199	0.203	0.213	0.207	0.199	0.195	0.191	0.192	0.196	0.194	0.201	0.202	0.201	0.205	0.204	0.207	0.202	0.208	0.193	0.187	0.196	0.200	0.197	0.198	0.206	0.209	0.203	0.205	0.199	0.196	0.194	0.193	0.193	0.191	0.196	0.199	0.197	0.203	0.200	0.196	0.196	0.198
13:00:40	35.1	0.192	0.192	0.202	0.200	0.198	0.195	0.194	0.193	0.196	0.191	0.203	0.206	0.192	0.204	0.204	0.205	0.200	0.199	0.194	0.197	0.195	0.195	0.201	0.212	0.191	0.201	0.206	0.203	0.206	0.200	0.196	0.196	0.197	0.197	0.194	0.200	0.194	0.205	0.193	0.206	0.205	0.201	0.201	0.201	0.197	0.198	0.196	0.199	0.192	0.197	0.197	0.200	0.208	0.204	0.200	0.204	0.215	0.207	0.199	0.193	0.190	0.191	0.194	0.194	0.202	0.202	0.201	0.205	0.205	0.206	0.201	0.208	0.192	0.184	0.198	0.201	0.197	0.198	0.207	0.209	0.203	0.205	0.199	0.198	0.194	0.192	0.191	0.193	0.196	0.199	0.197	0.204	0.200	0.196	0.197	0.200
14:00:41	35.1	0.192	0.191	0.202	0.199	0.198	0.195	0.195	0.193	0.194	0.192	0.203	0.200	0.192	0.203	0.204	0.204	0.200	0.198	0.195	0.197	0.195	0.193	0.200	0.211	0.192	0.200	0.205	0.203	0.207	0.200	0.196	0.195	0.196	0.198	0.194	0.199	0.193	0.206	0.196	0.205	0.204	0.201	0.200	0.202	0.198	0.197	0.194	0.199	0.190	0.197	0.197	0.199	0.207	0.203	0.199	0.203	0.218	0.207	0.199	0.192	0.190	0.196	0.195	0.193	0.201	0.201	0.201	0.204	0.204	0.206	0.201	0.207	0.191	0.185	0.198	0.200	0.198	0.197	0.206	0.208	0.202	0.205	0.199	0.196	0.194	0.192	0.191	0.193	0.196	0.198	0.197	0.203	0.199	0.197	0.196	0.199
15:00:42	35.1	0.190	0.192	0.202	0.200	0.198	0.196	0.195	0.193	0.195	0.193	0.203	0.199	0.191	0.203	0.204	0.204	0.198	0.198	0.195	0.197	0.194	0.194	0.200	0.209	0.189	0.199	0.204	0.203	0.206	0.200	0.197	0.195	0.196	0.198	0.193	0.199	0.192	0.204	0.196	0.205	0.204	0.201	0.201	0.201	0.196	0.197	0.194	0.195	0.191	0.194	0.193	0.195	0.207	0.203	0.201	0.203	0.216	0.206	0.200	0.192	0.187	0.192	0.190	0.195	0.199	0.201	0.201	0.205	0.203	0.206	0.199	0.207	0.191	0.183	0.196	0.196	0.196	0.197	0.205	0.207	0.202	0.205	0.198	0.197	0.191	0.190	0.191	0.191	0.193	0.198	0.196	0.204	0.199	0.196	0.196	0.198
16:00:43	35.1	0.189	0.191	0.201	0.199	0.198	0.195	0.195	0.193	0.196	0.192	0.202	0.198	0.189	0.203	0.203	0.204	0.198	0.198	0.195	0.197	0.194	0.196	0.201	0.211	0.187	0.200	0.204	0.203	0.206	0.201	0.197	0.194	0.195	0.197	0.194	0.199	0.190	0.204	0.195	0.205	0.205	0.201	0.200	0.202	0.196	0.197	0.195	0.197	0.190	0.194	0.194	0.195	0.207	0.203	0.199	0.203	0.211	0.206	0.198	0.192	0.187	0.191	0.189	0.197	0.198	0.201	0.201	0.204	0.203	0.206	0.200	0.206	0.189	0.183	0.194	0.198	0.195	0.197	0.205	0.207	0.202	0.205	0.199	0.196	0.188	0.191	0.190	0.193	0.195	0.198	0.195	0.203	0.198	0.195	0.196	0.197
17:00:43	35.1	0.190	0.191	0.201	0.199	0.197	0.196	0.195	0.193	0.196	0.192	0.204	0.203	0.188	0.203	0.203	0.204	0.199	0.197	0.194	0.197	0.194	0.196	0.201	0.211	0.188	0.199	0.204	0.203	0.206	0.199	0.197	0.195	0.195	0.197	0.194	0.200	0.187	0.204	0.194	0.204	0.204	0.201	0.201	0.202	0.196	0.197	0.194	0.196	0.189	0.196	0.194	0.194	0.207	0.203	0.199	0.203	0.222	0.206	0.199	0.192	0.188	0.191	0.189	0.196	0.198	0.201	0.201	0.204	0.203	0.206	0.200	0.206	0.188	0.182	0.196	0.197	0.195	0.196	0.204	0.207	0.202	0.205	0.199	0.197	0.190	0.190	0.189	0.192	0.193	0.196	0.196	0.203	0.198	0.196	0.196	0.197
18:00:43	35.1	0.190	0.191	0.201	0.198	0.198	0.195	0.195	0.191	0.191	0.189	0.198	0.199	0.188	0.202	0.203	0.203	0.198	0.197	0.194	0.197	0.194	0.191	0.197	0.200	0.187	0.198	0.204	0.203	0.206	0.200	0.196	0.194	0.194	0.196	0.194	0.194	0.186	0.204	0.194	0.204	0.204	0.201	0.201	0.202	0.197	0.197	0.194	0.196	0.190	0.191	0.194	0.194	0.206	0.203	0.199	0.203	0.216	0.206	0.198	0.191	0.184	0.191	0.188	0.196	0.197	0.200	0.200	0.203	0.203	0.206	0.199	0.206	0.188	0.183	0.195	0.193	0.192	0.196	0.204	0.207	0.201	0.204	0.199	0.197	0.192	0.190	0.190	0.187	0.192	0.193	0.193	0.202	0.197	0.194	0.195	0.197
19:00:45	35.1	0.190	0.192	0.201	0.198	0.197	0.196	0.196	0.193	0.194	0.190	0.204	0.197	0.189	0.201	0.203	0.203	0.198	0.197	0.194	0.196	0.194	0.195	0.200	0.210	0.188	0.199	0.204	0.202	0.205	0.199	0.195	0.193	0.194	0.197	0.195	0.200	0.187	0.204	0.194	0.204	0.204	0.200	0.200	0.202	0.196	0.196	0.194	0.197	0.189	0.192	0.194	0.194	0.206	0.202	0.199	0.203	0.208	0.206	0.198	0.190	0.187	0.190	0.187	0.193	0.197	0.200	0.200	0.203	0.203	0.205	0.199	0.205	0.188	0.182	0.194	0.194	0.188	0.193	0.203	0.207	0.202	0.205	0.199	0.196	0.191	0.191	0.190	0.188	0.192	0.194	0.192	0.202	0.197	0.194	0.195	0.197
20:00:45	35.1	0.191	0.193	0.201	0.198	0.198	0.194	0.195	0.193	0.192	0.190	0.200	0.198	0.189	0.201	0.202	0.203	0.198	0.197	0.194	0.196	0.194	0.195	0.198	0.206	0.188	0.199	0.203	0.202	0.205	0.199	0.195	0.194	0.195	0.196	0.194	0.199	0.189	0.202	0.194	0.203	0.204	0.201	0.201	0.201	0.196	0.196	0.193	0.196	0.189	0.190	0.192	0.193	0.205	0.202	0.198	0.202	0.224	0.205	0.198	0.190	0.184	0.189	0.187	0.193	0.196	0.199	0.200	0.203	0.202	0.205	0.199	0.204	0.188	0.182	0.194	0.196	0.189	0.195	0.203	0.206	0.202	0.204	0.198	0.195	0.190	0.190	0.190	0.188	0.191	0.193	0.190	0.202	0.197	0.195	0.195	0.196
21:00:46	35.1	0.190	0.192	0.202	0.197	0.198	0.194	0.195	0.192	0.195	0.192	0.201	0.201	0.188	0.201	0.203	0.203	0.198	0.196	0.194	0.197	0.194	0.195	0.200	0.208	0.189	0.199	0.204	0.202	0.205	0.199	0.195	0.193	0.194	0.197	0.195	0.197	0.187	0.203	0.195	0.203	0.204	0.200	0.200	0.202	0.196	0.196	0.194	0.195	0.186	0.191	0.193	0.195	0.205	0.201	0.198	0.202	0.208	0.206	0.199	0.189	0.184	0.189	0.189	0.193	0.197	0.199	0.199	0.202	0.201	0.204	0.200	0.204	0.189	0.180	0.195	0.197	0.190	0.196	0.203	0.206	0.202	0.204	0.198	0.196	0.188	0.188	0.188	0.191	0.194	0.195	0.190	0.200	0.196	0.194	0.196	0.196
22:00:46	35.1	0.191	0.192	0.201	0.197	0.198	0.195	0.196	0.193	0.190	0.188	0.199	0.203	0.189	0.200	0.203	0.203	0.197	0.197	0.194	0.197	0.195	0.196	0.197	0.197	0.188	0.198	0.203	0.202	0.205	0.199	0.195	0.194	0.194	0.197	0.195	0.197	0.186	0.202	0.194	0.204	0.203	0.200	0.200	0.201	0.196	0.196	0.194	0.197	0.184	0.191	0.193	0.196	0.205	0.202	0.198	0.202	0.220	0.206	0.198	0.190	0.186	0.189	0.187	0.193	0.196	0.199	0.199	0.203	0.201	0.204	0.200	0.204	0.191	0.180	0.194	0.197	0.190	0.196	0.203	0.206	0.201	0.204	0.199	0.196	0.186	0.189	0.190	0.186	0.192	0.195	0.190	0.200	0.197	0.194	0.195	0.197
23:00:47	35.0	0.191	0.192	0.201	0.197	0.198	0.195	0.195	0.193	0.195	0.190	0.199	0.199	0.189	0.201	0.202	0.203	0.197	0.196	0.194	0.196	0.194	0.195	0.200	0.206	0.188	0.198	0.203	0.202	0.205	0.199	0.196	0.193	0.194	0.196	0.195	0.197	0.185	0.201	0.194	0.203	0.203	0.200	0.201	0.201	0.196	0.196	0.194	0.196	0.184	0.190	0.192	0.196	0.205	0.201	0.198	0.202	0.212	0.205	0.198	0.189	0.185	0.189	0.186	0.193	0.196	0.199	0.199	0.203	0.201	0.204	0.200	0.204	0.191	0.180	0.194	0.197	0.191	0.196	0.203	0.207	0.202	0.205	0.199	0.195	0.189	0.188	0.187	0.189	0.193	0.195	0.189	0.200	0.196	0.194	0.195	0.197
0:00:00																																																																																																	

Results
	1	2	3	4	5	6	7	8	9	10	11	12
A	0.100	0.096	0.084	0.102	0.116	0.111	0.092	0.098	0.094	0.098	0.112	0.132	Max V [600]
	0.980	0.994	0.971	0.994	0.998	0.999	0.997	0.992	0.991	0.982	0.993	0.994	R-Squared [600]
	6:00:38	6:00:38	6:00:38	6:00:38	6:00:38	7:00:38	7:00:38	7:00:38	7:00:38	6:00:38	6:00:38	6:00:38	t at Max V [600]
	3:12:48	3:12:31	3:12:04	2:31:02	2:46:45	3:14:49	3:38:48	2:57:33	2:56:59	2:32:53	2:51:05	3:18:31	Lagtime [600]
B	0.092	0.101	0.074	0.105	0.194	0.111	0.086	0.090	0.099	0.091	0.106	0.126	Max V [600]
	0.980	0.985	0.999	0.974	0.596	0.962	0.912	0.999	0.998	0.999	0.984	0.990	R-Squared [600]
	6:00:38	6:00:38	9:00:38	7:00:38	2:00:35	6:00:38	7:00:38	7:00:38	7:00:38	4:00:36	6:00:38	6:00:38	t at Max V [600]
	3:30:55	4:23:20	3:56:18	4:28:05	0:44:42	2:58:42	2:49:40	3:22:16	3:59:48	2:12:02	2:46:36	3:43:40	Lagtime [600]
C	0.078	0.089	0.954	0.088	0.073	0.072	0.068	0.075	0.085	0.077	0.088	0.112	Max V [600]
	0.992	0.974	0.510	0.987	0.998	0.998	0.998	0.977	0.974	0.999	0.999	0.997	R-Squared [600]
	6:00:38	6:00:38	2:00:35	8:00:38	8:00:38	8:00:38	5:00:36	8:00:38	8:00:38	7:00:38	7:00:38	6:00:38	t at Max V [600]
	2:16:38	3:31:16	0:59:59	5:19:28	3:03:20	6:31:27	2:23:48	3:15:49	3:43:01	3:36:47	3:38:43	3:39:42	Lagtime [600]
D	0.079	0.074	0.301	0.074	0.079	0.074	0.075	0.084	0.082	0.075	0.094	0.090	Max V [600]
	0.993	0.997	0.629	0.984	0.995	0.997	0.989	0.995	0.993	0.996	0.991	0.998	R-Squared [600]
	5:00:36	5:00:36	8:00:38	7:00:38	8:00:38	6:00:38	8:00:38	8:00:38	8:00:38	8:00:38	7:00:38	6:00:38	t at Max V [600]
	2:40:53	4:49:52	5:49:43	3:13:02	2:58:27	2:41:19	2:47:41	3:12:33	3:05:20	3:02:35	3:34:53	3:36:57	Lagtime [600]
E	0.086	0.093	0.080	0.551	0.071	0.087	0.071	0.074	0.083	0.078	-0.709	0.094	Max V [600]
	1.000	0.992	0.978	0.524	0.997	0.999	0.997	0.996	0.671	0.996	0.441	0.999	R-Squared [600]
	5:00:36	5:00:36	6:00:38	2:00:35	6:00:38	8:00:38	9:00:38	6:00:38	9:00:38	8:00:38	3:00:36	6:00:38	t at Max V [600]
	2:53:38	3:31:11	4:53:02	0:30:34	2:48:49	3:12:13	2:38:04	2:37:21	2:53:22	2:48:14	3:57:50	3:42:11	Lagtime [600]
F	0.074	0.080	0.085	0.064	0.053	0.080	0.067	0.077	0.075	0.061	-0.896	0.094	Max V [600]
	0.992	0.982	0.983	0.976	0.441	0.992	0.989	0.998	0.991	0.992	0.807	1.000	R-Squared [600]
	5:00:36	5:00:36	5:00:36	6:00:38	2:00:35	8:00:38	9:00:38	7:00:38	8:00:38	9:00:38	11:00:39	7:00:38	t at Max V [600]
	3:28:15	3:04:50	3:06:28	3:39:49	0:29:48	3:12:42	2:55:32	3:13:01	2:49:49	2:19:56	12:56:20	2:38:20	Lagtime [600]
G	0.084	0.064	0.111	0.106	0.086	0.067	0.073	0.077	0.082	0.078	0.090	0.120	Max V [600]
	0.993	0.971	0.932	0.992	0.986	0.998	1.000	0.999	0.998	0.999	0.999	0.937	R-Squared [600]
	5:00:36	7:00:38	6:00:38	5:00:36	5:00:36	6:00:38	5:00:36	5:00:36	7:00:38	5:00:36	6:00:38	7:00:38	t at Max V [600]
	3:04:24	6:08:53	3:27:35	3:59:51	2:29:46	2:20:29	2:06:05	3:14:16	3:56:07	2:15:22	2:05:14	3:05:27	Lagtime [600]
H	0.095	0.078	0.074	0.071	0.073	0.080	0.058	0.086	0.081	0.076	0.084	0.080	Max V [600]
	0.992	0.922	0.986	0.984	0.988	0.959	0.933	0.923	0.999	0.996	0.983	0.999	R-Squared [600]
	8:00:38	8:00:38	5:00:36	5:00:36	5:00:36	6:00:38	6:00:38	3:00:36	6:00:38	5:00:36	5:00:36	6:00:38	t at Max V [600]
	4:23:00	2:39:50	2:16:10	4:03:32	2:54:18	3:08:29	2:40:21	1:19:57	2:23:54	2:07:50	2:03:33	2:23:32	Lagtime [600]

