
Software Version	3.11.19



Experiment File Path:	C:\Users\patil-group\Desktop\Sweeteners_stacker\281121_NT5025_77_81_Rep4\NT5025_77_81_Rep4.xpt
Protocol File Path:	C:\Users\Public\Documents\Protocols\Screening-protocol.prt



Plate Number	Plate 5
Date	28/11/2021
Time	12:50:25
Reader Type:	Epoch 2
Reader Serial Number:	2103223
Reading Type	Reader

Procedure Details

Plate Type	96 WELL PLATE
Discontinuous Kinetics	Runtime 1:00:00 (D:HH:MM), Interval 0:01:00, 25 Reads
	Pause after each run
Eject plate on completion	
Shake	Linear: 0:00:30 (HH:MM:SS)
	Frequency: 567 cpm (3 mm)
Read	Absorbance Endpoint
	Full Plate
	Wavelengths:  600
	Read Speed: Normal,  Delay: 100 msec,  Measurements/Data Point: 8

600

Time	T° 600	A1	A2	A3	A4	A5	A6	A7	A8	A9	A10	A11	A12	B1	B2	B3	B4	B5	B6	B7	B8	B9	B10	B11	B12	C1	C2	C3	C4	C5	C6	C7	C8	C9	C10	C11	C12	D1	D2	D3	D4	D5	D6	D7	D8	D9	D10	D11	D12	E1	E2	E3	E4	E5	E6	E7	E8	E9	E10	E11	E12	F1	F2	F3	F4	F5	F6	F7	F8	F9	F10	F11	F12	G1	G2	G3	G4	G5	G6	G7	G8	G9	G10	G11	G12	H1	H2	H3	H4	H5	H6	H7	H8	H9	H10	H11	H12
0:00:34	34.6	0.174	0.172	0.168	0.172	0.164	0.164	0.168	0.167	0.160	0.167	0.166	0.165	0.179	0.184	0.177	0.169	0.172	0.172	0.172	0.170	0.179	0.173	0.177	0.178	0.181	0.181	0.171	0.174	0.176	0.175	0.171	0.178	0.171	0.175	0.169	0.169	0.173	0.172	0.175	0.172	0.186	0.173	0.173	0.174	0.174	0.166	0.194	0.169	0.177	0.173	0.166	0.173	0.174	0.173	0.173	0.176	0.169	0.175	0.178	0.184	0.171	0.182	0.175	0.170	0.171	0.170	0.175	0.173	0.170	0.174	0.172	0.170	0.177	0.180	0.170	0.180	0.171	0.170	0.166	0.169	0.179	0.168	0.169	0.167	0.178	0.179	0.174	0.165	0.173	0.168	0.168	0.175	0.172	0.167	0.166	0.166
1:00:32	34.7	0.176	0.173	0.170	0.172	0.165	0.165	0.169	0.169	0.163	0.168	0.168	0.167	0.180	0.185	0.177	0.170	0.172	0.172	0.173	0.172	0.180	0.174	0.175	0.178	0.180	0.181	0.172	0.175	0.176	0.176	0.172	0.179	0.172	0.175	0.172	0.358	0.174	0.173	0.176	0.173	0.186	0.174	0.174	0.172	0.174	0.168	0.194	0.171	0.178	0.174	0.168	0.174	0.175	0.174	0.174	0.176	0.170	0.176	0.179	0.184	0.172	0.183	0.176	0.171	0.173	0.170	0.175	0.175	0.171	0.175	0.174	0.172	0.178	0.181	0.172	0.181	0.171	0.171	0.168	0.170	0.179	0.169	0.170	0.343	0.180	0.181	0.176	0.166	0.174	0.170	0.169	0.176	0.174	0.186	0.166	0.167
2:00:33	34.7	0.181	0.177	0.174	0.177	0.170	0.170	0.174	0.173	0.168	0.174	0.174	0.174	0.184	0.189	0.181	0.174	0.176	0.177	0.177	0.176	0.184	0.178	0.178	0.181	0.184	0.184	0.175	0.178	0.179	0.178	0.175	0.182	0.175	0.178	0.177	0.468	0.178	0.176	0.179	0.176	0.188	0.176	0.176	0.175	0.177	0.170	0.197	0.176	0.181	0.177	0.171	0.176	0.177	0.177	0.176	0.178	0.173	0.179	0.184	0.188	0.176	0.186	0.180	0.173	0.176	0.173	0.177	0.179	0.174	0.177	0.179	0.178	0.182	0.185	0.175	0.183	0.174	0.174	0.171	0.174	0.182	0.173	0.175	0.247	0.185	0.185	0.181	0.171	0.179	0.175	0.173	0.180	0.180	0.181	0.171	0.171
3:00:34	34.6	0.193	0.187	0.185	0.188	0.182	0.181	0.185	0.184	0.178	0.184	0.185	0.184	0.196	0.200	0.191	0.184	0.186	0.187	0.188	0.186	0.194	0.188	0.188	0.191	0.194	0.194	0.185	0.186	0.189	0.188	0.184	0.192	0.184	0.187	0.186	0.394	0.189	0.186	0.188	0.184	0.193	0.182	0.183	0.182	0.185	0.180	0.206	0.187	0.191	0.186	0.179	0.183	0.185	0.183	0.182	0.185	0.182	0.187	0.191	0.197	0.187	0.196	0.189	0.182	0.185	0.183	0.186	0.187	0.184	0.187	0.188	0.188	0.193	0.195	0.186	0.193	0.183	0.184	0.180	0.183	0.192	0.183	0.184	0.318	0.197	0.197	0.193	0.182	0.190	0.186	0.184	0.192	0.190	0.187	0.182	0.182
4:00:35	34.6	0.210	0.203	0.200	0.203	0.197	0.196	0.200	0.200	0.194	0.201	0.202	0.201	0.211	0.214	0.204	0.197	0.199	0.200	0.201	0.199	0.207	0.202	0.203	0.206	0.208	0.206	0.197	0.198	0.200	0.198	0.195	0.204	0.196	0.199	0.198	0.389	0.203	0.198	0.199	0.195	0.202	0.193	0.194	0.193	0.197	0.192	0.218	0.200	0.204	0.198	0.191	0.194	0.196	0.194	0.193	0.196	0.194	0.198	0.201	0.209	0.200	0.209	0.201	0.193	0.197	0.194	0.197	0.197	0.196	0.199	0.198	0.201	0.207	0.208	0.199	0.205	0.196	0.196	0.192	0.196	0.204	0.195	0.195	0.373	0.213	0.212	0.209	0.197	0.205	0.202	0.199	0.205	0.202	0.198	0.198	0.198
5:00:35	34.6	0.229	0.220	0.216	0.219	0.213	0.212	0.217	0.217	0.211	0.217	0.220	0.217	0.231	0.233	0.223	0.216	0.217	0.218	0.218	0.217	0.226	0.220	0.220	0.224	0.227	0.224	0.214	0.214	0.217	0.214	0.211	0.220	0.213	0.217	0.216	0.312	0.222	0.214	0.214	0.210	0.215	0.206	0.208	0.208	0.212	0.209	0.235	0.218	0.223	0.215	0.207	0.209	0.211	0.208	0.207	0.211	0.209	0.214	0.216	0.226	0.219	0.228	0.217	0.209	0.213	0.211	0.212	0.211	0.212	0.216	0.213	0.219	0.226	0.226	0.217	0.222	0.212	0.213	0.209	0.213	0.221	0.213	0.211	0.274	0.232	0.231	0.227	0.216	0.225	0.221	0.218	0.224	0.220	0.216	0.217	0.216
6:00:36	34.5	0.247	0.239	0.233	0.235	0.232	0.230	0.235	0.236	0.229	0.240	0.237	0.236	0.249	0.251	0.240	0.232	0.233	0.234	0.235	0.234	0.243	0.238	0.237	0.241	0.245	0.240	0.230	0.229	0.232	0.229	0.227	0.236	0.229	0.233	0.232	0.320	0.240	0.231	0.229	0.226	0.230	0.223	0.224	0.224	0.228	0.225	0.250	0.236	0.240	0.231	0.222	0.225	0.227	0.224	0.223	0.227	0.225	0.230	0.231	0.243	0.236	0.243	0.234	0.224	0.228	0.227	0.226	0.225	0.228	0.232	0.229	0.237	0.244	0.244	0.234	0.238	0.228	0.228	0.225	0.228	0.236	0.229	0.227	0.280	0.251	0.248	0.246	0.234	0.244	0.240	0.237	0.243	0.237	0.233	0.236	0.234
7:00:36	34.5	0.267	0.258	0.250	0.252	0.248	0.247	0.252	0.252	0.246	0.252	0.257	0.256	0.266	0.268	0.256	0.248	0.249	0.251	0.251	0.251	0.259	0.253	0.254	0.259	0.261	0.257	0.245	0.245	0.249	0.246	0.244	0.252	0.246	0.249	0.251	0.330	0.257	0.248	0.245	0.243	0.246	0.242	0.242	0.242	0.246	0.241	0.265	0.253	0.256	0.247	0.238	0.242	0.245	0.242	0.241	0.245	0.242	0.247	0.248	0.258	0.252	0.261	0.252	0.242	0.245	0.243	0.243	0.243	0.244	0.249	0.247	0.255	0.261	0.260	0.250	0.255	0.245	0.245	0.240	0.244	0.253	0.245	0.244	0.292	0.270	0.266	0.265	0.251	0.261	0.257	0.254	0.259	0.255	0.252	0.254	0.253
8:00:37	34.5	0.293	0.282	0.272	0.274	0.271	0.271	0.275	0.277	0.270	0.276	0.282	0.281	0.291	0.292	0.278	0.270	0.270	0.272	0.273	0.273	0.281	0.276	0.277	0.284	0.285	0.278	0.265	0.264	0.269	0.265	0.263	0.272	0.266	0.269	0.272	0.348	0.280	0.268	0.263	0.261	0.262	0.256	0.258	0.259	0.265	0.261	0.286	0.277	0.278	0.268	0.256	0.260	0.263	0.258	0.256	0.261	0.262	0.267	0.266	0.280	0.275	0.278	0.272	0.260	0.264	0.263	0.261	0.261	0.264	0.270	0.266	0.277	0.285	0.283	0.272	0.275	0.265	0.265	0.260	0.265	0.273	0.266	0.264	0.321	0.296	0.291	0.290	0.275	0.286	0.282	0.278	0.283	0.277	0.273	0.279	0.277
9:00:37	34.5	0.323	0.311	0.298	0.299	0.298	0.297	0.302	0.304	0.296	0.302	0.310	0.309	0.320	0.320	0.305	0.297	0.297	0.298	0.298	0.299	0.308	0.303	0.303	0.312	0.312	0.304	0.290	0.289	0.293	0.288	0.287	0.297	0.291	0.295	0.299	0.371	0.307	0.294	0.285	0.285	0.287	0.279	0.281	0.284	0.289	0.286	0.312	0.303	0.306	0.294	0.281	0.283	0.288	0.281	0.279	0.285	0.286	0.292	0.290	0.306	0.302	0.304	0.297	0.284	0.288	0.287	0.285	0.284	0.288	0.295	0.291	0.304	0.313	0.309	0.299	0.301	0.290	0.290	0.285	0.290	0.298	0.292	0.288	0.332	0.326	0.319	0.317	0.302	0.314	0.311	0.306	0.310	0.304	0.300	0.307	0.305
10:00:37	34.5	0.350	0.338	0.323	0.325	0.325	0.323	0.328	0.331	0.321	0.327	0.335	0.335	0.347	0.349	0.334	0.325	0.325	0.326	0.326	0.327	0.336	0.330	0.331	0.338	0.341	0.333	0.317	0.316	0.321	0.316	0.315	0.324	0.320	0.322	0.329	0.395	0.336	0.322	0.311	0.311	0.311	0.306	0.309	0.312	0.318	0.314	0.339	0.332	0.334	0.321	0.309	0.310	0.316	0.308	0.306	0.312	0.315	0.319	0.317	0.334	0.331	0.332	0.326	0.311	0.315	0.315	0.311	0.309	0.316	0.324	0.319	0.332	0.342	0.339	0.328	0.329	0.318	0.318	0.311	0.318	0.326	0.320	0.316	0.391	0.354	0.346	0.347	0.330	0.344	0.340	0.335	0.340	0.334	0.328	0.335	0.332
11:00:38	34.5	0.370	0.361	0.342	0.344	0.346	0.344	0.347	0.353	0.339	0.342	0.352	0.351	0.370	0.375	0.359	0.350	0.351	0.352	0.351	0.353	0.360	0.353	0.354	0.359	0.365	0.360	0.343	0.343	0.348	0.342	0.341	0.351	0.346	0.348	0.356	0.414	0.361	0.349	0.336	0.338	0.339	0.336	0.337	0.341	0.345	0.340	0.364	0.357	0.359	0.347	0.335	0.336	0.343	0.337	0.332	0.338	0.342	0.346	0.344	0.355	0.357	0.358	0.354	0.339	0.342	0.342	0.337	0.337	0.342	0.351	0.345	0.356	0.365	0.365	0.354	0.356	0.345	0.345	0.335	0.343	0.352	0.345	0.341	0.425	0.376	0.368	0.369	0.352	0.369	0.364	0.360	0.364	0.362	0.355	0.356	0.353
20:00:34	33.3	0.343	0.340	0.325	0.334	0.336	0.330	0.339	0.341	0.322	0.319	0.325	0.315	0.361	0.386	0.378	0.376	0.378	0.398	0.378	0.378	0.390	0.358	0.350	0.331	0.366	0.396	0.382	0.401	0.411	0.390	0.395	0.401	0.399	0.378	0.377	0.375	0.379	0.402	0.398	0.422	0.422	0.439	0.426	0.422	0.417	0.374	0.381	0.356	0.368	0.388	0.396	0.415	0.430	0.421	0.388	0.397	0.389	0.387	0.361	0.343	0.360	0.394	0.410	0.404	0.389	0.393	0.384	0.389	0.380	0.386	0.362	0.350	0.366	0.395	0.378	0.401	0.382	0.379	0.350	0.374	0.387	0.357	0.341	0.386	0.349	0.352	0.376	0.322	0.358	0.370	0.365	0.370	0.374	0.359	0.343	0.333
21:00:32	34.5	0.330	0.327	0.311	0.317	0.321	0.312	0.317	0.326	0.305	0.307	0.308	0.302	0.345	0.360	0.350	0.346	0.347	0.347	0.341	0.343	0.354	0.341	0.332	0.318	0.346	0.360	0.341	0.355	0.358	0.348	0.350	0.361	0.355	0.348	0.348	0.367	0.345	0.355	0.336	0.361	0.375	0.380	0.371	0.373	0.366	0.340	0.359	0.338	0.347	0.345	0.343	0.360	0.375	0.373	0.361	0.367	0.355	0.356	0.346	0.332	0.343	0.357	0.363	0.347	0.342	0.344	0.341	0.345	0.340	0.350	0.345	0.335	0.344	0.357	0.342	0.350	0.343	0.344	0.327	0.335	0.342	0.334	0.327	0.374	0.332	0.331	0.333	0.300	0.335	0.339	0.341	0.344	0.351	0.339	0.330	0.321
22:00:33	34.6	0.323	0.321	0.304	0.310	0.314	0.305	0.310	0.320	0.299	0.299	0.302	0.296	0.338	0.350	0.342	0.337	0.339	0.336	0.332	0.334	0.344	0.334	0.324	0.312	0.339	0.351	0.334	0.344	0.344	0.339	0.340	0.351	0.344	0.340	0.341	0.362	0.338	0.345	0.323	0.349	0.364	0.368	0.359	0.363	0.356	0.332	0.351	0.331	0.339	0.338	0.332	0.348	0.362	0.362	0.350	0.358	0.347	0.348	0.338	0.325	0.336	0.348	0.355	0.331	0.330	0.330	0.333	0.333	0.328	0.341	0.336	0.327	0.336	0.349	0.334	0.340	0.333	0.335	0.321	0.327	0.334	0.327	0.319	0.362	0.323	0.323	0.326	0.292	0.322	0.330	0.334	0.336	0.341	0.331	0.322	0.314

0:00:00																																																																																																	
0:00:00																																																																																																	
0:00:00																																																																																																	
0:00:00																																																																																																	
0:00:00																																																																																																	
0:00:00																																																																																																	
0:00:00																																																																																																	
0:00:00																																																																																																	
0:00:00																																																																																																	
0:00:00																																																																																																	
0:00:00																																																																																																	
0:00:00																																																																																																	
0:00:00																																																																																																	

Results
	1	2	3	4	5	6	7	8	9	10	11	12
A	0.439	0.436	0.390	0.395	0.416	0.408	0.406	0.426	0.392	0.381	0.416	0.417	Max V [600]
	0.996	0.999	0.997	0.998	0.998	0.998	0.997	0.999	0.996	0.992	0.997	0.997	R-Squared [600]
	9:00:37	9:00:37	9:00:37	9:00:37	9:00:37	9:00:37	9:00:37	9:00:37	9:00:37	9:00:37	8:00:37	8:00:37	t at Max V [600]
	3:27:01	3:44:19	3:31:13	3:38:41	3:38:45	3:36:25	3:33:38	3:40:43	3:18:47	3:12:25	3:15:45	3:15:58	Lagtime [600]
B	0.438	0.453	0.434	0.432	0.429	0.427	0.424	0.431	0.429	0.423	0.422	0.422	Max V [600]
	0.999	0.999	0.998	0.998	0.998	0.998	0.998	0.998	0.999	0.999	0.999	0.998	R-Squared [600]
	9:00:37	9:00:37	9:00:37	9:00:37	9:00:37	9:00:37	9:00:37	9:00:37	9:00:37	9:00:37	9:00:37	9:00:37	t at Max V [600]
	3:41:41	3:58:46	4:02:37	4:01:43	4:05:22	4:01:49	3:59:44	3:58:40	3:58:28	3:53:27	3:59:37	3:47:35	Lagtime [600]
C	0.439	0.437	0.412	0.411	0.416	0.405	0.413	0.418	0.423	0.420	0.444	0.792	Max V [600]
	0.999	0.997	0.998	0.995	0.996	0.995	0.996	0.996	0.996	0.997	0.998	0.453	R-Squared [600]
	9:00:37	9:00:37	9:00:37	9:00:37	9:00:37	9:00:37	9:00:37	9:00:37	9:00:37	9:00:37	9:00:37	2:00:35	t at Max V [600]
	3:59:46	4:12:08	4:06:16	4:15:37	4:11:04	4:14:23	4:12:16	4:11:21	4:10:10	4:10:48	4:03:52	?????	Lagtime [600]
D	0.442	0.426	0.384	0.401	0.391	0.396	0.402	0.415	0.421	0.416	0.416	0.439	Max V [600]
	0.999	0.997	0.995	0.995	0.991	0.985	0.991	0.991	0.994	0.997	0.998	0.999	R-Squared [600]
	9:00:37	9:00:37	9:00:37	9:00:37	9:00:37	9:00:37	9:00:37	9:00:37	9:00:37	9:00:37	9:00:37	9:00:37	t at Max V [600]
	3:54:11	4:09:22	4:07:07	4:13:57	4:37:20	4:20:56	4:20:27	4:26:14	4:18:07	4:06:01	4:14:56	3:51:14	Lagtime [600]
E	0.435	0.421	0.411	0.399	0.414	0.400	0.385	0.394	0.421	0.416	0.405	0.413	Max V [600]
	0.999	0.998	0.995	0.995	0.993	0.989	0.991	0.992	0.996	0.996	0.993	0.998	R-Squared [600]
	9:00:37	9:00:37	9:00:37	9:00:37	9:00:37	9:00:37	9:00:37	9:00:37	9:00:37	9:00:37	9:00:37	9:00:37	t at Max V [600]
	4:02:14	4:09:50	4:14:51	4:16:53	4:18:29	4:20:10	4:16:30	4:15:46	4:15:17	4:15:37	4:16:52	4:04:58	Lagtime [600]
F	0.440	0.416	0.430	0.408	0.407	0.416	0.395	0.395	0.412	0.431	0.416	0.428	Max V [600]
	0.999	0.994	0.996	0.994	0.995	0.996	0.995	0.993	0.997	0.997	0.996	0.999	R-Squared [600]
	9:00:37	9:00:37	9:00:37	9:00:37	9:00:37	9:00:37	9:00:37	9:00:37	9:00:37	9:00:37	9:00:37	9:00:37	t at Max V [600]
	3:58:40	4:00:48	4:09:54	4:13:39	4:06:49	4:11:42	4:15:12	4:13:33	4:07:12	4:13:34	4:07:29	3:46:07	Lagtime [600]
G	0.444	0.441	0.439	0.428	0.423	0.422	0.403	0.418	0.419	0.421	0.410	0.645	Max V [600]
	0.999	0.998	0.998	0.997	0.996	0.997	0.998	0.997	0.997	0.998	0.996	0.545	R-Squared [600]
	9:00:37	9:00:37	9:00:37	9:00:37	9:00:37	9:00:37	9:00:37	9:00:37	9:00:37	9:00:37	9:00:37	2:00:35	t at Max V [600]
	3:53:05	4:04:00	4:03:27	4:12:14	4:11:46	4:10:35	4:02:43	4:06:25	4:09:50	4:01:21	4:02:38	?????	Lagtime [600]
H	0.452	0.431	0.442	0.426	0.456	0.453	0.451	0.445	0.454	0.435	0.436	0.425	Max V [600]
	0.998	0.998	0.999	0.999	0.999	0.999	0.999	0.998	0.997	0.998	0.998	0.998	R-Squared [600]
	9:00:37	9:00:37	9:00:37	9:00:37	9:00:37	9:00:37	9:00:37	9:00:37	9:00:37	9:00:37	9:00:37	9:00:37	t at Max V [600]
	3:37:32	3:38:00	3:36:52	3:38:29	3:49:00	3:44:32	3:53:58	3:54:04	4:03:51	3:51:10	3:37:47	3:35:30	Lagtime [600]



