
Software Version	3.11.19



Experiment File Path:	C:\Users\patil-group\Desktop\Sweeteners_stacker\191121_NT5022_23_78_Rep4\NT5022_23_78_Rep4.xpt
Protocol File Path:	C:\Users\Public\Documents\Protocols\Screening-protocol.prt



Plate Number	Plate 13
Date	19/11/2021
Time	15:05:23
Reader Type:	Epoch 2
Reader Serial Number:	2103223
Reading Type	Reader

Procedure Details

Plate Type	96 WELL PLATE
Discontinuous Kinetics	Runtime 1:00:00 (D:HH:MM), Interval 0:01:00, 25 Reads
	Pause after each run
Eject plate on completion	
Shake	Linear: 0:00:30 (HH:MM:SS)
	Frequency: 567 cpm (3 mm)
Read	Absorbance Endpoint
	Full Plate
	Wavelengths:  600
	Read Speed: Normal,  Delay: 100 msec,  Measurements/Data Point: 8

600

Time	T° 600	A1	A2	A3	A4	A5	A6	A7	A8	A9	A10	A11	A12	B1	B2	B3	B4	B5	B6	B7	B8	B9	B10	B11	B12	C1	C2	C3	C4	C5	C6	C7	C8	C9	C10	C11	C12	D1	D2	D3	D4	D5	D6	D7	D8	D9	D10	D11	D12	E1	E2	E3	E4	E5	E6	E7	E8	E9	E10	E11	E12	F1	F2	F3	F4	F5	F6	F7	F8	F9	F10	F11	F12	G1	G2	G3	G4	G5	G6	G7	G8	G9	G10	G11	G12	H1	H2	H3	H4	H5	H6	H7	H8	H9	H10	H11	H12
0:00:34	34.9	0.179	0.181	0.194	0.190	0.179	0.182	0.182	0.188	0.188	0.179	0.180	0.184	0.181	0.188	0.190	0.181	0.216	0.179	0.182	0.181	0.178	0.179	0.178	0.181	0.187	0.184	0.191	0.178	0.185	0.185	0.188	0.182	0.176	0.175	0.177	0.185	0.184	0.186	0.182	0.173	0.180	0.181	0.177	0.176	0.178	0.178	0.174	0.174	0.180	0.190	0.180	0.184	0.175	0.183	0.180	0.185	0.179	0.178	0.175	0.171	0.204	0.186	0.179	0.183	0.180	0.177	0.182	0.182	0.180	0.179	0.174	0.177	0.192	0.195	0.183	0.175	0.177	0.179	0.178	0.179	0.181	0.176	0.178	0.190	0.191	0.186	0.178	0.181	0.178	0.183	0.186	0.180	0.176	0.179	0.177	0.184
1:00:35	35.0	0.243	0.243	0.254	0.250	0.241	0.241	0.242	0.248	0.250	0.246	0.248	0.256	0.240	0.244	0.248	0.233	0.266	0.237	0.241	0.239	0.237	0.239	0.238	0.245	0.243	0.236	0.242	0.230	0.233	0.230	0.232	0.231	0.233	0.228	0.234	0.245	0.239	0.235	0.229	0.220	0.224	0.230	0.224	0.228	0.230	0.228	0.227	0.230	0.236	0.240	0.229	0.237	0.218	0.231	0.223	0.228	0.224	0.231	0.231	0.225	0.256	0.232	0.225	0.228	0.227	0.224	0.229	0.229	0.225	0.228	0.224	0.235	0.250	0.249	0.233	0.224	0.225	0.223	0.225	0.229	0.234	0.231	0.235	0.252	0.253	0.246	0.232	0.232	0.228	0.233	0.240	0.232	0.233	0.235	0.239	0.251
2:00:35	35.0	0.350	0.349	0.362	0.356	0.348	0.350	0.352	0.355	0.357	0.353	0.352	0.361	0.349	0.355	0.357	0.341	0.368	0.339	0.344	0.345	0.341	0.343	0.345	0.354	0.396	0.342	0.347	0.337	0.338	0.331	0.336	0.337	0.338	0.330	0.335	0.352	0.344	0.341	0.335	0.325	0.323	0.329	0.327	0.330	0.335	0.332	0.334	0.338	0.342	0.341	0.335	0.339	0.318	0.331	0.318	0.326	0.321	0.333	0.340	0.332	0.359	0.333	0.329	0.328	0.324	0.323	0.324	0.328	0.324	0.328	0.328	0.342	0.359	0.355	0.339	0.326	0.331	0.331	0.331	0.337	0.336	0.334	0.341	0.361	0.366	0.353	0.341	0.343	0.345	0.342	0.344	0.339	0.341	0.341	0.348	0.361
3:00:36	35.1	0.376	0.379	0.392	0.387	0.381	0.383	0.383	0.385	0.387	0.380	0.377	0.387	0.382	0.396	0.400	0.386	0.412	0.382	0.387	0.389	0.382	0.383	0.381	0.385	0.420	0.386	0.394	0.384	0.384	0.379	0.381	0.380	0.380	0.371	0.375	0.385	0.383	0.388	0.386	0.376	0.373	0.379	0.376	0.380	0.379	0.378	0.376	0.374	0.382	0.386	0.383	0.385	0.370	0.378	0.372	0.378	0.369	0.376	0.382	0.371	0.399	0.380	0.381	0.380	0.375	0.373	0.374	0.375	0.371	0.372	0.369	0.376	0.392	0.395	0.385	0.373	0.377	0.377	0.375	0.378	0.378	0.373	0.378	0.389	0.394	0.416	0.378	0.381	0.383	0.380	0.382	0.378	0.378	0.375	0.379	0.385
4:00:36	35.1	0.390	0.392	0.402	0.398	0.392	0.393	0.392	0.396	0.397	0.391	0.389	0.399	0.394	0.409	0.412	0.398	0.425	0.395	0.402	0.402	0.395	0.395	0.394	0.397	0.431	0.401	0.410	0.400	0.399	0.395	0.396	0.395	0.393	0.384	0.388	0.398	0.397	0.403	0.402	0.392	0.389	0.394	0.392	0.395	0.395	0.395	0.389	0.386	0.396	0.401	0.399	0.401	0.384	0.393	0.387	0.393	0.385	0.392	0.394	0.384	0.411	0.395	0.398	0.398	0.392	0.387	0.387	0.391	0.386	0.385	0.383	0.385	0.405	0.408	0.400	0.388	0.392	0.391	0.389	0.391	0.390	0.385	0.387	0.398	0.408	0.417	0.392	0.395	0.393	0.390	0.393	0.389	0.389	0.387	0.388	0.395
5:00:37	35.0	0.400	0.402	0.411	0.407	0.400	0.401	0.399	0.405	0.406	0.400	0.398	0.409	0.406	0.421	0.421	0.406	0.436	0.403	0.408	0.410	0.404	0.403	0.403	0.406	0.443	0.409	0.419	0.408	0.407	0.403	0.405	0.404	0.400	0.393	0.398	0.409	0.406	0.413	0.412	0.400	0.398	0.402	0.400	0.399	0.403	0.404	0.397	0.397	0.407	0.409	0.407	0.409	0.394	0.403	0.397	0.402	0.395	0.401	0.402	0.395	0.421	0.405	0.409	0.406	0.404	0.395	0.396	0.401	0.395	0.394	0.390	0.394	0.413	0.416	0.408	0.397	0.398	0.399	0.396	0.398	0.397	0.392	0.396	0.406	0.418	0.430	0.402	0.401	0.402	0.398	0.400	0.397	0.396	0.396	0.397	0.404
6:00:37	35.0	0.410	0.412	0.422	0.417	0.409	0.411	0.409	0.416	0.416	0.410	0.410	0.420	0.417	0.433	0.432	0.415	0.442	0.414	0.417	0.418	0.413	0.413	0.414	0.417	0.470	0.418	0.427	0.416	0.415	0.411	0.412	0.413	0.408	0.403	0.407	0.420	0.417	0.424	0.421	0.409	0.406	0.409	0.408	0.405	0.411	0.415	0.407	0.408	0.418	0.418	0.416	0.418	0.403	0.412	0.405	0.411	0.404	0.408	0.411	0.407	0.428	0.415	0.416	0.413	0.412	0.407	0.405	0.411	0.405	0.402	0.400	0.405	0.424	0.426	0.419	0.405	0.406	0.410	0.405	0.406	0.405	0.401	0.407	0.417	0.428	0.455	0.413	0.414	0.411	0.408	0.409	0.407	0.406	0.406	0.408	0.414
7:00:38	35.1	0.417	0.420	0.431	0.426	0.417	0.418	0.417	0.424	0.423	0.416	0.415	0.426	0.425	0.442	0.441	0.424	0.451	0.422	0.426	0.427	0.422	0.421	0.422	0.424	0.502	0.426	0.437	0.425	0.424	0.419	0.421	0.422	0.417	0.411	0.416	0.427	0.426	0.434	0.431	0.418	0.416	0.418	0.417	0.414	0.421	0.424	0.416	0.416	0.427	0.427	0.426	0.427	0.413	0.425	0.414	0.419	0.413	0.417	0.420	0.415	0.434	0.422	0.425	0.421	0.420	0.416	0.414	0.420	0.416	0.410	0.409	0.413	0.433	0.436	0.428	0.414	0.415	0.420	0.413	0.415	0.414	0.410	0.416	0.425	0.435	0.478	0.421	0.427	0.417	0.414	0.416	0.415	0.415	0.414	0.416	0.423
8:00:39	35.1	0.422	0.425	0.437	0.431	0.423	0.424	0.422	0.429	0.428	0.420	0.423	0.431	0.430	0.448	0.446	0.431	0.457	0.428	0.431	0.432	0.427	0.427	0.428	0.429	0.505	0.432	0.442	0.431	0.430	0.426	0.427	0.427	0.423	0.416	0.420	0.431	0.432	0.440	0.437	0.424	0.421	0.424	0.423	0.421	0.427	0.429	0.422	0.422	0.432	0.432	0.432	0.433	0.419	0.428	0.420	0.424	0.419	0.422	0.425	0.419	0.437	0.428	0.428	0.425	0.424	0.425	0.420	0.425	0.422	0.416	0.415	0.419	0.439	0.442	0.434	0.419	0.420	0.425	0.420	0.421	0.421	0.416	0.422	0.430	0.441	0.500	0.426	0.426	0.422	0.420	0.422	0.421	0.421	0.420	0.422	0.427
9:00:39	35.0	0.426	0.429	0.441	0.435	0.427	0.428	0.426	0.432	0.430	0.423	0.427	0.434	0.434	0.452	0.450	0.434	0.461	0.433	0.435	0.436	0.431	0.430	0.430	0.432	0.491	0.435	0.446	0.435	0.435	0.430	0.431	0.431	0.426	0.418	0.422	0.432	0.436	0.448	0.440	0.428	0.425	0.428	0.427	0.425	0.431	0.432	0.424	0.425	0.436	0.436	0.436	0.437	0.422	0.433	0.423	0.428	0.423	0.425	0.428	0.423	0.444	0.432	0.433	0.430	0.428	0.428	0.424	0.429	0.426	0.420	0.419	0.422	0.444	0.448	0.437	0.423	0.424	0.430	0.425	0.425	0.426	0.420	0.425	0.432	0.445	0.542	0.430	0.428	0.423	0.423	0.426	0.425	0.425	0.423	0.425	0.430
10:00:39	35.0	0.429	0.432	0.443	0.438	0.430	0.431	0.429	0.435	0.433	0.425	0.429	0.436	0.437	0.456	0.453	0.437	0.464	0.437	0.438	0.438	0.433	0.432	0.433	0.435	0.491	0.438	0.449	0.438	0.437	0.432	0.434	0.434	0.428	0.420	0.425	0.434	0.439	0.448	0.443	0.431	0.427	0.431	0.429	0.428	0.433	0.434	0.428	0.428	0.438	0.439	0.439	0.440	0.425	0.434	0.426	0.430	0.426	0.428	0.430	0.425	0.448	0.436	0.436	0.433	0.430	0.433	0.426	0.432	0.429	0.422	0.422	0.425	0.448	0.452	0.440	0.424	0.426	0.432	0.428	0.429	0.429	0.424	0.427	0.434	0.447	0.570	0.434	0.431	0.425	0.427	0.430	0.428	0.428	0.429	0.428	0.433
11:00:40	35.0	0.431	0.435	0.445	0.440	0.433	0.434	0.432	0.438	0.435	0.428	0.431	0.438	0.440	0.459	0.456	0.439	0.466	0.440	0.440	0.441	0.435	0.434	0.435	0.437	0.458	0.441	0.451	0.441	0.440	0.435	0.436	0.436	0.431	0.422	0.426	0.436	0.441	0.450	0.445	0.433	0.430	0.433	0.431	0.431	0.436	0.436	0.430	0.431	0.441	0.440	0.441	0.443	0.427	0.437	0.427	0.432	0.428	0.430	0.432	0.426	0.451	0.439	0.441	0.437	0.436	0.435	0.428	0.435	0.431	0.424	0.424	0.427	0.452	0.456	0.443	0.425	0.429	0.435	0.431	0.432	0.431	0.427	0.430	0.436	0.450	0.558	0.436	0.433	0.429	0.429	0.432	0.430	0.430	0.430	0.430	0.435
12:00:41	35.1	0.434	0.438	0.447	0.442	0.436	0.436	0.435	0.441	0.436	0.430	0.433	0.440	0.443	0.462	0.459	0.441	0.469	0.442	0.442	0.443	0.438	0.436	0.438	0.438	0.459	0.443	0.454	0.443	0.442	0.437	0.438	0.438	0.432	0.423	0.428	0.438	0.443	0.452	0.447	0.434	0.432	0.435	0.433	0.432	0.438	0.438	0.432	0.434	0.442	0.443	0.444	0.445	0.429	0.440	0.429	0.433	0.430	0.431	0.434	0.429	0.453	0.442	0.443	0.440	0.437	0.437	0.429	0.436	0.433	0.425	0.426	0.429	0.455	0.459	0.446	0.428	0.432	0.436	0.433	0.434	0.434	0.429	0.432	0.438	0.453	0.544	0.439	0.436	0.432	0.431	0.435	0.432	0.432	0.432	0.432	0.437
13:00:41	35.1	0.435	0.439	0.449	0.443	0.438	0.438	0.436	0.443	0.438	0.431	0.434	0.442	0.445	0.464	0.460	0.444	0.471	0.444	0.444	0.445	0.440	0.438	0.440	0.439	0.460	0.445	0.456	0.446	0.444	0.439	0.440	0.440	0.433	0.426	0.429	0.440	0.445	0.455	0.449	0.437	0.434	0.437	0.435	0.434	0.439	0.439	0.434	0.434	0.445	0.444	0.445	0.447	0.430	0.443	0.431	0.434	0.431	0.432	0.435	0.431	0.456	0.444	0.445	0.442	0.440	0.440	0.430	0.438	0.435	0.427	0.427	0.430	0.457	0.461	0.448	0.430	0.434	0.438	0.435	0.436	0.436	0.431	0.434	0.440	0.455	0.541	0.441	0.438	0.434	0.433	0.436	0.434	0.434	0.433	0.434	0.438
14:00:41	35.0	0.438	0.442	0.450	0.445	0.440	0.440	0.439	0.445	0.440	0.434	0.438	0.444	0.448	0.466	0.463	0.445	0.472	0.446	0.446	0.447	0.441	0.440	0.442	0.441	0.461	0.447	0.458	0.447	0.446	0.440	0.441	0.441	0.435	0.428	0.431	0.442	0.448	0.457	0.450	0.439	0.435	0.439	0.437	0.435	0.441	0.441	0.436	0.437	0.446	0.446	0.446	0.449	0.432	0.445	0.432	0.436	0.433	0.434	0.436	0.433	0.457	0.445	0.446	0.443	0.442	0.441	0.431	0.439	0.436	0.427	0.429	0.432	0.459	0.463	0.450	0.432	0.435	0.440	0.437	0.437	0.437	0.432	0.436	0.441	0.457	0.535	0.443	0.439	0.436	0.434	0.437	0.435	0.435	0.435	0.436	0.440
15:00:43	35.0	0.441	0.445	0.452	0.447	0.443	0.443	0.442	0.449	0.443	0.436	0.441	0.447	0.451	0.470	0.465	0.446	0.475	0.449	0.449	0.449	0.444	0.443	0.445	0.444	0.464	0.449	0.460	0.449	0.448	0.443	0.444	0.444	0.437	0.430	0.433	0.445	0.451	0.460	0.453	0.441	0.437	0.440	0.439	0.437	0.443	0.443	0.439	0.440	0.449	0.448	0.449	0.451	0.435	0.448	0.434	0.438	0.436	0.435	0.438	0.435	0.460	0.448	0.448	0.446	0.444	0.444	0.432	0.441	0.439	0.429	0.431	0.434	0.462	0.467	0.452	0.434	0.437	0.442	0.439	0.440	0.439	0.435	0.439	0.444	0.458	0.524	0.446	0.442	0.438	0.437	0.440	0.438	0.438	0.438	0.438	0.442
16:00:43	35.0	0.445	0.449	0.455	0.451	0.447	0.447	0.446	0.453	0.446	0.440	0.444	0.451	0.456	0.474	0.469	0.449	0.478	0.452	0.452	0.453	0.448	0.446	0.448	0.447	0.467	0.452	0.463	0.453	0.451	0.446	0.447	0.447	0.441	0.433	0.436	0.449	0.455	0.464	0.456	0.443	0.440	0.443	0.441	0.439	0.445	0.447	0.443	0.443	0.453	0.452	0.452	0.455	0.438	0.452	0.437	0.441	0.439	0.438	0.442	0.439	0.464	0.452	0.451	0.450	0.447	0.448	0.436	0.444	0.442	0.432	0.434	0.438	0.466	0.470	0.456	0.437	0.441	0.445	0.442	0.443	0.443	0.438	0.443	0.447	0.462	0.521	0.450	0.446	0.442	0.441	0.443	0.441	0.441	0.441	0.442	0.447
17:00:44	35.0	0.449	0.459	0.459	0.454	0.452	0.452	0.450	0.458	0.451	0.445	0.449	0.455	0.461	0.479	0.473	0.452	0.483	0.456	0.456	0.457	0.451	0.450	0.453	0.451	0.471	0.456	0.467	0.457	0.455	0.450	0.451	0.451	0.444	0.438	0.440	0.453	0.459	0.468	0.460	0.447	0.444	0.446	0.445	0.442	0.449	0.452	0.448	0.447	0.457	0.455	0.455	0.458	0.442	0.456	0.441	0.445	0.442	0.441	0.446	0.442	0.467	0.455	0.455	0.453	0.447	0.452	0.438	0.447	0.446	0.435	0.438	0.442	0.472	0.475	0.460	0.441	0.444	0.448	0.446	0.447	0.446	0.442	0.448	0.451	0.466	0.520	0.454	0.449	0.445	0.444	0.447	0.445	0.445	0.445	0.446	0.450
18:00:44	35.0	0.454	0.458	0.463	0.459	0.456	0.457	0.456	0.463	0.455	0.450	0.454	0.460	0.465	0.484	0.478	0.456	0.487	0.462	0.461	0.462	0.456	0.454	0.457	0.455	0.475	0.460	0.471	0.461	0.460	0.455	0.456	0.456	0.449	0.442	0.444	0.457	0.464	0.475	0.465	0.451	0.449	0.450	0.450	0.446	0.454	0.456	0.453	0.452	0.462	0.459	0.459	0.462	0.447	0.462	0.445	0.448	0.445	0.445	0.450	0.446	0.471	0.460	0.460	0.457	0.451	0.457	0.442	0.451	0.451	0.439	0.442	0.446	0.477	0.480	0.465	0.445	0.448	0.453	0.451	0.451	0.451	0.447	0.452	0.455	0.470	0.526	0.458	0.454	0.449	0.449	0.451	0.449	0.450	0.450	0.450	0.454
19:00:46	35.0	0.459	0.463	0.468	0.463	0.462	0.462	0.461	0.469	0.461	0.456	0.460	0.465	0.471	0.490	0.484	0.461	0.493	0.466	0.466	0.467	0.461	0.459	0.462	0.460	0.478	0.465	0.475	0.466	0.466	0.460	0.461	0.460	0.454	0.447	0.450	0.463	0.471	0.479	0.470	0.456	0.455	0.455	0.455	0.450	0.459	0.462	0.457	0.457	0.467	0.464	0.464	0.467	0.452	0.467	0.449	0.453	0.450	0.449	0.455	0.452	0.476	0.464	0.464	0.463	0.459	0.462	0.446	0.456	0.455	0.443	0.447	0.451	0.483	0.486	0.469	0.450	0.454	0.457	0.455	0.456	0.457	0.452	0.457	0.460	0.474	0.504	0.464	0.459	0.455	0.454	0.456	0.453	0.455	0.454	0.456	0.459
20:00:46	35.0	0.465	0.469	0.474	0.469	0.468	0.468	0.468	0.476	0.467	0.462	0.468	0.471	0.476	0.497	0.490	0.466	0.498	0.472	0.473	0.473	0.468	0.466	0.468	0.466	0.483	0.470	0.481	0.472	0.471	0.465	0.467	0.467	0.459	0.453	0.455	0.468	0.476	0.485	0.475	0.462	0.460	0.461	0.461	0.455	0.465	0.467	0.464	0.464	0.473	0.470	0.470	0.473	0.458	0.473	0.455	0.459	0.456	0.455	0.462	0.457	0.481	0.470	0.470	0.469	0.465	0.468	0.451	0.461	0.461	0.448	0.453	0.456	0.489	0.492	0.476	0.456	0.459	0.463	0.461	0.462	0.461	0.457	0.464	0.465	0.479	0.505	0.469	0.464	0.460	0.460	0.461	0.459	0.460	0.460	0.462	0.465
21:00:46	35.0	0.471	0.475	0.479	0.475	0.476	0.475	0.476	0.483	0.475	0.469	0.475	0.479	0.484	0.504	0.497	0.472	0.504	0.480	0.480	0.480	0.474	0.472	0.475	0.472	0.489	0.476	0.487	0.479	0.478	0.472	0.473	0.473	0.466	0.459	0.462	0.475	0.484	0.493	0.481	0.468	0.467	0.467	0.468	0.461	0.471	0.475	0.471	0.470	0.479	0.476	0.476	0.480	0.464	0.480	0.460	0.465	0.462	0.461	0.468	0.463	0.486	0.476	0.476	0.475	0.469	0.475	0.457	0.468	0.467	0.453	0.459	0.462	0.496	0.500	0.482	0.462	0.465	0.469	0.468	0.468	0.468	0.464	0.471	0.472	0.486	0.508	0.476	0.470	0.466	0.466	0.466	0.465	0.466	0.466	0.469	0.472
22:00:47	35.0	0.479	0.482	0.486	0.482	0.483	0.483	0.484	0.491	0.483	0.478	0.485	0.488	0.491	0.512	0.504	0.479	0.512	0.487	0.488	0.487	0.482	0.479	0.483	0.479	0.496	0.483	0.494	0.486	0.485	0.479	0.481	0.481	0.473	0.467	0.469	0.483	0.491	0.501	0.489	0.475	0.474	0.475	0.474	0.468	0.479	0.482	0.479	0.478	0.487	0.482	0.484	0.487	0.472	0.487	0.468	0.471	0.469	0.468	0.475	0.470	0.493	0.483	0.483	0.483	0.479	0.484	0.464	0.475	0.473	0.460	0.466	0.469	0.503	0.509	0.490	0.469	0.473	0.477	0.474	0.476	0.475	0.472	0.479	0.479	0.492	0.513	0.483	0.476	0.474	0.474	0.473	0.472	0.474	0.474	0.476	0.480
23:00:48	35.0	0.486	0.490	0.493	0.490	0.493	0.492	0.493	0.500	0.492	0.486	0.494	0.497	0.499	0.522	0.513	0.487	0.520	0.495	0.496	0.496	0.491	0.488	0.492	0.488	0.503	0.491	0.502	0.494	0.492	0.487	0.488	0.489	0.481	0.475	0.476	0.492	0.500	0.510	0.497	0.484	0.482	0.483	0.482	0.475	0.487	0.490	0.488	0.486	0.495	0.490	0.492	0.496	0.480	0.496	0.475	0.478	0.477	0.475	0.483	0.479	0.500	0.490	0.492	0.492	0.483	0.492	0.471	0.483	0.481	0.468	0.473	0.477	0.512	0.519	0.498	0.477	0.481	0.485	0.483	0.484	0.484	0.481	0.488	0.487	0.500	0.519	0.491	0.484	0.482	0.482	0.481	0.480	0.482	0.482	0.484	0.487
0:00:00																																																																																																	

Results
	1	2	3	4	5	6	7	8	9	10	11	12
A	0.922	0.929	0.924	0.919	0.941	0.939	0.933	0.921	0.926	0.928	0.912	0.934	Max V [600]
	0.906	0.911	0.905	0.909	0.911	0.909	0.903	0.908	0.906	0.900	0.899	0.899	R-Squared [600]
	2:00:35	2:00:35	2:00:35	2:00:35	2:00:35	2:00:35	2:00:35	2:00:35	2:00:35	2:00:35	2:00:35	2:00:35	t at Max V [600]
	?????	?????	?????	?????	?????	?????	?????	?????	?????	?????	?????	?????	Lagtime [600]
B	0.947	0.987	0.992	0.978	0.942	0.962	0.974	0.985	0.966	0.958	0.958	0.954	Max V [600]
	0.915	0.926	0.927	0.931	0.936	0.934	0.935	0.932	0.929	0.927	0.920	0.910	R-Squared [600]
	2:00:35	2:00:35	2:00:35	2:00:35	2:00:35	2:00:35	2:00:35	2:00:35	2:00:35	2:00:35	2:00:35	2:00:35	t at Max V [600]
	?????	?????	?????	?????	?????	?????	?????	?????	?????	?????	?????	?????	Lagtime [600]
C	1.107	0.973	0.985	0.997	0.964	0.949	0.943	0.957	0.968	0.933	0.938	0.943	Max V [600]
	0.875	0.935	0.941	0.940	0.940	0.944	0.939	0.936	0.931	0.933	0.931	0.918	R-Squared [600]
	2:00:35	2:00:35	2:00:35	2:00:35	2:00:35	2:00:35	2:00:35	2:00:35	2:00:35	2:00:35	2:00:35	2:00:35	t at Max V [600]
	?????	?????	?????	?????	?????	?????	?????	?????	?????	?????	?????	?????	Lagtime [600]
D	0.949	0.977	0.994	0.987	0.945	0.959	0.970	0.983	0.972	0.974	0.964	0.945	Max V [600]
	0.928	0.938	0.943	0.945	0.947	0.947	0.944	0.943	0.938	0.941	0.929	0.920	R-Squared [600]
	2:00:35	2:00:35	2:00:35	2:00:35	2:00:35	2:00:35	2:00:35	2:00:35	2:00:35	2:00:35	2:00:35	2:00:35	t at Max V [600]
	?????	?????	?????	?????	?????	?????	?????	?????	?????	?????	?????	?????	Lagtime [600]
E	0.963	0.946	0.987	0.967	0.947	0.948	0.936	0.940	0.930	0.955	0.981	0.954	Max V [600]
	0.929	0.939	0.941	0.942	0.946	0.943	0.951	0.948	0.947	0.939	0.925	0.926	R-Squared [600]
	2:00:35	2:00:35	2:00:35	2:00:35	2:00:35	2:00:35	2:00:35	2:00:35	2:00:35	2:00:35	2:00:35	2:00:35	t at Max V [600]
	?????	?????	?????	?????	?????	?????	?????	?????	?????	?????	?????	?????	Lagtime [600]
F	0.925	0.943	0.991	0.968	0.950	0.947	0.924	0.943	0.931	0.928	0.938	0.926	Max V [600]
	0.928	0.941	0.949	0.951	0.951	0.945	0.947	0.946	0.943	0.938	0.932	0.911	R-Squared [600]
	2:00:35	2:00:35	2:00:35	2:00:35	2:00:35	2:00:35	2:00:35	2:00:35	2:00:35	2:00:35	2:00:35	2:00:35	t at Max V [600]
	?????	?????	?????	?????	?????	?????	?????	?????	?????	?????	?????	?????	Lagtime [600]
G	0.946	0.953	0.979	0.955	0.971	0.963	0.954	0.956	0.940	0.933	0.935	0.920	Max V [600]
	0.916	0.927	0.938	0.941	0.939	0.934	0.935	0.929	0.931	0.927	0.916	0.899	R-Squared [600]
	2:00:35	2:00:35	2:00:35	2:00:35	2:00:35	2:00:35	2:00:35	2:00:35	2:00:35	2:00:35	2:00:35	2:00:35	t at Max V [600]
	?????	?????	?????	?????	?????	?????	?????	?????	?????	?????	?????	?????	Lagtime [600]
H	0.959	1.054	0.960	0.963	0.975	0.935	0.925	0.943	0.949	0.924	0.936	0.926	Max V [600]
	0.906	0.926	0.925	0.923	0.913	0.917	0.923	0.924	0.917	0.918	0.905	0.890	R-Squared [600]
	2:00:35	2:00:35	2:00:35	2:00:35	2:00:35	2:00:35	2:00:35	2:00:35	2:00:35	2:00:35	2:00:35	2:00:35	t at Max V [600]
	?????	?????	?????	?????	?????	?????	?????	?????	?????	?????	?????	?????	Lagtime [600]

