
Software Version	3.11.19



Experiment File Path:	C:\Users\patil-group\Desktop\Sweeteners_stacker\011221_NT5042_83_24007_Rep1\NT5042_83_24007.xpt
Protocol File Path:	C:\Users\Public\Documents\Protocols\Screening-protocol.prt



Plate Number	Plate 14
Date	01/12/2021
Time	12:51:26
Reader Type:	Epoch 2
Reader Serial Number:	2103223
Reading Type	Reader

Procedure Details

Plate Type	96 WELL PLATE
Discontinuous Kinetics	Runtime 1:00:00 (D:HH:MM), Interval 0:01:00, 25 Reads
	Pause after each run
Eject plate on completion	
Shake	Linear: 0:00:30 (HH:MM:SS)
	Frequency: 567 cpm (3 mm)
Read	Absorbance Endpoint
	Full Plate
	Wavelengths:  600
	Read Speed: Normal,  Delay: 100 msec,  Measurements/Data Point: 8

600

Time	T° 600	A1	A2	A3	A4	A5	A6	A7	A8	A9	A10	A11	A12	B1	B2	B3	B4	B5	B6	B7	B8	B9	B10	B11	B12	C1	C2	C3	C4	C5	C6	C7	C8	C9	C10	C11	C12	D1	D2	D3	D4	D5	D6	D7	D8	D9	D10	D11	D12	E1	E2	E3	E4	E5	E6	E7	E8	E9	E10	E11	E12	F1	F2	F3	F4	F5	F6	F7	F8	F9	F10	F11	F12	G1	G2	G3	G4	G5	G6	G7	G8	G9	G10	G11	G12	H1	H2	H3	H4	H5	H6	H7	H8	H9	H10	H11	H12
0:00:34	34.3	0.174	0.188	0.180	0.175	0.184	0.191	0.175	0.174	0.181	0.174	0.176	0.180	0.173	0.183	0.173	0.177	0.175	0.172	0.175	0.175	0.186	0.171	0.174	0.175	0.184	0.175	0.177	0.172	0.178	0.176	0.171	0.181	0.168	0.174	0.173	0.175	0.185	0.178	0.172	0.173	0.178	0.182	0.183	0.171	0.173	0.174	0.198	0.177	0.174	0.180	0.195	0.179	0.171	0.175	0.169	0.174	0.173	0.175	0.174	0.177	0.179	0.171	0.171	0.170	0.188	0.171	0.168	0.172	0.173	0.174	0.174	0.174	0.199	0.174	0.174	0.174	0.170	0.174	0.175	0.173	0.176	0.171	0.180	0.178	0.231	0.167	0.200	0.172	0.172	0.173	0.179	0.179	0.169	0.174	0.172	0.176
1:00:33	34.4	0.174	0.187	0.179	0.173	0.182	0.184	0.173	0.174	0.181	0.172	0.175	0.180	0.172	0.183	0.175	0.177	0.174	0.172	0.176	0.176	0.186	0.171	0.174	0.175	0.183	0.175	0.177	0.172	0.178	0.177	0.172	0.181	0.169	0.174	0.173	0.175	0.184	0.178	0.172	0.173	0.178	0.182	0.182	0.172	0.174	0.174	0.196	0.177	0.174	0.179	0.193	0.179	0.172	0.176	0.170	0.175	0.173	0.175	0.175	0.177	0.179	0.171	0.171	0.171	0.187	0.170	0.168	0.172	0.173	0.174	0.174	0.173	0.196	0.173	0.174	0.173	0.170	0.174	0.174	0.172	0.176	0.171	0.180	0.178	0.228	0.166	0.199	0.173	0.172	0.173	0.177	0.179	0.168	0.174	0.173	0.175
2:00:34	34.4	0.173	0.186	0.175	0.172	0.179	0.183	0.172	0.174	0.180	0.172	0.174	0.179	0.172	0.182	0.173	0.177	0.173	0.172	0.176	0.176	0.185	0.171	0.174	0.174	0.180	0.175	0.176	0.172	0.178	0.176	0.171	0.180	0.169	0.174	0.172	0.174	0.184	0.177	0.172	0.172	0.178	0.183	0.182	0.172	0.174	0.174	0.195	0.176	0.173	0.178	0.192	0.179	0.171	0.175	0.170	0.174	0.174	0.175	0.175	0.177	0.178	0.171	0.171	0.170	0.186	0.170	0.168	0.171	0.173	0.173	0.174	0.173	0.195	0.173	0.174	0.173	0.170	0.174	0.174	0.172	0.176	0.173	0.180	0.177	0.227	0.166	0.199	0.172	0.172	0.173	0.177	0.179	0.168	0.173	0.172	0.174
3:00:35	34.4	0.172	0.185	0.175	0.171	0.178	0.183	0.171	0.173	0.180	0.171	0.173	0.179	0.171	0.181	0.172	0.176	0.173	0.171	0.175	0.175	0.184	0.170	0.173	0.174	0.179	0.176	0.175	0.171	0.177	0.176	0.171	0.179	0.168	0.173	0.171	0.173	0.182	0.177	0.171	0.172	0.177	0.181	0.181	0.171	0.173	0.173	0.194	0.175	0.173	0.178	0.192	0.178	0.171	0.175	0.169	0.174	0.173	0.174	0.174	0.176	0.178	0.170	0.170	0.169	0.185	0.170	0.167	0.170	0.172	0.174	0.173	0.172	0.194	0.173	0.173	0.173	0.169	0.173	0.174	0.172	0.175	0.170	0.179	0.176	0.226	0.166	0.198	0.172	0.172	0.173	0.176	0.178	0.167	0.173	0.171	0.173
4:00:35	34.4	0.172	0.185	0.174	0.171	0.177	0.182	0.171	0.173	0.181	0.170	0.173	0.178	0.171	0.180	0.172	0.176	0.173	0.171	0.175	0.175	0.184	0.170	0.174	0.173	0.178	0.174	0.175	0.170	0.176	0.175	0.170	0.179	0.168	0.172	0.171	0.173	0.182	0.176	0.171	0.171	0.176	0.180	0.181	0.170	0.173	0.173	0.193	0.175	0.172	0.176	0.191	0.177	0.170	0.174	0.168	0.174	0.173	0.174	0.174	0.176	0.177	0.170	0.170	0.169	0.185	0.169	0.167	0.170	0.172	0.172	0.173	0.172	0.193	0.173	0.173	0.173	0.169	0.173	0.173	0.171	0.175	0.169	0.179	0.176	0.225	0.165	0.197	0.171	0.171	0.173	0.175	0.177	0.167	0.173	0.171	0.173
5:00:36	34.4	0.172	0.185	0.174	0.170	0.177	0.182	0.170	0.172	0.180	0.170	0.173	0.178	0.170	0.180	0.172	0.176	0.172	0.171	0.174	0.175	0.184	0.170	0.173	0.173	0.178	0.174	0.175	0.170	0.177	0.174	0.170	0.178	0.168	0.172	0.171	0.173	0.181	0.176	0.170	0.171	0.176	0.179	0.180	0.170	0.172	0.172	0.193	0.174	0.172	0.176	0.191	0.177	0.170	0.174	0.168	0.174	0.172	0.174	0.174	0.176	0.177	0.170	0.170	0.168	0.185	0.170	0.167	0.170	0.171	0.172	0.172	0.172	0.193	0.173	0.173	0.172	0.168	0.173	0.172	0.172	0.174	0.169	0.179	0.176	0.225	0.165	0.196	0.171	0.171	0.173	0.173	0.177	0.167	0.173	0.171	0.173
6:00:37	34.4	0.172	0.184	0.174	0.170	0.176	0.182	0.171	0.172	0.179	0.170	0.173	0.179	0.172	0.180	0.172	0.175	0.172	0.171	0.175	0.175	0.184	0.170	0.173	0.173	0.177	0.183	0.174	0.170	0.176	0.175	0.170	0.178	0.168	0.172	0.171	0.172	0.180	0.175	0.170	0.171	0.176	0.179	0.180	0.170	0.172	0.172	0.192	0.174	0.172	0.175	0.190	0.176	0.170	0.174	0.168	0.173	0.173	0.174	0.174	0.175	0.177	0.170	0.170	0.168	0.185	0.169	0.167	0.170	0.171	0.176	0.173	0.172	0.192	0.173	0.173	0.172	0.168	0.172	0.172	0.171	0.174	0.168	0.179	0.176	0.224	0.166	0.196	0.171	0.171	0.173	0.172	0.177	0.167	0.172	0.170	0.174
7:00:38	34.4	0.172	0.184	0.174	0.170	0.176	0.181	0.170	0.172	0.189	0.169	0.173	0.179	0.172	0.179	0.172	0.175	0.172	0.170	0.174	0.175	0.184	0.170	0.172	0.173	0.177	0.174	0.174	0.170	0.176	0.174	0.169	0.178	0.167	0.172	0.171	0.172	0.179	0.175	0.170	0.171	0.175	0.178	0.180	0.170	0.172	0.172	0.192	0.174	0.172	0.175	0.190	0.177	0.169	0.174	0.168	0.173	0.172	0.174	0.173	0.176	0.177	0.169	0.170	0.168	0.185	0.169	0.167	0.169	0.170	0.175	0.172	0.172	0.192	0.172	0.173	0.172	0.168	0.172	0.172	0.171	0.174	0.168	0.178	0.176	0.224	0.165	0.196	0.171	0.171	0.172	0.172	0.176	0.167	0.172	0.170	0.173
8:00:38	34.4	0.172	0.183	0.174	0.170	0.175	0.181	0.170	0.172	0.178	0.170	0.173	0.178	0.171	0.180	0.172	0.174	0.172	0.170	0.174	0.174	0.183	0.170	0.172	0.174	0.177	0.174	0.173	0.171	0.176	0.174	0.169	0.178	0.167	0.172	0.171	0.172	0.179	0.175	0.170	0.170	0.175	0.178	0.179	0.170	0.172	0.172	0.192	0.174	0.172	0.174	0.190	0.176	0.169	0.174	0.168	0.173	0.173	0.174	0.173	0.175	0.177	0.169	0.169	0.168	0.184	0.169	0.166	0.169	0.170	0.171	0.172	0.172	0.192	0.172	0.173	0.172	0.167	0.172	0.172	0.171	0.174	0.168	0.178	0.177	0.223	0.166	0.195	0.171	0.171	0.173	0.171	0.177	0.167	0.172	0.171	0.174
9:00:39	34.4	0.172	0.183	0.173	0.170	0.175	0.180	0.169	0.171	0.178	0.169	0.172	0.177	0.170	0.179	0.171	0.174	0.171	0.169	0.173	0.174	0.183	0.170	0.172	0.173	0.176	0.173	0.173	0.170	0.175	0.173	0.169	0.178	0.167	0.171	0.171	0.172	0.178	0.174	0.169	0.170	0.175	0.177	0.179	0.170	0.172	0.172	0.192	0.174	0.172	0.173	0.189	0.176	0.169	0.174	0.168	0.174	0.172	0.173	0.173	0.175	0.176	0.169	0.169	0.168	0.184	0.169	0.166	0.169	0.170	0.171	0.172	0.172	0.192	0.172	0.172	0.171	0.167	0.171	0.171	0.171	0.173	0.167	0.178	0.176	0.222	0.165	0.195	0.170	0.170	0.172	0.171	0.176	0.166	0.172	0.170	0.172
10:00:39	34.3	0.171	0.183	0.173	0.168	0.174	0.179	0.168	0.170	0.176	0.166	0.172	0.175	0.170	0.178	0.171	0.174	0.171	0.170	0.174	0.174	0.183	0.170	0.171	0.173	0.175	0.173	0.173	0.170	0.175	0.173	0.168	0.177	0.167	0.172	0.171	0.171	0.178	0.174	0.169	0.170	0.175	0.176	0.178	0.171	0.172	0.171	0.192	0.174	0.171	0.173	0.189	0.175	0.169	0.173	0.167	0.173	0.172	0.173	0.173	0.175	0.176	0.169	0.169	0.168	0.184	0.168	0.166	0.169	0.170	0.171	0.172	0.171	0.191	0.172	0.172	0.171	0.167	0.171	0.172	0.170	0.173	0.167	0.178	0.176	0.220	0.165	0.193	0.170	0.169	0.171	0.171	0.176	0.166	0.171	0.170	0.172
11:00:40	34.3	0.169	0.182	0.171	0.165	0.170	0.176	0.164	0.166	0.173	0.162	0.168	0.171	0.169	0.178	0.171	0.174	0.171	0.169	0.173	0.174	0.182	0.169	0.170	0.170	0.174	0.173	0.173	0.170	0.175	0.173	0.168	0.177	0.167	0.171	0.170	0.169	0.177	0.174	0.170	0.170	0.174	0.176	0.178	0.173	0.171	0.171	0.191	0.172	0.171	0.173	0.188	0.175	0.168	0.173	0.167	0.172	0.171	0.173	0.172	0.173	0.175	0.168	0.168	0.168	0.184	0.168	0.166	0.169	0.169	0.169	0.171	0.170	0.191	0.171	0.172	0.171	0.167	0.172	0.172	0.170	0.173	0.166	0.178	0.175	0.216	0.163	0.189	0.167	0.165	0.168	0.171	0.175	0.165	0.171	0.169	0.172
12:00:40	34.3	0.165	0.179	0.167	0.162	0.167	0.172	0.162	0.163	0.170	0.162	0.165	0.170	0.165	0.174	0.169	0.172	0.170	0.168	0.172	0.172	0.180	0.166	0.167	0.166	0.172	0.177	0.172	0.169	0.175	0.172	0.167	0.177	0.166	0.170	0.168	0.165	0.175	0.173	0.169	0.169	0.173	0.175	0.178	0.176	0.170	0.170	0.189	0.168	0.169	0.172	0.187	0.175	0.168	0.173	0.166	0.172	0.171	0.172	0.171	0.169	0.174	0.168	0.168	0.167	0.183	0.168	0.166	0.168	0.168	0.170	0.170	0.166	0.190	0.171	0.171	0.170	0.166	0.171	0.170	0.169	0.172	0.165	0.176	0.173	0.215	0.160	0.186	0.164	0.163	0.165	0.170	0.173	0.162	0.168	0.167	0.167
13:00:41	34.3	0.164	0.176	0.166	0.164	0.168	0.173	0.164	0.165	0.170	0.167	0.166	0.175	0.163	0.171	0.166	0.170	0.166	0.164	0.169	0.169	0.177	0.162	0.164	0.165	0.168	0.177	0.169	0.167	0.173	0.170	0.166	0.174	0.163	0.167	0.164	0.164	0.171	0.170	0.167	0.166	0.172	0.175	0.176	0.179	0.167	0.166	0.185	0.166	0.165	0.169	0.185	0.172	0.167	0.171	0.165	0.171	0.169	0.170	0.167	0.167	0.170	0.165	0.167	0.166	0.182	0.167	0.165	0.167	0.167	0.166	0.167	0.164	0.187	0.170	0.170	0.169	0.165	0.170	0.168	0.167	0.170	0.161	0.173	0.169	0.220	0.158	0.188	0.164	0.165	0.166	0.166	0.169	0.159	0.164	0.165	0.165
14:00:42	34.2	0.167	0.175	0.169	0.170	0.174	0.179	0.171	0.172	0.175	0.178	0.172	0.187	0.164	0.171	0.163	0.166	0.163	0.161	0.165	0.166	0.175	0.161	0.164	0.169	0.166	0.165	0.166	0.164	0.170	0.166	0.162	0.170	0.160	0.164	0.162	0.168	0.169	0.167	0.163	0.163	0.168	0.169	0.172	0.177	0.163	0.163	0.183	0.168	0.164	0.165	0.181	0.168	0.163	0.167	0.162	0.169	0.165	0.166	0.166	0.169	0.167	0.162	0.163	0.162	0.179	0.164	0.161	0.164	0.163	0.162	0.164	0.166	0.183	0.166	0.166	0.165	0.162	0.166	0.164	0.163	0.166	0.159	0.170	0.168	0.232	0.162	0.197	0.169	0.173	0.172	0.163	0.167	0.159	0.164	0.166	0.167
15:00:42	34.2	0.177	0.181	0.178	0.186	0.189	0.194	0.190	0.189	0.188	0.200	0.189	0.209	0.172	0.178	0.165	0.167	0.164	0.162	0.166	0.167	0.177	0.165	0.169	0.181	0.169	0.166	0.165	0.162	0.167	0.165	0.160	0.169	0.158	0.164	0.166	0.179	0.171	0.167	0.162	0.163	0.166	0.167	0.170	0.183	0.162	0.164	0.185	0.176	0.167	0.165	0.180	0.165	0.160	0.165	0.159	0.166	0.163	0.165	0.166	0.177	0.168	0.160	0.161	0.160	0.176	0.161	0.158	0.161	0.161	0.161	0.164	0.174	0.183	0.164	0.164	0.163	0.159	0.163	0.163	0.162	0.165	0.162	0.169	0.172	0.252	0.172	0.215	0.182	0.191	0.188	0.164	0.170	0.165	0.167	0.167	0.175
16:00:43	34.2	0.197	0.194	0.199	0.202	0.206	0.211	0.203	0.204	0.208	0.210	0.206	0.220	0.193	0.192	0.172	0.173	0.170	0.168	0.171	0.173	0.184	0.175	0.182	0.204	0.178	0.172	0.171	0.165	0.169	0.168	0.163	0.171	0.161	0.168	0.176	0.201	0.178	0.169	0.164	0.166	0.166	0.168	0.172	0.185	0.165	0.170	0.194	0.194	0.176	0.168	0.182	0.166	0.161	0.165	0.160	0.165	0.166	0.168	0.173	0.193	0.175	0.163	0.162	0.160	0.177	0.161	0.159	0.162	0.163	0.170	0.169	0.193	0.187	0.164	0.166	0.165	0.160	0.164	0.166	0.165	0.166	0.171	0.174	0.183	0.262	0.194	0.229	0.203	0.205	0.206	0.170	0.179	0.178	0.178	0.179	0.193
17:00:44	34.2	0.208	0.214	0.209	0.217	0.221	0.225	0.222	0.221	0.219	0.237	0.223	0.250	0.204	0.211	0.188	0.188	0.184	0.182	0.184	0.189	0.202	0.196	0.203	0.213	0.198	0.195	0.182	0.173	0.176	0.177	0.171	0.179	0.170	0.180	0.197	0.210	0.196	0.178	0.172	0.176	0.172	0.174	0.179	0.199	0.174	0.184	0.212	0.208	0.197	0.177	0.192	0.172	0.168	0.171	0.165	0.167	0.173	0.178	0.188	0.210	0.191	0.170	0.169	0.165	0.181	0.166	0.163	0.167	0.170	0.175	0.181	0.206	0.198	0.168	0.173	0.172	0.166	0.169	0.175	0.174	0.174	0.189	0.186	0.205	0.289	0.202	0.251	0.216	0.225	0.223	0.185	0.199	0.196	0.200	0.200	0.207
18:00:44	34.2	0.233	0.227	0.231	0.250	0.257	0.257	0.255	0.255	0.248	0.267	0.257	0.280	0.222	0.223	0.205	0.207	0.203	0.201	0.205	0.206	0.216	0.206	0.213	0.241	0.209	0.215	0.204	0.192	0.191	0.196	0.189	0.197	0.188	0.202	0.207	0.234	0.210	0.197	0.189	0.197	0.187	0.189	0.196	0.219	0.194	0.201	0.226	0.228	0.208	0.197	0.210	0.185	0.180	0.184	0.176	0.173	0.191	0.199	0.207	0.229	0.207	0.188	0.184	0.177	0.193	0.177	0.176	0.180	0.187	0.197	0.202	0.226	0.220	0.179	0.190	0.188	0.179	0.183	0.195	0.195	0.190	0.202	0.207	0.213	0.318	0.224	0.286	0.248	0.259	0.257	0.203	0.210	0.208	0.209	0.209	0.228
19:00:45	34.2	0.266	0.259	0.265	0.281	0.288	0.287	0.287	0.287	0.278	0.308	0.288	0.326	0.256	0.254	0.220	0.219	0.214	0.214	0.216	0.221	0.234	0.228	0.239	0.273	0.230	0.216	0.214	0.206	0.207	0.208	0.202	0.210	0.201	0.211	0.230	0.265	0.228	0.208	0.204	0.206	0.204	0.206	0.211	0.233	0.205	0.214	0.245	0.262	0.230	0.207	0.223	0.205	0.201	0.205	0.197	0.189	0.205	0.209	0.222	0.261	0.221	0.201	0.202	0.198	0.214	0.198	0.196	0.200	0.201	0.206	0.212	0.259	0.227	0.203	0.206	0.205	0.199	0.202	0.206	0.206	0.205	0.221	0.214	0.237	0.360	0.256	0.327	0.283	0.298	0.291	0.218	0.232	0.237	0.234	0.236	0.261
20:00:44	34.2	0.305	0.290	0.303	0.328	0.335	0.338	0.326	0.330	0.326	0.323	0.326	0.336	0.284	0.284	0.254	0.252	0.242	0.245	0.244	0.253	0.268	0.259	0.271	0.312	0.263	0.242	0.239	0.224	0.221	0.229	0.222	0.229	0.221	0.236	0.263	0.302	0.261	0.233	0.221	0.229	0.218	0.219	0.227	0.250	0.227	0.246	0.277	0.295	0.263	0.226	0.243	0.216	0.211	0.215	0.206	0.206	0.225	0.231	0.256	0.294	0.254	0.219	0.215	0.207	0.222	0.208	0.205	0.210	0.216	0.231	0.240	0.293	0.251	0.211	0.223	0.221	0.211	0.213	0.228	0.228	0.222	0.254	0.237	0.268	0.373	0.288	0.371	0.339	0.341	0.343	0.249	0.264	0.263	0.263	0.265	0.296
21:00:46	34.2	0.329	0.338	0.332	0.329	0.336	0.342	0.326	0.331	0.336	0.321	0.330	0.332	0.321	0.328	0.284	0.282	0.273	0.276	0.275	0.284	0.301	0.298	0.317	0.329	0.296	0.273	0.272	0.259	0.252	0.261	0.254	0.264	0.254	0.267	0.301	0.330	0.293	0.260	0.256	0.262	0.247	0.250	0.260	0.293	0.260	0.276	0.310	0.336	0.298	0.258	0.276	0.245	0.238	0.241	0.231	0.222	0.258	0.263	0.286	0.337	0.284	0.252	0.246	0.230	0.246	0.232	0.229	0.237	0.250	0.260	0.272	0.329	0.280	0.235	0.258	0.255	0.239	0.240	0.260	0.261	0.257	0.288	0.265	0.305	0.372	0.319	0.365	0.353	0.340	0.347	0.277	0.302	0.310	0.302	0.306	0.326
22:00:47	34.2	0.328	0.346	0.334	0.325	0.328	0.333	0.321	0.324	0.329	0.314	0.323	0.323	0.324	0.339	0.333	0.331	0.317	0.330	0.325	0.336	0.343	0.333	0.334	0.326	0.330	0.315	0.314	0.292	0.283	0.299	0.291	0.295	0.289	0.308	0.337	0.331	0.331	0.294	0.288	0.301	0.278	0.282	0.289	0.301	0.303	0.330	0.349	0.337	0.332	0.293	0.314	0.279	0.271	0.274	0.263	0.258	0.293	0.303	0.340	0.339	0.328	0.283	0.275	0.261	0.277	0.263	0.260	0.268	0.279	0.297	0.319	0.328	0.320	0.266	0.291	0.283	0.268	0.270	0.298	0.303	0.292	0.329	0.298	0.330	0.365	0.323	0.357	0.340	0.332	0.341	0.324	0.337	0.319	0.327	0.324	0.325
23:00:47	34.5	0.321	0.339	0.330	0.320	0.320	0.324	0.316	0.316	0.320	0.306	0.316	0.315	0.317	0.335	0.344	0.345	0.335	0.342	0.344	0.346	0.347	0.331	0.333	0.319	0.333	0.340	0.342	0.338	0.334	0.337	0.336	0.341	0.335	0.338	0.335	0.323	0.337	0.331	0.340	0.337	0.328	0.333	0.345	0.315	0.344	0.342	0.351	0.332	0.333	0.330	0.357	0.332	0.321	0.328	0.311	0.290	0.344	0.343	0.346	0.331	0.336	0.328	0.323	0.301	0.318	0.305	0.300	0.315	0.330	0.331	0.340	0.323	0.343	0.309	0.340	0.338	0.317	0.318	0.337	0.341	0.342	0.329	0.329	0.329	0.357	0.314	0.348	0.332	0.325	0.330	0.332	0.334	0.316	0.322	0.324	0.319
0:00:00																																																																																																	

Results
	1	2	3	4	5	6	7	8	9	10	11	12
A	0.523	0.531	0.530	0.528	0.541	0.524	0.519	0.530	0.518	0.494	0.508	0.512	Max V [600]
	0.994	0.972	0.993	0.971	0.972	0.961	0.988	0.981	0.975	0.987	0.986	0.975	R-Squared [600]
	19:00:45	20:00:46	19:00:45	18:00:44	18:00:44	18:00:44	18:00:44	18:00:44	19:00:45	18:00:44	18:00:44	18:00:44	t at Max V [600]
	16:00:22	16:45:16	16:14:57	15:27:38	15:37:28	15:41:35	15:18:44	15:19:53	15:47:55	14:47:07	15:15:09	14:41:42	Lagtime [600]
B	0.495	0.511	0.547	0.552	0.530	0.569	0.561	0.554	0.532	0.538	0.531	0.504	Max V [600]
	0.988	0.978	0.977	0.981	0.988	0.974	0.985	0.973	0.984	0.990	0.984	0.989	R-Squared [600]
	19:00:45	20:00:46	21:00:46	21:00:46	21:00:46	21:00:46	21:00:46	21:00:46	20:00:46	20:00:46	20:00:46	19:00:45	t at Max V [600]
	16:10:08	16:40:48	17:32:02	17:43:03	17:49:28	17:48:44	17:53:01	17:38:03	17:17:39	17:06:58	16:51:40	15:45:37	Lagtime [600]
C	0.513	0.534	0.552	0.553	0.526	0.548	0.561	0.545	0.560	0.542	0.553	0.514	Max V [600]
	0.994	0.993	0.994	0.980	0.960	0.989	0.982	0.981	0.981	0.993	0.992	0.995	R-Squared [600]
	20:00:46	21:00:46	21:00:46	21:00:46	21:00:46	21:00:46	21:00:46	21:00:46	21:00:46	21:00:46	20:00:46	19:00:45	t at Max V [600]
	17:22:16	17:50:04	18:01:23	18:15:22	18:26:20	18:15:27	18:20:28	18:20:51	18:17:01	17:59:55	17:09:53	16:00:25	Lagtime [600]
D	0.512	0.510	0.564	0.557	0.512	0.527	0.550	0.374	0.590	0.565	0.520	0.537	Max V [600]
	0.986	0.992	0.971	0.992	0.956	0.957	0.961	0.951	0.984	0.974	0.988	0.987	R-Squared [600]
	20:00:46	21:00:46	21:00:46	21:00:46	21:00:46	21:00:46	21:00:46	20:00:46	21:00:46	21:00:46	20:00:46	19:00:45	t at Max V [600]
	17:24:32	18:09:09	18:21:21	18:11:25	18:31:04	18:36:10	18:28:14	16:06:04	18:20:20	17:49:04	17:20:51	16:14:42	Lagtime [600]
E	0.525	0.522	0.566	0.528	0.501	0.508	0.476	0.422	0.578	0.566	0.554	0.532	Max V [600]
	0.993	0.988	0.984	0.948	0.945	0.936	0.941	0.967	0.976	0.987	0.965	0.984	R-Squared [600]
	20:00:46	21:00:46	21:00:46	21:00:46	21:00:46	21:00:46	21:00:46	21:00:46	21:00:46	21:00:46	21:00:46	19:00:45	t at Max V [600]
	17:05:53	18:22:07	18:26:09	18:35:43	18:26:36	18:27:30	18:28:33	18:40:47	18:22:16	18:13:58	17:32:19	16:13:03	Lagtime [600]
F	0.507	0.529	0.504	0.432	0.437	0.448	0.437	0.480	0.533	0.528	0.555	0.521	Max V [600]
	0.974	0.978	0.964	0.951	0.951	0.950	0.953	0.950	0.967	0.995	0.989	0.991	R-Squared [600]
	20:00:46	21:00:46	21:00:46	21:00:46	21:00:46	21:00:46	21:00:46	21:00:46	21:00:46	21:00:46	21:00:46	19:00:45	t at Max V [600]
	17:24:02	18:19:36	18:19:44	18:20:47	18:25:40	18:23:54	18:21:27	18:26:43	18:26:05	18:09:23	17:55:24	16:10:43	Lagtime [600]
G	0.501	0.447	0.560	0.546	0.491	0.481	0.550	0.577	0.573	0.535	0.483	0.501	Max V [600]
	0.993	0.944	0.974	0.962	0.954	0.948	0.989	0.988	0.973	0.987	0.996	0.995	R-Squared [600]
	21:00:46	21:00:46	21:00:46	21:00:46	21:00:46	21:00:46	21:00:46	21:00:46	21:00:46	20:00:46	21:00:46	20:00:46	t at Max V [600]
	18:10:23	18:21:05	18:21:27	18:21:47	18:24:44	18:26:13	18:15:19	18:16:27	18:27:42	17:17:37	17:58:43	16:56:14	Lagtime [600]
H	0.490	0.496	0.600	0.606	0.572	0.573	0.507	0.539	0.491	0.506	0.500	0.509	Max V [600]
	0.982	0.996	0.985	0.977	0.984	0.969	0.971	0.991	0.973	0.994	0.990	0.994	R-Squared [600]
	18:00:44	19:00:45	18:00:44	19:00:45	18:00:44	18:00:44	21:00:46	20:00:46	20:00:46	20:00:46	20:00:46	19:00:45	t at Max V [600]
	14:58:32	15:56:46	15:26:45	15:50:26	15:17:33	15:22:19	17:41:43	17:14:02	16:39:12	16:57:10	16:49:32	16:08:35	Lagtime [600]

