
Software Version	3.11.19



Experiment File Path:	C:\Users\patil-group\Desktop\Sweeteners_stacker\011221_NT5042_83_24007_Rep1\NT5042_83_24007.xpt
Protocol File Path:	C:\Users\Public\Documents\Protocols\Screening-protocol.prt



Plate Number	Plate 17
Date	01/12/2021
Time	12:56:59
Reader Type:	Epoch 2
Reader Serial Number:	2103223
Reading Type	Reader

Procedure Details

Plate Type	96 WELL PLATE
Discontinuous Kinetics	Runtime 1:00:00 (D:HH:MM), Interval 0:01:00, 25 Reads
	Pause after each run
Eject plate on completion	
Shake	Linear: 0:00:30 (HH:MM:SS)
	Frequency: 567 cpm (3 mm)
Read	Absorbance Endpoint
	Full Plate
	Wavelengths:  600
	Read Speed: Normal,  Delay: 100 msec,  Measurements/Data Point: 8

600

Time	T° 600	A1	A2	A3	A4	A5	A6	A7	A8	A9	A10	A11	A12	B1	B2	B3	B4	B5	B6	B7	B8	B9	B10	B11	B12	C1	C2	C3	C4	C5	C6	C7	C8	C9	C10	C11	C12	D1	D2	D3	D4	D5	D6	D7	D8	D9	D10	D11	D12	E1	E2	E3	E4	E5	E6	E7	E8	E9	E10	E11	E12	F1	F2	F3	F4	F5	F6	F7	F8	F9	F10	F11	F12	G1	G2	G3	G4	G5	G6	G7	G8	G9	G10	G11	G12	H1	H2	H3	H4	H5	H6	H7	H8	H9	H10	H11	H12
0:00:34	34.3	0.177	0.177	0.172	0.186	0.192	0.173	0.174	0.175	0.170	0.167	0.168	0.166	0.173	0.173	0.180	0.172	0.170	0.167	0.174	0.171	0.195	0.169	0.167	0.169	0.179	0.174	0.172	0.180	0.177	0.172	0.183	0.183	0.175	0.168	0.170	0.170	0.174	0.179	0.171	0.185	0.170	0.173	0.176	0.171	0.173	0.168	0.173	0.167	0.172	0.179	0.177	0.170	0.173	0.173	0.169	0.181	0.169	0.168	0.177	0.166	0.187	0.185	0.171	0.176	0.189	0.196	0.172	0.174	0.168	0.172	0.172	0.170	0.179	0.178	0.173	0.175	0.175	0.172	0.188	0.174	0.175	0.170	0.172	0.172	0.180	0.176	0.169	0.174	0.189	0.169	0.180	0.196	0.172	0.166	0.174	0.172
1:00:34	34.4	0.176	0.176	0.172	0.184	0.188	0.172	0.174	0.174	0.168	0.166	0.167	0.166	0.172	0.173	0.179	0.172	0.168	0.167	0.173	0.171	0.194	0.168	0.166	0.168	0.178	0.173	0.172	0.178	0.177	0.173	0.182	0.182	0.174	0.168	0.169	0.168	0.173	0.178	0.171	0.184	0.169	0.173	0.175	0.170	0.172	0.168	0.173	0.167	0.172	0.178	0.176	0.170	0.172	0.173	0.168	0.180	0.169	0.168	0.176	0.165	0.185	0.184	0.171	0.175	0.188	0.193	0.171	0.173	0.167	0.172	0.171	0.169	0.178	0.178	0.173	0.175	0.175	0.172	0.187	0.174	0.175	0.170	0.171	0.172	0.179	0.175	0.169	0.173	0.176	0.169	0.179	0.194	0.172	0.165	0.173	0.171
2:00:35	34.4	0.175	0.175	0.171	0.183	0.186	0.171	0.173	0.173	0.168	0.167	0.167	0.165	0.172	0.172	0.179	0.171	0.168	0.166	0.173	0.170	0.193	0.167	0.165	0.167	0.178	0.172	0.172	0.176	0.175	0.172	0.180	0.181	0.173	0.170	0.169	0.167	0.173	0.177	0.171	0.183	0.168	0.172	0.175	0.170	0.171	0.168	0.172	0.166	0.171	0.178	0.176	0.169	0.172	0.172	0.168	0.179	0.168	0.167	0.175	0.165	0.182	0.183	0.170	0.175	0.187	0.191	0.171	0.173	0.167	0.171	0.170	0.168	0.177	0.177	0.172	0.174	0.173	0.171	0.186	0.173	0.175	0.169	0.171	0.171	0.178	0.174	0.169	0.173	0.176	0.169	0.178	0.192	0.171	0.165	0.172	0.171
3:00:36	34.4	0.175	0.175	0.170	0.182	0.185	0.176	0.173	0.173	0.167	0.165	0.166	0.164	0.172	0.172	0.179	0.171	0.167	0.166	0.172	0.170	0.192	0.167	0.165	0.167	0.177	0.172	0.171	0.175	0.175	0.171	0.179	0.181	0.172	0.167	0.168	0.167	0.172	0.177	0.170	0.182	0.168	0.172	0.174	0.169	0.171	0.167	0.171	0.165	0.171	0.177	0.175	0.169	0.171	0.172	0.168	0.178	0.167	0.167	0.175	0.164	0.181	0.182	0.169	0.174	0.187	0.190	0.170	0.173	0.167	0.171	0.170	0.168	0.177	0.177	0.172	0.173	0.173	0.170	0.185	0.173	0.174	0.169	0.170	0.171	0.178	0.174	0.168	0.172	0.175	0.168	0.177	0.191	0.171	0.164	0.173	0.170
4:00:36	34.4	0.174	0.175	0.171	0.181	0.183	0.171	0.173	0.172	0.167	0.165	0.165	0.164	0.171	0.172	0.178	0.171	0.166	0.165	0.171	0.170	0.191	0.167	0.165	0.167	0.177	0.171	0.171	0.174	0.174	0.171	0.179	0.180	0.172	0.166	0.167	0.167	0.172	0.176	0.180	0.181	0.167	0.171	0.174	0.169	0.171	0.166	0.171	0.165	0.170	0.177	0.174	0.168	0.171	0.171	0.167	0.177	0.167	0.167	0.175	0.164	0.180	0.182	0.168	0.174	0.186	0.190	0.170	0.172	0.166	0.170	0.170	0.167	0.177	0.177	0.172	0.173	0.172	0.170	0.185	0.173	0.174	0.168	0.170	0.171	0.178	0.173	0.168	0.172	0.187	0.168	0.177	0.190	0.171	0.165	0.171	0.170
5:00:38	34.4	0.175	0.175	0.170	0.181	0.180	0.171	0.173	0.172	0.167	0.169	0.166	0.164	0.171	0.172	0.178	0.170	0.166	0.165	0.171	0.170	0.192	0.166	0.164	0.166	0.177	0.171	0.171	0.174	0.174	0.171	0.178	0.180	0.172	0.167	0.167	0.167	0.172	0.175	0.170	0.181	0.167	0.171	0.173	0.168	0.171	0.166	0.171	0.165	0.170	0.176	0.174	0.169	0.171	0.171	0.167	0.177	0.167	0.166	0.175	0.164	0.179	0.181	0.168	0.173	0.186	0.189	0.170	0.172	0.166	0.170	0.170	0.167	0.177	0.177	0.172	0.173	0.173	0.169	0.185	0.172	0.173	0.168	0.170	0.171	0.178	0.173	0.168	0.172	0.187	0.168	0.176	0.189	0.171	0.164	0.172	0.170
6:00:38	34.4	0.175	0.175	0.171	0.180	0.180	0.171	0.173	0.172	0.166	0.164	0.165	0.164	0.171	0.172	0.177	0.171	0.166	0.165	0.171	0.170	0.191	0.166	0.164	0.166	0.177	0.171	0.170	0.173	0.174	0.171	0.177	0.180	0.171	0.167	0.167	0.167	0.172	0.175	0.170	0.180	0.167	0.170	0.173	0.168	0.170	0.166	0.170	0.165	0.170	0.176	0.174	0.168	0.171	0.170	0.167	0.177	0.167	0.166	0.174	0.164	0.179	0.181	0.168	0.172	0.186	0.189	0.170	0.172	0.166	0.170	0.169	0.167	0.177	0.175	0.172	0.173	0.172	0.169	0.183	0.172	0.173	0.168	0.170	0.171	0.178	0.172	0.168	0.172	0.185	0.168	0.177	0.188	0.171	0.164	0.170	0.170
7:00:39	34.4	0.175	0.175	0.171	0.180	0.179	0.171	0.172	0.172	0.167	0.165	0.165	0.164	0.171	0.172	0.178	0.170	0.166	0.165	0.171	0.170	0.191	0.166	0.164	0.166	0.177	0.171	0.171	0.173	0.174	0.171	0.176	0.180	0.171	0.166	0.167	0.167	0.172	0.174	0.172	0.180	0.167	0.170	0.174	0.168	0.170	0.166	0.170	0.165	0.170	0.176	0.173	0.168	0.170	0.170	0.167	0.176	0.167	0.166	0.174	0.164	0.179	0.181	0.168	0.172	0.185	0.187	0.169	0.172	0.166	0.170	0.169	0.168	0.176	0.175	0.172	0.172	0.172	0.169	0.183	0.173	0.174	0.169	0.170	0.171	0.178	0.172	0.168	0.172	0.179	0.169	0.176	0.188	0.170	0.164	0.170	0.170
8:00:40	34.4	0.175	0.174	0.171	0.180	0.179	0.171	0.172	0.172	0.167	0.165	0.165	0.163	0.171	0.172	0.178	0.170	0.166	0.165	0.171	0.170	0.191	0.166	0.164	0.166	0.178	0.171	0.171	0.173	0.174	0.171	0.173	0.180	0.171	0.166	0.167	0.167	0.172	0.173	0.171	0.179	0.167	0.170	0.173	0.169	0.170	0.166	0.170	0.165	0.170	0.176	0.173	0.168	0.170	0.170	0.167	0.176	0.167	0.166	0.174	0.164	0.178	0.181	0.168	0.171	0.185	0.187	0.170	0.172	0.166	0.170	0.169	0.167	0.177	0.175	0.172	0.172	0.171	0.169	0.183	0.172	0.174	0.169	0.170	0.171	0.178	0.172	0.168	0.171	0.174	0.168	0.177	0.188	0.170	0.164	0.170	0.170
9:00:40	34.3	0.174	0.174	0.171	0.180	0.178	0.170	0.172	0.171	0.166	0.164	0.165	0.162	0.171	0.172	0.177	0.170	0.166	0.165	0.171	0.169	0.190	0.166	0.164	0.165	0.177	0.171	0.171	0.173	0.174	0.171	0.171	0.180	0.171	0.166	0.167	0.166	0.172	0.173	0.181	0.180	0.167	0.170	0.173	0.168	0.170	0.166	0.170	0.164	0.170	0.176	0.173	0.168	0.170	0.170	0.167	0.175	0.167	0.166	0.175	0.163	0.178	0.185	0.168	0.171	0.185	0.188	0.171	0.172	0.166	0.170	0.169	0.167	0.177	0.175	0.172	0.172	0.171	0.169	0.183	0.172	0.174	0.170	0.171	0.171	0.177	0.171	0.168	0.171	0.186	0.167	0.176	0.187	0.170	0.164	0.169	0.170
10:00:41	34.3	0.172	0.173	0.170	0.179	0.177	0.170	0.169	0.169	0.163	0.162	0.165	0.158	0.170	0.172	0.177	0.170	0.166	0.165	0.171	0.169	0.190	0.166	0.163	0.163	0.177	0.171	0.171	0.172	0.173	0.170	0.170	0.179	0.171	0.166	0.166	0.166	0.172	0.173	0.177	0.179	0.167	0.170	0.173	0.168	0.170	0.166	0.170	0.163	0.169	0.175	0.173	0.168	0.170	0.170	0.167	0.174	0.166	0.166	0.174	0.162	0.177	0.206	0.168	0.170	0.185	0.187	0.170	0.172	0.166	0.169	0.169	0.166	0.176	0.175	0.172	0.173	0.171	0.168	0.182	0.172	0.174	0.169	0.172	0.172	0.175	0.169	0.167	0.170	0.172	0.165	0.176	0.186	0.170	0.163	0.168	0.169
11:00:42	34.3	0.168	0.169	0.169	0.176	0.172	0.167	0.165	0.165	0.159	0.159	0.162	0.156	0.169	0.171	0.176	0.170	0.165	0.162	0.170	0.168	0.188	0.164	0.161	0.159	0.175	0.171	0.170	0.171	0.173	0.170	0.169	0.179	0.171	0.171	0.165	0.163	0.170	0.172	0.176	0.178	0.166	0.170	0.173	0.168	0.169	0.165	0.169	0.161	0.168	0.175	0.172	0.167	0.169	0.169	0.167	0.174	0.166	0.166	0.173	0.158	0.176	0.287	0.167	0.170	0.184	0.186	0.169	0.172	0.165	0.169	0.167	0.162	0.176	0.174	0.171	0.172	0.171	0.168	0.182	0.171	0.174	0.168	0.170	0.171	0.171	0.165	0.164	0.166	0.173	0.162	0.175	0.185	0.170	0.162	0.168	0.168
12:00:42	34.3	0.167	0.167	0.166	0.172	0.170	0.163	0.165	0.164	0.159	0.157	0.158	0.159	0.165	0.168	0.174	0.167	0.161	0.158	0.167	0.165	0.185	0.160	0.157	0.159	0.172	0.169	0.168	0.168	0.172	0.168	0.167	0.176	0.169	0.164	0.161	0.159	0.166	0.170	0.174	0.176	0.165	0.168	0.171	0.165	0.168	0.164	0.166	0.158	0.164	0.173	0.171	0.165	0.167	0.167	0.165	0.173	0.164	0.165	0.170	0.156	0.173	0.412	0.164	0.167	0.183	0.184	0.168	0.171	0.162	0.165	0.164	0.159	0.174	0.174	0.171	0.171	0.170	0.166	0.180	0.170	0.173	0.166	0.169	0.169	0.171	0.163	0.161	0.164	0.174	0.161	0.173	0.181	0.167	0.158	0.164	0.164
13:00:42	34.2	0.172	0.169	0.164	0.171	0.171	0.164	0.170	0.168	0.165	0.162	0.159	0.167	0.162	0.165	0.171	0.164	0.158	0.158	0.164	0.162	0.182	0.158	0.157	0.164	0.169	0.165	0.165	0.164	0.168	0.164	0.163	0.173	0.165	0.160	0.159	0.160	0.164	0.166	0.167	0.172	0.161	0.164	0.168	0.162	0.164	0.160	0.162	0.158	0.162	0.169	0.168	0.162	0.164	0.164	0.162	0.171	0.161	0.161	0.166	0.159	0.170	0.476	0.161	0.164	0.179	0.180	0.165	0.169	0.159	0.162	0.161	0.161	0.171	0.172	0.168	0.168	0.167	0.162	0.177	0.167	0.170	0.163	0.166	0.166	0.177	0.165	0.162	0.169	0.170	0.166	0.170	0.179	0.164	0.157	0.161	0.162
14:00:43	34.2	0.184	0.176	0.168	0.175	0.180	0.170	0.183	0.180	0.178	0.173	0.166	0.186	0.165	0.165	0.170	0.162	0.160	0.163	0.164	0.162	0.183	0.161	0.162	0.177	0.170	0.163	0.163	0.163	0.166	0.164	0.162	0.172	0.163	0.159	0.160	0.165	0.166	0.164	0.162	0.171	0.159	0.163	0.165	0.161	0.163	0.158	0.163	0.164	0.164	0.168	0.165	0.160	0.161	0.162	0.159	0.167	0.159	0.159	0.167	0.169	0.169	0.514	0.161	0.162	0.177	0.178	0.162	0.165	0.158	0.162	0.163	0.169	0.169	0.168	0.165	0.166	0.163	0.161	0.174	0.164	0.167	0.161	0.163	0.163	0.192	0.175	0.168	0.182	0.190	0.176	0.168	0.180	0.163	0.162	0.162	0.165
15:00:43	34.2	0.206	0.195	0.176	0.185	0.199	0.183	0.204	0.202	0.199	0.196	0.181	0.199	0.173	0.169	0.173	0.165	0.167	0.174	0.169	0.168	0.189	0.170	0.174	0.198	0.176	0.165	0.165	0.167	0.167	0.166	0.166	0.175	0.165	0.162	0.167	0.177	0.174	0.167	0.172	0.173	0.161	0.165	0.167	0.164	0.164	0.161	0.168	0.178	0.172	0.171	0.167	0.163	0.163	0.164	0.160	0.166	0.161	0.160	0.172	0.189	0.174	0.545	0.165	0.165	0.178	0.180	0.162	0.164	0.162	0.166	0.171	0.186	0.171	0.166	0.165	0.166	0.162	0.164	0.173	0.164	0.167	0.162	0.162	0.165	0.212	0.196	0.184	0.203	0.196	0.199	0.171	0.187	0.166	0.174	0.167	0.174
16:00:44	34.2	0.217	0.208	0.197	0.208	0.210	0.203	0.216	0.212	0.210	0.206	0.199	0.224	0.190	0.181	0.184	0.175	0.182	0.195	0.182	0.182	0.203	0.190	0.195	0.211	0.192	0.173	0.172	0.176	0.173	0.176	0.176	0.184	0.171	0.172	0.183	0.200	0.191	0.175	0.183	0.180	0.169	0.172	0.174	0.173	0.172	0.169	0.181	0.196	0.188	0.180	0.174	0.171	0.170	0.172	0.166	0.168	0.169	0.166	0.183	0.201	0.186	0.577	0.177	0.173	0.186	0.187	0.168	0.168	0.172	0.176	0.187	0.202	0.179	0.168	0.169	0.171	0.166	0.173	0.176	0.170	0.172	0.169	0.166	0.172	0.223	0.207	0.203	0.211	0.216	0.207	0.187	0.203	0.176	0.192	0.181	0.194
17:00:45	34.2	0.250	0.231	0.208	0.216	0.232	0.216	0.248	0.240	0.242	0.239	0.219	0.257	0.205	0.204	0.207	0.194	0.199	0.204	0.203	0.202	0.221	0.203	0.208	0.246	0.210	0.191	0.189	0.197	0.188	0.196	0.197	0.204	0.186	0.193	0.200	0.211	0.206	0.192	0.193	0.196	0.184	0.189	0.189	0.193	0.187	0.188	0.201	0.213	0.204	0.200	0.190	0.189	0.185	0.188	0.178	0.175	0.186	0.180	0.206	0.229	0.208	0.598	0.199	0.191	0.201	0.203	0.180	0.178	0.193	0.199	0.203	0.223	0.197	0.175	0.181	0.184	0.177	0.191	0.186	0.183	0.183	0.185	0.176	0.188	0.254	0.229	0.218	0.238	0.231	0.231	0.202	0.217	0.197	0.199	0.201	0.206
18:00:46	34.2	0.280	0.263	0.230	0.239	0.265	0.249	0.277	0.272	0.272	0.269	0.254	0.297	0.229	0.213	0.215	0.206	0.214	0.231	0.214	0.215	0.236	0.228	0.242	0.275	0.224	0.206	0.204	0.207	0.207	0.207	0.207	0.215	0.203	0.203	0.218	0.244	0.224	0.206	0.205	0.210	0.200	0.203	0.206	0.204	0.202	0.200	0.213	0.247	0.222	0.212	0.206	0.202	0.202	0.202	0.198	0.192	0.200	0.199	0.216	0.258	0.218	0.614	0.207	0.204	0.217	0.217	0.201	0.199	0.203	0.207	0.220	0.257	0.211	0.191	0.204	0.202	0.199	0.204	0.207	0.201	0.204	0.199	0.199	0.204	0.283	0.262	0.253	0.268	0.263	0.261	0.213	0.236	0.208	0.222	0.214	0.231
19:00:46	34.2	0.325	0.300	0.263	0.272	0.302	0.277	0.324	0.318	0.317	0.314	0.294	0.310	0.262	0.243	0.240	0.226	0.248	0.260	0.244	0.247	0.267	0.261	0.273	0.312	0.256	0.223	0.221	0.228	0.221	0.230	0.231	0.236	0.217	0.227	0.253	0.274	0.257	0.223	0.231	0.228	0.215	0.221	0.220	0.227	0.219	0.221	0.246	0.281	0.256	0.234	0.221	0.221	0.216	0.217	0.207	0.208	0.218	0.212	0.246	0.298	0.243	0.627	0.231	0.224	0.233	0.233	0.211	0.210	0.227	0.231	0.254	0.294	0.232	0.207	0.213	0.210	0.208	0.223	0.215	0.213	0.213	0.214	0.206	0.220	0.327	0.299	0.281	0.310	0.298	0.301	0.236	0.266	0.232	0.250	0.245	0.263
20:00:46	34.2	0.331	0.325	0.299	0.312	0.330	0.323	0.331	0.328	0.322	0.314	0.322	0.302	0.297	0.273	0.270	0.259	0.278	0.301	0.274	0.277	0.297	0.304	0.315	0.310	0.284	0.258	0.255	0.261	0.253	0.260	0.262	0.268	0.251	0.259	0.288	0.318	0.288	0.256	0.272	0.262	0.248	0.254	0.252	0.259	0.253	0.253	0.276	0.315	0.285	0.266	0.254	0.253	0.249	0.250	0.232	0.225	0.250	0.244	0.274	0.314	0.274	0.638	0.261	0.256	0.267	0.265	0.239	0.234	0.257	0.260	0.287	0.323	0.264	0.222	0.239	0.232	0.231	0.253	0.238	0.241	0.238	0.246	0.228	0.254	0.340	0.331	0.333	0.327	0.337	0.324	0.266	0.298	0.261	0.284	0.273	0.302
21:00:47	34.2	0.325	0.325	0.326	0.335	0.329	0.326	0.322	0.322	0.317	0.307	0.312	0.295	0.323	0.314	0.309	0.290	0.322	0.319	0.322	0.326	0.340	0.321	0.314	0.304	0.330	0.287	0.286	0.296	0.283	0.300	0.307	0.304	0.281	0.297	0.323	0.318	0.331	0.284	0.289	0.293	0.278	0.285	0.281	0.300	0.283	0.292	0.325	0.312	0.324	0.301	0.283	0.285	0.279	0.278	0.261	0.260	0.282	0.274	0.321	0.305	0.315	0.650	0.299	0.291	0.297	0.293	0.269	0.269	0.295	0.298	0.328	0.316	0.300	0.256	0.269	0.261	0.261	0.287	0.267	0.269	0.268	0.273	0.258	0.283	0.337	0.332	0.343	0.327	0.337	0.327	0.305	0.334	0.300	0.307	0.317	0.326
22:00:48	34.2	0.318	0.319	0.328	0.332	0.321	0.319	0.315	0.313	0.310	0.300	0.303	0.289	0.322	0.326	0.339	0.327	0.323	0.316	0.330	0.329	0.345	0.313	0.308	0.298	0.342	0.333	0.335	0.330	0.333	0.332	0.331	0.335	0.326	0.326	0.319	0.311	0.330	0.330	0.329	0.338	0.327	0.333	0.329	0.331	0.328	0.326	0.328	0.304	0.331	0.341	0.332	0.328	0.332	0.327	0.300	0.289	0.324	0.324	0.339	0.298	0.337	0.663	0.330	0.334	0.345	0.343	0.316	0.307	0.326	0.327	0.327	0.309	0.334	0.285	0.314	0.297	0.300	0.326	0.308	0.313	0.308	0.315	0.290	0.324	0.329	0.324	0.332	0.323	0.329	0.320	0.335	0.334	0.327	0.306	0.324	0.322
23:00:48	34.4	0.310	0.311	0.321	0.325	0.313	0.312	0.309	0.307	0.302	0.294	0.299	0.283	0.313	0.325	0.337	0.332	0.318	0.308	0.326	0.325	0.337	0.306	0.302	0.292	0.336	0.338	0.341	0.330	0.343	0.331	0.330	0.335	0.327	0.323	0.313	0.305	0.325	0.335	0.336	0.340	0.329	0.332	0.336	0.326	0.331	0.324	0.319	0.297	0.326	0.342	0.344	0.330	0.334	0.331	0.323	0.340	0.325	0.330	0.332	0.294	0.339	0.679	0.329	0.334	0.350	0.346	0.336	0.343	0.324	0.323	0.319	0.305	0.337	0.331	0.340	0.328	0.331	0.325	0.334	0.328	0.332	0.316	0.322	0.327	0.322	0.318	0.325	0.316	0.324	0.314	0.334	0.330	0.327	0.300	0.317	0.315
0:00:00																																																																																																	

Results
	1	2	3	4	5	6	7	8	9	10	11	12
A	0.504	0.505	0.512	0.518	0.515	0.504	0.510	0.517	0.498	0.500	0.535	0.491	Max V [600]
	0.967	0.994	0.994	0.992	0.994	0.968	0.969	0.976	0.964	0.963	0.990	0.982	R-Squared [600]
	18:00:45	18:00:45	19:00:46	19:00:46	18:00:45	18:00:45	18:00:45	18:00:45	18:00:45	17:00:45	18:00:45	17:00:45	t at Max V [600]
	14:35:51	15:06:35	15:59:25	16:09:29	15:32:45	15:20:30	14:34:56	14:50:21	14:34:50	14:24:28	15:13:21	13:54:47	Lagtime [600]
B	0.508	0.494	0.526	0.512	0.515	0.499	0.517	0.515	0.499	0.520	0.506	0.486	Max V [600]
	0.996	0.983	0.995	0.991	0.977	0.989	0.969	0.963	0.976	0.986	0.974	0.981	R-Squared [600]
	19:00:46	20:00:47	20:00:47	20:00:47	19:00:46	19:00:46	20:00:47	19:00:46	19:00:46	19:00:46	18:00:45	17:00:45	t at Max V [600]
	16:03:11	16:37:50	17:01:57	17:06:42	16:20:34	15:48:40	16:41:11	16:21:41	16:25:45	15:58:14	15:22:40	14:17:33	Lagtime [600]
C	0.517	0.529	0.543	0.523	0.543	0.534	0.537	0.513	0.517	0.523	0.528	0.498	Max V [600]
	0.980	0.980	0.972	0.993	0.974	0.992	0.989	0.993	0.974	0.995	0.989	0.968	R-Squared [600]
	20:00:47	20:00:47	20:00:47	20:00:47	21:00:47	20:00:47	20:00:47	20:00:47	20:00:47	20:00:47	19:00:46	18:00:45	t at Max V [600]
	16:32:41	17:15:10	17:19:08	17:18:47	17:38:13	17:04:41	17:23:14	17:08:46	17:24:45	17:00:42	16:17:02	15:20:31	Lagtime [600]
D	0.523	0.515	0.511	0.536	0.528	0.538	0.516	0.542	0.527	0.539	0.519	0.509	Max V [600]
	0.983	0.976	0.989	0.981	0.968	0.975	0.968	0.991	0.978	0.989	0.960	0.988	R-Squared [600]
	19:00:46	20:00:47	20:00:47	20:00:47	20:00:47	20:00:47	21:00:47	20:00:47	20:00:47	20:00:47	19:00:46	18:00:45	t at Max V [600]
	16:14:40	17:24:00	16:57:13	17:29:42	17:22:28	17:21:57	17:31:33	17:07:58	17:21:11	17:13:09	16:28:31	15:17:43	Lagtime [600]
E	0.505	0.544	0.539	0.530	0.539	0.519	0.498	0.550	0.518	0.527	0.534	0.492	Max V [600]
	0.988	0.989	0.978	0.983	0.960	0.970	0.992	0.972	0.982	0.965	0.986	0.988	R-Squared [600]
	19:00:46	20:00:47	21:00:47	20:00:47	20:00:47	20:00:47	21:00:47	21:00:47	20:00:47	21:00:47	20:00:47	18:00:45	t at Max V [600]
	16:11:14	17:11:46	17:37:06	17:15:44	17:27:18	17:22:59	17:47:36	18:29:18	17:14:11	17:34:04	16:48:52	14:50:09	Lagtime [600]
F	0.516	1.341	0.524	0.543	0.533	0.520	0.543	0.565	0.523	0.510	0.530	0.521	Max V [600]
	0.992	0.965	0.994	0.983	0.974	0.967	0.987	0.994	0.994	0.995	0.983	0.993	R-Squared [600]
	20:00:47	12:00:42	20:00:47	20:00:47	20:00:47	20:00:47	21:00:47	21:00:47	20:00:47	20:00:47	19:00:46	18:00:45	t at Max V [600]
	17:05:46	9:36:00	17:00:46	17:22:50	17:25:16	17:37:26	17:51:39	18:05:48	17:01:05	17:00:03	16:18:29	15:07:47	Lagtime [600]
G	0.523	0.518	0.548	0.499	0.527	0.514	0.512	0.504	0.510	0.483	0.490	0.506	Max V [600]
	0.991	0.972	0.992	0.993	0.993	0.986	0.991	0.984	0.993	0.977	0.995	0.982	R-Squared [600]
	20:00:47	21:00:47	21:00:47	21:00:47	21:00:47	20:00:47	21:00:47	21:00:47	21:00:47	20:00:47	21:00:47	20:00:47	t at Max V [600]
	17:09:50	18:22:21	17:55:34	17:58:45	18:07:47	17:12:58	18:15:31	17:46:19	17:51:50	17:15:59	17:59:01	17:13:27	Lagtime [600]
H	0.509	0.530	0.548	0.507	0.513	0.505	0.523	0.492	0.511	0.460	0.486	0.518	Max V [600]
	0.982	0.993	0.972	0.988	0.978	0.992	0.993	0.988	0.994	0.995	0.969	0.993	R-Squared [600]
	18:00:45	18:00:45	19:00:46	18:00:45	18:00:45	18:00:45	20:00:47	19:00:46	20:00:47	19:00:46	20:00:47	19:00:46	t at Max V [600]
	14:33:59	15:12:28	15:28:12	14:48:48	15:25:48	14:51:46	17:06:17	16:30:43	16:58:40	15:53:31	16:34:37	16:00:15	Lagtime [600]

