

Software Version	3.10.06



Experiment File Path:	C:\Users\patil-group\Desktop\Sweeteners_stacker\231021_NT5009_11_Rep3\NT5009_11_Rep3.xpt
Protocol File Path:	C:\Users\Public\Documents\Protocols\Screening-protocol.prt



Plate Number	Plate 6
Date	23/10/2021
Time	14:46:18
Reader Type:	Epoch 2
Reader Serial Number:	2103223
Reading Type	Reader

Procedure Details

Plate Type	96 WELL PLATE
Discontinuous Kinetics	Runtime 1:00:00 (D:HH:MM), Interval 0:01:00, 25 Reads
	Pause after each run
Eject plate on completion	
Shake	Linear: 0:00:30 (HH:MM:SS)
	Frequency: 567 cpm (3 mm)
Read	Absorbance Endpoint
	Full Plate
	Wavelengths:  600
	Read Speed: Normal,  Delay: 100 msec,  Measurements/Data Point: 8

600

Time	T° 600	A1	A2	A3	A4	A5	A6	A7	A8	A9	A10	A11	A12	B1	B2	B3	B4	B5	B6	B7	B8	B9	B10	B11	B12	C1	C2	C3	C4	C5	C6	C7	C8	C9	C10	C11	C12	D1	D2	D3	D4	D5	D6	D7	D8	D9	D10	D11	D12	E1	E2	E3	E4	E5	E6	E7	E8	E9	E10	E11	E12	F1	F2	F3	F4	F5	F6	F7	F8	F9	F10	F11	F12	G1	G2	G3	G4	G5	G6	G7	G8	G9	G10	G11	G12	H1	H2	H3	H4	H5	H6	H7	H8	H9	H10	H11	H12
0:00:34	34.7	0.149	0.147	0.149	0.148	0.149	0.150	0.154	0.149	0.151	0.150	0.152	0.156	0.149	0.149	0.149	0.152	0.153	0.152	0.152	0.154	0.150	0.150	0.151	0.152	0.152	0.149	0.152	0.153	0.156	0.153	0.150	0.150	0.154	0.149	0.152	0.158	0.156	0.151	0.152	0.153	0.154	0.152	0.156	0.152	0.153	0.161	0.162	0.157	0.151	0.152	0.152	0.165	0.150	0.150	0.160	0.151	0.154	0.152	0.154	0.157	0.154	0.157	0.156	0.152	0.153	0.164	0.173	0.158	0.156	0.156	0.153	0.157	0.162	0.152	0.150	0.154	0.151	0.158	0.162	0.162	0.151	0.153	0.154	0.164	0.162	0.154	0.153	0.158	0.153	0.159	0.157	0.153	0.155	0.158	0.158	0.165
1:00:34	35.0	0.148	0.147	0.149	0.148	0.148	0.149	0.153	0.148	0.150	0.150	0.152	0.155	0.148	0.148	0.148	0.151	0.152	0.151	0.152	0.153	0.149	0.149	0.151	0.151	0.152	0.148	0.151	0.152	0.154	0.152	0.149	0.150	0.152	0.148	0.150	0.156	0.155	0.149	0.150	0.151	0.154	0.151	0.155	0.152	0.151	0.158	0.160	0.155	0.150	0.150	0.151	0.163	0.149	0.149	0.158	0.150	0.154	0.151	0.153	0.157	0.152	0.154	0.154	0.151	0.152	0.161	0.170	0.156	0.155	0.155	0.152	0.156	0.161	0.151	0.149	0.153	0.150	0.156	0.159	0.160	0.150	0.152	0.153	0.163	0.161	0.154	0.152	0.157	0.152	0.157	0.157	0.153	0.154	0.157	0.158	0.164
2:00:35	35.0	0.149	0.148	0.150	0.149	0.149	0.151	0.154	0.149	0.151	0.151	0.153	0.156	0.149	0.150	0.149	0.152	0.152	0.152	0.152	0.154	0.149	0.149	0.151	0.152	0.153	0.149	0.152	0.153	0.155	0.153	0.150	0.150	0.152	0.149	0.151	0.157	0.154	0.150	0.150	0.151	0.154	0.154	0.155	0.153	0.151	0.158	0.160	0.155	0.151	0.151	0.152	0.163	0.149	0.149	0.158	0.150	0.154	0.152	0.154	0.158	0.152	0.153	0.153	0.151	0.153	0.161	0.169	0.156	0.156	0.156	0.153	0.157	0.161	0.152	0.150	0.153	0.151	0.155	0.159	0.161	0.152	0.153	0.154	0.164	0.161	0.154	0.153	0.158	0.154	0.158	0.158	0.154	0.156	0.159	0.159	0.165
3:00:35	35.0	0.152	0.150	0.153	0.152	0.151	0.154	0.156	0.152	0.154	0.154	0.155	0.159	0.152	0.153	0.152	0.154	0.154	0.154	0.155	0.157	0.152	0.152	0.154	0.154	0.155	0.151	0.155	0.155	0.157	0.155	0.152	0.153	0.154	0.151	0.153	0.158	0.155	0.151	0.151	0.152	0.156	0.154	0.157	0.154	0.151	0.158	0.160	0.155	0.153	0.152	0.154	0.164	0.151	0.151	0.160	0.152	0.157	0.155	0.157	0.161	0.153	0.154	0.154	0.153	0.155	0.163	0.170	0.158	0.157	0.158	0.156	0.160	0.163	0.154	0.153	0.154	0.152	0.157	0.161	0.163	0.154	0.155	0.157	0.166	0.165	0.157	0.156	0.160	0.156	0.160	0.160	0.156	0.160	0.162	0.162	0.169
4:00:35	34.9	0.158	0.156	0.158	0.157	0.156	0.159	0.160	0.157	0.159	0.159	0.161	0.164	0.158	0.158	0.157	0.159	0.159	0.159	0.159	0.161	0.156	0.155	0.158	0.158	0.159	0.155	0.159	0.159	0.161	0.159	0.156	0.157	0.158	0.155	0.157	0.163	0.157	0.153	0.152	0.153	0.160	0.170	0.161	0.158	0.153	0.160	0.163	0.157	0.157	0.156	0.157	0.167	0.155	0.155	0.164	0.156	0.161	0.159	0.161	0.167	0.155	0.156	0.156	0.158	0.159	0.167	0.172	0.160	0.161	0.163	0.161	0.165	0.168	0.163	0.157	0.157	0.155	0.159	0.165	0.168	0.159	0.161	0.162	0.171	0.171	0.163	0.161	0.165	0.162	0.166	0.166	0.162	0.165	0.169	0.169	0.175
5:00:37	34.9	0.169	0.166	0.169	0.169	0.166	0.169	0.169	0.167	0.168	0.169	0.173	0.176	0.170	0.168	0.168	0.168	0.168	0.167	0.168	0.170	0.163	0.162	0.165	0.165	0.166	0.162	0.165	0.165	0.167	0.166	0.161	0.163	0.165	0.163	0.166	0.173	0.161	0.157	0.156	0.157	0.171	0.168	0.171	0.167	0.157	0.163	0.167	0.161	0.166	0.164	0.163	0.173	0.163	0.163	0.174	0.164	0.170	0.169	0.173	0.182	0.159	0.160	0.159	0.168	0.169	0.177	0.179	0.166	0.169	0.173	0.173	0.181	0.178	0.167	0.167	0.163	0.161	0.165	0.172	0.175	0.167	0.169	0.172	0.181	0.186	0.178	0.174	0.178	0.175	0.179	0.178	0.175	0.179	0.182	0.185	0.191
6:00:37	34.9	0.196	0.192	0.197	0.196	0.191	0.196	0.193	0.191	0.191	0.194	0.198	0.202	0.199	0.194	0.195	0.193	0.191	0.191	0.190	0.192	0.185	0.182	0.186	0.184	0.187	0.178	0.182	0.181	0.181	0.183	0.175	0.178	0.183	0.183	0.189	0.198	0.172	0.170	0.165	0.164	0.197	0.203	0.196	0.192	0.163	0.171	0.178	0.169	0.195	0.190	0.183	0.191	0.188	0.186	0.199	0.190	0.195	0.199	0.204	0.217	0.170	0.170	0.168	0.195	0.196	0.207	0.200	0.186	0.193	0.202	0.206	0.218	0.205	0.190	0.188	0.177	0.174	0.177	0.190	0.195	0.187	0.191	0.198	0.208	0.223	0.214	0.205	0.211	0.207	0.212	0.211	0.210	0.213	0.215	0.221	0.227
7:00:39	35.0	0.236	0.230	0.236	0.234	0.227	0.235	0.229	0.228	0.226	0.232	0.236	0.242	0.240	0.231	0.234	0.231	0.228	0.229	0.228	0.228	0.222	0.218	0.226	0.218	0.224	0.211	0.214	0.212	0.211	0.215	0.203	0.207	0.215	0.218	0.224	0.236	0.204	0.206	0.197	0.190	0.236	0.251	0.235	0.231	0.186	0.199	0.212	0.192	0.242	0.233	0.223	0.228	0.228	0.223	0.238	0.228	0.233	0.239	0.244	0.260	0.198	0.199	0.197	0.235	0.236	0.246	0.239	0.224	0.233	0.240	0.246	0.262	0.244	0.228	0.223	0.207	0.200	0.205	0.223	0.229	0.221	0.224	0.234	0.245	0.266	0.258	0.246	0.252	0.251	0.255	0.253	0.253	0.253	0.256	0.263	0.269
8:00:39	35.0	0.274	0.266	0.272	0.269	0.264	0.271	0.264	0.262	0.261	0.267	0.272	0.278	0.276	0.265	0.269	0.266	0.262	0.265	0.263	0.263	0.263	0.259	0.268	0.262	0.266	0.249	0.253	0.250	0.247	0.251	0.239	0.243	0.248	0.250	0.258	0.272	0.251	0.251	0.245	0.235	0.274	0.278	0.275	0.268	0.227	0.244	0.258	0.234	0.283	0.271	0.260	0.265	0.267	0.258	0.275	0.266	0.270	0.279	0.284	0.303	0.243	0.245	0.242	0.273	0.275	0.286	0.277	0.261	0.271	0.278	0.287	0.306	0.279	0.261	0.258	0.249	0.239	0.245	0.262	0.266	0.258	0.257	0.269	0.280	0.308	0.302	0.284	0.292	0.292	0.296	0.293	0.295	0.294	0.296	0.306	0.309
9:00:39	35.0	0.312	0.303	0.312	0.308	0.300	0.310	0.301	0.300	0.298	0.304	0.310	0.317	0.317	0.303	0.309	0.305	0.300	0.305	0.300	0.299	0.302	0.296	0.306	0.300	0.303	0.285	0.287	0.285	0.281	0.289	0.272	0.276	0.281	0.286	0.295	0.311	0.291	0.291	0.284	0.275	0.314	0.318	0.316	0.308	0.266	0.281	0.296	0.275	0.331	0.317	0.303	0.306	0.308	0.298	0.315	0.307	0.310	0.321	0.326	0.348	0.282	0.283	0.282	0.315	0.316	0.326	0.320	0.302	0.314	0.318	0.328	0.349	0.316	0.298	0.292	0.290	0.281	0.287	0.298	0.303	0.294	0.291	0.305	0.318	0.353	0.345	0.328	0.335	0.337	0.340	0.336	0.338	0.335	0.338	0.350	0.352
10:00:40	35.0	0.356	0.343	0.353	0.350	0.340	0.351	0.342	0.340	0.337	0.345	0.352	0.361	0.358	0.341	0.349	0.344	0.338	0.344	0.338	0.336	0.340	0.334	0.345	0.339	0.345	0.324	0.324	0.322	0.317	0.324	0.310	0.313	0.318	0.323	0.332	0.353	0.329	0.331	0.321	0.309	0.353	0.358	0.355	0.346	0.300	0.310	0.333	0.307	0.379	0.362	0.347	0.350	0.349	0.336	0.353	0.346	0.349	0.360	0.366	0.389	0.319	0.319	0.311	0.355	0.356	0.365	0.363	0.346	0.357	0.357	0.369	0.391	0.357	0.335	0.330	0.326	0.317	0.324	0.336	0.341	0.332	0.327	0.342	0.360	0.398	0.390	0.369	0.378	0.381	0.381	0.379	0.379	0.376	0.380	0.390	0.397
11:00:41	35.0	0.401	0.384	0.393	0.389	0.379	0.390	0.382	0.382	0.377	0.386	0.393	0.407	0.401	0.379	0.386	0.385	0.375	0.383	0.375	0.373	0.379	0.373	0.387	0.384	0.388	0.363	0.361	0.360	0.353	0.364	0.347	0.349	0.355	0.361	0.371	0.394	0.369	0.376	0.355	0.337	0.391	0.408	0.394	0.385	0.327	0.330	0.370	0.330	0.422	0.408	0.395	0.398	0.387	0.374	0.390	0.385	0.386	0.399	0.405	0.429	0.355	0.347	0.331	0.392	0.394	0.403	0.410	0.393	0.402	0.397	0.409	0.429	0.397	0.372	0.366	0.363	0.352	0.359	0.374	0.379	0.370	0.363	0.380	0.398	0.437	0.429	0.410	0.417	0.420	0.422	0.418	0.418	0.416	0.417	0.431	0.431
12:00:41	35.0	0.437	0.423	0.429	0.424	0.414	0.426	0.419	0.417	0.414	0.427	0.431	0.444	0.433	0.414	0.420	0.417	0.411	0.418	0.410	0.408	0.414	0.413	0.423	0.416	0.428	0.400	0.397	0.399	0.389	0.401	0.384	0.387	0.390	0.397	0.406	0.431	0.392	0.410	0.374	0.353	0.427	0.432	0.432	0.421	0.344	0.347	0.392	0.343	0.460	0.446	0.432	0.438	0.422	0.411	0.424	0.421	0.423	0.433	0.437	0.462	0.384	0.364	0.349	0.429	0.430	0.438	0.450	0.432	0.441	0.431	0.441	0.461	0.433	0.408	0.401	0.400	0.389	0.397	0.411	0.416	0.407	0.397	0.414	0.432	0.471	0.463	0.443	0.450	0.456	0.457	0.449	0.449	0.446	0.451	0.464	0.462
13:00:41	34.9	0.464	0.449	0.457	0.453	0.442	0.455	0.447	0.443	0.442	0.454	0.456	0.468	0.460	0.443	0.453	0.448	0.443	0.449	0.441	0.438	0.443	0.439	0.457	0.450	0.459	0.431	0.429	0.430	0.419	0.433	0.416	0.418	0.421	0.427	0.435	0.458	0.407	0.431	0.394	0.370	0.457	0.464	0.465	0.452	0.360	0.365	0.406	0.361	0.490	0.477	0.462	0.468	0.451	0.441	0.454	0.452	0.453	0.462	0.469	0.494	0.394	0.381	0.370	0.460	0.465	0.467	0.482	0.460	0.474	0.457	0.472	0.486	0.462	0.436	0.432	0.435	0.421	0.429	0.443	0.447	0.438	0.426	0.442	0.460	0.498	0.489	0.474	0.480	0.485	0.486	0.480	0.480	0.475	0.480	0.492	0.489
14:00:42	35.0	0.482	0.475	0.483	0.479	0.466	0.481	0.472	0.469	0.464	0.474	0.481	0.490	0.489	0.470	0.479	0.474	0.467	0.477	0.467	0.464	0.473	0.465	0.480	0.473	0.482	0.461	0.459	0.458	0.449	0.459	0.445	0.447	0.445	0.451	0.463	0.479	0.426	0.448	0.414	0.390	0.487	0.493	0.492	0.481	0.379	0.382	0.427	0.374	0.515	0.501	0.484	0.489	0.479	0.470	0.483	0.477	0.484	0.492	0.497	0.518	0.414	0.401	0.387	0.489	0.495	0.497	0.504	0.481	0.499	0.484	0.497	0.518	0.482	0.463	0.458	0.463	0.450	0.460	0.471	0.474	0.468	0.451	0.468	0.484	0.522	0.521	0.498	0.505	0.513	0.512	0.504	0.507	0.500	0.505	0.518	0.513
15:00:42	35.0	0.505	0.494	0.505	0.501	0.489	0.503	0.492	0.488	0.487	0.498	0.500	0.508	0.510	0.496	0.502	0.502	0.489	0.500	0.489	0.488	0.502	0.490	0.507	0.494	0.506	0.486	0.477	0.484	0.471	0.482	0.471	0.466	0.472	0.476	0.483	0.498	0.446	0.475	0.438	0.407	0.515	0.520	0.523	0.505	0.394	0.397	0.448	0.393	0.525	0.519	0.499	0.504	0.508	0.492	0.511	0.507	0.509	0.519	0.522	0.544	0.433	0.420	0.405	0.516	0.521	0.523	0.521	0.498	0.517	0.511	0.528	0.545	0.505	0.484	0.479	0.490	0.475	0.484	0.493	0.498	0.489	0.472	0.491	0.503	0.547	0.547	0.521	0.529	0.536	0.536	0.530	0.535	0.528	0.530	0.543	0.533
16:00:43	34.9	0.523	0.514	0.527	0.520	0.505	0.523	0.513	0.508	0.506	0.516	0.518	0.523	0.527	0.513	0.520	0.523	0.510	0.520	0.513	0.512	0.527	0.516	0.532	0.514	0.524	0.504	0.501	0.503	0.495	0.501	0.491	0.491	0.487	0.495	0.503	0.514	0.468	0.494	0.456	0.428	0.542	0.548	0.549	0.532	0.415	0.417	0.471	0.410	0.543	0.538	0.514	0.522	0.534	0.519	0.534	0.533	0.532	0.544	0.548	0.566	0.454	0.443	0.427	0.543	0.547	0.550	0.535	0.512	0.533	0.535	0.553	0.563	0.522	0.503	0.499	0.510	0.495	0.505	0.513	0.518	0.509	0.491	0.509	0.521	0.567	0.567	0.542	0.550	0.557	0.556	0.552	0.554	0.551	0.551	0.562	0.550
17:00:44	34.9	0.537	0.528	0.540	0.536	0.525	0.541	0.529	0.525	0.522	0.533	0.534	0.535	0.538	0.533	0.534	0.539	0.532	0.538	0.532	0.529	0.545	0.537	0.551	0.529	0.540	0.522	0.521	0.521	0.513	0.521	0.511	0.509	0.510	0.513	0.522	0.528	0.484	0.512	0.475	0.447	0.560	0.566	0.567	0.552	0.434	0.436	0.489	0.425	0.553	0.544	0.526	0.529	0.555	0.537	0.555	0.552	0.552	0.563	0.565	0.578	0.470	0.461	0.446	0.561	0.566	0.571	0.547	0.525	0.547	0.554	0.569	0.577	0.539	0.523	0.517	0.533	0.516	0.526	0.530	0.535	0.525	0.510	0.529	0.536	0.581	0.581	0.558	0.565	0.572	0.571	0.568	0.570	0.567	0.564	0.576	0.564
18:00:44	34.9	0.563	0.544	0.569	0.560	0.538	0.554	0.540	0.535	0.536	0.545	0.558	0.555	0.555	0.544	0.543	0.551	0.547	0.549	0.545	0.543	0.557	0.550	0.563	0.539	0.550	0.535	0.536	0.535	0.526	0.527	0.524	0.524	0.528	0.530	0.535	0.538	0.496	0.522	0.491	0.463	0.584	0.587	0.589	0.564	0.449	0.451	0.501	0.439	0.570	0.552	0.534	0.538	0.579	0.555	0.575	0.576	0.567	0.584	0.584	0.596	0.482	0.476	0.460	0.582	0.589	0.591	0.555	0.534	0.555	0.578	0.585	0.589	0.550	0.534	0.531	0.550	0.532	0.542	0.545	0.550	0.537	0.526	0.543	0.549	0.593	0.593	0.579	0.583	0.587	0.587	0.587	0.582	0.585	0.581	0.588	0.580
19:00:44	34.9	0.565	0.557	0.569	0.561	0.555	0.569	0.555	0.552	0.554	0.562	0.559	0.558	0.561	0.558	0.561	0.569	0.564	0.569	0.564	0.559	0.571	0.566	0.573	0.548	0.561	0.555	0.557	0.558	0.537	0.535	0.535	0.535	0.538	0.553	0.556	0.557	0.504	0.529	0.500	0.476	0.585	0.585	0.588	0.580	0.463	0.465	0.507	0.452	0.569	0.570	0.542	0.548	0.579	0.574	0.584	0.579	0.581	0.584	0.583	0.593	0.490	0.485	0.474	0.581	0.588	0.588	0.575	0.542	0.572	0.580	0.582	0.587	0.565	0.558	0.553	0.559	0.541	0.551	0.567	0.569	0.557	0.538	0.564	0.569	0.590	0.591	0.578	0.581	0.585	0.585	0.585	0.578	0.582	0.580	0.585	0.578
20:00:45	34.9	0.564	0.556	0.567	0.559	0.553	0.566	0.556	0.551	0.553	0.560	0.559	0.558	0.560	0.558	0.559	0.567	0.562	0.567	0.563	0.558	0.567	0.562	0.571	0.546	0.557	0.553	0.558	0.558	0.551	0.549	0.549	0.548	0.555	0.554	0.557	0.555	0.508	0.532	0.504	0.483	0.580	0.579	0.582	0.578	0.471	0.473	0.509	0.461	0.566	0.569	0.564	0.571	0.575	0.572	0.579	0.575	0.579	0.579	0.578	0.590	0.495	0.491	0.482	0.577	0.582	0.582	0.578	0.564	0.570	0.576	0.577	0.581	0.565	0.555	0.553	0.565	0.550	0.561	0.565	0.566	0.553	0.552	0.563	0.567	0.585	0.586	0.575	0.577	0.581	0.581	0.580	0.572	0.577	0.575	0.579	0.573
21:00:46	34.9	0.562	0.554	0.563	0.557	0.550	0.562	0.554	0.548	0.551	0.558	0.557	0.556	0.558	0.553	0.555	0.565	0.560	0.564	0.560	0.552	0.563	0.559	0.567	0.543	0.553	0.548	0.555	0.556	0.549	0.547	0.546	0.545	0.552	0.552	0.554	0.551	0.510	0.537	0.505	0.486	0.572	0.571	0.574	0.572	0.475	0.476	0.511	0.465	0.563	0.566	0.561	0.569	0.567	0.567	0.571	0.568	0.575	0.572	0.572	0.583	0.496	0.492	0.485	0.571	0.575	0.572	0.577	0.563	0.567	0.570	0.569	0.573	0.564	0.555	0.551	0.563	0.549	0.561	0.562	0.564	0.551	0.550	0.560	0.565	0.579	0.580	0.570	0.572	0.575	0.575	0.575	0.565	0.571	0.568	0.571	0.568
22:00:46	34.9	0.558	0.551	0.557	0.552	0.545	0.557	0.551	0.545	0.547	0.553	0.554	0.551	0.556	0.551	0.551	0.561	0.557	0.560	0.556	0.547	0.558	0.555	0.563	0.538	0.547	0.544	0.551	0.551	0.547	0.542	0.543	0.542	0.548	0.549	0.550	0.548	0.512	0.537	0.506	0.486	0.561	0.561	0.562	0.565	0.477	0.478	0.512	0.467	0.560	0.562	0.559	0.567	0.555	0.560	0.559	0.560	0.566	0.560	0.561	0.574	0.498	0.492	0.485	0.561	0.563	0.555	0.573	0.560	0.562	0.561	0.557	0.564	0.561	0.550	0.548	0.558	0.545	0.558	0.559	0.560	0.548	0.547	0.555	0.561	0.571	0.571	0.564	0.565	0.567	0.567	0.568	0.554	0.563	0.560	0.563	0.562
23:00:46	34.9	0.554	0.546	0.548	0.545	0.540	0.549	0.547	0.541	0.543	0.549	0.549	0.547	0.552	0.546	0.546	0.556	0.552	0.556	0.552	0.539	0.550	0.549	0.558	0.533	0.544	0.541	0.547	0.548	0.543	0.538	0.541	0.538	0.543	0.544	0.546	0.544	0.514	0.531	0.505	0.485	0.546	0.540	0.544	0.556	0.476	0.477	0.512	0.469	0.556	0.558	0.558	0.564	0.534	0.552	0.542	0.546	0.556	0.543	0.547	0.565	0.499	0.492	0.485	0.545	0.543	0.534	0.570	0.557	0.559	0.548	0.539	0.551	0.557	0.548	0.545	0.555	0.541	0.554	0.555	0.556	0.544	0.542	0.547	0.556	0.561	0.559	0.555	0.555	0.557	0.555	0.558	0.538	0.551	0.548	0.550	0.554
0:00:00																																																																																																	

Results
	1	2	3	4	5	6	7	8	9	10	11	12
A	0.694	0.659	0.659	0.650	0.631	0.650	0.649	0.654	0.643	0.669	0.669	0.703	Max V [600]
	0.999	1.000	0.999	0.999	1.000	1.000	1.000	1.000	1.000	1.000	1.000	0.999	R-Squared [600]
	10:00:40	10:00:40	10:00:40	10:00:40	9:00:40	9:00:40	10:00:40	10:00:40	10:00:40	10:00:40	10:00:40	10:00:40	t at Max V [600]
	5:02:36	5:02:40	4:53:18	4:53:18	4:58:02	4:51:44	5:11:49	5:08:06	5:10:28	5:07:35	5:02:35	5:08:19	Lagtime [600]
B	0.670	0.623	0.641	0.643	0.622	0.645	0.617	0.609	0.650	0.643	0.664	0.682	Max V [600]
	0.999	1.000	1.000	0.999	1.000	1.000	1.000	1.000	1.000	1.000	1.000	0.999	R-Squared [600]
	9:00:40	10:00:40	9:00:40	9:00:40	10:00:40	9:00:40	10:00:40	10:00:40	8:00:39	9:00:40	9:00:40	9:00:40	t at Max V [600]
	4:47:33	4:53:47	4:50:46	5:00:41	5:04:04	5:03:27	5:01:04	5:02:22	5:07:11	5:13:03	5:06:57	5:22:43	Lagtime [600]
C	0.684	0.633	0.607	0.622	0.591	0.624	0.606	0.601	0.597	0.615	0.623	0.668	Max V [600]
	0.999	1.000	1.000	1.000	1.000	1.000	0.999	1.000	1.000	1.000	1.000	0.999	R-Squared [600]
	10:00:40	10:00:40	9:00:40	10:00:40	10:00:40	10:00:40	10:00:40	10:00:40	10:00:40	10:00:40	10:00:40	10:00:40	t at Max V [600]
	5:17:25	5:23:27	5:17:13	5:26:25	5:27:16	5:24:02	5:35:57	5:28:56	5:24:56	5:17:09	5:10:50	5:09:35	Lagtime [600]
D	0.679	0.700	0.667	0.623	0.651	0.665	0.666	0.644	0.591	0.599	0.657	0.601	Max V [600]
	0.998	0.999	0.997	0.995	1.000	0.991	1.000	1.000	0.993	0.995	0.998	0.992	R-Squared [600]
	9:00:40	9:00:40	8:00:39	8:00:39	8:00:39	10:00:40	8:00:39	9:00:40	9:00:40	8:00:39	8:00:39	8:00:39	t at Max V [600]
	5:45:23	5:40:45	5:45:11	5:49:17	4:55:44	4:50:16	5:00:33	4:59:44	5:57:29	5:47:30	5:38:47	5:50:30	Lagtime [600]
E	0.762	0.737	0.725	0.731	0.670	0.638	0.642	0.656	0.641	0.673	0.674	0.720	Max V [600]
	0.999	0.999	0.999	0.999	1.000	1.000	1.000	1.000	1.000	1.000	1.000	1.000	R-Squared [600]
	8:00:39	9:00:40	10:00:40	10:00:40	8:00:39	10:00:40	8:00:39	9:00:40	9:00:40	8:00:39	8:00:39	8:00:39	t at Max V [600]
	5:03:24	5:14:59	5:31:34	5:45:36	5:04:53	5:09:45	4:59:43	5:03:35	4:58:32	4:51:07	4:46:35	4:37:49	Lagtime [600]
F	0.650	0.637	0.619	0.666	0.664	0.662	0.727	0.721	0.714	0.652	0.679	0.720	Max V [600]
	0.998	0.996	0.995	1.000	1.000	1.000	1.000	0.999	1.000	1.000	1.000	1.000	R-Squared [600]
	9:00:40	8:00:39	8:00:39	8:00:39	8:00:39	8:00:39	10:00:40	10:00:40	10:00:40	9:00:40	8:00:39	8:00:39	t at Max V [600]
	5:47:45	5:44:51	5:44:36	4:57:04	4:56:15	4:55:42	5:38:17	5:38:48	5:19:50	4:52:28	4:42:49	4:34:56	Lagtime [600]
G	0.645	0.612	0.601	0.649	0.635	0.645	0.628	0.628	0.622	0.586	0.609	0.640	Max V [600]
	1.000	1.000	1.000	0.999	0.999	0.998	1.000	1.000	1.000	1.000	1.000	0.999	R-Squared [600]
	10:00:40	10:00:40	10:00:40	9:00:40	9:00:40	9:00:40	9:00:40	10:00:40	10:00:40	10:00:40	9:00:40	9:00:40	t at Max V [600]
	4:59:32	5:02:50	5:02:41	5:36:36	5:41:35	5:45:08	5:23:19	5:15:07	5:09:50	5:03:41	4:51:08	4:57:17	Lagtime [600]
H	0.729	0.730	0.687	0.695	0.723	0.703	0.696	0.704	0.681	0.689	0.708	0.705	Max V [600]
	1.000	1.000	1.000	1.000	1.000	1.000	1.000	1.000	1.000	1.000	1.000	1.000	R-Squared [600]
	8:00:39	8:00:39	9:00:40	8:00:39	8:00:39	8:00:39	8:00:39	8:00:39	8:00:39	8:00:39	8:00:39	8:00:39	t at Max V [600]
	4:37:31	4:38:21	4:46:41	4:45:25	4:46:15	4:44:13	4:43:38	4:39:30	4:35:58	4:38:51	4:32:06	4:33:53	Lagtime [600]

