

Software Version	3.10.06



Experiment File Path:	C:\Users\patil-group\Desktop\Sweeteners_stacker\231021_NT5009_11_Rep3\NT5009_11_Rep3.xpt
Protocol File Path:	C:\Users\Public\Documents\Protocols\Screening-protocol.prt



Plate Number	Plate 4
Date	23/10/2021
Time	14:42:37
Reader Type:	Epoch 2
Reader Serial Number:	2103223
Reading Type	Reader

Procedure Details

Plate Type	96 WELL PLATE
Discontinuous Kinetics	Runtime 1:00:00 (D:HH:MM), Interval 0:01:00, 25 Reads
	Pause after each run
Eject plate on completion	
Shake	Linear: 0:00:30 (HH:MM:SS)
	Frequency: 567 cpm (3 mm)
Read	Absorbance Endpoint
	Full Plate
	Wavelengths:  600
	Read Speed: Normal,  Delay: 100 msec,  Measurements/Data Point: 8

600

Time	T° 600	A1	A2	A3	A4	A5	A6	A7	A8	A9	A10	A11	A12	B1	B2	B3	B4	B5	B6	B7	B8	B9	B10	B11	B12	C1	C2	C3	C4	C5	C6	C7	C8	C9	C10	C11	C12	D1	D2	D3	D4	D5	D6	D7	D8	D9	D10	D11	D12	E1	E2	E3	E4	E5	E6	E7	E8	E9	E10	E11	E12	F1	F2	F3	F4	F5	F6	F7	F8	F9	F10	F11	F12	G1	G2	G3	G4	G5	G6	G7	G8	G9	G10	G11	G12	H1	H2	H3	H4	H5	H6	H7	H8	H9	H10	H11	H12
0:00:34	34.7	0.172	0.159	0.159	0.163	0.156	0.160	0.160	0.159	0.155	0.158	0.160	0.169	0.174	0.153	0.161	0.162	0.159	0.167	0.162	0.156	0.158	0.160	0.162	0.164	0.167	0.157	0.157	0.164	0.156	0.157	0.162	0.157	0.159	0.158	0.166	0.163	0.160	0.157	0.157	0.163	0.161	0.165	0.156	0.159	0.154	0.159	0.158	0.164	0.155	0.156	0.155	0.153	0.158	0.155	0.155	0.165	0.161	0.157	0.159	0.174	0.157	0.161	0.157	0.155	0.158	0.161	0.158	0.171	0.155	0.166	0.157	0.164	0.156	0.156	0.303	0.156	0.154	0.165	0.155	0.159	0.158	0.159	0.159	0.156	0.167	0.159	0.157	0.156	0.154	0.161	0.163	0.155	0.158	0.157	0.160	0.157
1:00:34	35.1	0.170	0.158	0.158	0.162	0.155	0.158	0.159	0.157	0.154	0.157	0.158	0.167	0.171	0.152	0.158	0.160	0.158	0.166	0.161	0.155	0.156	0.158	0.161	0.163	0.166	0.156	0.156	0.163	0.155	0.156	0.161	0.155	0.156	0.157	0.164	0.161	0.159	0.155	0.155	0.162	0.159	0.163	0.155	0.158	0.153	0.157	0.157	0.163	0.154	0.155	0.154	0.152	0.157	0.154	0.154	0.163	0.160	0.156	0.157	0.172	0.156	0.160	0.156	0.154	0.156	0.160	0.158	0.169	0.154	0.164	0.155	0.163	0.155	0.154	0.431	0.155	0.153	0.163	0.154	0.158	0.157	0.158	0.158	0.155	0.167	0.158	0.156	0.156	0.154	0.161	0.162	0.154	0.157	0.157	0.159	0.157
2:00:35	35.0	0.170	0.158	0.158	0.162	0.155	0.158	0.158	0.157	0.154	0.157	0.158	0.167	0.170	0.152	0.158	0.160	0.157	0.166	0.160	0.154	0.156	0.158	0.160	0.163	0.165	0.155	0.155	0.162	0.155	0.156	0.160	0.154	0.156	0.156	0.164	0.161	0.158	0.155	0.154	0.161	0.159	0.163	0.155	0.157	0.153	0.157	0.156	0.162	0.153	0.154	0.153	0.156	0.156	0.153	0.154	0.162	0.159	0.155	0.157	0.171	0.155	0.160	0.155	0.154	0.155	0.159	0.157	0.168	0.154	0.163	0.155	0.162	0.155	0.154	0.571	0.155	0.153	0.162	0.154	0.157	0.157	0.157	0.157	0.155	0.168	0.159	0.158	0.157	0.155	0.161	0.162	0.154	0.158	0.159	0.159	0.157
3:00:35	35.0	0.170	0.158	0.158	0.162	0.155	0.158	0.158	0.157	0.155	0.158	0.158	0.167	0.169	0.152	0.158	0.160	0.158	0.166	0.160	0.154	0.156	0.158	0.161	0.163	0.165	0.155	0.155	0.161	0.154	0.155	0.160	0.154	0.156	0.156	0.164	0.161	0.158	0.155	0.154	0.161	0.159	0.162	0.154	0.156	0.153	0.157	0.156	0.163	0.153	0.155	0.154	0.155	0.156	0.153	0.153	0.162	0.159	0.155	0.157	0.171	0.156	0.159	0.155	0.154	0.156	0.159	0.157	0.167	0.154	0.163	0.154	0.162	0.155	0.154	0.688	0.155	0.153	0.163	0.155	0.157	0.157	0.158	0.157	0.155	0.171	0.161	0.160	0.159	0.157	0.164	0.162	0.155	0.159	0.159	0.160	0.158
4:00:35	35.0	0.172	0.160	0.159	0.163	0.157	0.160	0.160	0.158	0.156	0.159	0.160	0.168	0.170	0.153	0.159	0.161	0.159	0.167	0.161	0.156	0.157	0.159	0.163	0.164	0.166	0.157	0.156	0.162	0.155	0.156	0.161	0.155	0.157	0.158	0.165	0.163	0.159	0.156	0.155	0.161	0.159	0.163	0.155	0.157	0.154	0.158	0.157	0.164	0.154	0.155	0.154	0.157	0.156	0.153	0.153	0.162	0.160	0.156	0.157	0.171	0.157	0.160	0.157	0.155	0.157	0.160	0.157	0.168	0.154	0.163	0.155	0.162	0.157	0.156	0.692	0.156	0.154	0.164	0.156	0.159	0.159	0.159	0.159	0.157	0.175	0.166	0.165	0.163	0.161	0.168	0.164	0.157	0.160	0.161	0.162	0.161
5:00:36	35.0	0.175	0.163	0.162	0.166	0.159	0.163	0.162	0.161	0.158	0.162	0.163	0.171	0.173	0.156	0.162	0.163	0.162	0.170	0.163	0.158	0.159	0.163	0.167	0.167	0.169	0.159	0.159	0.164	0.157	0.159	0.163	0.159	0.159	0.161	0.168	0.165	0.161	0.159	0.157	0.163	0.161	0.165	0.157	0.159	0.156	0.162	0.161	0.167	0.156	0.158	0.157	0.154	0.158	0.155	0.155	0.163	0.162	0.159	0.160	0.173	0.160	0.163	0.159	0.157	0.160	0.162	0.159	0.169	0.158	0.166	0.158	0.164	0.160	0.159	0.675	0.159	0.157	0.167	0.158	0.161	0.162	0.162	0.162	0.159	0.183	0.173	0.172	0.170	0.168	0.175	0.166	0.160	0.163	0.163	0.164	0.164
6:00:37	35.0	0.180	0.168	0.166	0.169	0.164	0.167	0.167	0.165	0.162	0.167	0.168	0.175	0.177	0.161	0.166	0.168	0.167	0.175	0.167	0.163	0.163	0.168	0.173	0.171	0.174	0.165	0.163	0.168	0.161	0.163	0.167	0.165	0.166	0.166	0.173	0.170	0.165	0.163	0.161	0.166	0.164	0.168	0.161	0.164	0.162	0.167	0.166	0.171	0.159	0.161	0.162	0.160	0.161	0.159	0.158	0.166	0.167	0.163	0.164	0.177	0.165	0.168	0.164	0.162	0.163	0.166	0.164	0.174	0.163	0.171	0.161	0.167	0.165	0.164	0.685	0.163	0.162	0.171	0.162	0.167	0.166	0.166	0.166	0.163	0.197	0.187	0.186	0.184	0.181	0.189	0.169	0.163	0.167	0.166	0.168	0.168
7:00:38	35.0	0.189	0.182	0.176	0.177	0.172	0.174	0.175	0.173	0.170	0.175	0.177	0.182	0.189	0.175	0.178	0.180	0.179	0.187	0.178	0.174	0.172	0.182	0.188	0.180	0.183	0.179	0.174	0.178	0.172	0.172	0.177	0.174	0.177	0.176	0.186	0.180	0.174	0.173	0.170	0.174	0.172	0.176	0.169	0.172	0.169	0.177	0.177	0.179	0.164	0.167	0.170	0.166	0.168	0.166	0.163	0.170	0.175	0.171	0.170	0.182	0.175	0.179	0.173	0.170	0.172	0.173	0.170	0.182	0.172	0.181	0.166	0.171	0.175	0.176	0.711	0.173	0.172	0.182	0.171	0.178	0.176	0.177	0.175	0.170	0.220	0.211	0.209	0.207	0.204	0.211	0.173	0.168	0.172	0.172	0.173	0.174
8:00:38	35.0	0.213	0.214	0.201	0.196	0.193	0.195	0.193	0.191	0.189	0.197	0.203	0.194	0.218	0.207	0.210	0.211	0.210	0.217	0.207	0.201	0.197	0.216	0.217	0.202	0.210	0.213	0.203	0.205	0.199	0.198	0.203	0.201	0.207	0.205	0.219	0.202	0.196	0.202	0.196	0.198	0.195	0.197	0.190	0.194	0.193	0.203	0.205	0.200	0.176	0.183	0.194	0.190	0.187	0.185	0.176	0.177	0.197	0.195	0.185	0.194	0.201	0.207	0.200	0.196	0.195	0.194	0.189	0.202	0.197	0.207	0.179	0.180	0.201	0.207	0.736	0.200	0.198	0.211	0.196	0.208	0.203	0.204	0.199	0.185	0.247	0.238	0.235	0.234	0.231	0.238	0.182	0.177	0.181	0.182	0.183	0.186
9:00:39	35.0	0.253	0.259	0.242	0.232	0.231	0.233	0.229	0.226	0.223	0.235	0.246	0.215	0.262	0.250	0.254	0.254	0.254	0.261	0.249	0.243	0.238	0.261	0.249	0.239	0.254	0.258	0.245	0.246	0.241	0.240	0.244	0.244	0.250	0.247	0.263	0.241	0.235	0.246	0.237	0.238	0.236	0.237	0.227	0.231	0.232	0.244	0.248	0.237	0.204	0.218	0.233	0.231	0.224	0.222	0.203	0.194	0.235	0.233	0.214	0.218	0.244	0.251	0.242	0.239	0.236	0.234	0.225	0.239	0.237	0.247	0.208	0.199	0.244	0.253	0.774	0.243	0.242	0.255	0.239	0.252	0.246	0.244	0.240	0.218	0.271	0.263	0.260	0.259	0.255	0.263	0.197	0.192	0.197	0.198	0.199	0.203
10:00:40	35.0	0.298	0.307	0.286	0.275	0.275	0.277	0.272	0.270	0.265	0.278	0.291	0.244	0.308	0.298	0.301	0.302	0.303	0.307	0.292	0.287	0.281	0.308	0.279	0.280	0.304	0.308	0.291	0.292	0.287	0.285	0.289	0.289	0.295	0.292	0.310	0.284	0.281	0.294	0.283	0.282	0.282	0.281	0.271	0.275	0.276	0.289	0.295	0.287	0.247	0.262	0.277	0.275	0.267	0.264	0.241	0.227	0.277	0.274	0.253	0.252	0.290	0.297	0.289	0.283	0.285	0.277	0.265	0.280	0.282	0.290	0.249	0.233	0.290	0.299	0.835	0.287	0.286	0.300	0.282	0.298	0.292	0.290	0.287	0.260	0.293	0.286	0.283	0.283	0.278	0.285	0.214	0.210	0.214	0.216	0.215	0.221
11:00:40	35.0	0.351	0.364	0.338	0.319	0.324	0.328	0.318	0.315	0.310	0.325	0.345	0.278	0.364	0.350	0.355	0.355	0.356	0.357	0.343	0.339	0.332	0.362	0.310	0.327	0.356	0.362	0.342	0.342	0.339	0.334	0.338	0.341	0.347	0.341	0.360	0.332	0.333	0.347	0.334	0.333	0.332	0.332	0.321	0.325	0.324	0.338	0.344	0.330	0.290	0.309	0.326	0.323	0.315	0.315	0.283	0.264	0.325	0.321	0.295	0.291	0.347	0.349	0.340	0.333	0.330	0.327	0.311	0.328	0.331	0.338	0.289	0.273	0.343	0.349	0.888	0.338	0.338	0.352	0.333	0.352	0.343	0.339	0.336	0.303	0.315	0.309	0.306	0.305	0.300	0.307	0.233	0.230	0.233	0.235	0.233	0.238
12:00:41	35.0	0.408	0.414	0.391	0.375	0.379	0.383	0.374	0.371	0.367	0.381	0.398	0.319	0.413	0.402	0.403	0.408	0.407	0.411	0.394	0.393	0.383	0.410	0.339	0.382	0.411	0.420	0.394	0.395	0.393	0.388	0.392	0.399	0.406	0.396	0.412	0.388	0.388	0.402	0.387	0.388	0.389	0.389	0.374	0.379	0.377	0.389	0.397	0.389	0.342	0.360	0.378	0.378	0.368	0.370	0.334	0.304	0.377	0.374	0.343	0.335	0.398	0.400	0.397	0.390	0.390	0.384	0.363	0.381	0.384	0.390	0.339	0.316	0.390	0.403	0.938	0.392	0.393	0.407	0.388	0.406	0.398	0.395	0.395	0.358	0.337	0.332	0.327	0.327	0.322	0.328	0.252	0.248	0.250	0.253	0.251	0.256
13:00:41	35.0	0.460	0.468	0.443	0.423	0.431	0.434	0.425	0.425	0.419	0.423	0.449	0.370	0.467	0.456	0.457	0.463	0.459	0.460	0.447	0.441	0.435	0.464	0.363	0.423	0.465	0.465	0.446	0.448	0.446	0.441	0.443	0.447	0.451	0.445	0.463	0.435	0.443	0.455	0.443	0.440	0.437	0.440	0.429	0.430	0.428	0.442	0.451	0.438	0.394	0.412	0.432	0.426	0.423	0.417	0.388	0.357	0.430	0.427	0.390	0.388	0.455	0.457	0.445	0.439	0.431	0.433	0.418	0.433	0.435	0.440	0.394	0.370	0.445	0.453	0.962	0.441	0.440	0.455	0.439	0.453	0.448	0.444	0.440	0.407	0.358	0.353	0.348	0.348	0.344	0.350	0.270	0.267	0.269	0.272	0.267	0.274
14:00:41	35.0	0.504	0.505	0.487	0.472	0.472	0.474	0.468	0.465	0.462	0.471	0.489	0.420	0.507	0.487	0.490	0.497	0.491	0.494	0.486	0.477	0.476	0.499	0.395	0.468	0.507	0.497	0.483	0.479	0.482	0.476	0.479	0.482	0.484	0.481	0.496	0.477	0.484	0.488	0.475	0.478	0.473	0.474	0.467	0.470	0.467	0.476	0.486	0.479	0.449	0.461	0.467	0.465	0.459	0.458	0.432	0.399	0.469	0.466	0.436	0.431	0.491	0.489	0.478	0.473	0.464	0.470	0.457	0.475	0.471	0.474	0.435	0.415	0.486	0.488	0.981	0.477	0.476	0.488	0.477	0.486	0.483	0.478	0.474	0.455	0.379	0.375	0.369	0.370	0.365	0.373	0.288	0.285	0.286	0.290	0.284	0.291
15:00:41	35.0	0.535	0.534	0.520	0.505	0.503	0.505	0.500	0.499	0.494	0.502	0.521	0.458	0.535	0.512	0.515	0.525	0.519	0.519	0.516	0.504	0.503	0.523	0.428	0.499	0.535	0.525	0.511	0.505	0.508	0.504	0.507	0.508	0.510	0.508	0.523	0.508	0.514	0.514	0.502	0.504	0.499	0.500	0.493	0.497	0.493	0.502	0.513	0.509	0.483	0.495	0.493	0.490	0.486	0.487	0.469	0.442	0.495	0.493	0.460	0.471	0.518	0.515	0.503	0.498	0.488	0.497	0.486	0.497	0.498	0.500	0.463	0.448	0.514	0.514	0.958	0.502	0.501	0.512	0.502	0.512	0.506	0.506	0.498	0.483	0.402	0.397	0.392	0.392	0.386	0.392	0.306	0.304	0.304	0.308	0.303	0.311
16:00:42	35.0	0.559	0.555	0.542	0.531	0.526	0.530	0.524	0.524	0.518	0.526	0.547	0.487	0.557	0.535	0.540	0.549	0.541	0.542	0.539	0.526	0.526	0.546	0.457	0.523	0.559	0.550	0.533	0.529	0.532	0.530	0.531	0.531	0.533	0.530	0.546	0.533	0.539	0.540	0.526	0.528	0.522	0.525	0.517	0.521	0.516	0.525	0.536	0.533	0.513	0.521	0.515	0.515	0.511	0.511	0.495	0.474	0.519	0.516	0.480	0.496	0.543	0.538	0.526	0.522	0.513	0.522	0.511	0.520	0.521	0.523	0.485	0.474	0.539	0.541	0.947	0.527	0.524	0.534	0.525	0.534	0.528	0.529	0.519	0.506	0.422	0.417	0.412	0.414	0.406	0.414	0.327	0.325	0.326	0.329	0.321	0.332
17:00:43	35.0	0.582	0.576	0.562	0.553	0.544	0.549	0.545	0.544	0.540	0.547	0.570	0.512	0.579	0.557	0.560	0.574	0.561	0.563	0.559	0.547	0.548	0.568	0.490	0.546	0.581	0.572	0.555	0.551	0.553	0.552	0.552	0.552	0.554	0.551	0.568	0.555	0.559	0.563	0.549	0.550	0.545	0.547	0.539	0.542	0.539	0.546	0.557	0.552	0.534	0.544	0.536	0.538	0.532	0.533	0.521	0.499	0.540	0.536	0.498	0.515	0.565	0.560	0.547	0.545	0.534	0.543	0.532	0.541	0.543	0.543	0.504	0.497	0.562	0.566	0.939	0.549	0.547	0.556	0.547	0.556	0.550	0.549	0.539	0.526	0.436	0.432	0.429	0.428	0.422	0.428	0.350	0.348	0.349	0.351	0.344	0.355
18:00:44	35.0	0.598	0.589	0.583	0.576	0.568	0.572	0.563	0.565	0.567	0.572	0.588	0.534	0.596	0.573	0.580	0.588	0.578	0.579	0.577	0.563	0.566	0.585	0.511	0.569	0.600	0.589	0.572	0.570	0.573	0.571	0.571	0.570	0.572	0.568	0.585	0.575	0.582	0.580	0.567	0.568	0.565	0.566	0.558	0.561	0.557	0.563	0.573	0.576	0.553	0.565	0.554	0.558	0.553	0.552	0.541	0.517	0.559	0.554	0.516	0.531	0.586	0.579	0.566	0.565	0.552	0.563	0.551	0.560	0.562	0.561	0.522	0.515	0.580	0.582	0.927	0.566	0.564	0.572	0.564	0.573	0.567	0.566	0.557	0.545	0.444	0.440	0.437	0.437	0.430	0.436	0.373	0.372	0.371	0.375	0.366	0.378
19:00:44	34.9	0.598	0.589	0.583	0.578	0.570	0.573	0.571	0.570	0.570	0.574	0.588	0.551	0.593	0.571	0.580	0.593	0.584	0.585	0.586	0.571	0.573	0.584	0.521	0.572	0.597	0.587	0.581	0.582	0.585	0.585	0.583	0.581	0.580	0.578	0.587	0.575	0.582	0.586	0.578	0.582	0.578	0.579	0.574	0.577	0.571	0.573	0.580	0.578	0.573	0.581	0.569	0.572	0.567	0.568	0.556	0.539	0.574	0.570	0.533	0.550	0.585	0.583	0.577	0.577	0.567	0.578	0.565	0.576	0.572	0.569	0.539	0.535	0.579	0.582	0.924	0.573	0.572	0.577	0.574	0.579	0.574	0.571	0.570	0.560	0.448	0.442	0.441	0.441	0.435	0.440	0.393	0.392	0.392	0.395	0.385	0.395
20:00:45	34.9	0.596	0.584	0.581	0.576	0.567	0.571	0.569	0.568	0.569	0.572	0.586	0.567	0.589	0.567	0.577	0.589	0.580	0.581	0.583	0.567	0.569	0.581	0.522	0.570	0.592	0.583	0.577	0.579	0.583	0.583	0.581	0.578	0.577	0.576	0.584	0.573	0.577	0.582	0.576	0.582	0.581	0.581	0.574	0.576	0.568	0.570	0.577	0.574	0.574	0.580	0.566	0.572	0.571	0.571	0.567	0.552	0.572	0.568	0.549	0.557	0.580	0.579	0.575	0.575	0.567	0.577	0.571	0.574	0.570	0.565	0.554	0.551	0.576	0.577	0.915	0.571	0.569	0.575	0.572	0.576	0.571	0.568	0.569	0.559	0.446	0.441	0.440	0.440	0.435	0.440	0.408	0.406	0.406	0.408	0.399	0.408
21:00:46	34.9	0.591	0.580	0.577	0.573	0.564	0.567	0.565	0.564	0.565	0.569	0.580	0.566	0.582	0.562	0.573	0.583	0.575	0.575	0.577	0.562	0.564	0.575	0.517	0.567	0.586	0.576	0.572	0.574	0.578	0.579	0.575	0.574	0.571	0.572	0.578	0.567	0.573	0.576	0.571	0.578	0.576	0.576	0.570	0.572	0.564	0.564	0.572	0.570	0.570	0.575	0.562	0.568	0.566	0.565	0.569	0.556	0.567	0.565	0.552	0.554	0.574	0.575	0.572	0.570	0.563	0.572	0.567	0.570	0.565	0.561	0.551	0.552	0.570	0.572	0.907	0.567	0.565	0.570	0.567	0.571	0.565	0.564	0.564	0.555	0.443	0.436	0.436	0.438	0.430	0.437	0.417	0.414	0.413	0.414	0.406	0.413
22:00:46	34.9	0.584	0.575	0.573	0.568	0.558	0.563	0.562	0.560	0.561	0.563	0.574	0.561	0.576	0.557	0.569	0.579	0.570	0.569	0.571	0.556	0.557	0.569	0.511	0.561	0.580	0.572	0.567	0.569	0.572	0.574	0.570	0.568	0.567	0.568	0.574	0.565	0.571	0.572	0.566	0.573	0.571	0.571	0.564	0.567	0.558	0.559	0.567	0.566	0.569	0.571	0.558	0.563	0.563	0.560	0.564	0.554	0.562	0.559	0.550	0.549	0.568	0.568	0.566	0.566	0.558	0.568	0.562	0.565	0.560	0.556	0.546	0.548	0.564	0.566	0.898	0.563	0.560	0.565	0.561	0.566	0.561	0.558	0.559	0.550	0.440	0.434	0.434	0.434	0.428	0.434	0.418	0.416	0.415	0.416	0.408	0.415
23:00:46	34.9	0.576	0.569	0.569	0.564	0.554	0.558	0.555	0.555	0.554	0.556	0.568	0.558	0.571	0.552	0.563	0.572	0.566	0.564	0.565	0.551	0.552	0.563	0.503	0.555	0.573	0.566	0.561	0.562	0.564	0.567	0.564	0.562	0.561	0.561	0.567	0.559	0.563	0.566	0.560	0.568	0.565	0.566	0.559	0.561	0.552	0.553	0.560	0.560	0.563	0.566	0.553	0.557	0.556	0.555	0.557	0.547	0.556	0.554	0.547	0.545	0.566	0.563	0.561	0.559	0.553	0.562	0.557	0.560	0.554	0.550	0.542	0.543	0.559	0.561	0.886	0.558	0.555	0.561	0.558	0.560	0.556	0.552	0.555	0.544	0.437	0.431	0.431	0.431	0.425	0.430	0.421	0.418	0.418	0.418	0.411	0.417
0:00:00																																																																																																	

Results
	1	2	3	4	5	6	7	8	9	10	11	12
A	0.871	0.875	0.844	0.831	0.841	0.848	0.832	0.834	0.837	0.805	0.857	0.767	Max V [600]
	0.999	0.999	0.999	0.999	0.998	0.998	0.998	0.997	0.998	0.999	0.999	0.997	R-Squared [600]
	11:00:40	11:00:40	12:00:41	12:00:41	11:00:40	11:00:40	12:00:41	12:00:41	12:00:41	12:00:41	11:00:40	13:00:41	t at Max V [600]
	7:31:25	7:08:34	7:27:59	7:47:50	7:36:35	7:38:33	7:46:40	7:48:01	7:50:02	7:30:12	7:23:03	8:39:27	Lagtime [600]
B	0.858	0.861	0.849	0.873	0.855	0.836	0.828	0.836	0.826	0.847	0.523	0.787	Max V [600]
	0.999	1.000	0.999	1.000	1.000	0.999	0.999	0.999	0.999	1.000	0.999	0.998	R-Squared [600]
	11:00:40	11:00:40	11:00:40	11:00:40	11:00:40	11:00:40	11:00:40	11:00:40	11:00:40	11:00:40	15:00:42	11:00:40	t at Max V [600]
	7:20:13	7:10:48	7:12:27	7:17:37	7:11:01	7:11:20	7:19:43	7:20:14	7:27:30	7:03:07	6:35:38	7:29:36	Lagtime [600]
C	0.882	0.877	0.840	0.844	0.857	0.841	0.837	0.860	0.854	0.833	0.837	0.817	Max V [600]
	1.000	0.999	1.000	0.999	0.999	0.999	0.999	0.999	0.998	0.999	1.000	0.998	R-Squared [600]
	11:00:40	11:00:40	11:00:40	11:00:40	11:00:40	11:00:40	11:00:40	11:00:40	11:00:40	11:00:40	11:00:40	11:00:40	t at Max V [600]
	7:23:50	7:06:18	7:18:30	7:27:08	7:24:52	7:26:17	7:26:27	7:23:03	7:16:35	7:17:16	7:07:24	7:28:41	Lagtime [600]
D	0.871	0.879	0.859	0.848	0.849	0.856	0.846	0.835	0.822	0.826	0.842	0.839	Max V [600]
	0.999	0.999	0.999	0.999	0.999	0.998	0.998	0.999	0.998	0.999	0.999	0.998	R-Squared [600]
	11:00:40	11:00:40	11:00:40	11:00:40	11:00:40	11:00:40	11:00:40	11:00:40	11:00:40	11:00:40	11:00:40	11:00:40	t at Max V [600]
	7:38:02	7:22:13	7:31:04	7:36:25	7:35:16	7:40:47	7:42:12	7:37:52	7:30:11	7:20:35	7:15:51	7:35:52	Lagtime [600]
E	0.846	0.833	0.834	0.825	0.831	0.829	0.812	0.753	0.816	0.816	0.768	0.759	Max V [600]
	0.998	1.000	0.999	0.999	0.998	0.998	0.999	0.998	0.998	0.997	0.999	0.998	R-Squared [600]
	12:00:41	12:00:41	11:00:40	11:00:40	11:00:40	11:00:40	12:00:41	13:00:41	11:00:40	12:00:41	12:00:41	12:00:41	t at Max V [600]
	8:16:29	7:54:55	7:32:06	7:30:16	7:46:19	7:45:04	8:18:44	8:50:33	7:35:26	7:35:58	8:00:28	8:22:46	Lagtime [600]
F	0.883	0.858	0.857	0.847	0.825	0.845	0.818	0.826	0.829	0.810	0.795	0.770	Max V [600]
	0.999	0.999	0.999	0.998	0.998	0.998	0.998	0.999	0.999	0.999	0.998	0.997	R-Squared [600]
	11:00:40	11:00:40	11:00:40	11:00:40	11:00:40	11:00:40	12:00:41	12:00:41	11:00:40	11:00:40	12:00:41	12:00:41	t at Max V [600]
	7:25:32	7:19:41	7:23:35	7:26:23	7:26:12	7:39:13	7:50:50	7:48:14	7:25:31	7:24:18	8:08:55	8:36:26	Lagtime [600]
G	0.835	0.838	1.727	0.835	0.837	0.844	0.844	0.849	0.852	0.843	0.846	0.825	Max V [600]
	0.999	0.999	0.940	0.999	0.999	0.999	0.999	0.999	0.999	0.999	0.998	0.999	R-Squared [600]
	11:00:40	11:00:40	2:00:35	11:00:40	11:00:40	11:00:40	11:00:40	11:00:40	11:00:40	11:00:40	11:00:40	12:00:41	t at Max V [600]
	7:17:40	7:06:46	?????	7:20:30	7:19:18	7:16:24	7:26:11	7:13:10	7:20:33	7:23:09	7:27:04	7:57:55	Lagtime [600]
H	0.404	0.417	0.407	0.417	0.409	0.407	0.368	0.372	0.366	0.367	0.349	0.366	Max V [600]
	0.999	0.999	0.999	0.999	0.999	0.999	0.999	0.999	1.000	0.999	0.999	0.999	R-Squared [600]
	8:00:39	8:00:39	8:00:39	8:00:39	8:00:39	8:00:39	17:00:43	17:00:43	17:00:43	17:00:43	17:00:43	16:00:43	t at Max V [600]
	4:45:29	4:52:24	4:49:48	4:54:47	4:55:43	4:53:40	8:31:49	8:20:52	8:19:25	8:11:01	8:14:08	7:58:54	Lagtime [600]

