

Software Version	3.10.06



Experiment File Path:	C:\Users\patil-group\Desktop\Sweeteners_stacker\231021_NT5009_11_Rep3\NT5009_11_Rep3.xpt
Protocol File Path:	C:\Users\Public\Documents\Protocols\Screening-protocol.prt



Plate Number	Plate 1
Date	23/10/2021
Time	14:37:03
Reader Type:	Epoch 2
Reader Serial Number:	2103223
Reading Type	Reader

Procedure Details

Plate Type	96 WELL PLATE
Discontinuous Kinetics	Runtime 1:00:00 (D:HH:MM), Interval 0:01:00, 25 Reads
	Pause after each run
Eject plate on completion	
Shake	Linear: 0:00:30 (HH:MM:SS)
	Frequency: 567 cpm (3 mm)
Read	Absorbance Endpoint
	Full Plate
	Wavelengths:  600
	Read Speed: Normal,  Delay: 100 msec,  Measurements/Data Point: 8

600

Time	T° 600	A1	A2	A3	A4	A5	A6	A7	A8	A9	A10	A11	A12	B1	B2	B3	B4	B5	B6	B7	B8	B9	B10	B11	B12	C1	C2	C3	C4	C5	C6	C7	C8	C9	C10	C11	C12	D1	D2	D3	D4	D5	D6	D7	D8	D9	D10	D11	D12	E1	E2	E3	E4	E5	E6	E7	E8	E9	E10	E11	E12	F1	F2	F3	F4	F5	F6	F7	F8	F9	F10	F11	F12	G1	G2	G3	G4	G5	G6	G7	G8	G9	G10	G11	G12	H1	H2	H3	H4	H5	H6	H7	H8	H9	H10	H11	H12
0:00:34	34.6	0.163	0.158	0.156	0.155	0.159	0.158	0.174	0.165	0.157	0.159	0.157	0.184	0.182	0.155	0.153	0.158	0.156	0.161	0.157	0.152	0.151	0.154	0.164	0.165	0.174	0.152	0.154	0.167	0.159	0.161	0.163	0.156	0.167	0.155	0.153	0.166	0.171	0.157	0.156	0.159	0.157	0.154	0.160	0.159	0.155	0.155	0.160	0.166	0.154	0.159	0.155	0.157	0.161	0.153	0.160	0.202	0.154	0.163	0.162	0.167	0.168	0.162	0.162	0.163	0.165	0.162	0.162	0.160	0.156	0.162	0.157	0.166	0.162	0.160	0.157	0.156	0.160	0.161	0.156	0.161	0.160	0.154	0.156	0.162	0.157	0.158	0.156	0.158	0.157	0.156	0.155	0.160	0.157	0.158	0.157	0.171
1:00:34	35.1	0.162	0.157	0.155	0.155	0.157	0.156	0.173	0.164	0.156	0.159	0.156	0.183	0.180	0.154	0.153	0.157	0.155	0.160	0.157	0.151	0.150	0.153	0.163	0.164	0.173	0.151	0.152	0.165	0.157	0.160	0.162	0.155	0.167	0.154	0.152	0.165	0.167	0.156	0.154	0.158	0.155	0.153	0.159	0.179	0.154	0.154	0.159	0.166	0.153	0.158	0.153	0.167	0.164	0.151	0.159	0.222	0.153	0.161	0.160	0.166	0.166	0.160	0.160	0.161	0.162	0.160	0.160	0.158	0.154	0.160	0.155	0.165	0.160	0.159	0.156	0.155	0.158	0.159	0.154	0.161	0.159	0.153	0.155	0.161	0.156	0.157	0.155	0.157	0.155	0.155	0.153	0.158	0.155	0.158	0.156	0.170
2:00:34	35.1	0.163	0.159	0.157	0.157	0.159	0.158	0.175	0.165	0.158	0.160	0.157	0.184	0.181	0.156	0.154	0.158	0.156	0.161	0.158	0.152	0.151	0.155	0.164	0.165	0.174	0.152	0.153	0.166	0.158	0.160	0.162	0.156	0.167	0.155	0.153	0.166	0.168	0.157	0.155	0.158	0.156	0.154	0.160	0.159	0.155	0.155	0.160	0.167	0.154	0.159	0.154	0.157	0.160	0.152	0.159	0.221	0.154	0.162	0.161	0.167	0.167	0.162	0.161	0.162	0.163	0.161	0.160	0.159	0.155	0.160	0.156	0.166	0.162	0.161	0.157	0.156	0.159	0.160	0.155	0.159	0.160	0.154	0.157	0.162	0.157	0.158	0.156	0.158	0.156	0.155	0.154	0.159	0.157	0.159	0.158	0.172
3:00:35	35.1	0.167	0.162	0.161	0.160	0.163	0.161	0.178	0.169	0.162	0.164	0.162	0.188	0.184	0.159	0.158	0.161	0.159	0.165	0.160	0.155	0.154	0.159	0.168	0.170	0.176	0.155	0.157	0.169	0.161	0.163	0.164	0.159	0.170	0.159	0.157	0.170	0.172	0.161	0.158	0.162	0.160	0.157	0.163	0.163	0.159	0.159	0.164	0.170	0.158	0.164	0.158	0.160	0.164	0.157	0.162	0.204	0.158	0.166	0.164	0.171	0.171	0.166	0.165	0.166	0.166	0.164	0.163	0.163	0.160	0.164	0.159	0.169	0.166	0.166	0.161	0.160	0.162	0.164	0.159	0.164	0.163	0.158	0.161	0.167	0.162	0.163	0.161	0.163	0.160	0.159	0.157	0.164	0.162	0.164	0.163	0.177
4:00:35	35.1	0.173	0.168	0.168	0.167	0.170	0.169	0.184	0.175	0.168	0.170	0.169	0.195	0.191	0.167	0.164	0.166	0.165	0.170	0.166	0.161	0.160	0.166	0.174	0.177	0.182	0.162	0.163	0.174	0.167	0.168	0.169	0.164	0.176	0.165	0.163	0.177	0.179	0.167	0.164	0.168	0.166	0.163	0.169	0.169	0.165	0.165	0.170	0.177	0.165	0.170	0.165	0.168	0.170	0.162	0.167	0.172	0.164	0.172	0.171	0.177	0.179	0.174	0.172	0.172	0.173	0.169	0.168	0.169	0.167	0.171	0.166	0.175	0.174	0.174	0.168	0.167	0.168	0.171	0.166	0.171	0.171	0.166	0.168	0.174	0.169	0.170	0.168	0.170	0.167	0.166	0.163	0.171	0.170	0.171	0.171	0.184
5:00:36	35.1	0.195	0.191	0.190	0.189	0.195	0.196	0.206	0.196	0.190	0.191	0.193	0.214	0.215	0.193	0.187	0.186	0.185	0.189	0.183	0.180	0.179	0.188	0.200	0.203	0.199	0.186	0.184	0.192	0.185	0.184	0.185	0.182	0.197	0.184	0.186	0.200	0.205	0.193	0.187	0.189	0.188	0.184	0.189	0.188	0.187	0.188	0.194	0.199	0.184	0.190	0.187	0.191	0.190	0.185	0.185	0.188	0.186	0.194	0.193	0.198	0.207	0.201	0.196	0.197	0.194	0.191	0.187	0.190	0.192	0.196	0.191	0.199	0.202	0.202	0.194	0.192	0.192	0.195	0.191	0.195	0.197	0.194	0.195	0.200	0.195	0.196	0.193	0.198	0.193	0.186	0.184	0.196	0.197	0.194	0.199	0.211
6:00:37	35.1	0.245	0.240	0.239	0.236	0.245	0.247	0.253	0.242	0.235	0.237	0.245	0.260	0.266	0.245	0.237	0.231	0.230	0.233	0.226	0.225	0.223	0.236	0.250	0.254	0.243	0.235	0.232	0.236	0.230	0.224	0.227	0.225	0.241	0.228	0.233	0.248	0.257	0.243	0.235	0.237	0.237	0.232	0.235	0.233	0.234	0.236	0.244	0.248	0.230	0.236	0.235	0.241	0.238	0.234	0.229	0.228	0.234	0.241	0.239	0.245	0.263	0.254	0.246	0.247	0.241	0.240	0.233	0.236	0.243	0.246	0.242	0.249	0.258	0.255	0.244	0.243	0.243	0.246	0.242	0.244	0.247	0.246	0.249	0.254	0.248	0.247	0.244	0.251	0.246	0.232	0.232	0.246	0.248	0.242	0.251	0.264
7:00:38	35.1	0.301	0.294	0.291	0.286	0.302	0.303	0.302	0.293	0.284	0.286	0.298	0.311	0.322	0.300	0.291	0.282	0.281	0.283	0.277	0.274	0.273	0.287	0.302	0.309	0.296	0.288	0.283	0.286	0.281	0.272	0.275	0.274	0.293	0.276	0.286	0.300	0.312	0.297	0.289	0.290	0.290	0.286	0.288	0.285	0.287	0.288	0.296	0.301	0.286	0.290	0.289	0.294	0.291	0.288	0.281	0.278	0.286	0.294	0.288	0.297	0.319	0.306	0.298	0.303	0.293	0.291	0.284	0.287	0.297	0.296	0.294	0.306	0.316	0.312	0.296	0.295	0.296	0.298	0.294	0.298	0.302	0.297	0.302	0.312	0.303	0.301	0.295	0.307	0.304	0.286	0.286	0.302	0.301	0.293	0.303	0.322
8:00:38	35.1	0.361	0.351	0.346	0.342	0.349	0.358	0.357	0.347	0.336	0.341	0.356	0.370	0.379	0.356	0.349	0.338	0.336	0.338	0.331	0.328	0.327	0.342	0.357	0.369	0.353	0.346	0.334	0.340	0.335	0.323	0.328	0.329	0.347	0.329	0.342	0.357	0.366	0.353	0.343	0.345	0.345	0.342	0.343	0.338	0.337	0.344	0.354	0.359	0.344	0.342	0.336	0.350	0.345	0.344	0.332	0.327	0.338	0.342	0.335	0.353	0.377	0.365	0.355	0.356	0.344	0.347	0.337	0.343	0.351	0.350	0.349	0.357	0.373	0.369	0.356	0.350	0.350	0.349	0.351	0.358	0.352	0.351	0.355	0.363	0.360	0.356	0.348	0.363	0.357	0.339	0.337	0.349	0.354	0.343	0.358	0.372
9:00:39	35.1	0.422	0.411	0.404	0.402	0.410	0.416	0.419	0.410	0.397	0.400	0.413	0.427	0.441	0.414	0.399	0.395	0.396	0.394	0.387	0.386	0.383	0.396	0.415	0.425	0.415	0.402	0.392	0.395	0.392	0.379	0.387	0.390	0.409	0.382	0.399	0.416	0.426	0.412	0.399	0.404	0.403	0.402	0.401	0.398	0.397	0.394	0.411	0.421	0.397	0.400	0.398	0.406	0.402	0.402	0.392	0.388	0.396	0.401	0.392	0.405	0.436	0.425	0.413	0.416	0.402	0.402	0.389	0.396	0.408	0.404	0.406	0.421	0.434	0.429	0.414	0.408	0.407	0.412	0.409	0.414	0.408	0.408	0.420	0.428	0.419	0.414	0.407	0.420	0.416	0.390	0.395	0.411	0.410	0.398	0.416	0.434
10:00:39	35.1	0.474	0.457	0.458	0.456	0.458	0.468	0.465	0.455	0.444	0.447	0.463	0.478	0.492	0.467	0.458	0.447	0.444	0.451	0.436	0.438	0.434	0.443	0.463	0.479	0.469	0.454	0.441	0.448	0.447	0.428	0.434	0.435	0.456	0.438	0.447	0.468	0.478	0.462	0.450	0.459	0.453	0.455	0.455	0.450	0.449	0.454	0.463	0.474	0.456	0.454	0.449	0.457	0.453	0.454	0.443	0.440	0.448	0.453	0.439	0.447	0.485	0.471	0.462	0.468	0.453	0.455	0.441	0.448	0.461	0.453	0.455	0.469	0.482	0.478	0.462	0.459	0.462	0.463	0.460	0.465	0.460	0.458	0.469	0.476	0.467	0.461	0.457	0.467	0.467	0.440	0.445	0.461	0.457	0.449	0.462	0.482
11:00:40	35.1	0.515	0.505	0.498	0.495	0.494	0.503	0.510	0.502	0.487	0.491	0.506	0.521	0.532	0.505	0.497	0.495	0.493	0.494	0.485	0.480	0.481	0.491	0.508	0.517	0.510	0.490	0.478	0.490	0.488	0.474	0.481	0.484	0.503	0.475	0.494	0.505	0.513	0.497	0.486	0.498	0.492	0.496	0.496	0.497	0.487	0.493	0.502	0.513	0.499	0.493	0.486	0.493	0.490	0.494	0.482	0.478	0.486	0.490	0.473	0.480	0.521	0.507	0.496	0.503	0.490	0.494	0.480	0.488	0.497	0.488	0.490	0.503	0.519	0.514	0.498	0.495	0.498	0.499	0.496	0.502	0.497	0.494	0.504	0.509	0.502	0.496	0.493	0.503	0.500	0.475	0.480	0.495	0.492	0.483	0.496	0.514
12:00:41	35.1	0.541	0.534	0.528	0.528	0.520	0.530	0.540	0.529	0.517	0.522	0.535	0.547	0.558	0.532	0.525	0.528	0.527	0.529	0.519	0.512	0.515	0.521	0.537	0.545	0.537	0.519	0.506	0.516	0.517	0.509	0.514	0.514	0.533	0.508	0.527	0.533	0.539	0.526	0.514	0.525	0.522	0.526	0.526	0.530	0.516	0.521	0.530	0.540	0.529	0.523	0.515	0.523	0.518	0.516	0.511	0.508	0.514	0.518	0.500	0.506	0.548	0.532	0.525	0.532	0.520	0.522	0.510	0.517	0.524	0.516	0.516	0.526	0.545	0.541	0.527	0.524	0.525	0.528	0.523	0.530	0.526	0.522	0.532	0.533	0.528	0.523	0.518	0.529	0.526	0.502	0.506	0.521	0.518	0.507	0.521	0.539
13:00:41	35.1	0.563	0.558	0.551	0.552	0.542	0.552	0.562	0.552	0.541	0.544	0.558	0.568	0.581	0.557	0.550	0.552	0.552	0.556	0.544	0.537	0.539	0.545	0.562	0.569	0.561	0.543	0.531	0.538	0.539	0.536	0.537	0.537	0.558	0.531	0.552	0.557	0.562	0.550	0.537	0.551	0.546	0.550	0.549	0.556	0.540	0.543	0.553	0.561	0.551	0.549	0.538	0.547	0.540	0.540	0.537	0.533	0.538	0.541	0.521	0.526	0.572	0.558	0.549	0.556	0.543	0.546	0.533	0.539	0.546	0.538	0.538	0.546	0.569	0.567	0.551	0.548	0.547	0.555	0.549	0.557	0.550	0.545	0.555	0.553	0.549	0.545	0.541	0.550	0.549	0.525	0.529	0.543	0.541	0.527	0.542	0.560
14:00:41	35.1	0.579	0.577	0.573	0.572	0.560	0.572	0.581	0.570	0.560	0.563	0.574	0.585	0.599	0.577	0.570	0.575	0.574	0.577	0.564	0.557	0.560	0.566	0.582	0.587	0.579	0.566	0.554	0.559	0.560	0.555	0.557	0.558	0.577	0.551	0.573	0.576	0.578	0.572	0.558	0.569	0.568	0.572	0.570	0.579	0.561	0.563	0.574	0.579	0.571	0.573	0.557	0.568	0.561	0.563	0.559	0.556	0.561	0.562	0.539	0.544	0.590	0.581	0.570	0.580	0.565	0.566	0.554	0.561	0.567	0.560	0.559	0.565	0.590	0.586	0.574	0.570	0.570	0.575	0.570	0.578	0.571	0.566	0.574	0.571	0.567	0.564	0.560	0.570	0.570	0.542	0.549	0.561	0.560	0.543	0.562	0.577
15:00:41	35.1	0.604	0.603	0.591	0.587	0.587	0.594	0.595	0.583	0.574	0.578	0.601	0.605	0.619	0.601	0.598	0.602	0.605	0.605	0.578	0.570	0.586	0.591	0.608	0.610	0.605	0.589	0.579	0.583	0.578	0.571	0.581	0.580	0.600	0.565	0.598	0.599	0.601	0.595	0.584	0.597	0.594	0.597	0.595	0.602	0.585	0.587	0.592	0.602	0.599	0.599	0.582	0.592	0.589	0.587	0.588	0.586	0.584	0.586	0.562	0.563	0.613	0.601	0.594	0.599	0.589	0.590	0.580	0.586	0.588	0.582	0.583	0.581	0.606	0.607	0.593	0.592	0.591	0.596	0.590	0.596	0.591	0.585	0.593	0.590	0.588	0.588	0.585	0.595	0.591	0.568	0.573	0.583	0.583	0.559	0.583	0.599
16:00:42	35.0	0.605	0.602	0.602	0.604	0.589	0.596	0.609	0.600	0.591	0.596	0.601	0.612	0.621	0.601	0.598	0.605	0.605	0.607	0.594	0.585	0.589	0.594	0.610	0.610	0.607	0.592	0.584	0.588	0.589	0.588	0.588	0.587	0.602	0.582	0.601	0.601	0.604	0.600	0.588	0.600	0.596	0.599	0.598	0.605	0.587	0.590	0.596	0.603	0.601	0.605	0.586	0.597	0.592	0.591	0.593	0.600	0.585	0.589	0.563	0.563	0.613	0.606	0.598	0.603	0.591	0.594	0.586	0.589	0.593	0.586	0.589	0.593	0.609	0.610	0.598	0.597	0.596	0.598	0.593	0.599	0.595	0.589	0.595	0.590	0.589	0.591	0.587	0.597	0.593	0.570	0.575	0.587	0.586	0.574	0.584	0.599
17:00:43	35.0	0.605	0.602	0.601	0.603	0.589	0.593	0.609	0.599	0.591	0.596	0.601	0.610	0.620	0.603	0.600	0.605	0.606	0.608	0.595	0.588	0.591	0.595	0.610	0.608	0.607	0.594	0.585	0.591	0.590	0.591	0.589	0.590	0.604	0.584	0.603	0.600	0.601	0.601	0.589	0.600	0.598	0.600	0.599	0.606	0.589	0.590	0.597	0.605	0.602	0.605	0.588	0.597	0.593	0.591	0.594	0.614	0.587	0.591	0.564	0.562	0.613	0.607	0.600	0.605	0.594	0.596	0.587	0.591	0.594	0.587	0.588	0.591	0.609	0.611	0.599	0.597	0.598	0.601	0.594	0.600	0.596	0.590	0.595	0.588	0.589	0.591	0.587	0.597	0.594	0.572	0.578	0.588	0.587	0.577	0.585	0.597
18:00:43	35.0	0.603	0.600	0.599	0.599	0.586	0.592	0.607	0.596	0.589	0.593	0.598	0.607	0.618	0.601	0.597	0.605	0.605	0.606	0.594	0.587	0.589	0.593	0.607	0.604	0.605	0.591	0.584	0.588	0.588	0.589	0.588	0.589	0.603	0.584	0.601	0.598	0.599	0.601	0.589	0.599	0.595	0.598	0.597	0.604	0.588	0.589	0.597	0.602	0.601	0.605	0.588	0.596	0.592	0.588	0.592	0.592	0.586	0.590	0.563	0.561	0.611	0.606	0.600	0.603	0.592	0.595	0.588	0.589	0.593	0.586	0.585	0.587	0.607	0.609	0.597	0.595	0.596	0.599	0.593	0.598	0.593	0.588	0.593	0.585	0.586	0.589	0.587	0.595	0.593	0.571	0.577	0.586	0.585	0.577	0.582	0.593
19:00:43	35.0	0.600	0.596	0.596	0.597	0.582	0.588	0.604	0.594	0.587	0.591	0.595	0.604	0.615	0.598	0.595	0.602	0.602	0.604	0.591	0.584	0.588	0.591	0.604	0.599	0.602	0.588	0.582	0.587	0.589	0.587	0.586	0.586	0.602	0.583	0.597	0.594	0.598	0.597	0.586	0.597	0.593	0.596	0.596	0.603	0.587	0.588	0.595	0.601	0.597	0.602	0.585	0.593	0.589	0.587	0.589	0.625	0.584	0.589	0.562	0.560	0.608	0.603	0.597	0.600	0.591	0.592	0.586	0.587	0.590	0.584	0.582	0.583	0.603	0.605	0.595	0.594	0.593	0.596	0.591	0.595	0.592	0.586	0.588	0.581	0.583	0.586	0.584	0.591	0.590	0.569	0.575	0.584	0.583	0.576	0.580	0.589
20:00:44	35.0	0.595	0.592	0.591	0.593	0.578	0.585	0.600	0.589	0.583	0.588	0.590	0.600	0.611	0.593	0.591	0.598	0.599	0.600	0.588	0.581	0.584	0.587	0.600	0.595	0.598	0.586	0.578	0.583	0.585	0.584	0.583	0.584	0.598	0.580	0.593	0.590	0.595	0.596	0.586	0.595	0.590	0.594	0.593	0.600	0.584	0.584	0.591	0.596	0.592	0.600	0.582	0.591	0.586	0.583	0.585	0.633	0.581	0.586	0.558	0.557	0.604	0.598	0.594	0.596	0.587	0.590	0.585	0.585	0.587	0.581	0.579	0.580	0.600	0.603	0.592	0.590	0.591	0.593	0.588	0.592	0.589	0.582	0.585	0.577	0.578	0.583	0.580	0.587	0.586	0.567	0.572	0.581	0.580	0.572	0.576	0.585
21:00:45	35.0	0.594	0.589	0.587	0.588	0.576	0.582	0.598	0.587	0.581	0.585	0.587	0.594	0.606	0.589	0.589	0.594	0.595	0.596	0.585	0.577	0.580	0.583	0.594	0.590	0.595	0.581	0.575	0.581	0.581	0.580	0.580	0.579	0.593	0.576	0.588	0.585	0.592	0.592	0.580	0.591	0.586	0.590	0.590	0.595	0.581	0.580	0.587	0.594	0.588	0.595	0.579	0.587	0.582	0.581	0.580	0.615	0.578	0.583	0.557	0.556	0.599	0.595	0.591	0.592	0.584	0.587	0.581	0.581	0.585	0.577	0.575	0.575	0.594	0.599	0.588	0.587	0.588	0.589	0.584	0.589	0.586	0.579	0.580	0.572	0.576	0.579	0.575	0.583	0.583	0.563	0.568	0.577	0.576	0.568	0.573	0.581
22:00:45	35.0	0.589	0.585	0.582	0.584	0.571	0.576	0.592	0.583	0.576	0.582	0.581	0.590	0.603	0.586	0.582	0.591	0.590	0.593	0.581	0.573	0.575	0.578	0.590	0.584	0.593	0.575	0.571	0.576	0.577	0.575	0.576	0.576	0.588	0.573	0.582	0.580	0.590	0.587	0.577	0.588	0.581	0.586	0.586	0.590	0.577	0.575	0.582	0.589	0.583	0.592	0.574	0.583	0.578	0.577	0.575	0.578	0.574	0.579	0.554	0.554	0.594	0.592	0.587	0.590	0.580	0.583	0.577	0.577	0.581	0.574	0.572	0.570	0.590	0.594	0.585	0.582	0.584	0.585	0.580	0.585	0.582	0.575	0.575	0.568	0.570	0.575	0.571	0.579	0.578	0.559	0.564	0.573	0.572	0.563	0.568	0.576
23:00:45	35.0	0.583	0.580	0.575	0.577	0.568	0.572	0.587	0.576	0.571	0.576	0.574	0.584	0.598	0.581	0.579	0.584	0.584	0.586	0.575	0.567	0.569	0.573	0.582	0.578	0.587	0.572	0.567	0.572	0.573	0.572	0.570	0.571	0.585	0.568	0.576	0.572	0.586	0.583	0.574	0.582	0.578	0.581	0.581	0.585	0.573	0.571	0.578	0.582	0.579	0.587	0.571	0.579	0.575	0.573	0.570	0.574	0.570	0.576	0.552	0.551	0.591	0.587	0.584	0.583	0.578	0.579	0.573	0.574	0.577	0.570	0.568	0.566	0.585	0.590	0.581	0.579	0.580	0.580	0.576	0.580	0.577	0.571	0.571	0.563	0.567	0.571	0.566	0.575	0.575	0.555	0.560	0.568	0.567	0.559	0.564	0.571
0:00:00																																																																																																	

Results
	1	2	3	4	5	6	7	8	9	10	11	12
A	0.965	0.918	0.918	0.926	0.890	0.924	0.903	0.904	0.883	0.889	0.918	0.922	Max V [600]
	0.999	0.999	1.000	0.999	0.999	1.000	0.998	0.998	0.999	0.999	0.999	0.999	R-Squared [600]
	8:00:38	7:00:38	8:00:38	8:00:38	7:00:38	8:00:38	8:00:38	8:00:38	8:00:38	8:00:38	7:00:38	8:00:38	t at Max V [600]
	4:35:19	4:28:33	4:31:41	4:36:13	4:22:05	4:23:47	4:35:58	4:36:30	4:34:08	4:34:45	4:23:15	4:39:48	Lagtime [600]
B	0.949	0.931	0.917	0.906	0.903	0.912	0.884	0.899	0.889	0.872	0.900	0.944	Max V [600]
	0.999	1.000	0.999	1.000	0.999	0.999	1.000	0.999	1.000	0.999	0.999	1.000	R-Squared [600]
	8:00:38	8:00:38	8:00:38	8:00:38	8:00:38	8:00:38	8:00:38	8:00:38	8:00:38	8:00:38	8:00:38	8:00:38	t at Max V [600]
	4:31:43	4:24:24	4:30:08	4:40:54	4:39:59	4:44:51	4:43:55	4:41:56	4:41:44	4:26:32	4:25:44	4:25:27	Lagtime [600]
C	0.953	0.918	0.877	0.890	0.905	0.856	0.876	0.894	0.910	0.876	0.901	0.927	Max V [600]
	0.999	1.000	0.999	1.000	1.000	0.999	0.999	0.998	0.998	0.999	0.999	1.000	R-Squared [600]
	8:00:38	8:00:38	8:00:38	8:00:38	8:00:38	8:00:38	8:00:38	8:00:38	8:00:38	8:00:38	8:00:38	8:00:38	t at Max V [600]
	4:50:18	4:30:21	4:32:51	4:44:30	4:43:18	4:49:12	4:49:20	4:45:08	4:40:44	4:40:01	4:31:06	4:33:35	Lagtime [600]
D	0.927	0.924	0.900	0.929	0.910	0.937	0.923	0.911	0.898	0.901	0.921	0.955	Max V [600]
	1.000	0.999	1.000	1.000	1.000	1.000	1.000	0.999	0.999	0.999	1.000	0.999	R-Squared [600]
	8:00:38	8:00:38	8:00:38	8:00:38	8:00:38	8:00:38	8:00:38	8:00:38	8:00:38	8:00:38	8:00:38	8:00:38	t at Max V [600]
	4:28:27	4:28:24	4:32:14	4:37:43	4:33:01	4:38:24	4:40:51	4:41:30	4:33:31	4:32:03	4:30:29	4:37:06	Lagtime [600]
E	0.937	0.910	0.895	0.904	0.903	0.921	0.897	0.890	0.895	0.884	0.842	0.868	Max V [600]
	1.000	1.000	0.999	1.000	1.000	1.000	0.999	0.999	1.000	0.999	0.999	0.999	R-Squared [600]
	8:00:38	8:00:38	8:00:38	8:00:38	8:00:38	8:00:38	8:00:38	8:00:38	8:00:38	8:00:38	8:00:38	7:00:38	t at Max V [600]
	4:39:18	4:37:25	4:32:34	4:27:58	4:35:40	4:32:29	4:45:18	5:33:59	4:32:37	4:33:42	4:31:11	4:27:49	Lagtime [600]
F	0.951	0.934	0.911	0.923	0.891	0.904	0.870	0.886	0.910	0.870	0.897	0.924	Max V [600]
	1.000	0.999	0.999	1.000	1.000	1.000	1.000	1.000	1.000	1.000	0.999	0.999	R-Squared [600]
	7:00:38	7:00:38	8:00:38	8:00:38	8:00:38	8:00:38	8:00:38	8:00:38	8:00:38	8:00:38	7:00:38	8:00:38	t at Max V [600]
	4:20:07	4:22:06	4:28:58	4:29:41	4:36:18	4:36:25	4:39:49	4:35:47	4:25:04	4:24:28	4:24:34	4:30:16	Lagtime [600]
G	0.969	0.951	0.922	0.907	0.914	0.913	0.916	0.929	0.886	0.893	0.931	0.945	Max V [600]
	1.000	1.000	0.999	1.000	1.000	0.999	1.000	0.999	1.000	1.000	0.998	0.999	R-Squared [600]
	7:00:38	7:00:38	8:00:38	8:00:38	8:00:38	8:00:38	8:00:38	8:00:38	8:00:38	8:00:38	8:00:38	7:00:38	t at Max V [600]
	4:20:42	4:19:44	4:26:45	4:26:07	4:31:13	4:29:16	4:27:27	4:30:36	4:21:32	4:18:44	4:22:41	4:22:00	Lagtime [600]
H	0.933	0.910	0.895	0.925	0.927	0.865	0.888	0.897	0.884	0.867	0.902	0.925	Max V [600]
	1.000	0.999	0.999	1.000	1.000	1.000	1.000	0.999	1.000	1.000	0.999	0.999	R-Squared [600]
	7:00:38	7:00:38	8:00:38	7:00:38	7:00:38	8:00:38	8:00:38	8:00:38	7:00:38	8:00:38	7:00:38	7:00:38	t at Max V [600]
	4:22:14	4:22:04	4:23:02	4:18:49	4:22:57	4:31:26	4:33:46	4:24:30	4:16:24	4:25:14	4:16:52	4:19:11	Lagtime [600]

