
Software Version	3.11.19



Experiment File Path:	C:\Users\patil-group\Desktop\Sweeteners_stacker\161121_NT5026_37_38_Rep1\NT5026_37_38_Rep1.xpt
Protocol File Path:	C:\Users\Public\Documents\Protocols\Screening-protocol.prt



Plate Number	Plate 7
Date	16/11/2021
Time	14:39:02
Reader Type:	Epoch 2
Reader Serial Number:	2103223
Reading Type	Reader

Procedure Details

Plate Type	96 WELL PLATE
Discontinuous Kinetics	Runtime 1:00:00 (D:HH:MM), Interval 0:01:00, 25 Reads
	Pause after each run
Eject plate on completion	
Shake	Linear: 0:00:30 (HH:MM:SS)
	Frequency: 567 cpm (3 mm)
Read	Absorbance Endpoint
	Full Plate
	Wavelengths:  600
	Read Speed: Normal,  Delay: 100 msec,  Measurements/Data Point: 8

600

Time	T° 600	A1	A2	A3	A4	A5	A6	A7	A8	A9	A10	A11	A12	B1	B2	B3	B4	B5	B6	B7	B8	B9	B10	B11	B12	C1	C2	C3	C4	C5	C6	C7	C8	C9	C10	C11	C12	D1	D2	D3	D4	D5	D6	D7	D8	D9	D10	D11	D12	E1	E2	E3	E4	E5	E6	E7	E8	E9	E10	E11	E12	F1	F2	F3	F4	F5	F6	F7	F8	F9	F10	F11	F12	G1	G2	G3	G4	G5	G6	G7	G8	G9	G10	G11	G12	H1	H2	H3	H4	H5	H6	H7	H8	H9	H10	H11	H12
0:00:34	34.8	0.167	0.164	0.169	0.179	0.181	0.175	0.175	0.174	0.178	0.174	0.178	0.189	0.170	0.176	0.172	0.174	0.225	0.216	0.176	0.176	0.180	0.172	0.180	0.178	0.181	0.169	0.175	0.194	0.217	0.226	0.219	0.200	0.183	0.172	0.177	0.173	0.168	0.171	0.177	0.176	0.180	0.200	0.169	0.176	0.181	0.181	0.172	0.175	0.171	0.174	0.191	0.172	0.177	0.189	0.171	0.167	0.167	0.168	0.169	0.169	0.169	0.175	0.172	0.170	0.182	0.175	0.172	0.174	0.171	0.169	0.178	0.172	0.169	0.168	0.174	0.171	0.175	0.175	0.175	0.177	0.169	0.172	0.176	0.172	0.174	0.171	0.171	0.174	0.176	0.169	0.170	0.169	0.172	0.171	0.175	0.176
01:00:34	34.9	0.168	0.166	0.171	0.175	0.183	0.176	0.176	0.173	0.179	0.187	0.18	0.188	0.17	0.177	0.173	0.174	0.178	0.172	0.177	0.175	0.183	0.174	0.179	0.176	0.179	0.17	0.177	0.181	0.187	0.171	0.18	0.178	0.171	0.172	0.176	0.173	0.168	0.172	0.181	0.175	0.178	0.177	0.167	0.175	0.17	0.18	0.172	0.174	0.171	0.174	0.179	0.172	0.179	0.174	0.17	0.167	0.173	0.171	0.168	0.169	0.169	0.176	0.175	0.17	0.181	0.176	0.171	0.174	0.176	0.177	0.179	0.172	0.169	0.169	0.174	0.172	0.176	0.175	0.175	0.178	0.169	0.181	0.182	0.171	0.174	0.172	0.171	0.173	0.178	0.169	0.171	0.169	0.171	0.172	0.176	0.176
02:00:34	35.1	0.18	0.178	0.182	0.186	0.197	0.188	0.187	0.182	0.194	0.19	0.194	0.202	0.182	0.189	0.186	0.185	0.189	0.182	0.186	0.185	0.194	0.187	0.192	0.187	0.19	0.18	0.186	0.188	0.196	0.179	0.189	0.187	0.182	0.182	0.186	0.185	0.179	0.18	0.188	0.183	0.19	0.185	0.176	0.183	0.179	0.188	0.182	0.184	0.183	0.185	0.189	0.181	0.19	0.182	0.176	0.183	0.183	0.181	0.179	0.183	0.181	0.185	0.185	0.18	0.191	0.185	0.18	0.184	0.186	0.186	0.189	0.183	0.182	0.181	0.184	0.182	0.186	0.185	0.185	0.187	0.179	0.192	0.193	0.183	0.19	0.185	0.183	0.186	0.19	0.18	0.183	0.182	0.184	0.183	0.188	0.188
03:00:34	35.1	0.205	0.202	0.204	0.211	0.224	0.214	0.211	0.205	0.219	0.215	0.219	0.225	0.207	0.212	0.211	0.207	0.216	0.21	0.21	0.209	0.219	0.213	0.218	0.214	0.213	0.202	0.208	0.21	0.218	0.199	0.21	0.208	0.205	0.204	0.208	0.209	0.204	0.202	0.21	0.205	0.213	0.206	0.197	0.204	0.2	0.208	0.204	0.205	0.207	0.207	0.21	0.204	0.213	0.203	0.193	0.199	0.205	0.203	0.201	0.209	0.205	0.207	0.207	0.202	0.212	0.206	0.201	0.206	0.208	0.209	0.207	0.206	0.206	0.204	0.207	0.205	0.209	0.208	0.206	0.209	0.202	0.214	0.214	0.203	0.217	0.212	0.208	0.21	0.214	0.203	0.205	0.203	0.206	0.206	0.21	0.209
04:00:34	35.1	0.231	0.23	0.233	0.238	0.251	0.245	0.237	0.238	0.243	0.243	0.244	0.245	0.234	0.241	0.241	0.238	0.252	0.243	0.242	0.24	0.248	0.241	0.245	0.237	0.24	0.231	0.237	0.241	0.248	0.229	0.24	0.239	0.235	0.232	0.235	0.236	0.23	0.233	0.239	0.235	0.246	0.231	0.226	0.234	0.229	0.237	0.232	0.232	0.237	0.238	0.241	0.235	0.246	0.231	0.217	0.226	0.231	0.232	0.228	0.234	0.234	0.237	0.237	0.235	0.24	0.235	0.23	0.236	0.236	0.237	0.241	0.238	0.234	0.233	0.235	0.233	0.239	0.237	0.236	0.238	0.229	0.244	0.241	0.23	0.241	0.24	0.234	0.237	0.244	0.232	0.234	0.231	0.234	0.231	0.24	0.237
05:00:34	35.1	0.231	0.23	0.237	0.238	0.258	0.247	0.237	0.239	0.242	0.236	0.239	0.244	0.234	0.242	0.245	0.244	0.257	0.244	0.251	0.249	0.255	0.251	0.244	0.238	0.243	0.246	0.248	0.256	0.264	0.243	0.252	0.248	0.241	0.242	0.243	0.237	0.237	0.244	0.253	0.249	0.257	0.25	0.241	0.244	0.245	0.254	0.24	0.24	0.248	0.25	0.255	0.246	0.261	0.25	0.246	0.248	0.245	0.245	0.244	0.246	0.247	0.253	0.251	0.246	0.257	0.253	0.253	0.255	0.255	0.246	0.258	0.239	0.243	0.243	0.244	0.241	0.248	0.251	0.25	0.245	0.245	0.254	0.253	0.24	0.26	0.259	0.251	0.244	0.261	0.243	0.251	0.249	0.241	0.241	0.247	0.258
06:00:34	35	0.237	0.234	0.238	0.241	0.253	0.244	0.233	0.237	0.241	0.239	0.238	0.242	0.266	0.245	0.246	0.243	0.255	0.242	0.253	0.247	0.253	0.241	0.241	0.235	0.247	0.238	0.248	0.249	0.256	0.239	0.251	0.25	0.237	0.244	0.245	0.271	0.235	0.248	0.25	0.263	0.259	0.247	0.239	0.249	0.261	0.261	0.239	0.242	0.24	0.249	0.257	0.245	0.253	0.25	0.256	0.261	0.249	0.245	0.264	0.252	0.268	0.25	0.254	0.248	0.263	0.257	0.251	0.258	0.256	0.249	0.259	0.249	0.269	0.249	0.247	0.242	0.265	0.255	0.259	0.255	0.245	0.252	0.253	0.254	0.3	0.261	0.258	0.251	0.251	0.254	0.254	0.246	0.248	0.245	0.253	0.285
07:00:34	35	0.26	0.253	0.257	0.264	0.273	0.261	0.265	0.252	0.295	0.272	0.255	0.266	0.272	0.264	0.292	0.257	0.296	0.335	0.265	0.266	0.268	0.301	0.258	0.264	0.301	0.268	0.279	0.271	0.272	0.285	0.261	0.264	0.254	0.247	0.259	0.283	0.329	0.296	0.3	0.28	0.286	0.257	0.297	0.26	0.297	0.32	0.261	0.269	0.32	0.405	0.292	0.254	0.28	0.256	0.263	0.261	0.295	0.26	0.255	0.325	0.313	0.338	0.288	0.297	0.298	0.265	0.27	0.307	0.276	0.265	0.271	0.261	0.348	0.309	0.296	0.253	0.286	0.312	0.259	0.31	0.282	0.31	0.37	0.256	0.359	0.407	0.336	0.38	0.284	0.369	0.307	0.352	0.39	0.426	0.397	0.404
08:00:34	35	0.255	0.259	0.255	0.261	0.27	0.258	0.25	0.25	0.294	0.254	0.256	0.276	0.287	0.268	0.265	0.257	0.271	0.261	0.264	0.269	0.268	0.276	0.265	0.261	0.262	0.266	0.276	0.371	0.308	0.312	0.27	0.351	0.258	0.262	0.261	0.274	0.332	0.408	0.332	0.271	0.373	0.339	0.342	0.328	0.396	0.409	0.313	0.26	0.268	0.302	0.283	0.34	0.304	0.314	0.31	0.344	0.282	0.361	0.31	0.26	0.339	0.311	0.332	0.416	0.466	0.272	0.375	0.331	0.323	0.317	0.344	0.296	0.371	0.315	0.317	0.408	0.332	0.334	0.279	0.358	0.377	0.346	0.331	0.435	0.385	0.402	0.271	0.286	0.275	0.277	0.342	0.312	0.315	0.368	0.39	0.377
09:00:34	34.9	0.261	0.251	0.253	0.262	0.265	0.252	0.248	0.281	0.259	0.275	0.26	0.283	0.259	0.261	0.259	0.262	0.266	0.255	0.267	0.263	0.264	0.26	0.258	0.263	0.29	0.268	0.265	0.336	0.274	0.319	0.29	0.355	0.252	0.278	0.284	0.277	0.268	0.346	0.286	0.354	0.425	0.415	0.282	0.432	0.332	0.38	0.261	0.281	0.28	0.298	0.306	0.329	0.337	0.355	0.285	0.309	0.299	0.334	0.286	0.271	0.308	0.278	0.323	0.391	0.533	0.271	0.293	0.37	0.31	0.295	0.267	0.266	0.376	0.28	0.273	0.349	0.339	0.4	0.415	0.293	0.421	0.364	0.401	0.365	0.449	0.403	0.251	0.341	0.263	0.32	0.348	0.289	0.305	0.358	0.295	0.355
10:00:34	34.9	0.253	0.244	0.256	0.252	0.267	0.253	0.261	0.258	0.277	0.3	0.288	0.307	0.268	0.259	0.254	0.257	0.267	0.255	0.276	0.255	0.263	0.249	0.253	0.288	0.328	0.256	0.274	0.348	0.277	0.267	0.283	0.283	0.26	0.349	0.304	0.305	0.393	0.329	0.391	0.349	0.382	0.368	0.256	0.376	0.35	0.286	0.285	0.349	0.281	0.282	0.298	0.292	0.264	0.41	0.266	0.341	0.316	0.307	0.335	0.27	0.346	0.261	0.329	0.394	0.302	0.262	0.273	0.362	0.335	0.29	0.307	0.27	0.322	0.274	0.291	0.347	0.337	0.389	0.326	0.406	0.382	0.325	0.339	0.359	0.32	0.353	0.418	0.306	0.285	0.349	0.315	0.333	0.275	0.349	0.338	0.351
11:00:34	34.9	0.244	0.253	0.258	0.249	0.257	0.246	0.26	0.245	0.265	0.282	0.26	0.331	0.282	0.277	0.266	0.257	0.26	0.255	0.262	0.254	0.261	0.253	0.286	0.278	0.317	0.257	0.258	0.271	0.271	0.274	0.278	0.26	0.253	0.275	0.321	0.295	0.256	0.345	0.319	0.283	0.308	0.323	0.277	0.296	0.366	0.339	0.296	0.371	0.372	0.285	0.291	0.315	0.286	0.302	0.352	0.286	0.296	0.277	0.33	0.272	0.314	0.27	0.362	0.319	0.415	0.318	0.32	0.299	0.355	0.295	0.297	0.258	0.338	0.267	0.372	0.412	0.309	0.387	0.352	0.351	0.379	0.334	0.319	0.331	0.338	0.351	0.444	0.31	0.29	0.31	0.332	0.335	0.35	0.344	0.363	0.311
12:00:34	34.9	0.26	0.243	0.257	0.247	0.262	0.242	0.255	0.244	0.26	0.279	0.255	0.271	0.28	0.264	0.27	0.249	0.266	0.261	0.255	0.259	0.258	0.257	0.296	0.26	0.284	0.273	0.285	0.286	0.27	0.261	0.256	0.318	0.299	0.354	0.296	0.296	0.297	0.335	0.359	0.339	0.294	0.37	0.334	0.408	0.343	0.279	0.327	0.341	0.292	0.358	0.3	0.302	0.315	0.287	0.291	0.284	0.325	0.294	0.308	0.316	0.307	0.297	0.328	0.331	0.446	0.326	0.257	0.292	0.35	0.312	0.318	0.282	0.317	0.305	0.342	0.39	0.408	0.408	0.377	0.341	0.394	0.325	0.331	0.346	0.369	0.369	0.372	0.365	0.407	0.339	0.349	0.324	0.361	0.404	0.331	0.311
13:00:34	34.9	0.244	0.242	0.257	0.259	0.278	0.243	0.245	0.251	0.255	0.249	0.257	0.264	0.25	0.262	0.252	0.249	0.27	0.267	0.262	0.252	0.268	0.258	0.254	0.254	0.283	0.273	0.332	0.292	0.374	0.31	0.325	0.27	0.296	0.29	0.352	0.339	0.307	0.295	0.289	0.294	0.275	0.344	0.289	0.325	0.284	0.289	0.248	0.327	0.288	0.362	0.3	0.266	0.288	0.3	0.316	0.294	0.3	0.309	0.302	0.335	0.293	0.282	0.259	0.294	0.359	0.384	0.293	0.289	0.299	0.278	0.337	0.256	0.265	0.287	0.319	0.306	0.354	0.327	0.388	0.375	0.321	0.336	0.33	0.356	0.317	0.337	0.308	0.317	0.373	0.338	0.355	0.32	0.334	0.313	0.279	0.29
14:00:34	35	0.254	0.257	0.281	0.25	0.265	0.252	0.255	0.25	0.255	0.249	0.252	0.253	0.255	0.26	0.255	0.251	0.272	0.264	0.27	0.255	0.265	0.256	0.262	0.261	0.275	0.263	0.263	0.26	0.311	0.248	0.294	0.298	0.299	0.282	0.292	0.26	0.262	0.284	0.304	0.28	0.284	0.313	0.263	0.255	0.275	0.274	0.255	0.316	0.267	0.278	0.288	0.275	0.302	0.281	0.289	0.272	0.284	0.273	0.315	0.301	0.275	0.306	0.295	0.28	0.421	0.338	0.323	0.285	0.298	0.27	0.334	0.286	0.258	0.266	0.264	0.347	0.38	0.3	0.287	0.311	0.339	0.277	0.308	0.259	0.277	0.268	0.293	0.286	0.31	0.322	0.349	0.306	0.301	0.26	0.271	0.258
15:00:34	34.9	0.259	0.253	0.26	0.261	0.265	0.266	0.259	0.258	0.264	0.259	0.26	0.267	0.255	0.265	0.26	0.262	0.277	0.271	0.259	0.255	0.263	0.26	0.263	0.257	0.266	0.26	0.276	0.272	0.272	0.259	0.293	0.262	0.265	0.262	0.256	0.268	0.261	0.266	0.272	0.281	0.265	0.276	0.256	0.256	0.302	0.268	0.257	0.258	0.26	0.264	0.262	0.289	0.286	0.256	0.251	0.256	0.284	0.268	0.258	0.253	0.26	0.264	0.26	0.26	0.3	0.383	0.26	0.262	0.262	0.271	0.268	0.253	0.256	0.262	0.26	0.276	0.262	0.288	0.262	0.264	0.258	0.276	0.3	0.259	0.266	0.26	0.26	0.26	0.286	0.274	0.264	0.263	0.287	0.253	0.261	0.261
16:00:34	34.9	0.257	0.252	0.256	0.26	0.268	0.259	0.261	0.256	0.267	0.258	0.264	0.263	0.256	0.262	0.261	0.263	0.27	0.263	0.263	0.26	0.267	0.26	0.264	0.259	0.258	0.257	0.264	0.268	0.272	0.257	0.265	0.263	0.255	0.26	0.258	0.256	0.26	0.261	0.343	0.267	0.265	0.267	0.253	0.258	0.295	0.308	0.256	0.255	0.256	0.265	0.269	0.267	0.275	0.277	0.248	0.258	0.26	0.26	0.258	0.254	0.259	0.265	0.262	0.26	0.271	0.297	0.264	0.261	0.265	0.266	0.268	0.257	0.256	0.258	0.259	0.257	0.264	0.263	0.256	0.257	0.254	0.261	0.267	0.257	0.263	0.26	0.259	0.261	0.264	0.254	0.256	0.255	0.252	0.255	0.261	0.259
17:00:34	34.9	0.256	0.255	0.257	0.261	0.266	0.259	0.256	0.253	0.268	0.254	0.262	0.262	0.254	0.261	0.258	0.261	0.269	0.264	0.262	0.259	0.266	0.259	0.26	0.257	0.261	0.256	0.265	0.267	0.273	0.259	0.268	0.264	0.256	0.259	0.256	0.256	0.258	0.262	0.266	0.267	0.265	0.263	0.252	0.258	0.278	0.28	0.255	0.253	0.256	0.261	0.269	0.263	0.264	0.259	0.247	0.257	0.256	0.258	0.258	0.253	0.259	0.264	0.262	0.257	0.269	0.263	0.26	0.261	0.263	0.264	0.266	0.255	0.253	0.257	0.259	0.255	0.309	0.26	0.255	0.256	0.253	0.258	0.264	0.258	0.258	0.256	0.256	0.259	0.263	0.254	0.255	0.252	0.252	0.253	0.26	0.257
18:00:34	34.9	0.254	0.255	0.256	0.26	0.267	0.256	0.256	0.254	0.265	0.257	0.26	0.258	0.253	0.26	0.258	0.263	0.268	0.263	0.263	0.259	0.263	0.258	0.259	0.254	0.258	0.256	0.266	0.266	0.273	0.259	0.267	0.262	0.253	0.258	0.255	0.254	0.254	0.261	0.269	0.267	0.265	0.265	0.252	0.256	0.263	0.27	0.254	0.255	0.254	0.263	0.266	0.26	0.266	0.259	0.248	0.256	0.258	0.255	0.255	0.254	0.257	0.264	0.259	0.259	0.267	0.26	0.258	0.259	0.262	0.26	0.263	0.256	0.252	0.255	0.258	0.256	0.259	0.259	0.255	0.257	0.251	0.258	0.263	0.253	0.257	0.257	0.26	0.258	0.261	0.252	0.254	0.252	0.253	0.254	0.256	0.256
19:00:34	34.9	0.249	0.252	0.257	0.257	0.265	0.259	0.258	0.252	0.267	0.258	0.258	0.258	0.255	0.259	0.263	0.258	0.267	0.262	0.261	0.257	0.263	0.26	0.259	0.254	0.256	0.256	0.265	0.266	0.272	0.262	0.265	0.262	0.25	0.255	0.255	0.25	0.254	0.258	0.267	0.265	0.265	0.264	0.251	0.257	0.26	0.27	0.251	0.253	0.252	0.262	0.268	0.261	0.267	0.257	0.248	0.259	0.256	0.256	0.254	0.252	0.256	0.263	0.259	0.257	0.267	0.259	0.258	0.258	0.26	0.259	0.263	0.254	0.252	0.254	0.258	0.253	0.258	0.257	0.254	0.254	0.251	0.258	0.261	0.253	0.257	0.258	0.254	0.258	0.259	0.25	0.253	0.251	0.253	0.254	0.257	0.255
20:00:34	35.1	0.253	0.252	0.255	0.259	0.263	0.257	0.261	0.252	0.266	0.257	0.259	0.259	0.255	0.264	0.261	0.261	0.268	0.266	0.26	0.255	0.267	0.26	0.256	0.255	0.259	0.257	0.264	0.267	0.275	0.257	0.268	0.261	0.253	0.258	0.259	0.253	0.256	0.26	0.265	0.264	0.266	0.264	0.249	0.255	0.258	0.27	0.25	0.252	0.254	0.263	0.266	0.263	0.266	0.257	0.248	0.26	0.255	0.257	0.252	0.251	0.256	0.264	0.258	0.259	0.267	0.261	0.26	0.259	0.259	0.261	0.262	0.254	0.251	0.254	0.259	0.253	0.258	0.255	0.254	0.258	0.25	0.257	0.263	0.253	0.258	0.257	0.257	0.257	0.26	0.25	0.253	0.254	0.251	0.255	0.258	0.256
21:00:34	35.1	0.251	0.249	0.254	0.257	0.261	0.256	0.255	0.252	0.267	0.252	0.258	0.259	0.249	0.257	0.255	0.255	0.266	0.26	0.259	0.254	0.263	0.258	0.258	0.253	0.252	0.253	0.262	0.264	0.267	0.256	0.266	0.261	0.252	0.255	0.253	0.259	0.249	0.26	0.264	0.263	0.265	0.264	0.251	0.255	0.258	0.269	0.252	0.252	0.254	0.263	0.264	0.26	0.266	0.255	0.248	0.258	0.253	0.256	0.251	0.253	0.254	0.263	0.258	0.257	0.264	0.262	0.259	0.26	0.26	0.259	0.262	0.251	0.252	0.253	0.256	0.252	0.258	0.255	0.254	0.254	0.248	0.258	0.26	0.251	0.259	0.253	0.253	0.255	0.261	0.25	0.252	0.253	0.252	0.251	0.256	0.254
22:00:34	35.1	0.249	0.248	0.253	0.255	0.261	0.255	0.253	0.252	0.265	0.254	0.258	0.258	0.252	0.257	0.257	0.254	0.265	0.259	0.258	0.258	0.265	0.256	0.256	0.254	0.251	0.256	0.264	0.262	0.266	0.258	0.262	0.259	0.253	0.256	0.254	0.254	0.248	0.258	0.264	0.263	0.263	0.265	0.25	0.252	0.257	0.266	0.248	0.251	0.251	0.259	0.264	0.259	0.266	0.256	0.247	0.256	0.253	0.257	0.251	0.252	0.255	0.262	0.257	0.26	0.263	0.258	0.256	0.257	0.258	0.257	0.261	0.251	0.252	0.252	0.256	0.257	0.256	0.256	0.252	0.252	0.25	0.254	0.262	0.252	0.256	0.254	0.254	0.253	0.257	0.252	0.254	0.253	0.25	0.252	0.254	0.256
23:00:34	35.2	0.249	0.246	0.253	0.258	0.261	0.255	0.256	0.251	0.264	0.251	0.256	0.257	0.254	0.26	0.257	0.255	0.269	0.259	0.259	0.254	0.265	0.256	0.256	0.253	0.256	0.254	0.263	0.264	0.269	0.256	0.262	0.261	0.252	0.254	0.255	0.252	0.251	0.26	0.264	0.263	0.264	0.262	0.249	0.253	0.257	0.268	0.251	0.249	0.252	0.259	0.267	0.259	0.267	0.258	0.247	0.253	0.252	0.254	0.254	0.249	0.258	0.26	0.258	0.258	0.265	0.262	0.26	0.257	0.26	0.26	0.259	0.254	0.249	0.252	0.252	0.251	0.258	0.256	0.256	0.254	0.249	0.261	0.261	0.251	0.26	0.258	0.255	0.255	0.262	0.248	0.253	0.254	0.252	0.257	0.256	0.258
0:00:00																																																																																																	
0:00:00																																																																																																	
0:00:00																																																																																																	
0:00:00																																																																																																	
0:00:00																																																																																																	
0:00:00																																																																																																	
0:00:00																																																																																																	
0:00:00																																																																																																	
0:00:00																																																																																																	
0:00:00																																																																																																	
0:00:00																																																																																																	
0:00:00																																																																																																	
0:00:00																																																																																																	
0:00:00																																																																																																	
0:00:00																																																																																																	
0:00:00																																																																																																	
0:00:00																																																																																																	
0:00:00																																																																																																	
0:00:00																																																																																																	
0:00:00																																																																																																	
0:00:00																																																																																																	
0:00:00																																																																																																	
0:00:00																																																																																																	
0:00:00																																																																																																	

Results
	1	2	3	4	5	6	7	8	9	10	11	12
A	?????	?????	?????	?????	?????	?????	?????	?????	?????	?????	?????	?????	Max V [600]
	?????	?????	?????	?????	?????	?????	?????	?????	?????	?????	?????	?????	R-Squared [600]
	?????	?????	?????	?????	?????	?????	?????	?????	?????	?????	?????	?????	t at Max V [600]
	?????	?????	?????	?????	?????	?????	?????	?????	?????	?????	?????	?????	Lagtime [600]
B	?????	?????	?????	?????	?????	?????	?????	?????	?????	?????	?????	?????	Max V [600]
	?????	?????	?????	?????	?????	?????	?????	?????	?????	?????	?????	?????	R-Squared [600]
	?????	?????	?????	?????	?????	?????	?????	?????	?????	?????	?????	?????	t at Max V [600]
	?????	?????	?????	?????	?????	?????	?????	?????	?????	?????	?????	?????	Lagtime [600]
C	?????	?????	?????	?????	?????	?????	?????	?????	?????	?????	?????	?????	Max V [600]
	?????	?????	?????	?????	?????	?????	?????	?????	?????	?????	?????	?????	R-Squared [600]
	?????	?????	?????	?????	?????	?????	?????	?????	?????	?????	?????	?????	t at Max V [600]
	?????	?????	?????	?????	?????	?????	?????	?????	?????	?????	?????	?????	Lagtime [600]
D	?????	?????	?????	?????	?????	?????	?????	?????	?????	?????	?????	?????	Max V [600]
	?????	?????	?????	?????	?????	?????	?????	?????	?????	?????	?????	?????	R-Squared [600]
	?????	?????	?????	?????	?????	?????	?????	?????	?????	?????	?????	?????	t at Max V [600]
	?????	?????	?????	?????	?????	?????	?????	?????	?????	?????	?????	?????	Lagtime [600]
E	?????	?????	?????	?????	?????	?????	?????	?????	?????	?????	?????	?????	Max V [600]
	?????	?????	?????	?????	?????	?????	?????	?????	?????	?????	?????	?????	R-Squared [600]
	?????	?????	?????	?????	?????	?????	?????	?????	?????	?????	?????	?????	t at Max V [600]
	?????	?????	?????	?????	?????	?????	?????	?????	?????	?????	?????	?????	Lagtime [600]
F	?????	?????	?????	?????	?????	?????	?????	?????	?????	?????	?????	?????	Max V [600]
	?????	?????	?????	?????	?????	?????	?????	?????	?????	?????	?????	?????	R-Squared [600]
	?????	?????	?????	?????	?????	?????	?????	?????	?????	?????	?????	?????	t at Max V [600]
	?????	?????	?????	?????	?????	?????	?????	?????	?????	?????	?????	?????	Lagtime [600]
G	?????	?????	?????	?????	?????	?????	?????	?????	?????	?????	?????	?????	Max V [600]
	?????	?????	?????	?????	?????	?????	?????	?????	?????	?????	?????	?????	R-Squared [600]
	?????	?????	?????	?????	?????	?????	?????	?????	?????	?????	?????	?????	t at Max V [600]
	?????	?????	?????	?????	?????	?????	?????	?????	?????	?????	?????	?????	Lagtime [600]
H	?????	?????	?????	?????	?????	?????	?????	?????	?????	?????	?????	?????	Max V [600]
	?????	?????	?????	?????	?????	?????	?????	?????	?????	?????	?????	?????	R-Squared [600]
	?????	?????	?????	?????	?????	?????	?????	?????	?????	?????	?????	?????	t at Max V [600]
	?????	?????	?????	?????	?????	?????	?????	?????	?????	?????	?????	?????	Lagtime [600]


