
Software Version	3.11.19



Experiment File Path:	C:\Users\patil-group\Desktop\Sweeteners_stacker\161121_NT5026_37_38_Rep1\NT5026_37_38_Rep1.xpt
Protocol File Path:	C:\Users\Public\Documents\Protocols\Screening-protocol.prt



Plate Number	Plate 12
Date	16/11/2021
Time	14:53:34
Reader Type:	Epoch 2
Reader Serial Number:	2103223
Reading Type	Reader

Procedure Details

Plate Type	96 WELL PLATE
Discontinuous Kinetics	Runtime 1:00:00 (D:HH:MM), Interval 0:01:00, 25 Reads
	Pause after each run
Eject plate on completion	
Shake	Linear: 0:00:30 (HH:MM:SS)
	Frequency: 567 cpm (3 mm)
Read	Absorbance Endpoint
	Full Plate
	Wavelengths:  600
	Read Speed: Normal,  Delay: 100 msec,  Measurements/Data Point: 8

600

Time	T° 600	A1	A2	A3	A4	A5	A6	A7	A8	A9	A10	A11	A12	B1	B2	B3	B4	B5	B6	B7	B8	B9	B10	B11	B12	C1	C2	C3	C4	C5	C6	C7	C8	C9	C10	C11	C12	D1	D2	D3	D4	D5	D6	D7	D8	D9	D10	D11	D12	E1	E2	E3	E4	E5	E6	E7	E8	E9	E10	E11	E12	F1	F2	F3	F4	F5	F6	F7	F8	F9	F10	F11	F12	G1	G2	G3	G4	G5	G6	G7	G8	G9	G10	G11	G12	H1	H2	H3	H4	H5	H6	H7	H8	H9	H10	H11	H12
0:00:34	34.5	0.175	0.171	0.174	0.177	0.183	0.171	0.176	0.178	0.171	0.176	0.172	0.178	0.174	0.174	0.177	0.177	0.189	0.170	0.177	0.172	0.174	0.177	0.173	0.170	0.175	0.176	0.175	0.175	0.189	0.174	0.176	0.174	0.175	0.176	0.167	0.174	0.180	0.182	0.183	0.180	0.171	0.170	0.173	0.175	0.171	0.171	0.172	0.180	0.175	0.178	0.175	0.181	0.179	0.169	0.177	0.174	0.171	0.173	0.177	0.169	0.181	0.177	0.175	0.179	0.178	0.174	0.168	0.175	0.174	0.174	0.172	0.171	0.179	0.180	0.188	0.179	0.179	0.169	0.173	0.173	0.179	0.175	0.173	0.177	0.173	0.182	0.179	0.196	0.174	0.181	0.173	0.177	0.176	0.179	0.181	0.179
01:00:34	34.9	0.178	0.173	0.178	0.177	0.184	0.173	0.175	0.179	0.177	0.179	0.183	0.18	0.175	0.176	0.177	0.178	0.181	0.172	0.177	0.173	0.173	0.179	0.184	0.172	0.177	0.178	0.177	0.178	0.192	0.177	0.177	0.174	0.174	0.178	0.17	0.174	0.182	0.182	0.185	0.188	0.171	0.171	0.183	0.174	0.171	0.18	0.173	0.18	0.176	0.177	0.176	0.194	0.177	0.175	0.178	0.173	0.169	0.178	0.183	0.169	0.182	0.189	0.175	0.177	0.177	0.172	0.166	0.176	0.173	0.174	0.172	0.171	0.181	0.181	0.188	0.179	0.179	0.169	0.173	0.173	0.181	0.174	0.173	0.177	0.176	0.182	0.179	0.187	0.175	0.179	0.171	0.177	0.174	0.179	0.182	0.179
02:00:34	35.1	0.194	0.189	0.193	0.192	0.199	0.187	0.19	0.194	0.193	0.197	0.202	0.197	0.19	0.19	0.189	0.191	0.195	0.186	0.19	0.184	0.183	0.192	0.199	0.185	0.191	0.191	0.189	0.19	0.203	0.188	0.186	0.185	0.185	0.191	0.183	0.188	0.196	0.194	0.196	0.197	0.18	0.18	0.191	0.182	0.18	0.19	0.184	0.194	0.189	0.187	0.184	0.2	0.185	0.183	0.186	0.18	0.177	0.187	0.189	0.183	0.197	0.199	0.185	0.186	0.186	0.181	0.172	0.182	0.179	0.185	0.184	0.185	0.198	0.194	0.2	0.19	0.192	0.18	0.184	0.184	0.193	0.186	0.187	0.192	0.195	0.198	0.193	0.199	0.189	0.192	0.185	0.191	0.189	0.195	0.198	0.197
03:00:34	35.1	0.22	0.214	0.219	0.216	0.226	0.213	0.216	0.219	0.219	0.224	0.229	0.223	0.215	0.214	0.212	0.214	0.22	0.21	0.213	0.207	0.202	0.214	0.223	0.208	0.215	0.216	0.211	0.212	0.224	0.21	0.206	0.204	0.206	0.214	0.209	0.21	0.22	0.217	0.218	0.218	0.2	0.2	0.211	0.202	0.201	0.21	0.206	0.217	0.212	0.208	0.205	0.217	0.203	0.202	0.206	0.2	0.197	0.21	0.212	0.208	0.221	0.221	0.207	0.207	0.207	0.201	0.189	0.199	0.195	0.207	0.208	0.209	0.222	0.219	0.222	0.211	0.214	0.202	0.205	0.207	0.215	0.21	0.211	0.217	0.223	0.224	0.218	0.223	0.214	0.216	0.209	0.216	0.213	0.221	0.223	0.223
04:00:34	35.1	0.248	0.247	0.247	0.249	0.256	0.245	0.246	0.252	0.248	0.248	0.249	0.245	0.248	0.243	0.243	0.244	0.253	0.244	0.243	0.235	0.228	0.242	0.251	0.234	0.247	0.249	0.243	0.243	0.252	0.241	0.235	0.234	0.236	0.245	0.237	0.242	0.25	0.246	0.245	0.243	0.23	0.229	0.238	0.228	0.227	0.238	0.237	0.247	0.253	0.235	0.233	0.239	0.23	0.229	0.232	0.227	0.224	0.24	0.241	0.239	0.246	0.249	0.235	0.236	0.233	0.226	0.213	0.225	0.221	0.237	0.238	0.238	0.252	0.25	0.253	0.239	0.243	0.232	0.235	0.243	0.246	0.241	0.242	0.244	0.252	0.256	0.25	0.257	0.245	0.25	0.237	0.25	0.245	0.251	0.255	0.253
05:00:34	35	0.251	0.251	0.25	0.253	0.266	0.257	0.259	0.265	0.261	0.253	0.254	0.247	0.248	0.249	0.272	0.263	0.271	0.264	0.275	0.26	0.246	0.26	0.258	0.235	0.249	0.258	0.264	0.27	0.277	0.268	0.26	0.255	0.255	0.257	0.248	0.238	0.252	0.271	0.266	0.267	0.257	0.257	0.267	0.254	0.255	0.263	0.255	0.257	0.26	0.258	0.264	0.265	0.256	0.257	0.262	0.256	0.254	0.268	0.256	0.243	0.255	0.268	0.262	0.263	0.268	0.254	0.243	0.259	0.26	0.265	0.259	0.25	0.258	0.265	0.27	0.262	0.266	0.252	0.259	0.265	0.267	0.262	0.252	0.254	0.254	0.255	0.26	0.277	0.265	0.263	0.256	0.27	0.265	0.267	0.271	0.259
06:00:34	35	0.249	0.249	0.249	0.253	0.263	0.259	0.254	0.258	0.257	0.248	0.252	0.241	0.249	0.249	0.269	0.264	0.266	0.26	0.272	0.258	0.248	0.252	0.255	0.23	0.247	0.252	0.261	0.262	0.282	0.272	0.272	0.269	0.258	0.258	0.251	0.241	0.247	0.259	0.265	0.273	0.268	0.272	0.277	0.273	0.261	0.266	0.254	0.246	0.261	0.271	0.275	0.286	0.272	0.272	0.28	0.27	0.264	0.274	0.255	0.248	0.254	0.268	0.263	0.273	0.281	0.272	0.267	0.282	0.28	0.259	0.262	0.25	0.257	0.27	0.273	0.261	0.269	0.256	0.264	0.27	0.271	0.264	0.249	0.259	0.26	0.275	0.261	0.271	0.263	0.266	0.254	0.3	0.264	0.271	0.282	0.261
07:00:34	35	0.269	0.272	0.266	0.278	0.286	0.278	0.278	0.282	0.278	0.268	0.27	0.277	0.27	0.27	0.277	0.281	0.293	0.283	0.277	0.268	0.248	0.272	0.283	0.242	0.264	0.269	0.274	0.274	0.289	0.281	0.29	0.267	0.286	0.288	0.314	0.259	0.313	0.301	0.262	0.273	0.288	0.284	0.268	0.276	0.273	0.344	0.29	0.274	0.284	0.269	0.274	0.293	0.312	0.274	0.269	0.284	0.257	0.395	0.29	0.32	0.327	0.27	0.257	0.274	0.285	0.303	0.272	0.291	0.286	0.285	0.281	0.376	0.325	0.383	0.291	0.267	0.313	0.398	0.293	0.358	0.298	0.408	0.349	0.375	0.304	0.478	0.312	0.316	0.304	0.379	0.283	0.393	0.318	0.465	0.432	0.377
08:00:34	34.9	0.274	0.275	0.269	0.281	0.291	0.274	0.279	0.276	0.277	0.272	0.267	0.267	0.3	0.278	0.307	0.293	0.293	0.297	0.309	0.286	0.277	0.278	0.294	0.257	0.262	0.278	0.325	0.281	0.295	0.285	0.437	0.28	0.396	0.288	0.276	0.25	0.29	0.336	0.368	0.523	0.344	0.473	0.316	0.417	0.297	0.521	0.296	0.265	0.358	0.353	0.341	0.334	0.387	0.414	0.361	0.439	0.294	0.467	0.319	0.34	0.495	0.494	0.302	0.317	0.424	0.497	0.296	0.3	0.296	0.509	0.355	0.268	0.278	0.389	0.46	0.308	0.3	0.356	0.292	0.417	0.347	0.327	0.466	0.303	0.287	0.394	0.292	0.391	0.314	0.383	0.292	0.321	0.359	0.421	0.478	0.278
09:00:34	34.9	0.273	0.271	0.268	0.279	0.285	0.273	0.276	0.27	0.282	0.27	0.275	0.248	0.267	0.269	0.303	0.281	0.286	0.276	0.316	0.284	0.284	0.272	0.285	0.252	0.261	0.289	0.3	0.281	0.297	0.28	0.314	0.302	0.273	0.271	0.26	0.25	0.314	0.297	0.297	0.388	0.427	0.419	0.301	0.321	0.36	0.366	0.328	0.268	0.452	0.322	0.344	0.311	0.316	0.378	0.51	0.294	0.289	0.397	0.303	0.266	0.324	0.444	0.377	0.328	0.519	0.3	0.294	0.305	0.299	0.466	0.289	0.335	0.288	0.435	0.408	0.298	0.317	0.512	0.314	0.349	0.393	0.359	0.303	0.284	0.271	0.328	0.322	0.381	0.314	0.338	0.336	0.332	0.401	0.316	0.498	0.308
10:00:34	34.9	0.27	0.272	0.26	0.272	0.279	0.271	0.274	0.267	0.273	0.26	0.258	0.247	0.265	0.262	0.283	0.277	0.286	0.282	0.292	0.275	0.274	0.267	0.27	0.246	0.258	0.268	0.27	0.273	0.281	0.276	0.295	0.337	0.269	0.3	0.257	0.266	0.28	0.33	0.289	0.314	0.425	0.332	0.303	0.328	0.289	0.398	0.318	0.261	0.311	0.306	0.305	0.306	0.344	0.286	0.468	0.39	0.319	0.326	0.298	0.276	0.28	0.571	0.285	0.299	0.332	0.29	0.317	0.299	0.287	0.407	0.286	0.309	0.301	0.484	0.311	0.286	0.285	0.412	0.276	0.34	0.287	0.363	0.337	0.294	0.263	0.323	0.293	0.354	0.307	0.284	0.304	0.298	0.369	0.304	0.424	0.273
11:00:34	34.9	0.266	0.262	0.258	0.264	0.277	0.266	0.266	0.261	0.267	0.255	0.257	0.256	0.266	0.26	0.278	0.276	0.274	0.27	0.28	0.272	0.257	0.264	0.273	0.24	0.262	0.27	0.285	0.271	0.283	0.274	0.302	0.302	0.275	0.289	0.258	0.249	0.285	0.282	0.298	0.303	0.281	0.306	0.288	0.305	0.291	0.279	0.263	0.261	0.281	0.274	0.309	0.3	0.286	0.312	0.301	0.315	0.318	0.295	0.289	0.258	0.269	0.537	0.279	0.288	0.487	0.279	0.269	0.288	0.283	0.349	0.277	0.274	0.336	0.408	0.321	0.279	0.275	0.305	0.318	0.333	0.291	0.321	0.317	0.321	0.306	0.315	0.278	0.389	0.287	0.279	0.289	0.294	0.278	0.359	0.395	0.272
12:00:34	34.9	0.264	0.26	0.256	0.26	0.27	0.265	0.262	0.26	0.26	0.253	0.253	0.247	0.26	0.258	0.277	0.268	0.272	0.261	0.271	0.267	0.257	0.26	0.263	0.239	0.268	0.284	0.261	0.27	0.28	0.266	0.321	0.311	0.26	0.286	0.281	0.244	0.266	0.275	0.285	0.281	0.328	0.268	0.285	0.337	0.289	0.281	0.309	0.26	0.275	0.275	0.285	0.296	0.275	0.339	0.351	0.342	0.362	0.324	0.266	0.277	0.279	0.44	0.299	0.349	0.37	0.282	0.285	0.286	0.279	0.277	0.337	0.296	0.309	0.458	0.313	0.332	0.271	0.317	0.273	0.315	0.302	0.327	0.319	0.293	0.288	0.333	0.305	0.295	0.306	0.34	0.338	0.317	0.282	0.345	0.317	0.268
13:00:34	34.9	0.262	0.257	0.252	0.259	0.268	0.259	0.258	0.26	0.254	0.253	0.251	0.267	0.256	0.257	0.286	0.274	0.271	0.259	0.283	0.272	0.251	0.258	0.264	0.237	0.264	0.35	0.26	0.27	0.294	0.267	0.28	0.312	0.259	0.303	0.251	0.272	0.292	0.273	0.3	0.284	0.295	0.28	0.288	0.335	0.295	0.315	0.256	0.265	0.262	0.268	0.277	0.302	0.336	0.287	0.283	0.358	0.354	0.32	0.267	0.253	0.291	0.406	0.299	0.304	0.289	0.285	0.273	0.286	0.277	0.339	0.269	0.278	0.29	0.384	0.305	0.345	0.275	0.332	0.296	0.366	0.299	0.317	0.322	0.257	0.376	0.305	0.285	0.297	0.313	0.359	0.366	0.291	0.295	0.327	0.389	0.314
14:00:34	34.9	0.259	0.261	0.251	0.255	0.27	0.256	0.254	0.257	0.253	0.25	0.249	0.245	0.279	0.254	0.271	0.26	0.269	0.258	0.263	0.262	0.244	0.257	0.258	0.254	0.254	0.256	0.261	0.263	0.277	0.27	0.307	0.29	0.292	0.25	0.275	0.25	0.269	0.281	0.284	0.298	0.304	0.284	0.302	0.277	0.267	0.28	0.278	0.253	0.265	0.268	0.284	0.292	0.378	0.307	0.3	0.335	0.425	0.293	0.307	0.261	0.274	0.27	0.44	0.332	0.319	0.35	0.264	0.284	0.277	0.331	0.294	0.351	0.265	0.413	0.309	0.366	0.305	0.265	0.338	0.36	0.324	0.341	0.304	0.311	0.345	0.272	0.324	0.323	0.372	0.405	0.365	0.317	0.295	0.329	0.324	0.344
15:00:34	34.9	0.257	0.257	0.248	0.256	0.259	0.254	0.253	0.255	0.251	0.264	0.254	0.251	0.256	0.254	0.27	0.258	0.266	0.255	0.265	0.259	0.249	0.27	0.259	0.237	0.252	0.256	0.263	0.263	0.273	0.306	0.268	0.272	0.268	0.319	0.252	0.261	0.274	0.361	0.275	0.336	0.287	0.355	0.298	0.3	0.284	0.261	0.307	0.254	0.288	0.268	0.288	0.293	0.297	0.3	0.272	0.332	0.285	0.302	0.274	0.245	0.283	0.339	0.371	0.293	0.321	0.312	0.264	0.282	0.279	0.294	0.286	0.302	0.287	0.267	0.282	0.28	0.366	0.326	0.286	0.301	0.286	0.303	0.36	0.262	0.329	0.294	0.324	0.286	0.358	0.37	0.281	0.357	0.305	0.39	0.307	0.312
16:00:34	34.9	0.255	0.255	0.248	0.256	0.258	0.255	0.253	0.253	0.253	0.251	0.256	0.25	0.253	0.252	0.269	0.256	0.267	0.255	0.263	0.257	0.263	0.248	0.268	0.239	0.254	0.255	0.257	0.284	0.269	0.269	0.263	0.254	0.332	0.247	0.252	0.248	0.293	0.323	0.305	0.34	0.264	0.294	0.305	0.258	0.306	0.268	0.27	0.252	0.261	0.266	0.304	0.33	0.377	0.315	0.258	0.317	0.281	0.297	0.282	0.242	0.266	0.283	0.377	0.341	0.314	0.329	0.269	0.284	0.277	0.292	0.258	0.277	0.276	0.314	0.272	0.34	0.268	0.274	0.288	0.279	0.351	0.303	0.251	0.275	0.264	0.3	0.333	0.329	0.367	0.343	0.31	0.275	0.296	0.325	0.281	0.269
17:00:34	34.9	0.257	0.255	0.248	0.257	0.259	0.262	0.254	0.254	0.252	0.252	0.253	0.256	0.252	0.251	0.268	0.257	0.271	0.253	0.261	0.252	0.245	0.249	0.254	0.24	0.253	0.254	0.255	0.255	0.264	0.266	0.259	0.258	0.268	0.256	0.259	0.247	0.287	0.262	0.315	0.306	0.262	0.315	0.296	0.286	0.261	0.254	0.262	0.255	0.258	0.278	0.283	0.293	0.268	0.295	0.265	0.258	0.308	0.262	0.312	0.245	0.267	0.314	0.296	0.291	0.29	0.376	0.261	0.282	0.274	0.26	0.269	0.272	0.273	0.266	0.27	0.294	0.394	0.336	0.27	0.284	0.291	0.266	0.282	0.276	0.279	0.279	0.285	0.273	0.404	0.319	0.272	0.268	0.264	0.26	0.262	0.361
18:00:34	34.9	0.255	0.257	0.248	0.258	0.267	0.256	0.258	0.256	0.257	0.255	0.256	0.254	0.251	0.251	0.28	0.257	0.262	0.253	0.261	0.254	0.251	0.253	0.256	0.244	0.254	0.26	0.259	0.264	0.273	0.252	0.261	0.259	0.249	0.254	0.262	0.248	0.257	0.275	0.294	0.265	0.297	0.274	0.283	0.261	0.251	0.257	0.253	0.253	0.257	0.26	0.276	0.286	0.254	0.265	0.261	0.255	0.259	0.262	0.269	0.248	0.261	0.267	0.284	0.272	0.266	0.309	0.256	0.28	0.271	0.267	0.281	0.259	0.265	0.265	0.272	0.323	0.42	0.301	0.277	0.267	0.315	0.267	0.251	0.251	0.274	0.266	0.262	0.267	0.257	0.27	0.278	0.262	0.258	0.261	0.262	0.327
19:00:34	34.9	0.253	0.256	0.253	0.258	0.267	0.257	0.255	0.258	0.258	0.255	0.256	0.255	0.252	0.25	0.274	0.262	0.261	0.254	0.269	0.257	0.253	0.248	0.251	0.247	0.261	0.258	0.259	0.262	0.264	0.258	0.26	0.26	0.254	0.263	0.247	0.251	0.255	0.26	0.261	0.289	0.273	0.27	0.276	0.249	0.257	0.258	0.263	0.276	0.256	0.264	0.267	0.283	0.267	0.262	0.257	0.256	0.259	0.28	0.279	0.245	0.255	0.296	0.26	0.264	0.268	0.283	0.252	0.28	0.27	0.261	0.251	0.25	0.267	0.266	0.273	0.261	0.264	0.3	0.267	0.256	0.264	0.258	0.253	0.254	0.262	0.267	0.268	0.272	0.261	0.258	0.259	0.263	0.26	0.266	0.265	0.26
20:00:34	35.1	0.257	0.257	0.256	0.259	0.264	0.257	0.256	0.26	0.256	0.256	0.255	0.256	0.256	0.253	0.272	0.257	0.259	0.254	0.263	0.259	0.253	0.25	0.252	0.246	0.258	0.256	0.264	0.264	0.265	0.259	0.261	0.261	0.254	0.256	0.249	0.251	0.256	0.268	0.291	0.273	0.263	0.263	0.278	0.255	0.254	0.263	0.254	0.25	0.255	0.26	0.265	0.282	0.258	0.265	0.261	0.255	0.257	0.263	0.257	0.251	0.259	0.271	0.264	0.265	0.269	0.261	0.252	0.272	0.264	0.26	0.259	0.254	0.265	0.263	0.273	0.263	0.255	0.258	0.259	0.263	0.262	0.258	0.257	0.259	0.26	0.266	0.27	0.275	0.264	0.265	0.256	0.263	0.262	0.262	0.263	0.259
21:00:34	35.1	0.257	0.255	0.254	0.258	0.266	0.257	0.253	0.257	0.257	0.256	0.257	0.253	0.256	0.258	0.272	0.263	0.26	0.255	0.261	0.256	0.251	0.252	0.26	0.257	0.254	0.259	0.261	0.262	0.268	0.256	0.257	0.258	0.254	0.256	0.248	0.253	0.258	0.275	0.266	0.263	0.254	0.252	0.269	0.248	0.255	0.26	0.257	0.255	0.26	0.261	0.265	0.288	0.257	0.256	0.259	0.252	0.259	0.263	0.273	0.246	0.263	0.275	0.267	0.266	0.269	0.271	0.25	0.271	0.264	0.261	0.259	0.251	0.265	0.267	0.274	0.263	0.259	0.264	0.261	0.261	0.264	0.26	0.258	0.259	0.261	0.266	0.265	0.273	0.261	0.265	0.263	0.264	0.261	0.259	0.268	0.261
22:00:34	35.1	0.259	0.253	0.253	0.256	0.266	0.252	0.255	0.258	0.258	0.256	0.258	0.255	0.255	0.25	0.27	0.26	0.261	0.255	0.262	0.259	0.251	0.255	0.255	0.252	0.252	0.259	0.259	0.265	0.268	0.254	0.26	0.259	0.253	0.258	0.251	0.252	0.262	0.269	0.26	0.274	0.255	0.252	0.282	0.254	0.253	0.257	0.255	0.257	0.26	0.265	0.286	0.281	0.26	0.26	0.267	0.257	0.258	0.264	0.257	0.249	0.264	0.274	0.275	0.267	0.266	0.266	0.256	0.269	0.263	0.262	0.261	0.252	0.268	0.265	0.274	0.262	0.262	0.249	0.264	0.257	0.26	0.261	0.256	0.258	0.262	0.264	0.268	0.271	0.261	0.266	0.259	0.263	0.259	0.262	0.264	0.259
23:00:34	35.1	0.257	0.255	0.254	0.256	0.267	0.257	0.252	0.252	0.254	0.257	0.259	0.253	0.256	0.255	0.272	0.26	0.263	0.259	0.261	0.255	0.253	0.254	0.256	0.249	0.252	0.255	0.259	0.265	0.266	0.26	0.262	0.26	0.253	0.255	0.247	0.251	0.26	0.27	0.284	0.269	0.258	0.262	0.271	0.268	0.257	0.262	0.261	0.256	0.262	0.263	0.275	0.281	0.267	0.26	0.267	0.259	0.259	0.269	0.276	0.248	0.264	0.274	0.272	0.269	0.269	0.261	0.251	0.269	0.265	0.271	0.262	0.252	0.265	0.263	0.271	0.28	0.263	0.267	0.267	0.262	0.263	0.262	0.254	0.259	0.259	0.265	0.266	0.284	0.273	0.268	0.263	0.266	0.262	0.262	0.268	0.258
0:00:00																																																																																																	
0:00:00																																																																																																	
0:00:00																																																																																																	
0:00:00																																																																																																	
0:00:00																																																																																																	
0:00:00																																																																																																	
0:00:00																																																																																																	
0:00:00																																																																																																	
0:00:00																																																																																																	
0:00:00																																																																																																	
0:00:00																																																																																																	
0:00:00																																																																																																	
0:00:00																																																																																																	
0:00:00																																																																																																	
0:00:00																																																																																																	
0:00:00																																																																																																	
0:00:00																																																																																																	
0:00:00																																																																																																	
0:00:00																																																																																																	
0:00:00																																																																																																	
0:00:00																																																																																																	
0:00:00																																																																																																	
0:00:00																																																																																																	
0:00:00																																																																																																	

Results
	1	2	3	4	5	6	7	8	9	10	11	12
A	?????	?????	?????	?????	?????	?????	?????	?????	?????	?????	?????	?????	Max V [600]
	?????	?????	?????	?????	?????	?????	?????	?????	?????	?????	?????	?????	R-Squared [600]
	?????	?????	?????	?????	?????	?????	?????	?????	?????	?????	?????	?????	t at Max V [600]
	?????	?????	?????	?????	?????	?????	?????	?????	?????	?????	?????	?????	Lagtime [600]
B	?????	?????	?????	?????	?????	?????	?????	?????	?????	?????	?????	?????	Max V [600]
	?????	?????	?????	?????	?????	?????	?????	?????	?????	?????	?????	?????	R-Squared [600]
	?????	?????	?????	?????	?????	?????	?????	?????	?????	?????	?????	?????	t at Max V [600]
	?????	?????	?????	?????	?????	?????	?????	?????	?????	?????	?????	?????	Lagtime [600]
C	?????	?????	?????	?????	?????	?????	?????	?????	?????	?????	?????	?????	Max V [600]
	?????	?????	?????	?????	?????	?????	?????	?????	?????	?????	?????	?????	R-Squared [600]
	?????	?????	?????	?????	?????	?????	?????	?????	?????	?????	?????	?????	t at Max V [600]
	?????	?????	?????	?????	?????	?????	?????	?????	?????	?????	?????	?????	Lagtime [600]
D	?????	?????	?????	?????	?????	?????	?????	?????	?????	?????	?????	?????	Max V [600]
	?????	?????	?????	?????	?????	?????	?????	?????	?????	?????	?????	?????	R-Squared [600]
	?????	?????	?????	?????	?????	?????	?????	?????	?????	?????	?????	?????	t at Max V [600]
	?????	?????	?????	?????	?????	?????	?????	?????	?????	?????	?????	?????	Lagtime [600]
E	?????	?????	?????	?????	?????	?????	?????	?????	?????	?????	?????	?????	Max V [600]
	?????	?????	?????	?????	?????	?????	?????	?????	?????	?????	?????	?????	R-Squared [600]
	?????	?????	?????	?????	?????	?????	?????	?????	?????	?????	?????	?????	t at Max V [600]
	?????	?????	?????	?????	?????	?????	?????	?????	?????	?????	?????	?????	Lagtime [600]
F	?????	?????	?????	?????	?????	?????	?????	?????	?????	?????	?????	?????	Max V [600]
	?????	?????	?????	?????	?????	?????	?????	?????	?????	?????	?????	?????	R-Squared [600]
	?????	?????	?????	?????	?????	?????	?????	?????	?????	?????	?????	?????	t at Max V [600]
	?????	?????	?????	?????	?????	?????	?????	?????	?????	?????	?????	?????	Lagtime [600]
G	?????	?????	?????	?????	?????	?????	?????	?????	?????	?????	?????	?????	Max V [600]
	?????	?????	?????	?????	?????	?????	?????	?????	?????	?????	?????	?????	R-Squared [600]
	?????	?????	?????	?????	?????	?????	?????	?????	?????	?????	?????	?????	t at Max V [600]
	?????	?????	?????	?????	?????	?????	?????	?????	?????	?????	?????	?????	Lagtime [600]
H	?????	?????	?????	?????	?????	?????	?????	?????	?????	?????	?????	?????	Max V [600]
	?????	?????	?????	?????	?????	?????	?????	?????	?????	?????	?????	?????	R-Squared [600]
	?????	?????	?????	?????	?????	?????	?????	?????	?????	?????	?????	?????	t at Max V [600]
	?????	?????	?????	?????	?????	?????	?????	?????	?????	?????	?????	?????	Lagtime [600]


