

Software Version	3.10.06



Experiment File Path:	C:\Users\patil-group\Desktop\Sweeteners_stacker\141021_NT5001_02_03_Rep2\NT5001_02_03_Rep2.xpt
Protocol File Path:	C:\Users\Public\Documents\Protocols\Screening-protocol.prt



Plate Number	Plate 12
Date	14/10/2021
Time	13:58:43
Reader Type:	Epoch 2
Reader Serial Number:	2103223
Reading Type	Reader

Procedure Details

Plate Type	96 WELL PLATE
Discontinuous Kinetics	Runtime 1:00:00 (D:HH:MM), Interval 0:01:00, 25 Reads
	Pause after each run
Eject plate on completion	
Set Temperature	Setpoint 37°C, Gradient 0 °C
Shake	Linear: 0:00:30 (HH:MM:SS)
	Frequency: 567 cpm (3 mm)
Read	Absorbance Endpoint
	Full Plate
	Wavelengths:  600
	Read Speed: Normal,  Delay: 100 msec,  Measurements/Data Point: 8

600

Time	T° 600	A1	A2	A3	A4	A5	A6	A7	A8	A9	A10	A11	A12	B1	B2	B3	B4	B5	B6	B7	B8	B9	B10	B11	B12	C1	C2	C3	C4	C5	C6	C7	C8	C9	C10	C11	C12	D1	D2	D3	D4	D5	D6	D7	D8	D9	D10	D11	D12	E1	E2	E3	E4	E5	E6	E7	E8	E9	E10	E11	E12	F1	F2	F3	F4	F5	F6	F7	F8	F9	F10	F11	F12	G1	G2	G3	G4	G5	G6	G7	G8	G9	G10	G11	G12	H1	H2	H3	H4	H5	H6	H7	H8	H9	H10	H11	H12
0:00:34	37.1	0.204	0.198	0.200	0.197	0.196	0.208	0.199	0.192	0.198	0.197	0.192	0.197	0.202	0.209	0.202	0.202	0.197	0.192	0.199	0.195	0.202	0.183	0.193	0.185	0.200	0.202	0.214	0.216	0.195	0.185	0.199	0.193	0.203	0.192	0.189	0.190	0.203	0.214	0.201	0.203	0.195	0.203	0.203	0.201	0.197	0.206	0.190	0.189	0.220	0.209	0.202	0.196	0.189	0.198	0.210	0.205	0.203	0.205	0.198	0.192	0.228	0.219	0.198	0.200	0.201	0.209	0.214	0.205	0.204	0.210	0.202	0.200	0.204	0.208	0.194	0.198	0.194	0.199	0.209	0.201	0.212	0.202	0.207	0.201	0.209	0.201	0.197	0.199	0.201	0.194	0.203	0.202	0.196	0.196	0.196	0.200
1:00:34	37.0	0.218	0.217	0.216	0.214	0.211	0.221	0.221	0.211	0.213	0.215	0.207	0.213	0.217	0.223	0.215	0.208	0.207	0.199	0.211	0.213	0.211	0.196	0.205	0.199	0.215	0.225	0.224	0.224	0.207	0.195	0.220	0.216	0.217	0.220	0.203	0.205	0.225	0.234	0.221	0.216	0.211	0.223	0.224	0.223	0.218	0.225	0.206	0.203	0.239	0.230	0.223	0.214	0.211	0.216	0.240	0.232	0.236	0.233	0.219	0.209	0.245	0.245	0.214	0.225	0.219	0.229	0.235	0.225	0.223	0.246	0.222	0.218	0.232	0.231	0.215	0.220	0.214	0.225	0.232	0.232	0.244	0.228	0.231	0.218	0.229	0.222	0.215	0.215	0.222	0.209	0.218	0.215	0.213	0.212	0.215	0.218
2:00:35	37.1	0.250	0.253	0.247	0.238	0.241	0.250	0.249	0.242	0.242	0.247	0.238	0.245	0.247	0.253	0.240	0.229	0.230	0.219	0.235	0.241	0.229	0.218	0.228	0.224	0.244	0.254	0.246	0.244	0.229	0.215	0.253	0.249	0.240	0.261	0.231	0.234	0.261	0.268	0.251	0.239	0.236	0.253	0.254	0.254	0.248	0.254	0.233	0.231	0.271	0.259	0.252	0.243	0.245	0.243	0.278	0.268	0.279	0.273	0.248	0.238	0.279	0.286	0.241	0.258	0.245	0.258	0.269	0.257	0.256	0.289	0.260	0.251	0.286	0.263	0.242	0.250	0.240	0.263	0.270	0.271	0.281	0.265	0.268	0.252	0.270	0.258	0.252	0.244	0.252	0.237	0.243	0.243	0.245	0.242	0.250	0.252
3:00:34	37.1	0.305	0.317	0.304	0.286	0.295	0.300	0.301	0.298	0.298	0.305	0.296	0.300	0.303	0.310	0.286	0.270	0.273	0.259	0.277	0.284	0.264	0.257	0.268	0.268	0.294	0.311	0.289	0.280	0.269	0.253	0.293	0.289	0.283	0.311	0.280	0.285	0.310	0.321	0.294	0.278	0.276	0.293	0.292	0.295	0.290	0.297	0.283	0.281	0.328	0.308	0.298	0.285	0.290	0.284	0.320	0.316	0.327	0.319	0.298	0.290	0.334	0.339	0.287	0.306	0.288	0.299	0.311	0.299	0.303	0.336	0.317	0.308	0.338	0.318	0.300	0.293	0.286	0.313	0.324	0.322	0.335	0.319	0.323	0.308	0.335	0.320	0.309	0.299	0.305	0.288	0.295	0.295	0.298	0.292	0.308	0.309
4:00:35	37.1	0.394	0.420	0.394	0.362	0.375	0.377	0.382	0.388	0.385	0.396	0.393	0.397	0.386	0.382	0.356	0.331	0.338	0.323	0.343	0.349	0.311	0.308	0.320	0.326	0.363	0.383	0.355	0.339	0.329	0.311	0.355	0.350	0.350	0.377	0.361	0.374	0.399	0.401	0.360	0.339	0.334	0.352	0.350	0.357	0.354	0.367	0.358	0.363	0.401	0.372	0.357	0.336	0.355	0.343	0.373	0.384	0.395	0.391	0.379	0.378	0.428	0.429	0.359	0.370	0.354	0.361	0.373	0.357	0.370	0.411	0.411	0.404	0.451	0.408	0.389	0.362	0.352	0.384	0.402	0.402	0.424	0.409	0.422	0.413	0.461	0.436	0.413	0.394	0.394	0.379	0.385	0.386	0.394	0.389	0.414	0.417
5:00:35	37.0	0.510	0.537	0.510	0.478	0.499	0.499	0.508	0.513	0.506	0.515	0.520	0.521	0.499	0.489	0.461	0.431	0.439	0.421	0.443	0.460	0.380	0.385	0.407	0.423	0.467	0.489	0.454	0.431	0.421	0.402	0.455	0.453	0.460	0.506	0.483	0.501	0.532	0.532	0.480	0.451	0.447	0.467	0.466	0.476	0.474	0.496	0.489	0.495	0.500	0.472	0.452	0.423	0.467	0.451	0.485	0.508	0.517	0.521	0.514	0.513	0.557	0.562	0.484	0.501	0.477	0.483	0.482	0.469	0.493	0.553	0.552	0.544	0.593	0.548	0.530	0.486	0.476	0.514	0.538	0.537	0.564	0.551	0.566	0.552	0.597	0.573	0.547	0.533	0.538	0.522	0.528	0.527	0.531	0.525	0.554	0.574
6:00:36	37.1	0.605	0.624	0.609	0.586	0.601	0.600	0.610	0.616	0.608	0.612	0.613	0.610	0.597	0.587	0.559	0.530	0.541	0.523	0.543	0.559	0.467	0.476	0.499	0.518	0.565	0.587	0.553	0.531	0.523	0.503	0.566	0.563	0.571	0.615	0.586	0.600	0.628	0.635	0.600	0.571	0.579	0.597	0.593	0.599	0.593	0.613	0.602	0.602	0.584	0.567	0.552	0.524	0.590	0.573	0.609	0.632	0.628	0.631	0.618	0.615	0.638	0.660	0.595	0.623	0.599	0.608	0.599	0.582	0.603	0.666	0.645	0.645	0.648	0.645	0.641	0.599	0.590	0.624	0.646	0.648	0.661	0.650	0.657	0.639	0.668	0.652	0.639	0.637	0.646	0.628	0.636	0.633	0.630	0.627	0.639	0.657
7:00:36	37.0	0.637	0.649	0.639	0.630	0.640	0.644	0.649	0.651	0.634	0.639	0.647	0.648	0.634	0.631	0.611	0.598	0.607	0.595	0.611	0.613	0.530	0.529	0.544	0.557	0.609	0.630	0.618	0.615	0.607	0.584	0.638	0.636	0.636	0.658	0.632	0.640	0.671	0.673	0.665	0.647	0.645	0.669	0.663	0.666	0.652	0.668	0.654	0.646	0.625	0.621	0.617	0.600	0.664	0.647	0.670	0.695	0.675	0.681	0.662	0.660	0.683	0.698	0.656	0.680	0.664	0.669	0.658	0.647	0.665	0.700	0.682	0.690	0.694	0.679	0.680	0.654	0.645	0.667	0.687	0.696	0.701	0.690	0.697	0.687	0.710	0.689	0.673	0.673	0.686	0.671	0.677	0.677	0.669	0.669	0.684	0.708
8:00:37	37.0	0.672	0.676	0.668	0.655	0.668	0.671	0.674	0.680	0.662	0.667	0.675	0.683	0.664	0.656	0.633	0.620	0.627	0.614	0.629	0.637	0.554	0.555	0.572	0.595	0.636	0.653	0.635	0.632	0.624	0.603	0.656	0.660	0.651	0.679	0.658	0.673	0.703	0.704	0.690	0.678	0.672	0.693	0.690	0.694	0.681	0.695	0.682	0.684	0.653	0.641	0.638	0.624	0.686	0.675	0.697	0.722	0.700	0.710	0.693	0.700	0.708	0.723	0.685	0.707	0.693	0.699	0.689	0.675	0.688	0.731	0.713	0.724	0.723	0.712	0.711	0.682	0.675	0.698	0.719	0.726	0.734	0.725	0.728	0.722	0.742	0.720	0.706	0.707	0.721	0.708	0.714	0.710	0.703	0.697	0.720	0.748
9:00:36	37.0	0.698	0.703	0.693	0.681	0.691	0.699	0.700	0.708	0.690	0.695	0.701	0.710	0.691	0.680	0.660	0.645	0.652	0.642	0.654	0.660	0.582	0.582	0.596	0.623	0.663	0.678	0.660	0.655	0.648	0.629	0.680	0.684	0.675	0.706	0.683	0.701	0.730	0.728	0.714	0.701	0.700	0.718	0.721	0.723	0.706	0.722	0.706	0.713	0.673	0.656	0.656	0.647	0.712	0.702	0.726	0.753	0.726	0.735	0.721	0.730	0.728	0.749	0.708	0.732	0.718	0.724	0.712	0.698	0.715	0.756	0.736	0.751	0.747	0.736	0.738	0.706	0.701	0.726	0.744	0.754	0.763	0.749	0.757	0.744	0.767	0.746	0.731	0.733	0.750	0.733	0.741	0.736	0.729	0.721	0.746	0.775
10:00:37	37.0	0.717	0.720	0.712	0.701	0.714	0.719	0.720	0.725	0.708	0.714	0.720	0.727	0.707	0.696	0.680	0.665	0.673	0.663	0.676	0.682	0.603	0.600	0.613	0.639	0.682	0.699	0.680	0.677	0.670	0.656	0.703	0.708	0.698	0.728	0.706	0.719	0.747	0.747	0.733	0.721	0.722	0.743	0.742	0.745	0.727	0.741	0.727	0.734	0.684	0.671	0.669	0.663	0.735	0.725	0.749	0.776	0.751	0.757	0.743	0.751	0.742	0.768	0.728	0.754	0.741	0.747	0.727	0.718	0.730	0.777	0.758	0.771	0.764	0.757	0.758	0.727	0.727	0.751	0.768	0.777	0.785	0.771	0.778	0.762	0.782	0.765	0.750	0.753	0.770	0.755	0.761	0.757	0.751	0.739	0.766	0.793
11:00:37	37.0	0.729	0.732	0.725	0.717	0.729	0.732	0.736	0.737	0.722	0.727	0.730	0.737	0.719	0.708	0.696	0.681	0.689	0.680	0.690	0.697	0.614	0.612	0.623	0.647	0.698	0.715	0.698	0.696	0.689	0.676	0.724	0.727	0.714	0.745	0.721	0.733	0.761	0.760	0.751	0.736	0.737	0.760	0.762	0.764	0.744	0.755	0.739	0.746	0.691	0.683	0.683	0.677	0.756	0.741	0.766	0.793	0.768	0.777	0.758	0.765	0.752	0.778	0.743	0.772	0.759	0.766	0.742	0.731	0.744	0.797	0.773	0.783	0.775	0.770	0.775	0.741	0.739	0.767	0.786	0.793	0.798	0.787	0.789	0.774	0.793	0.777	0.764	0.768	0.784	0.770	0.773	0.771	0.766	0.753	0.780	0.805
12:00:38	37.1	0.737	0.739	0.734	0.728	0.736	0.737	0.742	0.745	0.730	0.735	0.736	0.743	0.726	0.718	0.707	0.693	0.701	0.693	0.702	0.708	0.621	0.619	0.630	0.651	0.708	0.726	0.710	0.710	0.704	0.691	0.737	0.741	0.726	0.756	0.731	0.743	0.768	0.766	0.760	0.750	0.752	0.773	0.772	0.778	0.754	0.764	0.748	0.755	0.696	0.688	0.691	0.686	0.765	0.756	0.781	0.807	0.781	0.790	0.767	0.774	0.760	0.786	0.753	0.786	0.773	0.780	0.752	0.740	0.752	0.809	0.784	0.789	0.781	0.780	0.783	0.751	0.749	0.777	0.799	0.808	0.807	0.795	0.797	0.782	0.798	0.786	0.773	0.778	0.793	0.780	0.782	0.781	0.777	0.763	0.788	0.811
13:00:39	37.0	0.740	0.744	0.740	0.734	0.741	0.742	0.745	0.748	0.736	0.739	0.741	0.746	0.731	0.723	0.713	0.700	0.709	0.701	0.710	0.713	0.629	0.624	0.634	0.653	0.714	0.730	0.719	0.720	0.714	0.702	0.745	0.748	0.733	0.763	0.738	0.747	0.773	0.770	0.766	0.756	0.758	0.778	0.781	0.783	0.759	0.770	0.755	0.759	0.697	0.692	0.694	0.693	0.777	0.765	0.789	0.814	0.787	0.798	0.773	0.779	0.765	0.791	0.763	0.794	0.781	0.786	0.757	0.747	0.757	0.817	0.789	0.793	0.782	0.783	0.789	0.757	0.753	0.782	0.807	0.812	0.813	0.800	0.800	0.787	0.802	0.791	0.780	0.784	0.798	0.785	0.788	0.786	0.783	0.769	0.793	0.814
14:00:39	37.1	0.744	0.747	0.743	0.738	0.744	0.746	0.748	0.752	0.739	0.743	0.743	0.748	0.735	0.726	0.717	0.706	0.714	0.706	0.714	0.717	0.632	0.627	0.637	0.654	0.717	0.733	0.726	0.727	0.722	0.710	0.750	0.752	0.737	0.766	0.742	0.751	0.775	0.772	0.769	0.763	0.762	0.783	0.786	0.788	0.765	0.774	0.757	0.761	0.698	0.696	0.696	0.698	0.782	0.768	0.797	0.819	0.794	0.799	0.776	0.783	0.767	0.794	0.766	0.797	0.785	0.790	0.762	0.749	0.760	0.822	0.793	0.796	0.780	0.787	0.792	0.762	0.760	0.785	0.810	0.816	0.815	0.800	0.802	0.790	0.804	0.795	0.784	0.789	0.800	0.789	0.791	0.790	0.788	0.772	0.797	0.814
15:00:40	37.0	0.747	0.750	0.747	0.742	0.746	0.749	0.751	0.755	0.740	0.746	0.745	0.750	0.738	0.728	0.721	0.711	0.718	0.710	0.716	0.719	0.633	0.627	0.638	0.651	0.720	0.733	0.729	0.732	0.725	0.715	0.752	0.755	0.741	0.765	0.745	0.754	0.776	0.775	0.772	0.767	0.767	0.787	0.785	0.790	0.767	0.774	0.760	0.764	0.695	0.696	0.701	0.703	0.786	0.771	0.799	0.821	0.796	0.800	0.778	0.786	0.769	0.796	0.771	0.798	0.788	0.792	0.763	0.750	0.761	0.825	0.792	0.797	0.782	0.789	0.793	0.765	0.761	0.786	0.811	0.818	0.817	0.801	0.801	0.793	0.806	0.798	0.787	0.792	0.801	0.793	0.794	0.792	0.791	0.775	0.800	0.817
16:00:40	37.0	0.748	0.753	0.750	0.745	0.748	0.750	0.753	0.756	0.744	0.748	0.748	0.750	0.738	0.730	0.723	0.713	0.720	0.713	0.719	0.721	0.633	0.628	0.638	0.648	0.721	0.733	0.730	0.734	0.728	0.719	0.753	0.756	0.743	0.767	0.748	0.756	0.778	0.775	0.772	0.768	0.768	0.786	0.786	0.790	0.767	0.776	0.762	0.765	0.695	0.698	0.701	0.703	0.787	0.770	0.800	0.822	0.796	0.800	0.778	0.787	0.772	0.795	0.771	0.799	0.789	0.795	0.761	0.749	0.762	0.822	0.793	0.799	0.782	0.788	0.794	0.767	0.763	0.784	0.811	0.816	0.818	0.800	0.801	0.795	0.808	0.801	0.790	0.794	0.802	0.795	0.795	0.795	0.794	0.779	0.803	0.820
17:00:41	37.1	0.751	0.755	0.753	0.747	0.750	0.753	0.754	0.758	0.745	0.749	0.749	0.752	0.740	0.731	0.725	0.716	0.723	0.716	0.721	0.723	0.632	0.625	0.637	0.645	0.723	0.735	0.733	0.737	0.731	0.722	0.754	0.756	0.745	0.767	0.750	0.758	0.779	0.776	0.775	0.769	0.769	0.786	0.786	0.789	0.767	0.776	0.764	0.767	0.695	0.696	0.701	0.704	0.788	0.771	0.802	0.820	0.795	0.797	0.779	0.789	0.776	0.795	0.774	0.799	0.789	0.795	0.760	0.747	0.761	0.820	0.792	0.800	0.782	0.790	0.795	0.769	0.765	0.784	0.811	0.819	0.818	0.800	0.800	0.797	0.809	0.804	0.799	0.796	0.804	0.798	0.798	0.797	0.796	0.782	0.806	0.822
18:00:42	37.0	0.753	0.755	0.755	0.748	0.751	0.754	0.755	0.760	0.747	0.751	0.750	0.754	0.742	0.731	0.726	0.717	0.725	0.718	0.723	0.724	0.629	0.623	0.634	0.643	0.724	0.736	0.735	0.738	0.733	0.724	0.754	0.755	0.746	0.766	0.753	0.760	0.780	0.777	0.775	0.771	0.770	0.787	0.785	0.788	0.767	0.776	0.765	0.769	0.692	0.695	0.703	0.703	0.788	0.772	0.801	0.819	0.795	0.798	0.780	0.791	0.776	0.793	0.777	0.798	0.789	0.794	0.757	0.748	0.760	0.817	0.791	0.802	0.783	0.793	0.796	0.771	0.767	0.782	0.810	0.819	0.819	0.800	0.800	0.799	0.812	0.806	0.795	0.799	0.806	0.800	0.802	0.800	0.799	0.784	0.809	0.824
19:00:43	37.0	0.755	0.757	0.757	0.751	0.753	0.755	0.756	0.762	0.748	0.752	0.752	0.755	0.744	0.732	0.728	0.718	0.725	0.720	0.724	0.726	0.625	0.621	0.631	0.642	0.724	0.736	0.736	0.739	0.734	0.725	0.752	0.756	0.748	0.766	0.755	0.761	0.780	0.778	0.775	0.773	0.770	0.786	0.784	0.789	0.767	0.777	0.766	0.772	0.692	0.693	0.701	0.705	0.788	0.773	0.799	0.817	0.795	0.796	0.782	0.792	0.780	0.794	0.780	0.799	0.790	0.794	0.758	0.746	0.759	0.816	0.794	0.803	0.784	0.794	0.798	0.772	0.768	0.780	0.809	0.817	0.819	0.801	0.801	0.801	0.815	0.808	0.798	0.801	0.807	0.802	0.802	0.802	0.801	0.784	0.811	0.826
20:00:42	37.0	0.755	0.759	0.759	0.753	0.755	0.757	0.758	0.764	0.750	0.754	0.754	0.756	0.747	0.734	0.730	0.720	0.727	0.721	0.725	0.726	0.624	0.618	0.629	0.642	0.725	0.737	0.737	0.740	0.734	0.726	0.754	0.755	0.749	0.765	0.757	0.763	0.784	0.778	0.776	0.775	0.772	0.785	0.784	0.788	0.768	0.779	0.767	0.773	0.691	0.692	0.699	0.703	0.790	0.774	0.799	0.818	0.795	0.796	0.783	0.796	0.783	0.795	0.781	0.801	0.792	0.795	0.758	0.745	0.759	0.816	0.796	0.807	0.787	0.795	0.800	0.771	0.769	0.780	0.809	0.818	0.819	0.802	0.803	0.804	0.818	0.813	0.800	0.804	0.810	0.805	0.804	0.804	0.803	0.787	0.813	0.829
21:00:43	37.1	0.756	0.762	0.761	0.755	0.758	0.758	0.761	0.767	0.753	0.757	0.757	0.757	0.749	0.736	0.732	0.722	0.729	0.723	0.726	0.728	0.623	0.618	0.629	0.645	0.727	0.738	0.738	0.741	0.737	0.727	0.754	0.757	0.750	0.766	0.760	0.766	0.786	0.779	0.778	0.777	0.774	0.787	0.785	0.786	0.770	0.780	0.771	0.776	0.689	0.688	0.698	0.701	0.789	0.776	0.798	0.818	0.794	0.797	0.785	0.799	0.786	0.797	0.783	0.801	0.795	0.795	0.760	0.747	0.760	0.816	0.798	0.809	0.789	0.797	0.803	0.774	0.769	0.778	0.810	0.818	0.818	0.803	0.804	0.808	0.821	0.815	0.803	0.807	0.814	0.809	0.808	0.807	0.807	0.790	0.817	0.831
22:00:43	37.1	0.757	0.764	0.764	0.757	0.761	0.762	0.763	0.769	0.754	0.759	0.758	0.758	0.750	0.737	0.733	0.724	0.729	0.724	0.729	0.730	0.623	0.618	0.630	0.647	0.728	0.739	0.739	0.742	0.738	0.729	0.755	0.757	0.754	0.767	0.763	0.768	0.787	0.780	0.780	0.778	0.775	0.788	0.787	0.786	0.771	0.782	0.773	0.777	0.688	0.687	0.697	0.700	0.791	0.777	0.799	0.818	0.794	0.798	0.786	0.800	0.788	0.797	0.785	0.801	0.797	0.797	0.759	0.746	0.761	0.815	0.801	0.812	0.791	0.799	0.803	0.775	0.770	0.778	0.810	0.818	0.818	0.804	0.807	0.810	0.822	0.817	0.807	0.809	0.817	0.812	0.811	0.811	0.809	0.793	0.821	0.834
23:00:44	37.1	0.757	0.766	0.766	0.760	0.762	0.763	0.765	0.771	0.756	0.760	0.761	0.761	0.751	0.738	0.735	0.725	0.731	0.726	0.730	0.731	0.625	0.620	0.632	0.650	0.729	0.740	0.741	0.744	0.739	0.730	0.756	0.758	0.756	0.770	0.765	0.769	0.788	0.781	0.782	0.780	0.779	0.789	0.790	0.786	0.772	0.784	0.775	0.780	0.686	0.687	0.694	0.699	0.792	0.780	0.800	0.819	0.797	0.799	0.790	0.803	0.790	0.799	0.787	0.803	0.800	0.797	0.757	0.745	0.759	0.816	0.803	0.813	0.794	0.803	0.807	0.776	0.771	0.779	0.811	0.819	0.819	0.807	0.809	0.812	0.825	0.820	0.807	0.812	0.819	0.814	0.814	0.814	0.812	0.795	0.823	0.836
0:00:00																																																																																																	

Results
	1	2	3	4	5	6	7	8	9	10	11	12
A	1.524	1.605	1.550	1.518	1.541	1.519	1.546	1.605	1.567	1.565	1.622	1.582	Max V [600]
	0.986	0.992	0.987	0.983	0.980	0.981	0.979	0.983	0.984	0.987	0.987	0.986	R-Squared [600]
	4:00:36	4:00:36	4:00:36	5:00:35	4:00:36	5:00:35	4:00:36	4:00:36	4:00:36	4:00:36	4:00:36	4:00:36	t at Max V [600]
	1:43:58	1:35:56	1:43:34	2:01:50	1:46:30	1:58:43	1:44:19	1:43:58	1:46:54	1:41:29	1:44:27	1:43:05	Lagtime [600]
B	1.493	1.413	1.420	1.425	1.450	1.454	1.448	1.447	1.147	1.189	1.219	1.285	Max V [600]
	0.986	0.985	0.989	0.993	0.993	0.994	0.994	0.988	0.991	0.991	0.988	0.983	R-Squared [600]
	4:00:36	5:00:35	5:00:35	5:00:35	5:00:35	5:00:35	5:00:35	5:00:35	5:00:35	5:00:35	5:00:35	5:00:35	t at Max V [600]
	1:43:24	1:48:59	2:02:58	2:19:10	2:13:25	2:20:27	2:12:02	2:02:00	2:16:18	2:05:37	2:04:50	1:59:00	Lagtime [600]
C	1.386	1.404	1.426	1.436	1.449	1.422	1.498	1.511	1.544	1.552	1.549	1.579	Max V [600]
	0.985	0.985	0.994	0.994	0.993	0.993	0.992	0.992	0.991	0.978	0.983	0.981	R-Squared [600]
	5:00:35	4:00:36	5:00:35	5:00:35	5:00:35	5:00:35	5:00:35	5:00:35	5:00:35	5:00:35	5:00:35	4:00:36	t at Max V [600]
	1:52:57	1:35:54	2:12:12	2:25:06	2:18:27	2:22:13	2:05:25	2:05:19	2:13:53	1:46:30	2:00:16	1:48:06	Lagtime [600]
D	1.594	1.573	1.636	1.615	1.640	1.662	1.641	1.641	1.605	1.645	1.643	1.615	Max V [600]
	0.979	0.977	0.988	0.989	0.984	0.985	0.986	0.987	0.986	0.984	0.983	0.979	R-Squared [600]
	4:00:36	4:00:36	5:00:35	5:00:35	5:00:35	5:00:35	5:00:35	5:00:35	5:00:35	5:00:35	5:00:35	5:00:35	t at Max V [600]
	1:40:45	1:42:22	2:10:05	2:22:54	2:21:34	2:16:26	2:16:08	2:11:15	2:08:40	2:08:57	2:06:02	2:02:16	Lagtime [600]
E	1.330	1.367	1.389	1.363	1.636	1.594	1.560	1.675	1.548	1.608	1.612	1.628	Max V [600]
	0.991	0.991	0.993	0.990	0.990	0.988	0.983	0.986	0.982	0.982	0.978	0.978	R-Squared [600]
	4:00:36	5:00:35	5:00:35	5:00:35	5:00:35	5:00:35	5:00:35	5:00:35	5:00:35	5:00:35	5:00:35	5:00:35	t at Max V [600]
	1:32:40	1:51:29	1:58:18	2:06:32	2:06:42	2:16:28	2:00:22	2:00:21	1:43:25	1:51:36	1:56:25	1:57:07	Lagtime [600]
F	1.567	1.619	1.621	1.668	1.662	1.645	1.529	1.537	1.591	1.640	1.677	1.704	Max V [600]
	0.985	0.981	0.988	0.983	0.987	0.984	0.987	0.988	0.988	0.969	0.982	0.981	R-Squared [600]
	4:00:36	4:00:36	5:00:35	5:00:35	5:00:35	5:00:35	5:00:35	5:00:35	5:00:35	5:00:35	4:00:36	4:00:36	t at Max V [600]
	1:40:17	1:34:42	2:08:44	2:03:12	2:14:39	2:13:39	2:03:41	2:07:15	2:02:42	1:43:06	1:40:09	1:45:20	Lagtime [600]
G	1.629	1.658	1.712	1.596	1.594	1.581	1.616	1.657	1.649	1.670	1.702	1.699	Max V [600]
	0.976	0.980	0.979	0.985	0.985	0.978	0.976	0.980	0.979	0.978	0.981	0.984	R-Squared [600]
	4:00:36	4:00:36	4:00:36	5:00:35	5:00:35	5:00:35	5:00:35	5:00:35	4:00:36	4:00:36	4:00:36	4:00:36	t at Max V [600]
	1:21:31	1:42:39	1:48:11	2:04:24	2:07:28	1:50:09	1:48:48	1:47:11	1:34:21	1:38:54	1:39:50	1:44:17	Lagtime [600]
H	1.763	1.736	1.688	1.700	1.702	1.693	1.698	1.689	1.671	1.670	1.709	1.792	Max V [600]
	0.985	0.986	0.985	0.980	0.975	0.975	0.975	0.976	0.981	0.979	0.984	0.979	R-Squared [600]
	4:00:36	4:00:36	4:00:36	4:00:36	4:00:36	4:00:36	4:00:36	4:00:36	4:00:36	4:00:36	4:00:36	4:00:36	t at Max V [600]
	1:34:41	1:38:29	1:41:16	1:49:33	1:47:38	1:52:37	1:54:20	1:53:35	1:46:37	1:49:14	1:42:01	1:45:41	Lagtime [600]

