

Software Version	3.11.19



Experiment File Path:	C:\Users\patil-group\Desktop\Sweeteners_stacker\191121_NT5022_23_78_Rep4\NT5022_23_78_Rep4.xpt
Protocol File Path:	C:\Users\Public\Documents\Protocols\Screening-protocol.prt



Plate Number	Plate 1
Date	19/11/2021
Time	14:43:11
Reader Type:	Epoch 2
Reader Serial Number:	2103223
Reading Type	Reader

Procedure Details

Plate Type	96 WELL PLATE
Discontinuous Kinetics	Runtime 1:00:00 (D:HH:MM), Interval 0:01:00, 25 Reads
	Pause after each run
Eject plate on completion	
Shake	Linear: 0:00:30 (HH:MM:SS)
	Frequency: 567 cpm (3 mm)
Read	Absorbance Endpoint
	Full Plate
	Wavelengths:  600
	Read Speed: Normal,  Delay: 100 msec,  Measurements/Data Point: 8

600

Time	T° 600	A1	A2	A3	A4	A5	A6	A7	A8	A9	A10	A11	A12	B1	B2	B3	B4	B5	B6	B7	B8	B9	B10	B11	B12	C1	C2	C3	C4	C5	C6	C7	C8	C9	C10	C11	C12	D1	D2	D3	D4	D5	D6	D7	D8	D9	D10	D11	D12	E1	E2	E3	E4	E5	E6	E7	E8	E9	E10	E11	E12	F1	F2	F3	F4	F5	F6	F7	F8	F9	F10	F11	F12	G1	G2	G3	G4	G5	G6	G7	G8	G9	G10	G11	G12	H1	H2	H3	H4	H5	H6	H7	H8	H9	H10	H11	H12
0:00:34	35.1	0.181	0.167	0.173	0.172	0.170	0.164	0.164	0.166	0.167	0.170	0.165	0.163	0.172	0.169	0.180	0.172	0.188	0.163	0.168	0.168	0.167	0.161	0.162	0.168	0.175	0.173	0.183	0.179	0.177	0.167	0.178	0.212	0.170	0.164	0.166	0.174	0.169	0.170	0.179	0.169	0.172	0.166	0.165	0.176	0.171	0.170	0.164	0.162	0.177	0.188	0.168	0.173	0.172	0.173	0.168	0.173	0.172	0.166	0.164	0.170	0.178	0.170	0.173	0.174	0.181	0.170	0.178	0.169	0.170	0.171	0.169	0.169	0.187	0.178	0.187	0.168	0.168	0.168	0.171	0.180	0.173	0.177	0.177	0.167	0.175	0.170	0.168	0.172	0.174	0.167	0.176	0.173	0.165	0.163	0.163	0.166
1:00:34	35.1	0.180	0.167	0.178	0.172	0.170	0.164	0.165	0.167	0.168	0.171	0.165	0.164	0.172	0.169	0.180	0.172	0.182	0.163	0.169	0.169	0.168	0.162	0.163	0.169	0.176	0.200	0.257	0.241	0.237	0.248	0.227	0.272	0.223	0.224	0.223	0.171	0.169	0.218	0.259	0.263	0.238	0.274	0.277	0.277	0.242	0.243	0.252	0.163	0.192	0.261	0.226	0.240	0.241	0.237	0.258	0.280	0.232	0.253	0.230	0.218	0.186	0.239	0.223	0.255	0.270	0.238	0.250	0.232	0.239	0.247	0.254	0.216	0.186	0.230	0.262	0.232	0.236	0.229	0.250	0.240	0.248	0.252	0.255	0.167	0.176	0.170	0.170	0.208	0.230	0.217	0.233	0.234	0.223	0.222	0.163	0.167
2:00:34	35.1	0.183	0.170	0.173	0.174	0.172	0.167	0.167	0.170	0.170	0.172	0.168	0.166	0.174	0.168	0.177	0.171	0.182	0.165	0.171	0.170	0.169	0.164	0.165	0.171	0.178	0.176	0.185	0.181	0.177	0.169	0.179	0.214	0.170	0.167	0.169	0.173	0.171	0.173	0.173	0.173	0.188	0.208	0.197	0.215	0.191	0.203	0.167	0.165	0.174	0.215	0.225	0.233	0.222	0.222	0.227	0.232	0.219	0.216	0.178	0.172	0.182	0.206	0.230	0.227	0.230	0.229	0.231	0.213	0.224	0.213	0.187	0.170	0.187	0.178	0.217	0.212	0.212	0.215	0.220	0.221	0.206	0.188	0.174	0.169	0.178	0.174	0.171	0.170	0.178	0.169	0.178	0.177	0.167	0.166	0.165	0.169
3:00:35	35.1	0.187	0.174	0.177	0.178	0.175	0.171	0.172	0.174	0.173	0.176	0.172	0.171	0.178	0.173	0.181	0.175	0.185	0.169	0.175	0.176	0.173	0.168	0.169	0.175	0.182	0.179	0.188	0.184	0.180	0.173	0.182	0.218	0.174	0.171	0.173	0.177	0.176	0.179	0.178	0.177	0.176	0.172	0.172	0.182	0.176	0.192	0.171	0.170	0.178	0.191	0.202	0.207	0.196	0.194	0.191	0.208	0.190	0.187	0.171	0.177	0.185	0.177	0.221	0.202	0.191	0.209	0.216	0.189	0.198	0.176	0.175	0.174	0.188	0.181	0.184	0.178	0.176	0.192	0.179	0.181	0.177	0.182	0.177	0.173	0.183	0.179	0.176	0.175	0.182	0.174	0.177	0.180	0.171	0.170	0.169	0.174
4:00:36	35.1	0.193	0.180	0.183	0.184	0.181	0.176	0.178	0.180	0.180	0.182	0.177	0.177	0.184	0.180	0.191	0.181	0.189	0.174	0.180	0.180	0.178	0.173	0.175	0.181	0.188	0.185	0.194	0.189	0.185	0.178	0.189	0.222	0.179	0.176	0.179	0.183	0.182	0.185	0.183	0.183	0.182	0.177	0.178	0.186	0.181	0.181	0.177	0.176	0.184	0.196	0.180	0.184	0.182	0.183	0.180	0.185	0.183	0.179	0.178	0.183	0.190	0.183	0.200	0.185	0.190	0.190	0.198	0.179	0.181	0.180	0.180	0.180	0.191	0.185	0.188	0.180	0.177	0.178	0.181	0.186	0.181	0.186	0.174	0.178	0.190	0.185	0.182	0.180	0.187	0.179	0.182	0.186	0.176	0.176	0.174	0.179
5:00:36	35.1	0.198	0.186	0.189	0.189	0.186	0.181	0.185	0.186	0.184	0.187	0.183	0.182	0.190	0.186	0.193	0.186	0.195	0.179	0.186	0.185	0.182	0.179	0.179	0.187	0.194	0.192	0.199	0.196	0.191	0.184	0.194	0.227	0.185	0.182	0.185	0.189	0.189	0.192	0.190	0.191	0.188	0.185	0.184	0.189	0.187	0.200	0.183	0.182	0.191	0.202	0.215	0.224	0.219	0.218	0.220	0.231	0.219	0.220	0.184	0.189	0.196	0.188	0.231	0.221	0.212	0.224	0.232	0.215	0.222	0.216	0.197	0.185	0.197	0.190	0.192	0.183	0.184	0.207	0.200	0.208	0.195	0.191	0.180	0.184	0.196	0.192	0.190	0.187	0.193	0.185	0.190	0.191	0.182	0.181	0.181	0.185
6:00:37	35.1	0.205	0.193	0.192	0.194	0.191	0.186	0.189	0.190	0.189	0.192	0.187	0.186	0.196	0.193	0.199	0.193	0.199	0.185	0.190	0.191	0.188	0.183	0.184	0.191	0.200	0.198	0.205	0.203	0.197	0.190	0.198	0.232	0.191	0.187	0.189	0.194	0.194	0.199	0.197	0.196	0.195	0.190	0.188	0.194	0.193	0.197	0.188	0.187	0.197	0.208	0.218	0.224	0.219	0.220	0.216	0.231	0.216	0.215	0.188	0.193	0.202	0.193	0.237	0.226	0.210	0.228	0.237	0.214	0.222	0.209	0.190	0.190	0.204	0.195	0.198	0.191	0.192	0.209	0.203	0.208	0.195	0.197	0.186	0.189	0.204	0.202	0.196	0.192	0.201	0.191	0.195	0.197	0.188	0.187	0.186	0.192
7:00:37	35.1	0.208	0.198	0.197	0.198	0.195	0.193	0.194	0.194	0.194	0.196	0.191	0.191	0.201	0.197	0.203	0.196	0.204	0.191	0.194	0.195	0.193	0.186	0.188	0.195	0.205	0.202	0.207	0.205	0.201	0.193	0.202	0.236	0.193	0.190	0.192	0.196	0.199	0.202	0.202	0.202	0.199	0.194	0.194	0.199	0.197	0.205	0.191	0.191	0.203	0.212	0.204	0.221	0.227	0.223	0.213	0.232	0.218	0.223	0.194	0.197	0.206	0.196	0.217	0.208	0.209	0.227	0.239	0.218	0.228	0.226	0.213	0.194	0.206	0.202	0.202	0.196	0.193	0.197	0.198	0.203	0.201	0.201	0.190	0.194	0.208	0.204	0.200	0.197	0.205	0.199	0.201	0.203	0.194	0.191	0.192	0.196
8:00:38	35.1	0.209	0.196	0.196	0.199	0.196	0.190	0.193	0.194	0.195	0.196	0.193	0.192	0.203	0.198	0.203	0.198	0.206	0.192	0.195	0.195	0.194	0.187	0.190	0.198	0.205	0.203	0.208	0.207	0.202	0.196	0.204	0.238	0.194	0.191	0.193	0.199	0.200	0.204	0.204	0.203	0.200	0.196	0.195	0.200	0.198	0.205	0.192	0.193	0.203	0.213	0.225	0.230	0.231	0.231	0.226	0.239	0.225	0.222	0.194	0.199	0.208	0.199	0.242	0.236	0.222	0.237	0.243	0.222	0.229	0.211	0.197	0.196	0.209	0.202	0.203	0.201	0.200	0.213	0.210	0.209	0.200	0.204	0.194	0.204	0.212	0.203	0.260	0.201	0.207	0.200	0.205	0.207	0.197	0.195	0.196	0.201
9:00:38	35.1	0.210	0.199	0.198	0.200	0.200	0.193	0.194	0.197	0.197	0.199	0.194	0.193	0.205	0.200	0.205	0.200	0.207	0.193	0.197	0.198	0.195	0.192	0.195	0.209	0.208	0.207	0.211	0.207	0.203	0.197	0.205	0.238	0.197	0.193	0.196	0.200	0.202	0.206	0.205	0.204	0.202	0.197	0.195	0.202	0.199	0.207	0.195	0.194	0.205	0.215	0.209	0.228	0.230	0.232	0.220	0.236	0.224	0.227	0.195	0.201	0.208	0.204	0.228	0.224	0.217	0.235	0.245	0.226	0.233	0.227	0.207	0.199	0.212	0.206	0.207	0.201	0.199	0.208	0.207	0.213	0.204	0.208	0.197	0.205	0.212	0.203	0.204	0.202	0.209	0.203	0.207	0.211	0.201	0.199	0.198	0.203
10:00:38	35.1	0.210	0.198	0.199	0.201	0.200	0.193	0.194	0.197	0.195	0.198	0.193	0.193	0.204	0.202	0.205	0.200	0.208	0.193	0.198	0.199	0.196	0.191	0.197	0.210	0.208	0.206	0.212	0.207	0.203	0.198	0.205	0.238	0.197	0.193	0.197	0.201	0.202	0.206	0.205	0.204	0.202	0.198	0.195	0.202	0.200	0.207	0.194	0.194	0.204	0.215	0.199	0.205	0.205	0.206	0.200	0.206	0.202	0.198	0.195	0.200	0.208	0.204	0.211	0.207	0.209	0.216	0.231	0.201	0.205	0.201	0.200	0.199	0.212	0.207	0.207	0.202	0.199	0.200	0.204	0.208	0.204	0.208	0.198	0.203	0.212	0.202	0.204	0.202	0.209	0.202	0.207	0.210	0.200	0.199	0.198	0.202
11:00:39	35.1	0.210	0.199	0.199	0.201	0.200	0.193	0.194	0.196	0.196	0.198	0.194	0.192	0.204	0.200	0.204	0.200	0.207	0.193	0.199	0.199	0.196	0.191	0.199	0.202	0.207	0.206	0.212	0.206	0.203	0.197	0.204	0.238	0.197	0.194	0.197	0.199	0.202	0.207	0.205	0.204	0.202	0.197	0.195	0.202	0.199	0.207	0.194	0.194	0.205	0.215	0.238	0.240	0.238	0.237	0.230	0.245	0.231	0.226	0.195	0.199	0.208	0.204	0.254	0.242	0.235	0.241	0.253	0.234	0.238	0.217	0.200	0.198	0.211	0.207	0.212	0.215	0.210	0.224	0.217	0.217	0.203	0.208	0.198	0.203	0.211	0.202	0.203	0.202	0.209	0.202	0.206	0.209	0.200	0.198	0.197	0.202
12:00:40	35.1	0.209	0.198	0.199	0.201	0.200	0.193	0.193	0.196	0.196	0.198	0.193	0.192	0.203	0.199	0.204	0.199	0.207	0.194	0.198	0.199	0.196	0.192	0.199	0.203	0.207	0.206	0.211	0.206	0.203	0.197	0.204	0.237	0.197	0.194	0.196	0.198	0.202	0.206	0.205	0.203	0.202	0.197	0.195	0.202	0.199	0.206	0.194	0.194	0.204	0.213	0.218	0.227	0.226	0.227	0.215	0.235	0.215	0.217	0.194	0.199	0.208	0.204	0.239	0.224	0.215	0.234	0.245	0.221	0.228	0.206	0.199	0.198	0.210	0.207	0.207	0.201	0.199	0.214	0.206	0.212	0.203	0.208	0.198	0.201	0.210	0.218	0.203	0.201	0.208	0.202	0.206	0.208	0.200	0.198	0.196	0.201
13:00:40	35.1	0.209	0.199	0.198	0.200	0.200	0.193	0.193	0.197	0.196	0.198	0.194	0.192	0.203	0.198	0.205	0.199	0.207	0.194	0.198	0.199	0.196	0.192	0.201	0.205	0.207	0.205	0.211	0.205	0.203	0.197	0.203	0.237	0.197	0.193	0.196	0.200	0.201	0.206	0.205	0.210	0.201	0.197	0.194	0.202	0.199	0.206	0.194	0.193	0.204	0.214	0.197	0.206	0.205	0.209	0.203	0.213	0.202	0.208	0.195	0.201	0.208	0.203	0.207	0.208	0.208	0.222	0.241	0.207	0.215	0.203	0.200	0.198	0.210	0.206	0.206	0.200	0.199	0.199	0.204	0.206	0.203	0.207	0.196	0.201	0.210	0.206	0.202	0.201	0.208	0.201	0.206	0.207	0.199	0.198	0.196	0.201
14:00:41	35.1	0.208	0.198	0.199	0.200	0.199	0.193	0.193	0.197	0.195	0.198	0.193	0.192	0.202	0.198	0.204	0.199	0.207	0.193	0.198	0.199	0.196	0.191	0.201	0.204	0.206	0.205	0.211	0.205	0.202	0.198	0.203	0.237	0.197	0.193	0.196	0.199	0.201	0.206	0.204	0.203	0.201	0.197	0.195	0.202	0.199	0.204	0.194	0.193	0.203	0.213	0.204	0.220	0.221	0.229	0.213	0.232	0.213	0.221	0.195	0.197	0.207	0.203	0.227	0.209	0.209	0.236	0.246	0.219	0.227	0.211	0.199	0.197	0.209	0.205	0.204	0.200	0.199	0.210	0.203	0.211	0.201	0.207	0.196	0.202	0.210	0.201	0.202	0.200	0.207	0.201	0.205	0.208	0.200	0.197	0.196	0.201
15:00:42	35.1	0.208	0.197	0.198	0.200	0.199	0.193	0.193	0.197	0.195	0.198	0.193	0.193	0.202	0.198	0.204	0.198	0.206	0.193	0.198	0.200	0.196	0.190	0.200	0.204	0.206	0.205	0.211	0.204	0.201	0.197	0.203	0.237	0.196	0.193	0.196	0.198	0.201	0.206	0.204	0.204	0.200	0.196	0.194	0.201	0.198	0.198	0.193	0.192	0.203	0.212	0.213	0.217	0.213	0.218	0.208	0.223	0.203	0.202	0.194	0.197	0.207	0.202	0.239	0.214	0.208	0.233	0.241	0.208	0.214	0.199	0.199	0.197	0.209	0.206	0.205	0.200	0.198	0.213	0.202	0.205	0.202	0.210	0.196	0.201	0.209	0.201	0.201	0.200	0.207	0.201	0.205	0.207	0.199	0.198	0.196	0.200
16:00:42	35.1	0.208	0.197	0.198	0.200	0.199	0.193	0.193	0.196	0.195	0.197	0.192	0.192	0.201	0.198	0.203	0.198	0.206	0.192	0.197	0.199	0.196	0.190	0.199	0.203	0.206	0.204	0.210	0.203	0.201	0.196	0.202	0.236	0.195	0.193	0.196	0.198	0.200	0.205	0.203	0.202	0.200	0.196	0.193	0.201	0.198	0.197	0.192	0.192	0.203	0.211	0.197	0.203	0.202	0.203	0.201	0.202	0.200	0.195	0.193	0.197	0.207	0.202	0.209	0.206	0.206	0.203	0.206	0.199	0.202	0.198	0.198	0.197	0.208	0.205	0.204	0.199	0.197	0.199	0.202	0.204	0.202	0.206	0.195	0.203	0.209	0.200	0.201	0.200	0.207	0.201	0.204	0.207	0.199	0.197	0.196	0.200
17:00:43	35.1	0.207	0.197	0.198	0.200	0.199	0.193	0.193	0.196	0.195	0.196	0.193	0.192	0.202	0.197	0.203	0.198	0.206	0.193	0.197	0.199	0.196	0.190	0.199	0.203	0.206	0.204	0.210	0.203	0.200	0.196	0.201	0.235	0.196	0.192	0.195	0.200	0.200	0.204	0.203	0.201	0.200	0.195	0.193	0.200	0.198	0.197	0.192	0.192	0.203	0.211	0.207	0.211	0.211	0.212	0.205	0.217	0.201	0.196	0.192	0.197	0.206	0.202	0.234	0.209	0.205	0.226	0.234	0.203	0.207	0.199	0.198	0.196	0.208	0.205	0.204	0.198	0.198	0.208	0.202	0.204	0.202	0.205	0.195	0.206	0.209	0.201	0.201	0.199	0.207	0.200	0.203	0.207	0.199	0.197	0.195	0.199
18:00:43	35.1	0.207	0.197	0.197	0.200	0.198	0.192	0.193	0.196	0.195	0.196	0.192	0.192	0.201	0.197	0.203	0.197	0.205	0.192	0.197	0.199	0.195	0.190	0.199	0.202	0.206	0.204	0.210	0.203	0.201	0.195	0.201	0.234	0.195	0.192	0.195	0.196	0.200	0.205	0.202	0.201	0.199	0.195	0.193	0.199	0.197	0.197	0.192	0.192	0.202	0.210	0.200	0.208	0.210	0.212	0.204	0.218	0.201	0.201	0.192	0.197	0.206	0.202	0.225	0.206	0.204	0.225	0.233	0.205	0.213	0.198	0.198	0.196	0.207	0.205	0.204	0.200	0.198	0.208	0.202	0.204	0.202	0.205	0.195	0.205	0.209	0.201	0.202	0.199	0.207	0.201	0.203	0.206	0.199	0.197	0.195	0.199
19:00:44	35.1	0.207	0.197	0.197	0.199	0.199	0.193	0.194	0.197	0.195	0.196	0.192	0.191	0.201	0.197	0.202	0.197	0.205	0.192	0.197	0.199	0.195	0.190	0.199	0.202	0.206	0.205	0.209	0.202	0.201	0.195	0.201	0.234	0.195	0.191	0.195	0.197	0.200	0.205	0.202	0.201	0.199	0.194	0.194	0.200	0.197	0.196	0.192	0.191	0.203	0.210	0.197	0.202	0.203	0.204	0.200	0.209	0.198	0.195	0.192	0.197	0.206	0.202	0.219	0.204	0.205	0.217	0.229	0.198	0.203	0.198	0.198	0.196	0.206	0.204	0.203	0.199	0.197	0.200	0.202	0.203	0.201	0.205	0.195	0.205	0.208	0.201	0.201	0.200	0.207	0.200	0.203	0.206	0.198	0.196	0.195	0.199
20:00:45	35.1	0.207	0.197	0.198	0.199	0.198	0.192	0.194	0.197	0.195	0.196	0.192	0.191	0.201	0.197	0.202	0.197	0.205	0.192	0.197	0.199	0.195	0.190	0.199	0.202	0.205	0.203	0.209	0.202	0.200	0.196	0.200	0.234	0.194	0.192	0.195	0.197	0.200	0.205	0.202	0.201	0.199	0.194	0.193	0.200	0.197	0.196	0.192	0.191	0.203	0.209	0.198	0.207	0.210	0.211	0.205	0.216	0.202	0.202	0.192	0.197	0.206	0.202	0.217	0.204	0.203	0.221	0.231	0.203	0.212	0.197	0.198	0.196	0.206	0.205	0.203	0.199	0.198	0.202	0.202	0.204	0.201	0.208	0.195	0.206	0.208	0.201	0.201	0.200	0.206	0.200	0.203	0.206	0.198	0.197	0.195	0.199
21:00:45	35.1	0.207	0.197	0.197	0.199	0.198	0.192	0.193	0.197	0.195	0.195	0.192	0.192	0.200	0.196	0.202	0.197	0.205	0.192	0.197	0.199	0.195	0.190	0.199	0.201	0.205	0.203	0.209	0.202	0.200	0.196	0.200	0.234	0.196	0.191	0.195	0.196	0.199	0.204	0.202	0.201	0.198	0.195	0.193	0.199	0.197	0.196	0.192	0.191	0.203	0.210	0.197	0.202	0.201	0.203	0.200	0.201	0.198	0.194	0.192	0.196	0.205	0.202	0.207	0.204	0.206	0.210	0.219	0.197	0.200	0.198	0.198	0.196	0.205	0.205	0.202	0.199	0.197	0.198	0.202	0.204	0.201	0.205	0.195	0.205	0.208	0.201	0.200	0.200	0.207	0.200	0.202	0.206	0.197	0.196	0.194	0.199
22:00:46	35.1	0.207	0.197	0.197	0.199	0.198	0.192	0.194	0.197	0.195	0.195	0.192	0.191	0.201	0.197	0.202	0.197	0.204	0.192	0.197	0.199	0.195	0.190	0.199	0.202	0.205	0.204	0.209	0.201	0.200	0.195	0.201	0.234	0.197	0.192	0.195	0.197	0.200	0.204	0.202	0.201	0.199	0.194	0.193	0.199	0.196	0.196	0.192	0.191	0.202	0.209	0.197	0.201	0.202	0.203	0.200	0.200	0.198	0.195	0.192	0.197	0.205	0.203	0.204	0.204	0.205	0.200	0.201	0.197	0.201	0.197	0.198	0.196	0.205	0.204	0.203	0.199	0.197	0.198	0.202	0.203	0.201	0.205	0.195	0.205	0.209	0.201	0.201	0.199	0.207	0.199	0.202	0.206	0.198	0.196	0.194	0.199
23:00:46	35.1	0.206	0.197	0.197	0.199	0.198	0.192	0.194	0.197	0.195	0.195	0.193	0.192	0.200	0.197	0.203	0.197	0.204	0.192	0.198	0.199	0.195	0.189	0.199	0.201	0.205	0.204	0.209	0.202	0.200	0.195	0.201	0.234	0.194	0.192	0.195	0.196	0.200	0.205	0.202	0.201	0.199	0.194	0.194	0.199	0.197	0.196	0.192	0.191	0.202	0.210	0.197	0.200	0.202	0.203	0.200	0.201	0.199	0.196	0.192	0.196	0.206	0.203	0.212	0.205	0.205	0.208	0.218	0.198	0.200	0.198	0.198	0.196	0.205	0.205	0.203	0.199	0.197	0.199	0.201	0.203	0.200	0.205	0.195	0.205	0.208	0.201	0.201	0.200	0.207	0.199	0.202	0.207	0.198	0.197	0.195	0.199
0:00:00																																																																																																	

Results
	1	2	3	4	5	6	7	8	9	10	11	12
A	0.093	0.102	0.084	0.085	0.081	0.087	0.093	0.089	0.085	0.081	0.081	0.083	Max V [600]
	0.994	0.996	0.996	0.997	0.995	0.999	0.994	0.996	0.998	0.998	0.997	0.997	R-Squared [600]
	4:00:36	5:00:36	5:00:36	4:00:36	4:00:36	5:00:36	4:00:36	4:00:36	5:00:36	4:00:36	4:00:36	5:00:36	t at Max V [600]
	1:50:04	1:54:43	2:05:00	1:43:15	1:46:26	1:38:22	1:27:34	1:26:38	1:43:14	1:38:50	1:28:39	1:20:13	Lagtime [600]
B	0.097	0.104	0.094	0.093	0.079	0.092	0.082	0.086	0.083	0.080	0.081	0.087	Max V [600]
	1.000	0.996	0.956	0.993	0.998	1.000	0.997	0.999	0.999	0.997	0.999	0.997	R-Squared [600]
	5:00:36	4:00:36	4:00:36	5:00:36	5:00:36	5:00:36	4:00:36	4:00:36	5:00:36	4:00:36	4:00:36	4:00:36	t at Max V [600]
	1:52:02	2:15:33	2:32:26	2:23:48	3:38:04	2:01:01	1:31:11	1:37:24	1:53:45	1:27:41	1:30:19	1:34:00	Lagtime [600]
C	0.096	0.096	-0.178	-0.137	-0.139	-0.198	-0.095	-0.138	-0.110	-0.124	-0.109	0.089	Max V [600]
	0.999	0.988	0.322	0.273	0.291	0.333	0.223	0.303	0.244	0.265	0.234	0.997	R-Squared [600]
	5:00:36	4:00:36	3:00:35	3:00:35	3:00:35	3:00:35	3:00:35	3:00:35	3:00:35	3:00:35	3:00:35	4:00:36	t at Max V [600]
	1:47:10	1:43:09	5:00:50	5:21:32	5:02:03	4:57:17	5:46:53	5:17:39	5:29:13	5:39:23	6:05:12	2:13:11	Lagtime [600]
D	0.099	0.109	-0.212	-0.224	-0.179	-0.349	-0.344	-0.338	-0.201	-0.179	-0.214	0.094	Max V [600]
	0.995	0.999	0.325	0.326	0.457	0.628	0.566	0.660	0.510	0.518	0.334	0.997	R-Squared [600]
	4:00:36	4:00:36	3:00:35	3:00:35	3:00:35	3:00:35	3:00:35	3:00:35	3:00:35	3:00:35	3:00:35	4:00:36	t at Max V [600]
	1:39:41	1:37:07	4:24:45	5:04:59	5:07:06	4:46:35	4:45:39	4:41:03	5:03:29	6:09:09	5:02:34	1:31:31	Lagtime [600]
E	0.104	-0.228	0.130	0.149	0.177	0.166	-0.206	-0.239	0.150	0.180	-0.155	0.089	Max V [600]
	0.999	0.584	0.494	0.585	0.746	0.732	0.403	0.417	0.672	0.702	0.375	0.995	R-Squared [600]
	5:00:36	3:00:35	6:00:37	6:00:37	6:00:37	6:00:37	3:00:35	3:00:35	5:00:36	5:00:36	3:00:35	4:00:36	t at Max V [600]
	2:53:39	4:51:04	0:48:21	1:10:19	1:57:39	1:46:21	6:51:01	6:44:59	1:17:46	1:24:42	5:35:23	1:32:22	Lagtime [600]
F	0.090	-0.213	0.115	-0.185	-0.260	0.163	0.163	0.155	0.168	0.214	-0.199	-0.087	Max V [600]
	0.993	0.632	0.419	0.433	0.550	0.714	0.722	0.689	0.644	0.843	0.352	0.207	R-Squared [600]
	5:00:36	3:00:35	6:00:37	3:00:35	3:00:35	6:00:37	6:00:37	5:00:36	6:00:37	5:00:36	3:00:35	3:00:35	t at Max V [600]
	1:45:31	5:15:11	?????	6:59:26	5:25:34	0:46:03	0:46:10	1:20:03	1:27:49	2:36:46	5:28:50	6:07:16	Lagtime [600]
G	0.085	-0.119	-0.282	-0.217	-0.230	-0.136	-0.231	-0.162	-0.218	-0.207	-0.248	0.103	Max V [600]
	0.974	0.289	0.674	0.737	0.694	0.421	0.550	0.402	0.526	0.451	0.450	0.982	R-Squared [600]
	5:00:36	3:00:35	3:00:35	3:00:35	3:00:35	3:00:35	3:00:35	3:00:35	3:00:35	3:00:35	3:00:35	6:00:37	t at Max V [600]
	3:04:20	5:02:18	4:16:37	5:16:45	5:05:50	7:29:53	5:32:22	5:51:22	5:14:06	4:50:57	4:00:04	2:13:03	Lagtime [600]
H	0.108	0.113	0.276	0.096	-0.109	0.103	-0.139	-0.126	-0.119	-0.119	0.094	0.095	Max V [600]
	0.992	0.982	0.709	0.996	0.239	0.996	0.309	0.271	0.256	0.254	1.000	0.997	R-Squared [600]
	5:00:36	4:00:36	6:00:37	5:00:36	3:00:35	5:00:36	3:00:35	3:00:35	3:00:35	3:00:35	5:00:36	5:00:36	t at Max V [600]
	1:47:44	1:35:18	3:44:31	2:36:28	6:00:43	1:56:18	4:58:44	5:41:40	5:41:54	5:48:45	1:51:33	1:39:23	Lagtime [600]


