Time	A1	A2	A3	A4	A5	A6	A7	A8	A9	A10	A11	A12	B1	B2	B3	B4	B5	B6	B7	B8	B9	B10	B11	B12	C1	C2	C3	C4	C5	C6	C7	C8	C9	C10	C11	C12	D1	D2	D3	D4	D5	D6	D7	D8	D9	D10	D11	D12	E1	E2	E3	E4	E5	E6	E7	E8	E9	E10	E11	E12	F1	F2	F3	F4	F5	F6	F7	F8	F9	F10	F11	F12	G1	G2	G3	G4	G5	G6	G7	G8	G9	G10	G11	G12	H1	H2	H3	H4	H5	H6	H7	H8	H9	H10	H11	H12
0	0.189	0.181	0.184	0.180	0.177	0.176	0.177	0.176	0.184	0.187	0.181	0.194	0.190	0.190	0.188	0.183	0.190	0.184	0.175	0.183	0.178	0.174	0.194	0.182	0.185	0.181	0.180	0.176	0.182	0.178	0.173	0.175	0.174	0.183	0.182	0.180	0.185	0.191	0.175	0.174	0.177	0.182	0.182	0.182	0.184	0.191	0.192	0.185	0.185	0.184	0.183	0.175	0.195	0.182	0.187	0.178	0.186	0.186	0.184	0.183	0.178	0.173	0.175	0.175	0.173	0.170	0.178	0.179	0.182	0.186	0.187	0.199	0.187	0.189	0.183	0.184	0.183	0.185	0.180	0.190	0.180	0.187	0.187	0.195	0.196	0.191	0.186	0.186	0.192	0.181	0.176	0.178	0.189	0.180	0.180	0.196
1	0.201	0.194	0.193	0.190	0.187	0.184	0.185	0.184	0.193	0.197	0.191	0.204	0.202	0.204	0.199	0.192	0.199	0.193	0.184	0.190	0.186	0.183	0.202	0.194	0.198	0.195	0.192	0.186	0.191	0.186	0.183	0.186	0.184	0.193	0.190	0.191	0.201	0.205	0.190	0.186	0.188	0.192	0.191	0.194	0.192	0.201	0.201	0.195	0.200	0.199	0.193	0.185	0.204	0.189	0.192	0.183	0.194	0.193	0.190	0.192	0.191	0.184	0.186	0.187	0.183	0.179	0.183	0.186	0.189	0.194	0.195	0.208	0.204	0.203	0.194	0.195	0.191	0.193	0.186	0.199	0.190	0.197	0.195	0.206	0.214	0.209	0.202	0.202	0.204	0.194	0.186	0.187	0.198	0.190	0.189	0.206
2	0.223	0.216	0.211	0.208	0.204	0.199	0.201	0.200	0.209	0.215	0.209	0.224	0.225	0.229	0.219	0.210	0.218	0.209	0.201	0.206	0.203	0.202	0.220	0.215	0.220	0.218	0.212	0.204	0.207	0.200	0.199	0.204	0.202	0.211	0.207	0.211	0.226	0.231	0.214	0.207	0.206	0.209	0.207	0.213	0.209	0.219	0.219	0.214	0.225	0.225	0.213	0.204	0.221	0.204	0.204	0.193	0.210	0.210	0.209	0.212	0.213	0.205	0.205	0.205	0.199	0.194	0.197	0.201	0.205	0.212	0.212	0.227	0.234	0.227	0.214	0.214	0.209	0.210	0.200	0.215	0.207	0.216	0.213	0.218	0.248	0.240	0.232	0.231	0.231	0.220	0.203	0.204	0.214	0.206	0.207	0.225
3	0.258	0.251	0.240	0.235	0.233	0.225	0.225	0.224	0.234	0.244	0.239	0.255	0.261	0.274	0.255	0.237	0.248	0.237	0.227	0.231	0.231	0.233	0.249	0.250	0.256	0.258	0.242	0.231	0.233	0.226	0.225	0.233	0.229	0.240	0.236	0.244	0.267	0.279	0.256	0.239	0.236	0.237	0.234	0.243	0.236	0.252	0.249	0.246	0.268	0.270	0.246	0.233	0.248	0.230	0.227	0.212	0.239	0.239	0.241	0.246	0.248	0.237	0.235	0.233	0.225	0.217	0.221	0.224	0.234	0.241	0.244	0.261	0.287	0.268	0.244	0.246	0.238	0.239	0.226	0.245	0.236	0.248	0.245	0.249	0.303	0.295	0.281	0.279	0.276	0.263	0.231	0.232	0.241	0.234	0.239	0.257
4	0.310	0.308	0.286	0.281	0.282	0.268	0.268	0.265	0.274	0.291	0.287	0.306	0.318	0.341	0.313	0.281	0.297	0.284	0.267	0.275	0.275	0.281	0.297	0.305	0.309	0.321	0.293	0.274	0.275	0.264	0.266	0.279	0.277	0.285	0.283	0.299	0.332	0.343	0.311	0.288	0.283	0.279	0.277	0.293	0.275	0.301	0.299	0.298	0.327	0.336	0.298	0.279	0.293	0.270	0.264	0.237	0.282	0.284	0.292	0.301	0.305	0.288	0.281	0.277	0.265	0.252	0.258	0.263	0.273	0.288	0.293	0.315	0.358	0.331	0.294	0.302	0.285	0.287	0.264	0.293	0.278	0.303	0.294	0.303	0.395	0.380	0.361	0.355	0.354	0.334	0.277	0.278	0.282	0.277	0.288	0.307
5	0.377	0.381	0.347	0.342	0.351	0.328	0.329	0.325	0.335	0.357	0.358	0.376	0.389	0.421	0.388	0.341	0.367	0.343	0.326	0.339	0.337	0.349	0.361	0.380	0.380	0.397	0.364	0.337	0.336	0.318	0.327	0.346	0.343	0.354	0.350	0.373	0.413	0.421	0.374	0.350	0.347	0.335	0.335	0.362	0.333	0.366	0.371	0.372	0.403	0.420	0.368	0.337	0.358	0.328	0.319	0.270	0.343	0.349	0.361	0.375	0.378	0.355	0.340	0.340	0.323	0.302	0.313	0.321	0.335	0.356	0.360	0.386	0.443	0.413	0.364	0.374	0.353	0.357	0.324	0.359	0.344	0.378	0.358	0.374	0.509	0.491	0.465	0.458	0.466	0.435	0.350	0.347	0.351	0.346	0.364	0.386
6	0.454	0.463	0.418	0.414	0.432	0.406	0.403	0.399	0.411	0.438	0.440	0.458	0.473	0.504	0.473	0.414	0.453	0.420	0.401	0.422	0.417	0.434	0.443	0.465	0.465	0.490	0.447	0.411	0.414	0.389	0.408	0.428	0.425	0.443	0.436	0.460	0.500	0.503	0.446	0.424	0.422	0.405	0.408	0.449	0.404	0.444	0.460	0.460	0.485	0.510	0.453	0.414	0.440	0.403	0.383	0.307	0.421	0.429	0.446	0.459	0.460	0.432	0.415	0.415	0.394	0.367	0.381	0.396	0.412	0.443	0.440	0.467	0.525	0.501	0.448	0.461	0.441	0.442	0.399	0.442	0.430	0.470	0.432	0.446	0.583	0.576	0.555	0.549	0.558	0.535	0.443	0.431	0.435	0.429	0.457	0.482
7	0.510	0.519	0.479	0.479	0.499	0.474	0.476	0.469	0.483	0.505	0.503	0.517	0.527	0.557	0.535	0.483	0.521	0.488	0.474	0.495	0.488	0.504	0.512	0.528	0.522	0.556	0.515	0.484	0.487	0.463	0.489	0.507	0.502	0.518	0.506	0.522	0.553	0.565	0.518	0.500	0.496	0.478	0.485	0.534	0.481	0.526	0.532	0.525	0.540	0.575	0.521	0.487	0.517	0.482	0.450	0.340	0.502	0.507	0.515	0.519	0.509	0.491	0.478	0.483	0.468	0.436	0.455	0.477	0.493	0.520	0.505	0.524	0.581	0.573	0.520	0.536	0.520	0.516	0.476	0.521	0.510	0.545	0.492	0.503	0.618	0.616	0.600	0.593	0.604	0.590	0.519	0.508	0.517	0.504	0.527	0.551
8	0.541	0.552	0.515	0.514	0.538	0.517	0.516	0.512	0.523	0.543	0.542	0.551	0.555	0.593	0.574	0.523	0.559	0.529	0.519	0.544	0.531	0.545	0.554	0.562	0.550	0.587	0.554	0.530	0.536	0.509	0.534	0.552	0.550	0.567	0.545	0.555	0.581	0.601	0.562	0.550	0.545	0.538	0.546	0.582	0.536	0.576	0.574	0.561	0.571	0.611	0.564	0.531	0.564	0.538	0.491	0.359	0.558	0.555	0.551	0.546	0.540	0.523	0.518	0.522	0.515	0.492	0.505	0.529	0.544	0.567	0.544	0.559	0.617	0.615	0.557	0.574	0.568	0.567	0.531	0.568	0.557	0.586	0.528	0.535	0.636	0.640	0.623	0.617	0.633	0.617	0.560	0.546	0.557	0.540	0.563	0.588
9	0.559	0.569	0.537	0.537	0.559	0.543	0.542	0.539	0.548	0.564	0.563	0.573	0.570	0.610	0.593	0.545	0.583	0.553	0.546	0.572	0.556	0.567	0.577	0.582	0.567	0.606	0.573	0.557	0.565	0.537	0.563	0.581	0.579	0.590	0.568	0.575	0.601	0.622	0.587	0.573	0.574	0.568	0.578	0.611	0.570	0.604	0.598	0.579	0.590	0.633	0.593	0.558	0.597	0.570	0.505	0.363	0.588	0.581	0.570	0.563	0.559	0.545	0.538	0.554	0.550	0.525	0.535	0.559	0.575	0.593	0.565	0.576	0.631	0.634	0.581	0.600	0.595	0.597	0.561	0.595	0.583	0.609	0.548	0.549	0.645	0.651	0.634	0.626	0.645	0.630	0.587	0.571	0.582	0.564	0.585	0.609
10	0.568	0.577	0.549	0.548	0.571	0.555	0.556	0.552	0.562	0.576	0.610	0.583	0.580	0.618	0.602	0.556	0.594	0.566	0.559	0.588	0.567	0.578	0.589	0.591	0.573	0.617	0.587	0.572	0.580	0.552	0.577	0.598	0.596	0.602	0.579	0.585	0.609	0.629	0.602	0.589	0.594	0.587	0.596	0.624	0.588	0.622	0.610	0.587	0.600	0.643	0.607	0.575	0.613	0.590	0.511	0.367	0.606	0.594	0.578	0.569	0.566	0.555	0.551	0.570	0.569	0.545	0.551	0.577	0.591	0.605	0.577	0.583	0.640	0.643	0.593	0.613	0.612	0.611	0.580	0.612	0.600	0.621	0.558	0.557	0.651	0.655	0.640	0.632	0.650	0.636	0.600	0.584	0.597	0.577	0.595	0.621
11	0.572	0.580	0.554	0.555	0.576	0.560	0.564	0.560	0.567	0.581	0.578	0.586	0.581	0.620	0.606	0.563	0.599	0.572	0.565	0.593	0.572	0.582	0.594	0.595	0.579	0.619	0.590	0.581	0.587	0.558	0.586	0.601	0.598	0.606	0.584	0.588	0.612	0.632	0.606	0.597	0.597	0.597	0.602	0.630	0.597	0.628	0.612	0.590	0.598	0.646	0.613	0.580	0.618	0.600	0.512	0.375	0.612	0.595	0.578	0.571	0.569	0.562	0.556	0.575	0.576	0.554	0.559	0.585	0.595	0.608	0.582	0.586	0.639	0.648	0.599	0.617	0.622	0.615	0.583	0.617	0.603	0.622	0.561	0.565	0.649	0.655	0.642	0.634	0.651	0.641	0.607	0.592	0.605	0.585	0.603	0.625
12	0.575	0.582	0.558	0.557	0.578	0.563	0.569	0.563	0.569	0.583	0.579	0.587	0.581	0.618	0.604	0.565	0.602	0.572	0.567	0.596	0.575	0.584	0.596	0.595	0.580	0.620	0.591	0.578	0.587	0.562	0.590	0.601	0.597	0.607	0.586	0.591	0.612	0.628	0.605	0.600	0.598	0.599	0.606	0.631	0.598	0.628	0.612	0.589	0.599	0.646	0.612	0.583	0.621	0.601	0.513	0.387	0.612	0.596	0.580	0.573	0.568	0.561	0.557	0.576	0.579	0.557	0.561	0.586	0.600	0.611	0.582	0.588	0.639	0.647	0.599	0.617	0.621	0.614	0.586	0.617	0.604	0.621	0.562	0.561	0.652	0.656	0.644	0.635	0.652	0.643	0.610	0.596	0.612	0.589	0.606	0.627
13	0.577	0.586	0.560	0.561	0.579	0.566	0.572	0.565	0.570	0.584	0.616	0.587	0.581	0.615	0.604	0.565	0.601	0.575	0.568	0.594	0.576	0.585	0.598	0.597	0.583	0.619	0.594	0.579	0.591	0.562	0.588	0.601	0.598	0.607	0.584	0.592	0.609	0.626	0.603	0.595	0.598	0.597	0.604	0.629	0.597	0.624	0.610	0.589	0.600	0.643	0.610	0.583	0.624	0.601	0.515	0.398	0.613	0.595	0.578	0.575	0.568	0.559	0.558	0.575	0.581	0.558	0.563	0.587	0.599	0.613	0.582	0.589	0.637	0.648	0.598	0.616	0.621	0.613	0.584	0.615	0.603	0.619	0.565	0.568	0.653	0.654	0.646	0.636	0.652	0.646	0.612	0.600	0.616	0.593	0.609	0.629
14	0.584	0.589	0.563	0.565	0.581	0.571	0.575	0.568	0.572	0.588	0.583	0.589	0.582	0.616	0.603	0.566	0.599	0.577	0.571	0.594	0.578	0.586	0.599	0.599	0.586	0.617	0.594	0.578	0.590	0.565	0.588	0.599	0.595	0.605	0.585	0.593	0.607	0.627	0.599	0.594	0.595	0.596	0.603	0.623	0.594	0.622	0.608	0.591	0.593	0.642	0.609	0.584	0.625	0.602	0.518	0.407	0.609	0.597	0.579	0.580	0.567	0.559	0.562	0.578	0.580	0.559	0.563	0.584	0.597	0.611	0.582	0.592	0.632	0.643	0.600	0.614	0.618	0.609	0.585	0.612	0.604	0.617	0.567	0.567	0.654	0.655	0.648	0.638	0.652	0.649	0.615	0.603	0.620	0.595	0.611	0.631
15	0.590	0.596	0.568	0.569	0.584	0.576	0.581	0.574	0.576	0.592	0.588	0.593	0.587	0.616	0.603	0.569	0.602	0.579	0.575	0.595	0.581	0.590	0.604	0.602	0.592	0.617	0.591	0.581	0.586	0.569	0.588	0.599	0.597	0.605	0.586	0.595	0.608	0.623	0.600	0.595	0.593	0.594	0.600	0.621	0.594	0.621	0.606	0.592	0.595	0.642	0.605	0.584	0.624	0.602	0.522	0.418	0.608	0.595	0.583	0.586	0.569	0.564	0.564	0.577	0.579	0.559	0.564	0.584	0.596	0.610	0.583	0.596	0.629	0.639	0.600	0.614	0.618	0.608	0.585	0.612	0.606	0.616	0.570	0.570	0.655	0.655	0.650	0.640	0.654	0.650	0.616	0.605	0.623	0.598	0.614	0.632
16	0.599	0.601	0.574	0.576	0.590	0.583	0.587	0.580	0.582	0.598	0.594	0.600	0.594	0.617	0.605	0.573	0.603	0.585	0.580	0.596	0.585	0.595	0.607	0.606	0.597	0.616	0.592	0.583	0.586	0.572	0.587	0.600	0.595	0.604	0.589	0.599	0.612	0.623	0.600	0.592	0.593	0.594	0.597	0.620	0.594	0.618	0.606	0.595	0.595	0.641	0.605	0.584	0.622	0.603	0.528	0.424	0.608	0.593	0.591	0.594	0.573	0.567	0.568	0.577	0.578	0.558	0.566	0.584	0.599	0.607	0.587	0.602	0.626	0.636	0.601	0.615	0.618	0.606	0.587	0.613	0.604	0.615	0.574	0.579	0.657	0.657	0.650	0.642	0.653	0.653	0.617	0.608	0.625	0.601	0.617	0.635
17	0.607	0.610	0.581	0.583	0.597	0.590	0.595	0.588	0.588	0.604	0.601	0.605	0.602	0.619	0.607	0.580	0.604	0.591	0.586	0.598	0.590	0.598	0.612	0.610	0.603	0.619	0.593	0.584	0.588	0.577	0.587	0.600	0.597	0.605	0.593	0.601	0.615	0.625	0.601	0.591	0.594	0.596	0.597	0.621	0.593	0.617	0.606	0.597	0.595	0.642	0.608	0.587	0.626	0.605	0.534	0.431	0.608	0.592	0.597	0.600	0.577	0.573	0.574	0.579	0.580	0.560	0.570	0.584	0.596	0.606	0.592	0.610	0.628	0.636	0.603	0.618	0.618	0.606	0.590	0.612	0.603	0.616	0.579	0.585	0.657	0.659	0.653	0.644	0.655	0.654	0.620	0.612	0.628	0.605	0.619	0.636
18	0.617	0.619	0.589	0.590	0.605	0.601	0.604	0.599	0.596	0.614	0.609	0.611	0.610	0.623	0.614	0.589	0.610	0.598	0.594	0.604	0.596	0.605	0.619	0.615	0.612	0.620	0.596	0.588	0.591	0.584	0.591	0.601	0.599	0.608	0.598	0.605	0.620	0.626	0.604	0.599	0.596	0.598	0.598	0.621	0.593	0.617	0.607	0.602	0.598	0.640	0.611	0.591	0.625	0.606	0.540	0.438	0.608	0.592	0.606	0.608	0.583	0.580	0.578	0.584	0.586	0.565	0.577	0.584	0.595	0.604	0.600	0.617	0.630	0.635	0.606	0.622	0.620	0.606	0.594	0.614	0.605	0.615	0.586	0.588	0.660	0.662	0.656	0.646	0.656	0.655	0.625	0.617	0.634	0.609	0.623	0.638
19	0.625	0.627	0.597	0.599	0.613	0.609	0.613	0.607	0.606	0.622	0.618	0.621	0.617	0.628	0.623	0.598	0.617	0.605	0.603	0.610	0.602	0.609	0.624	0.621	0.622	0.623	0.602	0.593	0.596	0.589	0.597	0.604	0.602	0.614	0.601	0.609	0.626	0.626	0.607	0.601	0.599	0.599	0.600	0.620	0.595	0.617	0.612	0.605	0.603	0.641	0.612	0.599	0.625	0.607	0.543	0.444	0.609	0.595	0.615	0.617	0.591	0.585	0.582	0.589	0.591	0.570	0.581	0.587	0.594	0.606	0.607	0.626	0.636	0.637	0.611	0.624	0.621	0.608	0.599	0.616	0.608	0.616	0.592	0.600	0.662	0.664	0.658	0.649	0.658	0.658	0.629	0.622	0.639	0.614	0.627	0.641
20	0.635	0.638	0.607	0.609	0.623	0.620	0.622	0.618	0.616	0.632	0.629	0.632	0.628	0.636	0.631	0.607	0.624	0.616	0.614	0.619	0.608	0.615	0.632	0.628	0.630	0.629	0.609	0.602	0.601	0.596	0.602	0.608	0.607	0.618	0.606	0.614	0.634	0.630	0.610	0.606	0.602	0.602	0.602	0.622	0.597	0.618	0.616	0.611	0.608	0.643	0.617	0.603	0.626	0.612	0.551	0.447	0.611	0.600	0.624	0.625	0.597	0.592	0.588	0.595	0.595	0.576	0.587	0.592	0.596	0.611	0.614	0.635	0.643	0.640	0.617	0.629	0.624	0.609	0.603	0.618	0.613	0.621	0.599	0.609	0.664	0.667	0.661	0.651	0.660	0.659	0.636	0.629	0.646	0.620	0.634	0.645
21	0.642	0.647	0.617	0.618	0.631	0.629	0.632	0.625	0.624	0.640	0.640	0.640	0.639	0.642	0.637	0.614	0.633	0.622	0.622	0.628	0.619	0.623	0.639	0.635	0.640	0.636	0.615	0.607	0.607	0.603	0.608	0.615	0.613	0.624	0.612	0.621	0.640	0.633	0.614	0.609	0.606	0.605	0.605	0.623	0.604	0.620	0.621	0.617	0.615	0.644	0.623	0.611	0.630	0.621	0.558	0.454	0.615	0.606	0.634	0.637	0.604	0.597	0.593	0.602	0.600	0.583	0.594	0.597	0.600	0.618	0.625	0.647	0.652	0.645	0.625	0.636	0.629	0.613	0.610	0.624	0.619	0.626	0.607	0.615	0.667	0.669	0.664	0.654	0.660	0.661	0.640	0.636	0.652	0.629	0.642	0.652
22	0.651	0.656	0.622	0.627	0.640	0.636	0.638	0.634	0.633	0.651	0.647	0.646	0.647	0.651	0.645	0.622	0.642	0.629	0.630	0.636	0.625	0.631	0.645	0.644	0.647	0.644	0.622	0.616	0.616	0.610	0.615	0.622	0.620	0.630	0.618	0.629	0.648	0.639	0.618	0.614	0.612	0.611	0.608	0.626	0.610	0.625	0.627	0.624	0.623	0.648	0.629	0.619	0.635	0.627	0.564	0.459	0.620	0.612	0.644	0.646	0.610	0.606	0.602	0.610	0.608	0.589	0.601	0.603	0.605	0.622	0.634	0.656	0.661	0.652	0.633	0.640	0.634	0.616	0.619	0.631	0.625	0.631	0.614	0.626	0.672	0.674	0.667	0.658	0.663	0.664	0.647	0.642	0.659	0.634	0.649	0.659
23	0.656	0.664	0.632	0.636	0.644	0.644	0.648	0.641	0.641	0.658	0.654	0.654	0.654	0.657	0.654	0.629	0.647	0.636	0.635	0.644	0.630	0.639	0.655	0.652	0.655	0.650	0.629	0.622	0.623	0.618	0.621	0.628	0.626	0.637	0.625	0.636	0.658	0.647	0.626	0.624	0.618	0.616	0.614	0.631	0.615	0.632	0.632	0.632	0.630	0.654	0.635	0.626	0.642	0.634	0.566	0.461	0.625	0.620	0.654	0.656	0.619	0.612	0.609	0.617	0.614	0.597	0.608	0.610	0.611	0.629	0.642	0.665	0.668	0.658	0.641	0.646	0.642	0.621	0.627	0.637	0.632	0.638	0.621	0.638	0.677	0.680	0.671	0.662	0.666	0.669	0.654	0.649	0.666	0.641	0.656	0.667
