
Software Version	3.11.19



Experiment File Path:	C:\Users\patil-group\Desktop\Sweeteners_stacker\081221_NT5031_31_31_Rep1-3\NT5031_31_31_Rep1-3.xpt
Protocol File Path:	C:\Users\Public\Documents\Protocols\Screening-protocol.prt



Plate Number	Plate 6
Date	08/12/2021
Time	13:48:05
Reader Type:	Epoch 2
Reader Serial Number:	2103223
Reading Type	Reader

Procedure Details

Plate Type	96 WELL PLATE
Discontinuous Kinetics	Runtime 1:00:00 (D:HH:MM), Interval 0:01:00, 25 Reads
	Pause after each run
Eject plate on completion	
Shake	Linear: 0:00:30 (HH:MM:SS)
	Frequency: 567 cpm (3 mm)
Read	Absorbance Endpoint
	Full Plate
	Wavelengths:  600
	Read Speed: Normal,  Delay: 100 msec,  Measurements/Data Point: 8

600

Time	T° 600	A1	A2	A3	A4	A5	A6	A7	A8	A9	A10	A11	A12	B1	B2	B3	B4	B5	B6	B7	B8	B9	B10	B11	B12	C1	C2	C3	C4	C5	C6	C7	C8	C9	C10	C11	C12	D1	D2	D3	D4	D5	D6	D7	D8	D9	D10	D11	D12	E1	E2	E3	E4	E5	E6	E7	E8	E9	E10	E11	E12	F1	F2	F3	F4	F5	F6	F7	F8	F9	F10	F11	F12	G1	G2	G3	G4	G5	G6	G7	G8	G9	G10	G11	G12	H1	H2	H3	H4	H5	H6	H7	H8	H9	H10	H11	H12
0:00:34	32.8	0.158	0.153	0.166	0.157	0.152	0.158	0.151	0.160	0.158	0.160	0.150	0.153	0.154	0.153	0.168	0.165	0.158	0.154	0.152	0.158	0.157	0.152	0.151	0.161	0.152	0.154	0.155	0.154	0.168	0.160	0.158	0.157	0.159	0.170	0.152	0.158	0.170	0.171	0.173	0.173	0.155	0.159	0.151	0.158	0.167	0.168	0.170	0.166	0.158	0.154	0.154	0.160	0.159	0.157	0.160	0.156	0.159	0.161	0.161	0.160	0.168	0.182	0.164	0.161	0.157	0.164	0.157	0.159	0.157	0.159	0.155	0.153	0.156	0.160	0.161	0.163	0.157	0.158	0.159	0.156	0.168	0.161	0.160	0.157	0.159	0.161	0.159	0.160	0.158	0.163	0.154	0.161	0.165	0.160	0.155	0.164
1:00:33	34.0	0.154	0.152	0.166	0.156	0.153	0.158	0.151	0.159	0.157	0.160	0.150	0.154	0.154	0.153	0.167	0.165	0.157	0.153	0.152	0.158	0.157	0.152	0.152	0.162	0.152	0.155	0.155	0.154	0.168	0.160	0.158	0.157	0.157	0.163	0.153	0.157	0.174	0.176	0.177	0.178	0.155	0.158	0.151	0.158	0.171	0.172	0.171	0.169	0.158	0.154	0.153	0.160	0.159	0.156	0.159	0.157	0.158	0.161	0.161	0.161	0.171	0.185	0.167	0.161	0.157	0.163	0.157	0.159	0.157	0.158	0.154	0.153	0.156	0.159	0.160	0.162	0.157	0.156	0.158	0.155	0.161	0.161	0.160	0.157	0.159	0.160	0.159	0.160	0.158	0.161	0.154	0.159	0.164	0.160	0.155	0.165
2:00:33	34.1	0.157	0.154	0.164	0.158	0.154	0.158	0.152	0.161	0.158	0.160	0.152	0.156	0.155	0.154	0.166	0.165	0.158	0.154	0.153	0.159	0.158	0.153	0.153	0.162	0.153	0.156	0.156	0.155	0.168	0.161	0.159	0.158	0.157	0.164	0.154	0.158	0.176	0.178	0.179	0.181	0.155	0.158	0.152	0.159	0.172	0.174	0.171	0.169	0.158	0.155	0.154	0.161	0.159	0.156	0.160	0.157	0.159	0.162	0.162	0.162	0.173	0.186	0.168	0.162	0.157	0.163	0.157	0.159	0.158	0.160	0.155	0.155	0.158	0.159	0.161	0.160	0.157	0.156	0.159	0.157	0.161	0.162	0.162	0.159	0.163	0.161	0.160	0.162	0.159	0.163	0.155	0.160	0.166	0.162	0.157	0.168
3:00:34	34.3	0.179	0.171	0.178	0.171	0.167	0.169	0.164	0.173	0.170	0.172	0.168	0.178	0.169	0.165	0.174	0.172	0.166	0.161	0.159	0.164	0.163	0.160	0.160	0.172	0.166	0.163	0.163	0.161	0.173	0.167	0.164	0.163	0.164	0.171	0.162	0.172	0.177	0.179	0.180	0.182	0.161	0.162	0.157	0.164	0.172	0.173	0.171	0.170	0.164	0.159	0.158	0.164	0.164	0.161	0.163	0.162	0.163	0.167	0.170	0.175	0.174	0.187	0.169	0.168	0.163	0.168	0.160	0.162	0.161	0.166	0.164	0.168	0.175	0.169	0.172	0.165	0.163	0.162	0.165	0.163	0.168	0.172	0.173	0.175	0.188	0.177	0.175	0.174	0.171	0.176	0.166	0.172	0.179	0.174	0.172	0.188
4:00:34	34.3	0.299	0.268	0.266	0.258	0.248	0.244	0.238	0.249	0.251	0.258	0.264	0.289	0.250	0.227	0.229	0.215	0.213	0.206	0.197	0.204	0.190	0.200	0.202	0.223	0.246	0.214	0.211	0.198	0.209	0.204	0.195	0.195	0.210	0.221	0.215	0.248	0.178	0.181	0.181	0.184	0.201	0.202	0.190	0.199	0.174	0.175	0.171	0.171	0.207	0.192	0.181	0.183	0.196	0.194	0.194	0.192	0.198	0.204	0.223	0.254	0.176	0.189	0.170	0.209	0.201	0.201	0.175	0.182	0.183	0.206	0.219	0.244	0.269	0.226	0.236	0.204	0.204	0.202	0.210	0.205	0.212	0.221	0.235	0.267	0.306	0.277	0.261	0.257	0.247	0.261	0.243	0.250	0.259	0.254	0.259	0.295
5:00:35	34.2	0.557	0.496	0.494	0.465	0.449	0.442	0.423	0.442	0.449	0.462	0.471	0.515	0.448	0.410	0.393	0.367	0.387	0.371	0.344	0.356	0.297	0.331	0.332	0.342	0.432	0.373	0.366	0.345	0.355	0.347	0.328	0.330	0.378	0.410	0.381	0.429	0.180	0.183	0.183	0.185	0.350	0.370	0.322	0.345	0.175	0.176	0.174	0.172	0.343	0.318	0.289	0.282	0.327	0.373	0.337	0.321	0.325	0.349	0.381	0.429	0.178	0.190	0.173	0.353	0.344	0.344	0.258	0.280	0.283	0.458	0.377	0.432	0.472	0.398	0.442	0.317	0.335	0.323	0.364	0.371	0.377	0.403	0.416	0.467	0.560	0.493	0.473	0.472	0.432	0.511	0.454	0.448	0.500	0.456	0.465	0.520
6:00:36	34.2	0.822	0.770	0.751	0.747	0.711	0.733	0.670	0.697	0.722	0.722	0.741	0.791	0.729	0.676	0.637	0.572	0.624	0.589	0.552	0.577	0.392	0.435	0.449	0.413	0.656	0.578	0.571	0.532	0.544	0.552	0.490	0.521	0.604	0.627	0.631	0.738	0.183	0.186	0.185	0.189	0.588	0.578	0.544	0.612	0.179	0.178	0.178	0.176	0.506	0.479	0.431	0.418	0.535	0.612	0.555	0.536	0.546	0.577	0.656	0.724	0.182	0.194	0.177	0.580	0.580	0.582	0.414	0.446	0.437	0.644	0.676	0.724	0.775	0.644	0.679	0.429	0.455	0.432	0.547	0.611	0.612	0.673	0.708	0.759	0.874	0.787	0.790	0.777	0.770	0.768	0.751	0.815	0.831	0.796	0.774	0.809
7:00:36	34.2	0.954	0.913	0.910	0.917	0.941	0.971	0.888	0.922	0.892	0.993	0.846	0.868	0.944	0.996	0.898	0.801	0.870	0.949	0.831	0.804	0.401	0.495	0.468	0.500	0.918	0.754	0.782	0.748	0.783	0.904	0.701	0.817	0.959	0.977	0.894	0.985	0.189	0.192	0.190	0.193	0.924	0.857	0.850	0.988	0.185	0.185	0.184	0.184	0.746	0.697	0.628	0.661	0.849	0.957	0.931	0.900	0.841	0.897	0.953	0.994	0.188	0.200	0.186	0.936	0.894	0.957	0.685	0.757	0.725	0.948	0.965	0.965	0.971	0.873	0.989	0.521	0.614	0.545	0.803	0.928	0.902	0.998	1.011	1.007	0.977	0.986	1.050	0.976	0.946	1.081	1.022	0.984	1.081	1.018	0.953	1.006
8:00:37	34.2	0.809	0.831	0.797	0.807	0.911	0.806	0.814	0.813	0.888	0.798	0.821	0.767	0.860	0.860	0.827	0.819	0.835	0.865	0.792	0.804	0.469	0.628	0.666	0.587	0.795	0.834	0.827	0.843	0.890	0.908	0.860	0.880	0.838	0.813	0.845	0.835	0.198	0.200	0.200	0.200	0.942	0.992	0.982	0.901	0.199	0.196	0.197	0.197	0.977	0.946	0.875	0.895	0.918	0.903	1.052	0.946	0.966	0.922	0.847	0.821	0.200	0.212	0.202	0.942	0.926	0.976	0.846	0.877	0.917	0.925	0.911	0.876	0.911	0.839	0.889	0.681	0.741	0.710	0.937	0.905	0.869	0.849	0.875	0.839	0.861	0.926	0.860	0.927	0.873	0.809	0.814	0.912	0.896	0.874	0.875	0.832
9:00:38	34.2	0.799	0.803	0.802	0.782	0.793	0.786	0.787	0.789	0.789	0.797	0.783	0.777	0.817	0.827	0.830	0.815	0.831	0.818	0.822	0.815	0.603	0.745	0.761	0.698	0.778	0.797	0.806	0.829	0.797	0.769	0.827	0.817	0.822	0.867	0.808	0.806	0.228	0.225	0.223	0.220	0.880	0.821	0.811	0.822	0.231	0.228	0.230	0.228	0.819	0.852	0.896	0.890	0.885	0.880	0.831	0.919	0.859	0.847	0.809	0.795	0.231	0.243	0.235	0.850	0.855	0.860	0.941	0.942	0.904	0.814	0.818	0.776	0.807	0.818	0.821	0.762	0.803	0.795	0.852	0.864	0.819	0.830	0.822	0.796	0.786	0.813	0.807	0.796	0.802	0.802	0.802	0.786	0.856	0.812	0.793	0.802
10:00:38	34.2	0.773	0.787	0.781	0.779	0.778	0.768	0.777	0.768	0.762	0.779	0.774	0.753	0.797	0.791	0.804	0.785	0.787	0.794	0.798	0.802	0.688	0.716	0.724	0.713	0.783	0.789	0.772	0.760	0.812	0.763	0.793	0.776	0.796	0.792	0.798	0.799	0.244	0.243	0.245	0.244	0.795	0.824	0.781	0.792	0.248	0.244	0.243	0.242	0.800	0.804	0.824	0.854	0.819	0.806	0.811	0.839	0.795	0.817	0.811	0.793	0.246	0.259	0.252	0.813	0.800	0.807	0.849	0.845	0.816	0.796	0.785	0.770	0.771	0.801	0.782	0.780	0.781	0.749	0.761	0.785	0.784	0.794	0.786	0.780	0.773	0.790	0.781	0.788	0.773	0.787	0.791	0.770	0.794	0.761	0.768	0.790
11:00:39	34.2	0.762	0.764	0.780	0.756	0.765	0.756	0.763	0.761	0.754	0.763	0.756	0.745	0.795	0.774	0.807	0.768	0.776	0.774	0.778	0.788	0.690	0.703	0.711	0.730	0.750	0.771	0.750	0.751	0.799	0.757	0.770	0.765	0.789	0.778	0.788	0.790	0.290	0.265	0.261	0.263	0.783	0.783	0.774	0.788	0.301	0.302	0.280	0.263	0.777	0.794	0.796	0.813	0.801	0.781	0.786	0.813	0.777	0.792	0.794	0.780	0.299	0.278	0.324	0.790	0.793	0.786	0.836	0.819	0.807	0.790	0.773	0.762	0.771	0.797	0.768	0.748	0.739	0.712	0.753	0.789	0.757	0.788	0.777	0.779	0.757	0.780	0.759	0.772	0.758	0.776	0.779	0.776	0.777	0.750	0.754	0.779
12:00:40	34.2	0.755	0.746	0.768	0.749	0.750	0.748	0.753	0.751	0.744	0.757	0.742	0.740	0.789	0.772	0.789	0.750	0.772	0.768	0.781	0.780	0.716	0.707	0.714	0.726	0.745	0.762	0.754	0.745	0.789	0.752	0.765	0.757	0.778	0.771	0.783	0.779	0.290	0.312	0.298	0.280	0.775	0.782	0.764	0.775	0.285	0.293	0.271	0.272	0.779	0.781	0.801	0.802	0.798	0.775	0.777	0.797	0.764	0.779	0.787	0.774	0.309	0.324	0.283	0.780	0.761	0.776	0.818	0.795	0.791	0.788	0.762	0.757	0.742	0.786	0.764	0.709	0.726	0.709	0.751	0.770	0.758	0.772	0.770	0.773	0.745	0.770	0.750	0.765	0.752	0.769	0.780	0.758	0.783	0.745	0.750	0.769
13:00:40	34.2	0.736	0.744	0.760	0.741	0.741	0.741	0.743	0.744	0.739	0.748	0.746	0.735	0.775	0.755	0.782	0.761	0.767	0.760	0.770	0.778	0.706	0.704	0.716	0.717	0.744	0.748	0.735	0.745	0.781	0.741	0.756	0.749	0.769	0.768	0.776	0.769	0.282	0.280	0.283	0.283	0.764	0.773	0.769	0.760	0.272	0.273	0.266	0.265	0.759	0.775	0.795	0.796	0.774	0.768	0.778	0.787	0.769	0.775	0.781	0.767	0.277	0.289	0.271	0.773	0.771	0.776	0.815	0.799	0.783	0.779	0.759	0.747	0.736	0.782	0.758	0.700	0.719	0.707	0.737	0.749	0.740	0.768	0.766	0.760	0.733	0.759	0.745	0.758	0.745	0.764	0.773	0.757	0.787	0.737	0.740	0.760
14:00:40	34.2	0.726	0.735	0.749	0.735	0.731	0.734	0.735	0.735	0.735	0.739	0.733	0.724	0.760	0.753	0.776	0.775	0.763	0.757	0.761	0.766	0.687	0.698	0.707	0.711	0.738	0.737	0.731	0.736	0.769	0.737	0.750	0.743	0.769	0.752	0.772	0.766	0.264	0.265	0.270	0.275	0.761	0.760	0.759	0.758	0.258	0.257	0.254	0.254	0.769	0.767	0.784	0.792	0.780	0.763	0.773	0.774	0.755	0.769	0.767	0.760	0.263	0.283	0.291	0.766	0.772	0.762	0.804	0.793	0.772	0.772	0.755	0.742	0.726	0.777	0.749	0.691	0.709	0.700	0.735	0.738	0.732	0.762	0.761	0.760	0.718	0.752	0.737	0.749	0.735	0.758	0.765	0.754	0.760	0.733	0.731	0.750
15:00:41	34.2	0.722	0.726	0.743	0.725	0.728	0.727	0.731	0.725	0.727	0.732	0.730	0.716	0.752	0.747	0.769	0.759	0.755	0.749	0.758	0.766	0.678	0.686	0.694	0.699	0.736	0.731	0.745	0.729	0.767	0.733	0.744	0.739	0.765	0.754	0.767	0.759	0.260	0.272	0.268	0.263	0.751	0.753	0.758	0.752	0.273	0.305	0.260	0.256	0.754	0.768	0.791	0.789	0.767	0.757	0.773	0.763	0.749	0.765	0.765	0.754	0.317	0.283	0.262	0.759	0.761	0.755	0.789	0.782	0.755	0.769	0.754	0.733	0.719	0.769	0.739	0.683	0.703	0.691	0.731	0.740	0.725	0.756	0.754	0.751	0.710	0.745	0.727	0.744	0.736	0.755	0.757	0.734	0.757	0.728	0.733	0.739
16:00:42	34.2	0.710	0.715	0.732	0.714	0.721	0.717	0.723	0.725	0.716	0.724	0.719	0.708	0.752	0.740	0.762	0.753	0.751	0.750	0.750	0.753	0.674	0.678	0.689	0.686	0.723	0.725	0.731	0.727	0.760	0.727	0.741	0.734	0.758	0.748	0.758	0.749	0.266	0.264	0.263	0.276	0.745	0.748	0.752	0.748	0.279	0.333	0.258	0.287	0.752	0.762	0.779	0.773	0.765	0.754	0.764	0.764	0.748	0.760	0.756	0.749	0.315	0.276	0.301	0.754	0.754	0.754	0.779	0.778	0.746	0.765	0.745	0.721	0.729	0.765	0.734	0.674	0.692	0.681	0.723	0.736	0.721	0.751	0.749	0.743	0.710	0.739	0.724	0.737	0.725	0.749	0.754	0.731	0.750	0.721	0.726	0.733
17:00:42	34.2	0.703	0.710	0.726	0.708	0.711	0.712	0.713	0.712	0.713	0.717	0.709	0.701	0.734	0.733	0.756	0.749	0.745	0.743	0.746	0.746	0.664	0.676	0.686	0.681	0.711	0.721	0.732	0.721	0.753	0.723	0.735	0.732	0.754	0.744	0.746	0.744	0.309	0.281	0.300	0.274	0.750	0.752	0.745	0.748	0.296	0.314	0.275	0.336	0.739	0.757	0.748	0.779	0.765	0.748	0.763	0.759	0.742	0.759	0.753	0.742	0.359	0.326	0.301	0.748	0.756	0.742	0.786	0.772	0.741	0.756	0.741	0.715	0.716	0.761	0.731	0.665	0.686	0.671	0.720	0.729	0.714	0.741	0.739	0.737	0.712	0.735	0.741	0.729	0.735	0.743	0.747	0.715	0.742	0.715	0.727	0.726
18:00:43	34.2	0.694	0.703	0.721	0.699	0.704	0.705	0.705	0.708	0.712	0.708	0.706	0.690	0.735	0.724	0.749	0.736	0.739	0.735	0.736	0.739	0.662	0.666	0.680	0.671	0.706	0.715	0.725	0.717	0.751	0.721	0.729	0.729	0.749	0.735	0.741	0.736	0.298	0.332	0.281	0.326	0.741	0.747	0.743	0.745	0.345	0.331	0.329	0.359	0.735	0.750	0.754	0.778	0.760	0.744	0.760	0.750	0.731	0.747	0.753	0.731	0.366	0.391	0.340	0.745	0.748	0.740	0.775	0.757	0.744	0.751	0.731	0.706	0.716	0.753	0.725	0.659	0.678	0.662	0.715	0.726	0.715	0.738	0.735	0.733	0.707	0.726	0.715	0.722	0.725	0.736	0.743	0.710	0.735	0.709	0.719	0.720
19:00:44	34.2	0.681	0.696	0.715	0.693	0.695	0.697	0.698	0.701	0.697	0.700	0.698	0.679	0.726	0.716	0.741	0.731	0.733	0.730	0.726	0.734	0.656	0.659	0.670	0.662	0.695	0.711	0.716	0.716	0.740	0.715	0.725	0.714	0.740	0.731	0.735	0.730	0.335	0.316	0.317	0.316	0.737	0.743	0.735	0.738	0.342	0.376	0.366	0.351	0.732	0.746	0.751	0.772	0.755	0.733	0.755	0.744	0.729	0.747	0.747	0.726	0.444	0.327	0.351	0.741	0.742	0.740	0.763	0.751	0.731	0.745	0.733	0.703	0.720	0.745	0.719	0.648	0.666	0.652	0.715	0.717	0.716	0.734	0.731	0.729	0.700	0.724	0.724	0.720	0.723	0.733	0.739	0.710	0.731	0.708	0.716	0.710
20:00:45	34.2	0.674	0.685	0.707	0.688	0.690	0.690	0.692	0.694	0.696	0.693	0.691	0.672	0.720	0.708	0.734	0.725	0.727	0.721	0.724	0.722	0.649	0.652	0.661	0.652	0.683	0.709	0.713	0.708	0.734	0.711	0.717	0.711	0.739	0.727	0.728	0.722	0.409	0.410	0.346	0.354	0.735	0.734	0.728	0.731	0.409	0.397	0.406	0.494	0.725	0.737	0.744	0.751	0.748	0.728	0.748	0.745	0.726	0.738	0.742	0.719	0.360	0.435	0.376	0.732	0.741	0.733	0.754	0.746	0.734	0.738	0.727	0.696	0.692	0.743	0.714	0.643	0.661	0.647	0.706	0.712	0.704	0.731	0.730	0.717	0.681	0.716	0.716	0.709	0.721	0.722	0.738	0.701	0.720	0.709	0.708	0.701
21:00:45	34.2	0.659	0.677	0.699	0.680	0.680	0.684	0.684	0.688	0.691	0.684	0.682	0.662	0.711	0.696	0.732	0.723	0.723	0.708	0.722	0.718	0.642	0.644	0.654	0.648	0.675	0.704	0.708	0.704	0.727	0.706	0.719	0.710	0.730	0.723	0.727	0.718	0.491	0.400	0.370	0.412	0.728	0.726	0.717	0.726	0.407	0.442	0.413	0.552	0.725	0.727	0.734	0.761	0.743	0.728	0.742	0.739	0.720	0.736	0.737	0.716	0.516	0.426	0.517	0.729	0.737	0.729	0.746	0.750	0.738	0.731	0.722	0.690	0.689	0.734	0.710	0.642	0.663	0.640	0.704	0.709	0.706	0.726	0.724	0.709	0.684	0.711	0.713	0.703	0.721	0.721	0.729	0.707	0.715	0.704	0.702	0.694
22:00:45	34.2	0.652	0.670	0.689	0.670	0.681	0.677	0.674	0.685	0.682	0.673	0.678	0.659	0.699	0.688	0.725	0.714	0.716	0.701	0.711	0.714	0.636	0.636	0.649	0.641	0.670	0.691	0.703	0.702	0.724	0.702	0.710	0.708	0.729	0.719	0.721	0.711	0.470	0.576	0.426	0.425	0.722	0.726	0.721	0.723	0.472	0.506	0.486	0.571	0.714	0.725	0.723	0.756	0.741	0.724	0.738	0.733	0.710	0.727	0.729	0.708	0.645	0.516	0.482	0.733	0.731	0.721	0.736	0.753	0.737	0.723	0.716	0.680	0.689	0.727	0.704	0.635	0.662	0.634	0.698	0.701	0.705	0.719	0.717	0.705	0.676	0.705	0.709	0.700	0.717	0.713	0.723	0.711	0.709	0.698	0.696	0.691
0:00:00																																																																																																	
0:00:00																																																																																																	

Results
	1	2	3	4	5	6	7	8	9	10	11	12
A	3.454	3.312	3.247	3.302	3.351	3.487	3.133	3.243	3.191	3.508	3.056	3.137	Max V [600]
	0.983	0.979	0.980	0.976	0.972	0.965	0.971	0.971	0.974	0.969	0.975	0.972	R-Squared [600]
	5:00:35	5:00:35	5:00:35	5:00:35	5:00:35	5:00:35	5:00:35	5:00:35	5:00:35	5:00:35	5:00:35	5:00:35	t at Max V [600]
	3:03:26	3:08:42	3:11:40	3:13:16	3:15:54	3:19:08	3:16:27	3:16:36	3:14:24	3:17:43	3:06:38	3:01:08	Lagtime [600]
B	3.385	3.518	3.091	2.736	3.032	3.265	2.831	2.754	1.328	1.703	1.791	1.478	Max V [600]
	0.971	0.945	0.950	0.958	0.953	0.919	0.932	0.947	0.932	0.987	0.952	0.994	R-Squared [600]
	5:00:35	5:00:35	5:00:35	6:00:36	5:00:35	5:00:35	5:00:35	5:00:35	9:00:38	6:00:36	7:00:37	6:00:36	t at Max V [600]
	3:15:55	3:23:35	3:24:12	3:38:05	3:23:31	3:28:18	3:27:05	3:24:56	3:49:34	3:24:32	3:26:22	3:10:10	Lagtime [600]
C	3.191	2.698	2.748	2.821	2.984	3.274	2.840	3.093	3.305	3.365	3.134	3.527	Max V [600]
	0.968	0.983	0.971	0.989	0.989	0.944	0.994	0.970	0.923	0.934	0.948	0.959	R-Squared [600]
	5:00:35	6:00:36	6:00:36	6:00:36	6:00:36	6:00:36	6:00:36	6:00:36	5:00:35	5:00:35	5:00:35	5:00:35	t at Max V [600]
	3:16:48	3:33:48	3:36:28	3:46:15	3:50:38	3:51:16	3:55:01	3:53:50	3:28:38	3:28:05	3:23:33	3:19:32	Lagtime [600]
D	0.835	0.957	0.574	0.507	3.422	3.446	3.518	3.436	0.532	0.696	0.644	1.041	Max V [600]
	0.898	0.770	0.978	0.886	0.952	0.990	0.982	0.902	0.879	0.973	0.983	0.890	R-Squared [600]
	20:00:44	20:00:44	20:00:44	19:00:44	6:00:36	6:00:36	6:00:36	5:00:35	20:00:44	20:00:44	18:00:44	20:00:44	t at Max V [600]
	15:23:53	15:54:19	14:55:38	13:38:38	3:50:19	3:52:44	3:59:29	3:32:16	12:52:02	14:12:51	13:56:32	15:12:52	Lagtime [600]
E	3.240	3.142	2.877	3.006	3.280	3.351	3.848	3.478	3.420	3.305	3.330	3.511	Max V [600]
	0.986	0.982	0.974	0.968	0.969	0.923	0.972	0.955	0.981	0.956	0.936	0.957	R-Squared [600]
	6:00:36	6:00:36	6:00:36	6:00:36	6:00:36	5:00:35	6:00:36	6:00:36	6:00:36	6:00:36	5:00:35	5:00:35	t at Max V [600]
	3:57:41	4:02:04	4:06:56	4:11:20	3:56:56	3:30:29	4:02:41	3:59:05	3:58:50	3:50:51	3:25:43	3:19:17	Lagtime [600]
F	1.050	0.584	0.779	3.412	3.334	3.604	2.997	3.112	3.183	3.337	3.431	3.455	Max V [600]
	0.706	0.646	0.799	0.945	0.958	0.949	0.975	0.967	0.971	0.955	0.938	0.964	R-Squared [600]
	20:00:44	20:00:44	19:00:44	6:00:36	6:00:36	6:00:36	7:00:37	6:00:36	6:00:36	5:00:35	5:00:35	5:00:35	t at Max V [600]
	15:17:10	13:14:58	14:27:44	3:50:50	3:50:54	3:56:17	4:23:10	4:08:14	4:10:11	3:23:00	3:25:42	3:18:18	Lagtime [600]
G	3.496	3.041	3.464	1.933	2.257	2.062	3.153	3.263	3.112	3.508	3.582	3.592	Max V [600]
	0.974	0.959	0.955	0.992	0.998	0.993	0.991	0.936	0.938	0.937	0.946	0.970	R-Squared [600]
	5:00:35	5:00:35	5:00:35	6:00:36	6:00:36	6:00:36	6:00:36	6:00:36	5:00:35	5:00:35	5:00:35	5:00:35	t at Max V [600]
	3:12:56	3:21:24	3:21:49	3:42:20	3:42:09	3:42:38	3:49:37	3:43:11	3:28:34	3:25:44	3:23:10	3:15:15	Lagtime [600]
H	3.577	3.546	3.800	3.540	3.451	3.859	3.700	3.648	3.960	3.714	3.459	3.584	Max V [600]
	0.974	0.978	0.966	0.971	0.960	0.969	0.964	0.957	0.967	0.962	0.971	0.981	R-Squared [600]
	5:00:35	5:00:35	5:00:35	5:00:35	5:00:35	5:00:35	5:00:35	5:00:35	5:00:35	5:00:35	5:00:35	5:00:35	t at Max V [600]
	3:02:43	3:12:25	3:17:38	3:15:50	3:17:38	3:17:49	3:19:42	3:18:15	3:18:13	3:18:26	3:13:40	3:09:11	Lagtime [600]

