

Software Version	3.10.06



Experiment File Path:	C:\Users\patil-group\Desktop\Sweeteners_stacker\251021_NT5019_22_23_Rep1\NT5019_22_23_Rep1.xpt
Protocol File Path:	C:\Users\Public\Documents\Protocols\Screening-protocol.prt



Plate Number	Plate 9
Date	25/10/2021
Time	11:31:37
Reader Type:	Epoch 2
Reader Serial Number:	2103223
Reading Type	Reader

Procedure Details

Plate Type	96 WELL PLATE
Discontinuous Kinetics	Runtime 1:00:00 (D:HH:MM), Interval 0:01:00, 25 Reads
	Pause after each run
Eject plate on completion	
Shake	Linear: 0:00:30 (HH:MM:SS)
	Frequency: 567 cpm (3 mm)
Read	Absorbance Endpoint
	Full Plate
	Wavelengths:  600
	Read Speed: Normal,  Delay: 100 msec,  Measurements/Data Point: 8

600

Time	T° 600	A1	A2	A3	A4	A5	A6	A7	A8	A9	A10	A11	A12	B1	B2	B3	B4	B5	B6	B7	B8	B9	B10	B11	B12	C1	C2	C3	C4	C5	C6	C7	C8	C9	C10	C11	C12	D1	D2	D3	D4	D5	D6	D7	D8	D9	D10	D11	D12	E1	E2	E3	E4	E5	E6	E7	E8	E9	E10	E11	E12	F1	F2	F3	F4	F5	F6	F7	F8	F9	F10	F11	F12	G1	G2	G3	G4	G5	G6	G7	G8	G9	G10	G11	G12	H1	H2	H3	H4	H5	H6	H7	H8	H9	H10	H11	H12
0:00:34	34.7	0.174	0.167	0.165	0.167	0.163	0.168	0.161	0.164	0.156	0.155	0.167	0.184	0.173	0.172	0.163	0.161	0.163	0.162	0.171	0.152	0.238	0.163	0.211	0.200	0.168	0.166	0.165	0.164	0.168	0.456	0.165	0.165	0.163	0.162	0.172	0.163	0.171	0.164	0.166	0.166	0.170	0.180	0.167	0.163	0.163	0.163	0.169	0.159	0.518	0.173	0.165	0.176	0.182	0.180	0.180	0.171	0.165	0.172	0.173	0.177	0.627	0.172	0.171	0.172	0.175	0.173	0.175	0.168	0.168	0.181	0.185	0.178	0.171	0.170	0.170	0.167	0.175	0.168	0.166	0.164	0.163	0.164	0.164	0.164	0.172	0.171	0.173	0.172	0.185	0.177	0.170	0.172	0.173	0.168	0.183	0.169
1:00:33	34.9	0.180	0.173	0.171	0.172	0.168	0.173	0.167	0.172	0.165	0.161	0.172	0.188	0.177	0.176	0.167	0.165	0.167	0.168	0.175	0.161	0.225	0.167	0.175	0.197	0.172	0.169	0.169	0.168	0.172	0.428	0.168	0.170	0.167	0.167	0.172	0.172	0.174	0.168	0.170	0.170	0.175	0.186	0.170	0.167	0.167	0.168	0.172	0.167	0.493	0.176	0.170	0.179	0.184	0.182	0.186	0.176	0.169	0.175	0.174	0.181	0.611	0.175	0.172	0.175	0.180	0.177	0.182	0.174	0.175	0.186	0.191	0.182	0.175	0.174	0.173	0.171	0.179	0.172	0.171	0.169	0.168	0.168	0.167	0.170	0.177	0.176	0.177	0.176	0.181	0.178	0.176	0.178	0.180	0.172	0.185	0.176
2:00:35	34.9	0.193	0.184	0.183	0.183	0.179	0.183	0.179	0.184	0.177	0.172	0.184	0.200	0.189	0.186	0.177	0.174	0.176	0.179	0.184	0.170	0.220	0.176	0.182	0.204	0.182	0.179	0.177	0.176	0.180	0.399	0.176	0.180	0.175	0.175	0.182	0.184	0.184	0.179	0.179	0.180	0.182	0.196	0.179	0.175	0.174	0.179	0.182	0.178	0.463	0.186	0.179	0.186	0.190	0.187	0.189	0.181	0.176	0.183	0.183	0.191	0.589	0.183	0.181	0.184	0.191	0.187	0.192	0.181	0.183	0.198	0.199	0.193	0.186	0.184	0.182	0.180	0.188	0.181	0.179	0.178	0.178	0.177	0.176	0.180	0.188	0.186	0.186	0.187	0.190	0.186	0.186	0.189	0.189	0.183	0.195	0.188
3:00:35	34.9	0.215	0.207	0.205	0.204	0.198	0.203	0.200	0.205	0.200	0.190	0.208	0.226	0.208	0.206	0.193	0.190	0.193	0.194	0.200	0.186	0.224	0.196	0.202	0.223	0.198	0.195	0.192	0.191	0.194	0.368	0.189	0.193	0.190	0.192	0.200	0.204	0.201	0.194	0.194	0.193	0.193	0.204	0.191	0.189	0.187	0.193	0.196	0.197	0.431	0.200	0.192	0.196	0.197	0.196	0.196	0.191	0.188	0.196	0.198	0.208	0.562	0.197	0.194	0.197	0.202	0.198	0.200	0.191	0.193	0.211	0.208	0.212	0.205	0.201	0.198	0.195	0.203	0.195	0.193	0.192	0.192	0.192	0.192	0.198	0.210	0.206	0.205	0.206	0.208	0.206	0.200	0.203	0.207	0.203	0.215	0.210
4:00:36	34.9	0.243	0.235	0.234	0.233	0.227	0.230	0.232	0.240	0.223	0.215	0.235	0.250	0.234	0.232	0.220	0.216	0.223	0.223	0.228	0.211	0.240	0.222	0.230	0.250	0.228	0.223	0.220	0.219	0.220	0.349	0.215	0.225	0.217	0.220	0.231	0.230	0.229	0.231	0.224	0.216	0.222	0.233	0.215	0.211	0.212	0.225	0.226	0.221	0.397	0.234	0.219	0.220	0.225	0.223	0.223	0.213	0.214	0.228	0.225	0.232	0.538	0.230	0.222	0.221	0.227	0.223	0.222	0.221	0.227	0.244	0.241	0.240	0.233	0.227	0.230	0.222	0.229	0.225	0.222	0.227	0.228	0.218	0.218	0.227	0.244	0.237	0.231	0.239	0.237	0.233	0.230	0.235	0.237	0.231	0.242	0.241
5:00:36	34.9	0.245	0.243	0.241	0.238	0.237	0.238	0.251	0.259	0.229	0.220	0.242	0.252	0.241	0.246	0.239	0.236	0.249	0.251	0.257	0.228	0.256	0.237	0.251	0.256	0.242	0.244	0.241	0.249	0.243	0.339	0.236	0.264	0.243	0.242	0.258	0.235	0.249	0.268	0.253	0.251	0.258	0.277	0.249	0.242	0.242	0.261	0.259	0.235	0.358	0.279	0.249	0.266	0.281	0.263	0.280	0.264	0.244	0.274	0.256	0.248	0.503	0.274	0.262	0.257	0.280	0.269	0.279	0.264	0.273	0.289	0.286	0.261	0.249	0.256	0.260	0.258	0.262	0.259	0.249	0.256	0.262	0.249	0.236	0.241	0.255	0.251	0.245	0.261	0.258	0.253	0.260	0.268	0.257	0.244	0.255	0.240
6:00:37	34.9	0.244	0.239	0.236	0.235	0.235	0.236	0.246	0.264	0.226	0.219	0.244	0.251	0.237	0.241	0.233	0.228	0.244	0.249	0.255	0.222	0.249	0.233	0.252	0.251	0.237	0.234	0.236	0.249	0.242	0.314	0.235	0.279	0.239	0.236	0.255	0.233	0.247	0.272	0.258	0.268	0.287	0.324	0.277	0.248	0.245	0.284	0.259	0.233	0.311	0.291	0.271	0.303	0.345	0.303	0.336	0.317	0.260	0.289	0.258	0.250	0.443	0.279	0.276	0.274	0.336	0.311	0.348	0.303	0.319	0.317	0.325	0.260	0.243	0.248	0.258	0.259	0.269	0.264	0.255	0.263	0.267	0.248	0.230	0.237	0.252	0.247	0.240	0.255	0.256	0.247	0.261	0.269	0.253	0.241	0.256	0.239
7:00:37	34.9	0.246	0.239	0.237	0.236	0.233	0.236	0.242	0.251	0.225	0.217	0.242	0.250	0.238	0.242	0.234	0.226	0.240	0.246	0.249	0.219	0.248	0.232	0.250	0.252	0.236	0.235	0.236	0.249	0.240	0.294	0.234	0.282	0.237	0.236	0.254	0.233	0.242	0.263	0.256	0.277	0.296	0.343	0.287	0.242	0.247	0.285	0.258	0.232	0.279	0.293	0.273	0.326	0.373	0.316	0.357	0.343	0.266	0.291	0.252	0.250	0.378	0.276	0.276	0.281	0.354	0.329	0.384	0.321	0.339	0.325	0.332	0.259	0.242	0.243	0.258	0.257	0.271	0.267	0.254	0.260	0.267	0.249	0.230	0.236	0.244	0.248	0.240	0.252	0.255	0.247	0.261	0.267	0.252	0.238	0.257	0.238
8:00:38	34.9	0.245	0.237	0.238	0.238	0.231	0.236	0.236	0.245	0.223	0.217	0.241	0.249	0.239	0.242	0.232	0.227	0.234	0.242	0.246	0.218	0.244	0.232	0.247	0.255	0.236	0.234	0.235	0.247	0.240	0.284	0.235	0.275	0.237	0.234	0.251	0.234	0.243	0.256	0.258	0.276	0.295	0.339	0.286	0.241	0.247	0.281	0.256	0.232	0.264	0.285	0.273	0.318	0.373	0.318	0.353	0.340	0.263	0.287	0.249	0.248	0.319	0.266	0.270	0.277	0.350	0.325	0.384	0.313	0.336	0.325	0.322	0.252	0.239	0.238	0.254	0.258	0.272	0.263	0.253	0.253	0.263	0.248	0.229	0.234	0.243	0.244	0.238	0.252	0.254	0.243	0.259	0.261	0.248	0.236	0.258	0.238
9:00:38	34.9	0.245	0.239	0.239	0.236	0.230	0.235	0.236	0.246	0.223	0.216	0.240	0.250	0.238	0.240	0.232	0.224	0.234	0.235	0.243	0.216	0.238	0.230	0.245	0.255	0.237	0.234	0.236	0.243	0.239	0.271	0.234	0.266	0.237	0.233	0.247	0.234	0.241	0.253	0.250	0.272	0.287	0.329	0.279	0.239	0.247	0.271	0.253	0.229	0.257	0.273	0.266	0.308	0.364	0.308	0.342	0.329	0.257	0.282	0.245	0.242	0.281	0.258	0.262	0.273	0.339	0.311	0.381	0.304	0.328	0.314	0.311	0.246	0.237	0.238	0.249	0.251	0.267	0.259	0.250	0.246	0.257	0.245	0.226	0.234	0.243	0.243	0.236	0.251	0.253	0.242	0.256	0.258	0.247	0.234	0.254	0.237
10:00:39	34.9	0.247	0.240	0.238	0.237	0.230	0.236	0.235	0.243	0.222	0.216	0.239	0.251	0.236	0.239	0.232	0.224	0.234	0.232	0.242	0.218	0.246	0.230	0.244	0.255	0.236	0.235	0.241	0.241	0.237	0.263	0.232	0.259	0.233	0.233	0.246	0.234	0.242	0.249	0.248	0.267	0.279	0.320	0.273	0.239	0.246	0.262	0.253	0.230	0.252	0.265	0.261	0.299	0.350	0.298	0.332	0.320	0.252	0.270	0.243	0.246	0.268	0.253	0.255	0.264	0.328	0.303	0.372	0.295	0.318	0.305	0.303	0.239	0.235	0.236	0.247	0.248	0.263	0.257	0.247	0.246	0.253	0.245	0.227	0.235	0.243	0.243	0.236	0.248	0.252	0.242	0.253	0.255	0.244	0.236	0.254	0.238
11:00:40	34.9	0.247	0.241	0.240	0.238	0.230	0.235	0.234	0.242	0.222	0.217	0.238	0.251	0.237	0.238	0.232	0.225	0.233	0.233	0.243	0.217	0.248	0.230	0.244	0.255	0.237	0.234	0.236	0.239	0.236	0.257	0.232	0.255	0.233	0.232	0.245	0.234	0.241	0.247	0.243	0.264	0.272	0.309	0.267	0.238	0.244	0.258	0.250	0.231	0.247	0.264	0.253	0.292	0.337	0.292	0.321	0.310	0.248	0.268	0.242	0.248	0.262	0.251	0.253	0.259	0.319	0.296	0.358	0.288	0.310	0.302	0.293	0.246	0.236	0.235	0.245	0.247	0.259	0.253	0.246	0.245	0.249	0.243	0.226	0.236	0.243	0.243	0.235	0.248	0.251	0.241	0.252	0.254	0.244	0.235	0.251	0.238
12:00:40	34.9	0.248	0.242	0.240	0.239	0.230	0.235	0.232	0.242	0.222	0.217	0.238	0.251	0.236	0.238	0.231	0.226	0.233	0.234	0.242	0.217	0.240	0.231	0.244	0.255	0.237	0.234	0.236	0.237	0.236	0.253	0.231	0.252	0.233	0.233	0.242	0.234	0.242	0.246	0.243	0.260	0.266	0.300	0.262	0.235	0.245	0.253	0.248	0.231	0.247	0.259	0.251	0.286	0.323	0.283	0.313	0.300	0.249	0.264	0.242	0.250	0.256	0.252	0.252	0.257	0.308	0.287	0.347	0.281	0.300	0.294	0.285	0.248	0.234	0.233	0.243	0.246	0.254	0.251	0.244	0.244	0.244	0.243	0.225	0.236	0.242	0.243	0.236	0.247	0.249	0.240	0.249	0.251	0.244	0.235	0.250	0.239
13:00:40	34.9	0.249	0.242	0.240	0.240	0.229	0.235	0.232	0.242	0.222	0.218	0.239	0.252	0.237	0.238	0.233	0.226	0.230	0.234	0.242	0.219	0.241	0.232	0.246	0.256	0.237	0.235	0.236	0.236	0.236	0.254	0.231	0.250	0.233	0.234	0.241	0.236	0.242	0.247	0.242	0.257	0.262	0.293	0.259	0.237	0.243	0.252	0.246	0.230	0.245	0.256	0.248	0.279	0.313	0.278	0.303	0.292	0.246	0.261	0.241	0.247	0.251	0.251	0.251	0.255	0.299	0.283	0.333	0.274	0.292	0.289	0.276	0.246	0.235	0.234	0.242	0.245	0.253	0.249	0.242	0.242	0.244	0.242	0.225	0.237	0.241	0.242	0.237	0.246	0.247	0.241	0.247	0.251	0.246	0.235	0.250	0.239
14:00:41	34.9	0.249	0.242	0.240	0.240	0.230	0.236	0.232	0.242	0.223	0.217	0.240	0.252	0.237	0.239	0.233	0.227	0.230	0.234	0.241	0.219	0.237	0.233	0.246	0.256	0.236	0.235	0.236	0.236	0.235	0.247	0.231	0.248	0.232	0.234	0.239	0.236	0.243	0.246	0.241	0.254	0.258	0.287	0.257	0.237	0.242	0.248	0.244	0.229	0.245	0.253	0.246	0.278	0.304	0.273	0.295	0.285	0.248	0.258	0.240	0.241	0.248	0.249	0.247	0.254	0.293	0.279	0.323	0.270	0.286	0.284	0.272	0.248	0.236	0.234	0.240	0.244	0.250	0.248	0.239	0.241	0.243	0.240	0.225	0.236	0.241	0.242	0.236	0.246	0.245	0.239	0.246	0.250	0.243	0.235	0.250	0.238
15:00:42	34.9	0.249	0.243	0.241	0.241	0.230	0.236	0.233	0.240	0.223	0.218	0.240	0.253	0.238	0.239	0.233	0.227	0.230	0.234	0.241	0.218	0.234	0.232	0.246	0.257	0.237	0.236	0.236	0.235	0.236	0.244	0.232	0.246	0.232	0.235	0.239	0.236	0.242	0.245	0.242	0.252	0.258	0.282	0.254	0.237	0.241	0.248	0.243	0.230	0.245	0.248	0.246	0.271	0.295	0.269	0.290	0.278	0.245	0.256	0.241	0.245	0.246	0.248	0.246	0.253	0.289	0.274	0.312	0.265	0.277	0.279	0.267	0.242	0.237	0.234	0.239	0.243	0.248	0.247	0.238	0.240	0.242	0.239	0.226	0.237	0.242	0.243	0.238	0.246	0.244	0.240	0.245	0.248	0.244	0.236	0.250	0.238
16:00:43	34.8	0.250	0.244	0.241	0.241	0.231	0.238	0.234	0.239	0.223	0.218	0.241	0.253	0.237	0.239	0.234	0.228	0.230	0.234	0.240	0.219	0.233	0.234	0.247	0.257	0.237	0.237	0.237	0.235	0.235	0.244	0.231	0.245	0.233	0.235	0.240	0.237	0.243	0.245	0.243	0.251	0.255	0.278	0.253	0.237	0.241	0.247	0.242	0.231	0.246	0.248	0.246	0.268	0.288	0.268	0.285	0.273	0.244	0.253	0.241	0.245	0.247	0.249	0.245	0.252	0.281	0.272	0.308	0.263	0.273	0.274	0.263	0.242	0.239	0.234	0.241	0.243	0.246	0.245	0.236	0.241	0.242	0.238	0.226	0.237	0.242	0.244	0.239	0.247	0.244	0.241	0.244	0.246	0.244	0.235	0.250	0.239
17:00:43	34.8	0.251	0.245	0.241	0.241	0.233	0.239	0.233	0.240	0.223	0.218	0.242	0.254	0.238	0.240	0.234	0.229	0.230	0.234	0.240	0.219	0.233	0.233	0.247	0.258	0.237	0.237	0.236	0.236	0.237	0.242	0.232	0.244	0.233	0.236	0.239	0.237	0.243	0.245	0.242	0.249	0.253	0.273	0.252	0.236	0.238	0.244	0.242	0.232	0.246	0.248	0.242	0.263	0.282	0.265	0.280	0.269	0.243	0.252	0.240	0.238	0.247	0.248	0.247	0.251	0.278	0.267	0.299	0.260	0.269	0.270	0.260	0.241	0.238	0.235	0.241	0.242	0.247	0.246	0.236	0.239	0.241	0.238	0.227	0.237	0.243	0.243	0.239	0.247	0.244	0.241	0.245	0.245	0.243	0.236	0.249	0.240
18:00:44	34.8	0.251	0.245	0.241	0.241	0.233	0.239	0.233	0.239	0.223	0.219	0.244	0.255	0.238	0.239	0.235	0.230	0.229	0.235	0.238	0.220	0.233	0.235	0.247	0.258	0.238	0.237	0.236	0.236	0.238	0.240	0.233	0.242	0.234	0.237	0.240	0.238	0.243	0.245	0.241	0.248	0.252	0.270	0.251	0.236	0.239	0.244	0.242	0.232	0.246	0.247	0.242	0.262	0.278	0.262	0.276	0.264	0.242	0.251	0.241	0.235	0.248	0.250	0.247	0.250	0.273	0.263	0.292	0.258	0.265	0.268	0.258	0.249	0.239	0.234	0.242	0.242	0.246	0.244	0.236	0.238	0.241	0.239	0.228	0.238	0.243	0.245	0.240	0.247	0.244	0.241	0.244	0.246	0.245	0.236	0.250	0.240
19:00:44	34.8	0.252	0.246	0.242	0.242	0.234	0.239	0.234	0.240	0.224	0.219	0.244	0.255	0.239	0.239	0.236	0.230	0.230	0.235	0.238	0.221	0.233	0.234	0.248	0.258	0.238	0.239	0.236	0.236	0.237	0.238	0.233	0.240	0.234	0.236	0.240	0.239	0.243	0.244	0.241	0.247	0.250	0.268	0.249	0.236	0.239	0.243	0.243	0.233	0.246	0.247	0.242	0.260	0.275	0.260	0.272	0.263	0.241	0.249	0.239	0.235	0.249	0.248	0.247	0.250	0.270	0.258	0.288	0.256	0.262	0.267	0.255	0.270	0.240	0.235	0.241	0.241	0.245	0.245	0.236	0.238	0.239	0.238	0.228	0.238	0.244	0.245	0.241	0.247	0.245	0.242	0.244	0.245	0.245	0.238	0.249	0.241
20:00:45	34.9	0.252	0.246	0.243	0.243	0.234	0.239	0.233	0.240	0.224	0.220	0.245	0.256	0.238	0.240	0.236	0.231	0.231	0.235	0.237	0.221	0.234	0.235	0.249	0.262	0.239	0.240	0.237	0.237	0.238	0.238	0.234	0.239	0.234	0.237	0.241	0.239	0.245	0.244	0.242	0.247	0.248	0.265	0.248	0.237	0.239	0.243	0.242	0.234	0.247	0.247	0.241	0.258	0.271	0.257	0.269	0.260	0.240	0.248	0.240	0.234	0.248	0.246	0.244	0.249	0.266	0.255	0.282	0.254	0.259	0.264	0.253	0.284	0.240	0.236	0.243	0.241	0.245	0.245	0.236	0.236	0.239	0.238	0.229	0.237	0.244	0.245	0.242	0.247	0.246	0.243	0.243	0.245	0.246	0.238	0.251	0.242
21:00:45	34.8	0.253	0.246	0.243	0.243	0.235	0.240	0.234	0.240	0.225	0.220	0.245	0.255	0.238	0.241	0.237	0.231	0.231	0.235	0.238	0.222	0.235	0.235	0.249	0.259	0.239	0.241	0.238	0.238	0.238	0.238	0.234	0.239	0.234	0.238	0.240	0.239	0.245	0.244	0.242	0.245	0.248	0.264	0.244	0.237	0.238	0.241	0.242	0.234	0.247	0.247	0.242	0.256	0.266	0.256	0.266	0.256	0.239	0.246	0.239	0.235	0.250	0.246	0.244	0.249	0.263	0.252	0.273	0.251	0.256	0.264	0.252	0.292	0.241	0.237	0.243	0.241	0.245	0.245	0.237	0.237	0.239	0.238	0.230	0.238	0.244	0.246	0.242	0.247	0.246	0.243	0.243	0.245	0.246	0.239	0.250	0.244
22:00:46	34.9	0.252	0.246	0.243	0.243	0.235	0.240	0.235	0.240	0.225	0.220	0.245	0.256	0.240	0.241	0.237	0.232	0.233	0.236	0.238	0.222	0.235	0.237	0.250	0.259	0.240	0.242	0.239	0.239	0.238	0.238	0.235	0.241	0.236	0.239	0.240	0.240	0.244	0.243	0.242	0.245	0.247	0.263	0.243	0.237	0.240	0.241	0.242	0.235	0.248	0.245	0.242	0.255	0.263	0.256	0.264	0.253	0.239	0.247	0.239	0.235	0.249	0.247	0.243	0.249	0.260	0.251	0.270	0.251	0.256	0.261	0.249	0.300	0.242	0.238	0.242	0.241	0.245	0.244	0.237	0.237	0.239	0.238	0.230	0.238	0.244	0.247	0.243	0.247	0.246	0.243	0.243	0.246	0.247	0.239	0.251	0.244
23:00:47	34.9	0.253	0.247	0.245	0.244	0.235	0.241	0.235	0.239	0.226	0.221	0.245	0.257	0.239	0.242	0.237	0.233	0.232	0.236	0.238	0.223	0.236	0.238	0.251	0.260	0.240	0.241	0.239	0.239	0.240	0.238	0.236	0.239	0.236	0.239	0.240	0.240	0.245	0.243	0.243	0.245	0.246	0.263	0.244	0.238	0.239	0.242	0.242	0.235	0.249	0.246	0.242	0.253	0.258	0.255	0.262	0.252	0.239	0.246	0.240	0.236	0.251	0.245	0.243	0.249	0.259	0.249	0.268	0.250	0.255	0.262	0.248	0.313	0.243	0.238	0.243	0.242	0.245	0.244	0.237	0.238	0.238	0.239	0.230	0.238	0.244	0.247	0.244	0.248	0.246	0.244	0.243	0.245	0.248	0.240	0.252	0.245
0:00:00																																																																																																	

Results
	1	2	3	4	5	6	7	8	9	10	11	12
A	0.299	0.321	0.318	0.301	0.311	0.295	0.366	0.385	0.289	0.270	0.318	0.298	Max V [600]
	0.954	0.970	0.971	0.965	0.976	0.972	0.981	0.976	0.974	0.968	0.970	0.952	R-Squared [600]
	3:00:35	3:00:35	3:00:35	3:00:35	3:00:35	3:00:35	3:00:35	3:00:35	3:00:35	3:00:35	3:00:35	3:00:35	t at Max V [600]
	0:45:07	0:52:02	0:51:05	0:49:12	0:56:27	0:54:39	0:57:20	0:55:59	0:31:04	0:45:22	0:49:38	0:49:46	Lagtime [600]
B	0.287	0.312	0.310	0.308	0.351	0.347	0.344	0.292	0.154	0.309	0.330	0.274	Max V [600]
	0.974	0.982	0.975	0.971	0.963	0.961	0.955	0.979	0.836	0.980	0.967	0.960	R-Squared [600]
	3:00:35	3:00:35	3:00:35	3:00:35	3:00:35	3:00:35	3:00:35	3:00:35	4:00:36	3:00:35	3:00:35	3:00:35	t at Max V [600]
	0:53:39	1:00:22	1:02:53	1:04:55	1:10:46	1:02:45	1:11:26	0:48:19	4:04:45	1:03:28	3:09:25	1:22:51	Lagtime [600]
C	0.310	0.322	0.312	0.344	0.304	-0.454	0.292	0.448	0.321	0.326	0.370	0.287	Max V [600]
	0.972	0.969	0.963	0.949	0.960	0.994	0.958	0.974	0.955	0.966	0.967	0.969	R-Squared [600]
	3:00:35	3:00:35	3:00:35	3:00:35	3:00:35	2:00:35	3:00:35	4:00:36	3:00:35	3:00:35	3:00:35	3:00:35	t at Max V [600]
	1:01:28	1:07:57	1:09:27	1:12:54	1:11:22	?????	1:10:12	1:39:59	1:10:42	1:07:40	1:20:15	0:33:29	Lagtime [600]
D	0.322	0.432	0.359	0.391	0.460	0.614	0.423	0.333	0.330	0.463	0.363	0.300	Max V [600]
	0.976	0.953	0.963	0.979	0.974	0.984	0.977	0.969	0.958	0.984	0.942	0.988	R-Squared [600]
	3:00:35	4:00:36	4:00:36	4:00:36	4:00:36	5:00:36	5:00:36	4:00:36	4:00:36	4:00:36	4:00:36	3:00:35	t at Max V [600]
	1:06:50	1:31:37	1:26:26	1:38:28	1:54:14	2:24:17	1:58:04	1:30:23	1:31:35	1:39:35	1:28:44	0:43:54	Lagtime [600]
E	-0.650	0.482	0.403	0.572	0.788	0.533	0.724	0.680	0.373	0.483	0.344	0.292	Max V [600]
	0.997	0.966	0.986	0.987	0.982	0.978	0.978	0.982	0.981	0.968	0.952	0.985	R-Squared [600]
	5:00:36	4:00:36	4:00:36	5:00:36	5:00:36	5:00:36	5:00:36	5:00:36	4:00:36	4:00:36	4:00:36	3:00:35	t at Max V [600]
	0:49:57	1:46:02	1:40:04	2:30:21	2:50:23	2:29:54	2:44:56	2:41:01	1:42:27	1:52:03	1:33:18	1:02:25	Lagtime [600]
F	-0.946	0.448	0.431	0.400	0.687	0.584	0.821	0.571	0.640	0.526	0.556	0.341	Max V [600]
	0.992	0.953	0.972	0.979	0.974	0.983	0.977	0.986	0.986	0.974	0.963	0.982	R-Squared [600]
	7:00:37	4:00:36	4:00:36	4:00:36	5:00:36	5:00:36	5:00:36	5:00:36	5:00:36	4:00:36	5:00:36	3:00:35	t at Max V [600]
	2:44:50	1:45:54	1:49:54	1:44:14	2:28:44	2:20:19	2:44:57	2:19:09	2:21:54	1:46:10	2:12:46	1:05:15	Lagtime [600]
G	0.328	0.345	0.370	0.365	0.368	0.382	0.345	0.387	0.413	0.338	0.302	0.316	Max V [600]
	0.980	0.965	0.949	0.947	0.969	0.961	0.965	0.961	0.952	0.952	0.974	0.977	R-Squared [600]
	3:00:35	3:00:35	3:00:35	4:00:36	4:00:36	4:00:36	4:00:36	4:00:36	4:00:36	3:00:35	3:00:35	3:00:35	t at Max V [600]
	1:02:42	1:11:20	1:16:59	1:29:02	1:33:09	1:32:05	1:25:28	1:26:48	1:30:55	1:12:02	1:09:06	0:56:42	Lagtime [600]
H	0.352	0.337	0.302	0.368	0.334	0.327	0.355	0.374	0.335	0.319	0.314	0.301	Max V [600]
	0.967	0.973	0.978	0.972	0.970	0.975	0.951	0.946	0.970	0.981	0.979	0.940	R-Squared [600]
	3:00:35	3:00:35	3:00:35	3:00:35	3:00:35	3:00:35	3:00:35	4:00:36	3:00:35	3:00:35	3:00:35	3:00:35	t at Max V [600]
	0:58:17	1:00:34	1:00:42	1:05:31	1:29:58	1:15:29	1:05:51	1:18:51	0:59:26	0:57:44	1:07:12	0:40:17	Lagtime [600]

