

Software Version	3.10.06



Experiment File Path:	C:\Users\patil-group\Desktop\Sweeteners_stacker\251021_NT5019_22_23_Rep1\NT5019_22_23_Rep1.xpt
Protocol File Path:	C:\Users\Public\Documents\Protocols\Screening-protocol.prt



Plate Number	Plate 10
Date	25/10/2021
Time	11:33:28
Reader Type:	Epoch 2
Reader Serial Number:	2103223
Reading Type	Reader

Procedure Details

Plate Type	96 WELL PLATE
Discontinuous Kinetics	Runtime 1:00:00 (D:HH:MM), Interval 0:01:00, 25 Reads
	Pause after each run
Eject plate on completion	
Shake	Linear: 0:00:30 (HH:MM:SS)
	Frequency: 567 cpm (3 mm)
Read	Absorbance Endpoint
	Full Plate
	Wavelengths:  600
	Read Speed: Normal,  Delay: 100 msec,  Measurements/Data Point: 8

600

Time	T° 600	A1	A2	A3	A4	A5	A6	A7	A8	A9	A10	A11	A12	B1	B2	B3	B4	B5	B6	B7	B8	B9	B10	B11	B12	C1	C2	C3	C4	C5	C6	C7	C8	C9	C10	C11	C12	D1	D2	D3	D4	D5	D6	D7	D8	D9	D10	D11	D12	E1	E2	E3	E4	E5	E6	E7	E8	E9	E10	E11	E12	F1	F2	F3	F4	F5	F6	F7	F8	F9	F10	F11	F12	G1	G2	G3	G4	G5	G6	G7	G8	G9	G10	G11	G12	H1	H2	H3	H4	H5	H6	H7	H8	H9	H10	H11	H12
0:00:34	34.7	0.203	0.224	0.168	0.164	0.165	0.167	0.171	0.169	0.172	0.170	0.176	0.177	0.201	0.199	0.190	0.168	0.167	0.181	0.169	0.170	0.165	0.167	0.177	0.172	0.197	0.165	0.199	0.172	0.175	0.171	0.173	0.170	0.167	0.166	0.167	0.176	0.207	0.194	0.340	0.172	0.171	0.166	0.173	0.164	0.165	0.164	0.168	0.176	0.165	0.200	0.211	0.164	0.172	0.168	0.168	0.163	0.167	0.169	0.168	0.174	0.232	0.210	0.224	0.355	0.175	0.172	0.180	0.173	0.175	0.171	0.178	0.171	0.219	0.223	0.195	0.169	0.165	0.168	0.175	0.173	0.166	0.177	0.173	0.181	0.172	0.194	0.173	0.167	0.175	0.176	0.177	0.180	0.170	0.170	0.172	0.174
1:00:33	34.9	0.177	0.219	0.172	0.169	0.169	0.171	0.175	0.173	0.176	0.175	0.181	0.181	0.197	0.198	0.191	0.172	0.169	0.183	0.172	0.173	0.168	0.169	0.178	0.175	0.174	0.171	0.188	0.173	0.174	0.173	0.175	0.171	0.169	0.170	0.169	0.179	0.220	0.212	0.311	0.175	0.173	0.168	0.175	0.167	0.166	0.167	0.171	0.179	0.172	0.189	0.193	0.166	0.174	0.170	0.171	0.165	0.168	0.172	0.169	0.174	0.183	0.200	0.283	0.253	0.176	0.173	0.174	0.170	0.171	0.169	0.178	0.173	0.165	0.208	0.194	0.171	0.168	0.169	0.174	0.174	0.166	0.176	0.172	0.182	0.180	0.195	0.175	0.171	0.179	0.177	0.175	0.179	0.172	0.171	0.173	0.177
2:00:35	34.9	0.190	0.222	0.183	0.179	0.179	0.182	0.186	0.183	0.186	0.186	0.192	0.193	0.226	0.204	0.197	0.181	0.178	0.191	0.181	0.181	0.176	0.178	0.188	0.186	0.184	0.180	0.194	0.180	0.181	0.180	0.181	0.177	0.176	0.177	0.179	0.188	0.190	0.172	0.292	0.181	0.180	0.175	0.182	0.174	0.172	0.175	0.179	0.188	0.181	0.194	0.193	0.173	0.180	0.175	0.177	0.171	0.175	0.179	0.177	0.183	0.192	0.203	0.199	0.177	0.182	0.179	0.177	0.174	0.175	0.176	0.185	0.182	0.178	0.209	0.200	0.178	0.176	0.176	0.181	0.180	0.173	0.183	0.181	0.190	0.191	0.203	0.187	0.181	0.188	0.186	0.183	0.187	0.180	0.180	0.183	0.187
3:00:35	34.9	0.215	0.237	0.204	0.201	0.199	0.203	0.206	0.203	0.207	0.208	0.216	0.217	0.250	0.220	0.211	0.198	0.196	0.208	0.198	0.196	0.192	0.197	0.208	0.208	0.202	0.197	0.208	0.194	0.197	0.195	0.194	0.191	0.190	0.193	0.199	0.207	0.206	0.185	0.277	0.195	0.192	0.188	0.194	0.188	0.185	0.190	0.197	0.206	0.198	0.212	0.207	0.185	0.192	0.188	0.189	0.183	0.187	0.193	0.195	0.201	0.211	0.214	0.212	0.188	0.194	0.191	0.189	0.187	0.188	0.192	0.203	0.203	0.199	0.221	0.209	0.193	0.190	0.190	0.194	0.196	0.188	0.197	0.199	0.211	0.214	0.215	0.206	0.201	0.204	0.203	0.200	0.204	0.199	0.200	0.204	0.210
4:00:36	34.9	0.236	0.252	0.226	0.223	0.221	0.226	0.229	0.227	0.231	0.230	0.237	0.236	0.265	0.237	0.232	0.223	0.220	0.233	0.224	0.221	0.217	0.221	0.231	0.228	0.228	0.222	0.234	0.221	0.227	0.223	0.218	0.217	0.215	0.221	0.225	0.231	0.231	0.214	0.272	0.218	0.216	0.214	0.216	0.218	0.211	0.217	0.222	0.230	0.223	0.229	0.234	0.208	0.217	0.211	0.213	0.203	0.212	0.221	0.222	0.225	0.239	0.234	0.234	0.212	0.216	0.213	0.213	0.211	0.216	0.220	0.229	0.226	0.221	0.236	0.229	0.219	0.218	0.219	0.217	0.227	0.215	0.223	0.223	0.232	0.243	0.239	0.238	0.228	0.233	0.230	0.226	0.230	0.226	0.224	0.226	0.231
5:00:37	34.9	0.240	0.255	0.235	0.228	0.230	0.235	0.237	0.235	0.239	0.237	0.241	0.240	0.229	0.251	0.242	0.239	0.238	0.249	0.241	0.234	0.231	0.232	0.240	0.231	0.240	0.237	0.249	0.238	0.246	0.237	0.235	0.233	0.231	0.236	0.240	0.241	0.245	0.232	0.263	0.238	0.236	0.238	0.237	0.241	0.229	0.234	0.240	0.242	0.237	0.241	0.243	0.227	0.240	0.233	0.234	0.222	0.227	0.238	0.235	0.235	0.246	0.248	0.247	0.228	0.234	0.230	0.233	0.231	0.234	0.236	0.243	0.235	0.229	0.247	0.238	0.236	0.238	0.235	0.235	0.249	0.232	0.239	0.236	0.242	0.249	0.247	0.258	0.248	0.259	0.260	0.240	0.245	0.240	0.234	0.233	0.234
6:00:37	34.9	0.239	0.252	0.232	0.228	0.226	0.231	0.233	0.231	0.236	0.234	0.240	0.239	0.226	0.247	0.235	0.233	0.231	0.242	0.235	0.229	0.225	0.227	0.239	0.229	0.233	0.230	0.254	0.236	0.241	0.235	0.235	0.231	0.228	0.231	0.232	0.236	0.239	0.230	0.248	0.243	0.243	0.244	0.244	0.241	0.231	0.234	0.233	0.235	0.232	0.242	0.243	0.232	0.248	0.240	0.243	0.226	0.229	0.236	0.229	0.229	0.239	0.242	0.245	0.231	0.241	0.236	0.241	0.235	0.238	0.232	0.236	0.229	0.225	0.242	0.231	0.231	0.237	0.235	0.234	0.246	0.228	0.234	0.230	0.236	0.244	0.246	0.250	0.242	0.255	0.254	0.234	0.239	0.235	0.229	0.229	0.232
7:00:37	34.9	0.240	0.249	0.232	0.228	0.227	0.231	0.234	0.231	0.237	0.235	0.241	0.240	0.228	0.242	0.237	0.232	0.232	0.243	0.233	0.228	0.225	0.227	0.239	0.230	0.235	0.232	0.245	0.234	0.238	0.233	0.233	0.229	0.226	0.231	0.233	0.237	0.238	0.231	0.240	0.238	0.237	0.236	0.239	0.237	0.229	0.231	0.232	0.235	0.231	0.237	0.245	0.227	0.240	0.235	0.237	0.222	0.227	0.236	0.228	0.229	0.239	0.240	0.246	0.226	0.236	0.231	0.235	0.230	0.235	0.231	0.236	0.230	0.225	0.244	0.233	0.230	0.235	0.231	0.232	0.243	0.227	0.232	0.230	0.237	0.243	0.247	0.248	0.242	0.255	0.251	0.234	0.239	0.234	0.230	0.230	0.233
8:00:38	34.9	0.240	0.248	0.233	0.229	0.227	0.232	0.233	0.233	0.238	0.235	0.241	0.240	0.228	0.244	0.246	0.233	0.230	0.241	0.234	0.227	0.226	0.227	0.239	0.230	0.235	0.230	0.244	0.233	0.238	0.233	0.232	0.228	0.227	0.230	0.233	0.237	0.236	0.229	0.238	0.238	0.236	0.236	0.238	0.236	0.230	0.230	0.233	0.236	0.231	0.245	0.238	0.229	0.239	0.232	0.235	0.221	0.226	0.234	0.227	0.230	0.240	0.238	0.246	0.226	0.235	0.231	0.233	0.230	0.233	0.230	0.236	0.231	0.226	0.240	0.235	0.229	0.234	0.230	0.232	0.241	0.225	0.232	0.230	0.237	0.239	0.249	0.244	0.241	0.252	0.246	0.234	0.239	0.233	0.230	0.230	0.233
9:00:38	34.9	0.241	0.249	0.233	0.228	0.227	0.232	0.234	0.233	0.238	0.235	0.242	0.240	0.228	0.242	0.247	0.233	0.230	0.241	0.233	0.227	0.226	0.227	0.240	0.230	0.235	0.230	0.248	0.234	0.238	0.233	0.232	0.228	0.227	0.231	0.232	0.237	0.236	0.229	0.237	0.238	0.235	0.234	0.237	0.235	0.229	0.230	0.231	0.237	0.231	0.238	0.240	0.228	0.236	0.230	0.234	0.220	0.226	0.234	0.227	0.230	0.239	0.242	0.249	0.226	0.234	0.231	0.232	0.229	0.232	0.231	0.235	0.231	0.226	0.243	0.231	0.229	0.234	0.228	0.232	0.239	0.224	0.232	0.230	0.237	0.240	0.245	0.245	0.236	0.248	0.245	0.233	0.239	0.232	0.231	0.230	0.233
10:00:39	34.9	0.240	0.249	0.234	0.229	0.228	0.233	0.235	0.234	0.238	0.235	0.242	0.241	0.228	0.233	0.259	0.232	0.230	0.241	0.232	0.228	0.226	0.227	0.240	0.230	0.235	0.231	0.245	0.234	0.238	0.233	0.230	0.228	0.226	0.231	0.231	0.237	0.238	0.227	0.236	0.237	0.234	0.234	0.237	0.235	0.230	0.230	0.231	0.237	0.232	0.234	0.238	0.228	0.235	0.230	0.234	0.220	0.227	0.233	0.226	0.230	0.242	0.244	0.245	0.226	0.233	0.231	0.231	0.229	0.231	0.230	0.234	0.231	0.226	0.238	0.230	0.229	0.233	0.228	0.232	0.239	0.224	0.231	0.229	0.235	0.240	0.254	0.242	0.235	0.245	0.243	0.233	0.239	0.232	0.231	0.230	0.233
11:00:40	34.9	0.240	0.249	0.233	0.229	0.229	0.233	0.235	0.236	0.237	0.234	0.243	0.240	0.229	0.230	0.257	0.231	0.229	0.241	0.232	0.227	0.226	0.227	0.240	0.230	0.234	0.231	0.245	0.233	0.237	0.233	0.230	0.227	0.225	0.230	0.231	0.237	0.237	0.226	0.235	0.237	0.234	0.234	0.237	0.233	0.229	0.229	0.231	0.237	0.231	0.243	0.239	0.228	0.233	0.229	0.232	0.221	0.226	0.232	0.227	0.230	0.237	0.242	0.241	0.226	0.233	0.230	0.230	0.228	0.230	0.230	0.235	0.232	0.226	0.240	0.229	0.229	0.233	0.228	0.231	0.239	0.223	0.230	0.229	0.235	0.242	0.244	0.243	0.236	0.245	0.241	0.233	0.238	0.231	0.230	0.231	0.233
12:00:40	34.8	0.242	0.249	0.233	0.229	0.230	0.234	0.236	0.236	0.237	0.234	0.243	0.240	0.229	0.227	0.240	0.230	0.228	0.241	0.231	0.227	0.226	0.228	0.240	0.231	0.234	0.232	0.245	0.231	0.235	0.232	0.229	0.228	0.226	0.231	0.230	0.237	0.238	0.227	0.233	0.237	0.236	0.233	0.237	0.232	0.228	0.228	0.230	0.237	0.230	0.231	0.236	0.227	0.233	0.228	0.232	0.221	0.226	0.232	0.226	0.230	0.238	0.235	0.241	0.225	0.232	0.230	0.230	0.226	0.229	0.229	0.235	0.233	0.227	0.238	0.230	0.228	0.233	0.227	0.232	0.237	0.223	0.229	0.229	0.235	0.243	0.242	0.247	0.236	0.243	0.240	0.233	0.238	0.230	0.229	0.230	0.233
13:00:41	34.9	0.242	0.249	0.234	0.229	0.230	0.233	0.237	0.236	0.237	0.235	0.244	0.241	0.231	0.227	0.237	0.230	0.228	0.240	0.230	0.228	0.226	0.228	0.241	0.231	0.235	0.233	0.247	0.230	0.234	0.232	0.230	0.229	0.226	0.231	0.231	0.238	0.238	0.228	0.234	0.236	0.232	0.232	0.235	0.230	0.227	0.228	0.230	0.238	0.233	0.235	0.237	0.227	0.231	0.227	0.231	0.221	0.225	0.233	0.227	0.230	0.239	0.242	0.246	0.226	0.232	0.229	0.230	0.227	0.228	0.228	0.235	0.232	0.227	0.235	0.230	0.229	0.232	0.227	0.232	0.237	0.223	0.230	0.228	0.235	0.244	0.242	0.244	0.236	0.240	0.240	0.234	0.238	0.229	0.229	0.230	0.234
14:00:42	34.8	0.243	0.250	0.234	0.229	0.230	0.234	0.237	0.237	0.237	0.235	0.244	0.241	0.230	0.228	0.236	0.230	0.228	0.239	0.230	0.229	0.226	0.228	0.241	0.231	0.236	0.233	0.244	0.230	0.233	0.232	0.230	0.229	0.227	0.230	0.230	0.237	0.240	0.229	0.234	0.235	0.231	0.231	0.235	0.229	0.225	0.227	0.230	0.238	0.233	0.236	0.243	0.227	0.230	0.226	0.230	0.222	0.225	0.232	0.226	0.231	0.241	0.233	0.240	0.227	0.232	0.229	0.230	0.227	0.228	0.228	0.235	0.233	0.226	0.235	0.230	0.229	0.232	0.227	0.233	0.234	0.223	0.229	0.229	0.235	0.244	0.243	0.243	0.236	0.239	0.241	0.233	0.237	0.229	0.229	0.231	0.234
15:00:42	34.8	0.243	0.251	0.233	0.230	0.229	0.235	0.238	0.237	0.237	0.235	0.244	0.241	0.231	0.227	0.236	0.230	0.228	0.239	0.230	0.229	0.226	0.228	0.242	0.231	0.237	0.233	0.239	0.230	0.232	0.233	0.231	0.229	0.226	0.231	0.231	0.238	0.241	0.228	0.239	0.234	0.232	0.231	0.234	0.229	0.225	0.227	0.231	0.238	0.234	0.232	0.256	0.226	0.230	0.226	0.230	0.222	0.225	0.231	0.227	0.231	0.242	0.233	0.240	0.227	0.233	0.229	0.230	0.226	0.226	0.228	0.236	0.233	0.228	0.234	0.232	0.229	0.231	0.227	0.232	0.234	0.223	0.229	0.230	0.236	0.244	0.245	0.248	0.236	0.239	0.241	0.234	0.237	0.229	0.229	0.232	0.234
16:00:43	34.8	0.243	0.259	0.234	0.230	0.230	0.235	0.238	0.236	0.237	0.234	0.245	0.242	0.231	0.228	0.237	0.230	0.229	0.238	0.230	0.231	0.227	0.230	0.242	0.231	0.238	0.233	0.239	0.230	0.233	0.233	0.231	0.230	0.227	0.231	0.232	0.238	0.241	0.229	0.237	0.233	0.232	0.230	0.233	0.228	0.225	0.227	0.232	0.239	0.235	0.232	0.245	0.227	0.229	0.226	0.228	0.222	0.227	0.231	0.227	0.232	0.243	0.233	0.234	0.227	0.233	0.230	0.230	0.227	0.227	0.228	0.236	0.234	0.228	0.233	0.234	0.229	0.231	0.228	0.233	0.233	0.223	0.229	0.230	0.236	0.245	0.249	0.246	0.236	0.240	0.241	0.234	0.237	0.229	0.229	0.232	0.235
17:00:43	34.8	0.243	0.260	0.234	0.230	0.231	0.235	0.239	0.237	0.237	0.235	0.246	0.243	0.233	0.229	0.240	0.231	0.229	0.239	0.231	0.230	0.227	0.230	0.243	0.232	0.238	0.233	0.241	0.230	0.233	0.233	0.231	0.229	0.227	0.231	0.232	0.239	0.242	0.229	0.236	0.234	0.231	0.230	0.234	0.228	0.225	0.227	0.233	0.239	0.236	0.231	0.236	0.227	0.229	0.225	0.227	0.222	0.226	0.230	0.228	0.232	0.243	0.232	0.238	0.228	0.233	0.230	0.230	0.227	0.226	0.228	0.237	0.234	0.228	0.235	0.237	0.229	0.231	0.229	0.233	0.233	0.223	0.229	0.230	0.237	0.247	0.252	0.251	0.238	0.239	0.242	0.235	0.237	0.230	0.230	0.233	0.235
18:00:44	34.8	0.244	0.257	0.235	0.231	0.232	0.236	0.239	0.238	0.237	0.235	0.246	0.243	0.232	0.231	0.241	0.232	0.229	0.239	0.232	0.232	0.227	0.230	0.243	0.232	0.239	0.234	0.243	0.232	0.232	0.234	0.232	0.229	0.227	0.231	0.232	0.240	0.242	0.229	0.236	0.232	0.232	0.229	0.233	0.228	0.225	0.227	0.232	0.239	0.237	0.230	0.234	0.227	0.228	0.225	0.227	0.222	0.226	0.231	0.228	0.232	0.244	0.233	0.241	0.227	0.233	0.231	0.229	0.226	0.226	0.228	0.237	0.235	0.229	0.236	0.238	0.230	0.231	0.229	0.234	0.232	0.223	0.229	0.231	0.236	0.247	0.263	0.251	0.238	0.240	0.242	0.235	0.237	0.231	0.230	0.234	0.235
19:00:45	34.8	0.245	0.257	0.235	0.232	0.231	0.237	0.239	0.239	0.238	0.235	0.247	0.243	0.233	0.240	0.241	0.232	0.230	0.239	0.233	0.231	0.227	0.230	0.244	0.233	0.240	0.234	0.248	0.232	0.233	0.234	0.232	0.230	0.228	0.232	0.232	0.240	0.244	0.230	0.236	0.233	0.232	0.229	0.234	0.229	0.226	0.228	0.233	0.240	0.239	0.230	0.237	0.227	0.228	0.226	0.227	0.222	0.226	0.231	0.229	0.232	0.244	0.235	0.239	0.228	0.233	0.232	0.230	0.227	0.226	0.229	0.238	0.235	0.230	0.238	0.238	0.230	0.231	0.229	0.234	0.232	0.224	0.230	0.231	0.236	0.248	0.264	0.246	0.238	0.241	0.243	0.236	0.238	0.230	0.231	0.234	0.235
20:00:45	34.8	0.245	0.258	0.235	0.232	0.232	0.237	0.240	0.239	0.238	0.235	0.247	0.244	0.233	0.264	0.242	0.234	0.231	0.240	0.233	0.233	0.228	0.230	0.243	0.233	0.242	0.234	0.254	0.232	0.233	0.234	0.232	0.230	0.228	0.233	0.233	0.241	0.244	0.231	0.236	0.233	0.231	0.228	0.233	0.227	0.226	0.229	0.233	0.241	0.239	0.231	0.240	0.227	0.228	0.226	0.227	0.223	0.226	0.231	0.229	0.233	0.244	0.236	0.237	0.229	0.234	0.232	0.230	0.228	0.227	0.229	0.239	0.236	0.231	0.243	0.238	0.231	0.231	0.229	0.235	0.232	0.224	0.230	0.231	0.236	0.249	0.265	0.247	0.239	0.241	0.244	0.236	0.238	0.231	0.231	0.235	0.236
21:00:45	34.8	0.245	0.258	0.235	0.232	0.233	0.237	0.240	0.239	0.238	0.235	0.247	0.243	0.234	0.252	0.241	0.233	0.231	0.241	0.234	0.233	0.228	0.230	0.244	0.233	0.241	0.235	0.257	0.233	0.233	0.234	0.233	0.231	0.229	0.233	0.234	0.241	0.245	0.232	0.237	0.232	0.232	0.230	0.234	0.227	0.226	0.228	0.234	0.241	0.240	0.232	0.241	0.228	0.228	0.226	0.227	0.223	0.227	0.231	0.229	0.233	0.245	0.240	0.235	0.229	0.234	0.231	0.230	0.227	0.226	0.229	0.238	0.236	0.230	0.244	0.239	0.231	0.231	0.230	0.235	0.232	0.225	0.231	0.232	0.238	0.249	0.265	0.252	0.239	0.242	0.244	0.237	0.239	0.232	0.231	0.235	0.236
22:00:46	34.9	0.246	0.258	0.235	0.232	0.233	0.237	0.240	0.239	0.238	0.235	0.247	0.244	0.235	0.249	0.242	0.233	0.231	0.240	0.234	0.233	0.228	0.231	0.244	0.233	0.242	0.235	0.250	0.233	0.233	0.234	0.233	0.232	0.228	0.232	0.234	0.241	0.245	0.231	0.237	0.233	0.231	0.230	0.235	0.228	0.227	0.229	0.233	0.242	0.240	0.235	0.240	0.227	0.228	0.226	0.228	0.224	0.227	0.232	0.230	0.234	0.246	0.243	0.235	0.230	0.235	0.232	0.230	0.227	0.227	0.229	0.239	0.236	0.232	0.247	0.240	0.231	0.232	0.230	0.235	0.233	0.225	0.231	0.231	0.236	0.250	0.266	0.252	0.241	0.243	0.245	0.237	0.240	0.231	0.231	0.236	0.236
23:00:47	34.9	0.247	0.258	0.236	0.231	0.233	0.237	0.241	0.240	0.238	0.236	0.248	0.244	0.235	0.249	0.242	0.234	0.232	0.241	0.235	0.234	0.229	0.232	0.245	0.234	0.242	0.235	0.247	0.233	0.234	0.235	0.234	0.232	0.229	0.234	0.235	0.242	0.245	0.232	0.238	0.233	0.231	0.229	0.235	0.229	0.228	0.230	0.234	0.243	0.241	0.237	0.240	0.228	0.229	0.227	0.228	0.224	0.228	0.233	0.230	0.234	0.245	0.246	0.236	0.230	0.235	0.233	0.231	0.228	0.228	0.230	0.239	0.237	0.232	0.249	0.241	0.231	0.231	0.230	0.236	0.233	0.226	0.232	0.232	0.234	0.250	0.267	0.249	0.241	0.244	0.247	0.238	0.240	0.232	0.232	0.236	0.237
0:00:00																																																																																																	

Results
	1	2	3	4	5	6	7	8	9	10	11	12
A	0.288	0.172	0.281	0.270	0.275	0.284	0.279	0.281	0.283	0.280	0.276	0.268	Max V [600]
	0.961	0.944	0.979	0.970	0.979	0.978	0.979	0.976	0.977	0.977	0.962	0.959	R-Squared [600]
	3:00:35	3:00:35	3:00:35	3:00:35	3:00:35	3:00:35	3:00:35	3:00:35	3:00:35	3:00:35	3:00:35	3:00:35	t at Max V [600]
	2:32:35	1:44:29	0:51:39	0:47:31	0:55:10	0:54:01	0:54:36	0:55:43	0:53:13	0:47:21	0:45:37	0:43:15	Lagtime [600]
B	0.303	0.230	0.231	0.295	0.302	0.290	0.301	0.272	0.279	0.280	0.276	0.255	Max V [600]
	0.924	0.982	0.972	0.980	0.978	0.975	0.975	0.974	0.974	0.979	0.981	0.960	R-Squared [600]
	2:00:35	3:00:35	3:00:35	3:00:35	3:00:35	3:00:35	3:00:35	3:00:35	3:00:35	3:00:35	3:00:35	3:00:35	t at Max V [600]
	0:31:40	1:19:26	1:16:20	1:02:51	1:09:13	1:09:49	1:06:49	1:07:19	1:06:27	1:02:50	1:04:15	0:48:06	Lagtime [600]
C	0.294	0.293	0.271	0.283	0.313	0.287	0.262	0.272	0.274	0.293	0.311	0.276	Max V [600]
	0.980	0.981	0.963	0.960	0.958	0.964	0.959	0.961	0.968	0.966	0.981	0.979	R-Squared [600]
	3:00:35	3:00:35	3:00:35	3:00:35	3:00:35	3:00:35	3:00:35	3:00:35	3:00:35	3:00:35	3:00:35	3:00:35	t at Max V [600]
	2:30:20	0:57:16	2:02:27	1:16:45	1:24:05	1:12:29	1:14:32	1:19:45	1:11:18	1:08:49	1:06:20	0:59:46	Lagtime [600]
D	0.229	0.274	-0.282	0.278	0.284	0.312	0.279	0.318	0.275	0.294	0.302	0.280	Max V [600]
	0.868	0.913	0.938	0.972	0.974	0.969	0.976	0.948	0.958	0.965	0.976	0.980	R-Squared [600]
	4:00:36	4:00:36	2:00:35	4:00:36	4:00:36	4:00:36	4:00:36	3:00:35	3:00:35	3:00:35	3:00:35	3:00:35	t at Max V [600]
	2:55:55	3:15:51	?????	1:27:02	1:31:40	1:32:47	1:33:16	1:15:16	1:19:44	1:09:31	1:09:18	1:03:29	Lagtime [600]
E	0.289	0.231	0.235	0.265	0.309	0.290	0.295	0.247	0.259	0.288	0.294	0.271	Max V [600]
	0.980	0.974	0.918	0.967	0.974	0.976	0.981	0.965	0.964	0.959	0.971	0.979	R-Squared [600]
	3:00:35	3:00:35	3:00:35	4:00:36	4:00:36	4:00:36	4:00:36	4:00:36	3:00:35	3:00:35	3:00:35	3:00:35	t at Max V [600]
	0:51:46	2:04:44	2:49:38	1:24:51	1:38:46	1:39:18	1:32:10	1:27:31	1:17:57	1:11:27	1:10:58	1:10:26	Lagtime [600]
F	0.286	0.211	0.213	-0.586	0.266	0.255	0.287	0.277	0.287	0.295	0.288	0.279	Max V [600]
	0.965	0.944	0.908	0.594	0.974	0.972	0.976	0.963	0.952	0.963	0.974	0.977	R-Squared [600]
	3:00:35	3:00:35	4:00:36	2:00:35	4:00:36	4:00:36	4:00:36	4:00:36	4:00:36	3:00:35	3:00:35	3:00:35	t at Max V [600]
	4:04:12	2:13:52	3:46:48	?????	1:35:49	1:33:15	2:14:31	1:55:27	1:58:25	1:27:02	1:17:58	1:01:42	Lagtime [600]
G	0.284	0.178	0.196	0.283	0.304	0.292	0.264	0.329	0.287	0.277	0.283	0.268	Max V [600]
	0.980	0.950	0.964	0.966	0.959	0.956	0.964	0.949	0.961	0.963	0.980	0.978	R-Squared [600]
	3:00:35	3:00:35	3:00:35	3:00:35	3:00:35	3:00:35	3:00:35	3:00:35	3:00:35	3:00:35	3:00:35	3:00:35	t at Max V [600]
	4:12:57	2:52:44	1:26:20	1:13:46	1:13:00	1:17:20	1:22:53	1:22:18	1:20:19	1:25:32	1:16:46	1:06:10	Lagtime [600]
H	0.317	0.235	0.363	0.334	0.342	0.348	0.287	0.290	0.306	0.282	0.271	0.263	Max V [600]
	0.965	0.964	0.974	0.979	0.962	0.954	0.974	0.971	0.973	0.979	0.976	0.960	R-Squared [600]
	3:00:35	3:00:35	3:00:35	3:00:35	3:00:35	3:00:35	3:00:35	3:00:35	3:00:35	3:00:35	3:00:35	3:00:35	t at Max V [600]
	0:44:00	1:09:49	1:10:59	1:02:32	1:09:16	1:19:00	1:25:28	1:20:45	1:11:25	1:07:55	1:03:53	0:51:08	Lagtime [600]

