
Software Version	3.11.19



Experiment File Path:	C:\Users\patil-group\Desktop\Sweeteners_stacker\031221_NT5076_83_24007_Rep3\NT5076_83_24007_Rep3.xpt
Protocol File Path:	C:\Users\Public\Documents\Protocols\Screening-protocol.prt



Plate Number	Plate 7
Date	03/12/2021
Time	12:28:05
Reader Type:	Epoch 2
Reader Serial Number:	2103223
Reading Type	Reader

Procedure Details

Plate Type	96 WELL PLATE
Discontinuous Kinetics	Runtime 1:00:00 (D:HH:MM), Interval 0:01:00, 25 Reads
	Pause after each run
Eject plate on completion	
Shake	Linear: 0:00:30 (HH:MM:SS)
	Frequency: 567 cpm (3 mm)
Read	Absorbance Endpoint
	Full Plate
	Wavelengths:  600
	Read Speed: Normal,  Delay: 100 msec,  Measurements/Data Point: 8

600

Time	T° 600	A1	A2	A3	A4	A5	A6	A7	A8	A9	A10	A11	A12	B1	B2	B3	B4	B5	B6	B7	B8	B9	B10	B11	B12	C1	C2	C3	C4	C5	C6	C7	C8	C9	C10	C11	C12	D1	D2	D3	D4	D5	D6	D7	D8	D9	D10	D11	D12	E1	E2	E3	E4	E5	E6	E7	E8	E9	E10	E11	E12	F1	F2	F3	F4	F5	F6	F7	F8	F9	F10	F11	F12	G1	G2	G3	G4	G5	G6	G7	G8	G9	G10	G11	G12	H1	H2	H3	H4	H5	H6	H7	H8	H9	H10	H11	H12
0:00:34	34.2	0.175	0.171	0.177	0.173	0.171	0.174	0.176	0.174	0.176	0.178	0.174	0.178	0.181	0.187	0.175	0.175	0.172	0.175	0.175	0.177	0.176	0.178	0.175	0.180	0.174	0.178	0.174	0.176	0.177	0.174	0.172	0.176	0.174	0.177	0.182	0.184	0.174	0.174	0.177	0.180	0.176	0.174	0.172	0.178	0.174	0.174	0.181	0.176	0.176	0.173	0.181	0.175	0.181	0.182	0.175	0.184	0.175	0.176	0.174	0.175	0.173	0.177	0.184	0.176	0.178	0.176	0.173	0.176	0.177	0.177	0.174	0.175	0.174	0.173	0.175	0.178	0.177	0.175	0.174	0.174	0.176	0.177	0.185	0.176	0.181	0.181	0.171	0.171	0.177	0.177	0.171	0.172	0.172	0.178	0.176	0.178
1:00:33	34.5	0.178	0.173	0.180	0.175	0.173	0.176	0.175	0.176	0.178	0.179	0.176	0.180	0.180	0.182	0.176	0.177	0.174	0.176	0.177	0.179	0.177	0.179	0.176	0.182	0.176	0.179	0.175	0.178	0.178	0.176	0.174	0.177	0.175	0.178	0.182	0.184	0.175	0.176	0.178	0.181	0.178	0.175	0.174	0.179	0.175	0.175	0.182	0.178	0.178	0.175	0.182	0.177	0.183	0.183	0.177	0.185	0.175	0.178	0.175	0.177	0.175	0.178	0.183	0.178	0.179	0.177	0.174	0.177	0.178	0.178	0.175	0.177	0.176	0.175	0.177	0.179	0.179	0.177	0.175	0.175	0.177	0.177	0.186	0.177	0.178	0.182	0.173	0.172	0.179	0.178	0.172	0.173	0.173	0.179	0.177	0.179
2:00:34	34.6	0.182	0.177	0.183	0.178	0.176	0.180	0.179	0.179	0.181	0.182	0.179	0.183	0.182	0.188	0.179	0.179	0.177	0.179	0.179	0.182	0.179	0.182	0.178	0.185	0.178	0.181	0.178	0.180	0.180	0.178	0.176	0.179	0.178	0.180	0.184	0.187	0.178	0.178	0.181	0.183	0.180	0.177	0.175	0.180	0.177	0.178	0.183	0.181	0.181	0.177	0.184	0.179	0.184	0.184	0.179	0.187	0.178	0.180	0.177	0.180	0.177	0.180	0.185	0.180	0.182	0.179	0.175	0.180	0.181	0.181	0.177	0.180	0.179	0.178	0.179	0.181	0.182	0.179	0.177	0.178	0.179	0.179	0.188	0.180	0.180	0.184	0.176	0.175	0.182	0.181	0.175	0.176	0.176	0.181	0.181	0.184
3:00:34	34.6	0.193	0.188	0.192	0.187	0.187	0.187	0.187	0.188	0.190	0.191	0.188	0.193	0.189	0.190	0.185	0.186	0.185	0.186	0.186	0.188	0.185	0.187	0.184	0.194	0.185	0.186	0.184	0.185	0.186	0.184	0.183	0.186	0.184	0.186	0.190	0.194	0.185	0.184	0.186	0.186	0.187	0.183	0.179	0.186	0.183	0.182	0.188	0.189	0.189	0.184	0.190	0.186	0.191	0.189	0.184	0.192	0.183	0.186	0.184	0.188	0.185	0.185	0.191	0.187	0.189	0.185	0.180	0.185	0.186	0.187	0.182	0.189	0.189	0.186	0.186	0.188	0.190	0.186	0.183	0.184	0.186	0.185	0.194	0.188	0.188	0.190	0.184	0.182	0.192	0.190	0.182	0.183	0.184	0.190	0.188	0.191
4:00:34	34.7	0.222	0.214	0.215	0.212	0.212	0.209	0.209	0.211	0.214	0.215	0.213	0.221	0.208	0.208	0.204	0.202	0.203	0.203	0.203	0.206	0.204	0.204	0.200	0.217	0.204	0.200	0.200	0.200	0.202	0.197	0.197	0.200	0.200	0.203	0.205	0.213	0.203	0.200	0.202	0.198	0.202	0.196	0.190	0.200	0.197	0.196	0.200	0.209	0.212	0.203	0.206	0.200	0.206	0.204	0.197	0.207	0.199	0.202	0.201	0.210	0.204	0.201	0.207	0.204	0.207	0.202	0.192	0.201	0.203	0.203	0.197	0.211	0.212	0.206	0.204	0.205	0.211	0.204	0.199	0.200	0.202	0.201	0.210	0.208	0.210	0.209	0.204	0.202	0.218	0.212	0.202	0.204	0.204	0.210	0.209	0.218
5:00:35	34.7	0.261	0.251	0.248	0.245	0.248	0.242	0.241	0.244	0.248	0.250	0.248	0.260	0.241	0.239	0.238	0.235	0.237	0.236	0.234	0.236	0.233	0.234	0.232	0.251	0.237	0.233	0.235	0.231	0.237	0.230	0.228	0.233	0.232	0.236	0.237	0.246	0.237	0.234	0.236	0.227	0.236	0.228	0.217	0.231	0.229	0.227	0.231	0.241	0.245	0.237	0.239	0.234	0.241	0.235	0.226	0.236	0.230	0.235	0.234	0.243	0.237	0.232	0.239	0.235	0.241	0.235	0.220	0.234	0.234	0.236	0.228	0.245	0.247	0.239	0.238	0.237	0.244	0.238	0.231	0.231	0.234	0.234	0.241	0.239	0.244	0.239	0.238	0.234	0.254	0.245	0.234	0.236	0.237	0.242	0.242	0.253
6:00:36	34.6	0.337	0.328	0.320	0.318	0.321	0.311	0.311	0.317	0.320	0.323	0.324	0.335	0.307	0.294	0.295	0.288	0.296	0.290	0.284	0.291	0.288	0.291	0.287	0.325	0.298	0.280	0.281	0.269	0.285	0.271	0.271	0.278	0.281	0.285	0.292	0.312	0.298	0.281	0.281	0.264	0.281	0.268	0.251	0.273	0.272	0.270	0.274	0.310	0.316	0.295	0.286	0.279	0.288	0.279	0.268	0.281	0.277	0.285	0.289	0.313	0.303	0.283	0.292	0.286	0.298	0.285	0.258	0.282	0.286	0.290	0.277	0.318	0.321	0.305	0.297	0.289	0.310	0.297	0.282	0.283	0.289	0.289	0.297	0.309	0.319	0.307	0.308	0.301	0.327	0.315	0.297	0.302	0.305	0.312	0.311	0.326
7:00:36	34.6	0.375	0.365	0.366	0.362	0.360	0.358	0.356	0.358	0.366	0.365	0.367	0.373	0.359	0.353	0.352	0.349	0.352	0.351	0.346	0.351	0.348	0.349	0.348	0.370	0.354	0.346	0.348	0.342	0.351	0.340	0.338	0.343	0.343	0.346	0.350	0.361	0.352	0.346	0.348	0.334	0.347	0.336	0.321	0.340	0.339	0.336	0.340	0.357	0.364	0.354	0.351	0.348	0.352	0.346	0.334	0.345	0.341	0.347	0.349	0.360	0.356	0.345	0.353	0.349	0.357	0.347	0.327	0.344	0.346	0.348	0.338	0.361	0.367	0.356	0.356	0.352	0.363	0.354	0.344	0.344	0.349	0.346	0.353	0.357	0.363	0.359	0.358	0.354	0.369	0.364	0.350	0.353	0.351	0.357	0.357	0.366
8:00:37	34.6	0.393	0.379	0.388	0.385	0.383	0.378	0.377	0.382	0.387	0.384	0.388	0.390	0.384	0.381	0.381	0.378	0.378	0.378	0.375	0.379	0.376	0.378	0.378	0.392	0.382	0.378	0.380	0.378	0.382	0.374	0.370	0.372	0.374	0.374	0.380	0.382	0.378	0.378	0.379	0.372	0.381	0.370	0.360	0.373	0.370	0.369	0.371	0.380	0.389	0.384	0.383	0.383	0.385	0.382	0.369	0.377	0.373	0.379	0.379	0.386	0.382	0.375	0.383	0.380	0.386	0.378	0.363	0.376	0.377	0.377	0.370	0.385	0.391	0.383	0.386	0.384	0.391	0.384	0.376	0.377	0.380	0.376	0.384	0.385	0.386	0.384	0.380	0.378	0.390	0.387	0.376	0.378	0.376	0.381	0.379	0.385
9:00:38	34.6	0.411	0.398	0.403	0.400	0.400	0.400	0.393	0.398	0.402	0.401	0.404	0.406	0.400	0.399	0.397	0.394	0.395	0.393	0.390	0.395	0.393	0.394	0.395	0.410	0.398	0.395	0.396	0.396	0.398	0.390	0.386	0.389	0.390	0.390	0.396	0.398	0.395	0.394	0.397	0.390	0.396	0.388	0.379	0.390	0.385	0.386	0.389	0.396	0.404	0.401	0.400	0.398	0.402	0.399	0.387	0.394	0.392	0.397	0.395	0.402	0.398	0.392	0.398	0.398	0.403	0.395	0.383	0.393	0.394	0.393	0.387	0.401	0.408	0.400	0.402	0.399	0.408	0.402	0.395	0.395	0.398	0.393	0.400	0.400	0.401	0.397	0.395	0.395	0.406	0.404	0.392	0.395	0.392	0.397	0.395	0.402
10:00:38	34.6	0.421	0.408	0.419	0.418	0.414	0.415	0.409	0.419	0.417	0.415	0.415	0.419	0.417	0.416	0.414	0.412	0.411	0.412	0.408	0.412	0.410	0.410	0.412	0.424	0.414	0.410	0.413	0.412	0.413	0.406	0.403	0.405	0.405	0.405	0.411	0.415	0.413	0.410	0.412	0.406	0.413	0.405	0.395	0.406	0.401	0.402	0.404	0.411	0.422	0.417	0.417	0.416	0.419	0.416	0.403	0.412	0.408	0.413	0.411	0.418	0.415	0.408	0.416	0.414	0.420	0.412	0.399	0.410	0.410	0.410	0.405	0.416	0.423	0.417	0.418	0.416	0.425	0.419	0.412	0.413	0.415	0.410	0.418	0.417	0.418	0.410	0.413	0.411	0.422	0.420	0.410	0.412	0.409	0.413	0.410	0.416
11:00:39	34.6	0.429	0.415	0.426	0.425	0.422	0.420	0.417	0.423	0.426	0.424	0.428	0.426	0.427	0.429	0.429	0.426	0.424	0.424	0.420	0.424	0.422	0.422	0.423	0.431	0.428	0.425	0.426	0.428	0.428	0.422	0.416	0.419	0.419	0.417	0.423	0.421	0.425	0.424	0.426	0.422	0.427	0.419	0.410	0.420	0.415	0.415	0.417	0.420	0.433	0.430	0.430	0.430	0.432	0.430	0.418	0.425	0.422	0.427	0.423	0.429	0.427	0.421	0.428	0.428	0.433	0.425	0.414	0.424	0.422	0.423	0.419	0.425	0.433	0.429	0.431	0.430	0.436	0.431	0.425	0.426	0.428	0.423	0.429	0.427	0.429	0.419	0.422	0.421	0.431	0.430	0.419	0.421	0.418	0.421	0.419	0.423
12:00:39	34.6	0.436	0.425	0.430	0.432	0.428	0.429	0.424	0.429	0.433	0.428	0.432	0.428	0.434	0.438	0.437	0.434	0.432	0.433	0.429	0.431	0.427	0.429	0.431	0.437	0.435	0.434	0.435	0.438	0.437	0.430	0.426	0.428	0.427	0.425	0.432	0.430	0.434	0.434	0.435	0.432	0.436	0.429	0.420	0.429	0.424	0.425	0.427	0.427	0.440	0.438	0.440	0.440	0.442	0.439	0.428	0.435	0.431	0.436	0.432	0.436	0.435	0.431	0.437	0.437	0.442	0.434	0.422	0.431	0.431	0.431	0.427	0.431	0.441	0.436	0.440	0.438	0.442	0.440	0.434	0.434	0.435	0.430	0.436	0.433	0.437	0.426	0.429	0.429	0.438	0.436	0.427	0.427	0.423	0.428	0.425	0.428
13:00:40	34.6	0.439	0.432	0.435	0.434	0.430	0.436	0.434	0.434	0.434	0.430	0.429	0.432	0.439	0.440	0.440	0.438	0.438	0.442	0.436	0.437	0.431	0.433	0.436	0.440	0.439	0.440	0.440	0.445	0.443	0.437	0.433	0.435	0.435	0.432	0.438	0.433	0.439	0.441	0.440	0.437	0.441	0.438	0.428	0.436	0.433	0.432	0.434	0.429	0.443	0.444	0.446	0.446	0.447	0.443	0.436	0.441	0.436	0.441	0.438	0.440	0.439	0.436	0.443	0.442	0.445	0.438	0.428	0.437	0.435	0.435	0.431	0.434	0.444	0.440	0.444	0.443	0.447	0.443	0.437	0.438	0.440	0.435	0.440	0.436	0.440	0.430	0.435	0.434	0.441	0.441	0.430	0.432	0.427	0.431	0.428	0.430
14:00:40	34.6	0.441	0.436	0.438	0.435	0.433	0.438	0.434	0.434	0.437	0.429	0.430	0.433	0.441	0.445	0.445	0.441	0.442	0.445	0.440	0.441	0.434	0.434	0.439	0.439	0.441	0.445	0.445	0.450	0.446	0.441	0.438	0.439	0.439	0.437	0.438	0.440	0.441	0.445	0.444	0.441	0.444	0.440	0.433	0.440	0.436	0.435	0.438	0.431	0.446	0.447	0.449	0.450	0.449	0.448	0.440	0.446	0.439	0.444	0.440	0.442	0.442	0.442	0.446	0.445	0.450	0.441	0.432	0.440	0.439	0.438	0.432	0.435	0.448	0.443	0.448	0.447	0.451	0.447	0.441	0.441	0.443	0.439	0.442	0.438	0.440	0.435	0.438	0.439	0.444	0.442	0.433	0.434	0.429	0.433	0.429	0.430
15:00:40	34.6	0.441	0.439	0.440	0.437	0.434	0.438	0.438	0.434	0.437	0.432	0.433	0.433	0.443	0.448	0.446	0.442	0.444	0.447	0.445	0.444	0.438	0.435	0.440	0.439	0.442	0.446	0.449	0.454	0.449	0.446	0.441	0.444	0.441	0.439	0.438	0.437	0.444	0.448	0.447	0.446	0.447	0.443	0.437	0.443	0.440	0.439	0.440	0.433	0.449	0.450	0.451	0.451	0.451	0.449	0.443	0.448	0.441	0.445	0.443	0.443	0.442	0.446	0.447	0.446	0.452	0.442	0.434	0.441	0.441	0.441	0.434	0.436	0.450	0.445	0.449	0.448	0.452	0.448	0.442	0.444	0.443	0.438	0.442	0.439	0.443	0.438	0.439	0.440	0.447	0.443	0.435	0.434	0.430	0.432	0.430	0.431
16:00:40	34.6	0.440	0.434	0.440	0.436	0.433	0.438	0.440	0.438	0.438	0.438	0.440	0.435	0.443	0.448	0.448	0.444	0.446	0.448	0.444	0.447	0.438	0.437	0.440	0.439	0.444	0.449	0.451	0.456	0.451	0.448	0.443	0.448	0.444	0.440	0.440	0.436	0.444	0.449	0.449	0.449	0.450	0.443	0.439	0.444	0.442	0.441	0.440	0.438	0.448	0.450	0.452	0.452	0.452	0.448	0.446	0.449	0.442	0.446	0.444	0.442	0.443	0.447	0.449	0.448	0.452	0.442	0.436	0.441	0.441	0.441	0.434	0.435	0.450	0.444	0.450	0.449	0.452	0.449	0.444	0.443	0.444	0.439	0.442	0.436	0.443	0.439	0.439	0.439	0.447	0.443	0.434	0.434	0.431	0.435	0.431	0.431
17:00:41	34.6	0.443	0.428	0.444	0.438	0.434	0.434	0.439	0.442	0.441	0.440	0.437	0.438	0.444	0.449	0.448	0.444	0.445	0.447	0.444	0.449	0.436	0.439	0.438	0.441	0.446	0.451	0.452	0.457	0.451	0.450	0.445	0.448	0.444	0.440	0.441	0.443	0.445	0.452	0.449	0.449	0.449	0.445	0.439	0.445	0.442	0.441	0.440	0.440	0.446	0.451	0.451	0.453	0.452	0.448	0.445	0.448	0.442	0.446	0.443	0.440	0.443	0.448	0.449	0.448	0.451	0.442	0.435	0.441	0.441	0.441	0.433	0.434	0.449	0.445	0.449	0.450	0.450	0.447	0.444	0.442	0.443	0.438	0.441	0.435	0.442	0.439	0.440	0.437	0.448	0.443	0.434	0.434	0.432	0.434	0.429	0.431
18:00:41	34.6	0.446	0.425	0.444	0.438	0.434	0.431	0.444	0.443	0.441	0.443	0.436	0.439	0.444	0.450	0.447	0.444	0.445	0.448	0.448	0.446	0.441	0.440	0.438	0.440	0.445	0.450	0.454	0.457	0.452	0.452	0.445	0.451	0.445	0.438	0.439	0.443	0.446	0.452	0.450	0.449	0.449	0.444	0.438	0.444	0.442	0.441	0.440	0.441	0.446	0.450	0.451	0.453	0.452	0.448	0.446	0.450	0.442	0.447	0.444	0.440	0.445	0.448	0.449	0.447	0.454	0.443	0.436	0.442	0.440	0.441	0.434	0.434	0.447	0.444	0.450	0.450	0.450	0.448	0.443	0.443	0.443	0.437	0.442	0.434	0.440	0.441	0.441	0.438	0.448	0.444	0.434	0.435	0.431	0.434	0.429	0.431
19:00:42	34.6	0.437	0.422	0.442	0.437	0.432	0.423	0.445	0.444	0.444	0.446	0.438	0.442	0.442	0.450	0.448	0.443	0.445	0.448	0.450	0.449	0.444	0.442	0.438	0.441	0.445	0.450	0.455	0.457	0.452	0.451	0.446	0.449	0.444	0.437	0.440	0.447	0.445	0.451	0.451	0.448	0.451	0.445	0.437	0.441	0.440	0.438	0.439	0.443	0.446	0.449	0.449	0.453	0.452	0.447	0.446	0.449	0.441	0.446	0.441	0.439	0.444	0.447	0.447	0.447	0.451	0.444	0.435	0.443	0.440	0.441	0.432	0.434	0.444	0.442	0.447	0.449	0.449	0.447	0.443	0.441	0.442	0.436	0.440	0.435	0.439	0.439	0.441	0.436	0.447	0.442	0.433	0.434	0.430	0.432	0.428	0.430
20:00:43	34.6	0.433	0.418	0.442	0.436	0.432	0.421	0.446	0.444	0.441	0.446	0.438	0.441	0.443	0.449	0.447	0.442	0.445	0.448	0.452	0.450	0.444	0.444	0.435	0.441	0.444	0.450	0.454	0.457	0.452	0.451	0.444	0.448	0.443	0.434	0.439	0.448	0.444	0.451	0.450	0.447	0.450	0.445	0.436	0.441	0.440	0.439	0.438	0.442	0.447	0.449	0.449	0.453	0.451	0.445	0.445	0.447	0.441	0.445	0.440	0.437	0.444	0.445	0.446	0.447	0.450	0.443	0.435	0.443	0.439	0.441	0.431	0.434	0.443	0.441	0.448	0.449	0.448	0.446	0.442	0.441	0.442	0.435	0.438	0.434	0.438	0.438	0.440	0.434	0.446	0.441	0.431	0.433	0.428	0.431	0.427	0.430
21:00:44	34.6	0.429	0.421	0.442	0.436	0.430	0.422	0.444	0.444	0.442	0.444	0.439	0.442	0.443	0.447	0.447	0.442	0.445	0.448	0.455	0.451	0.445	0.444	0.437	0.441	0.443	0.450	0.453	0.458	0.451	0.449	0.443	0.448	0.443	0.434	0.439	0.440	0.442	0.451	0.449	0.446	0.449	0.443	0.435	0.440	0.438	0.436	0.438	0.444	0.446	0.448	0.448	0.452	0.449	0.444	0.444	0.446	0.440	0.444	0.439	0.435	0.442	0.443	0.445	0.445	0.448	0.441	0.434	0.441	0.438	0.439	0.432	0.434	0.442	0.439	0.447	0.447	0.447	0.444	0.441	0.440	0.440	0.435	0.438	0.434	0.437	0.435	0.440	0.432	0.444	0.439	0.431	0.432	0.427	0.432	0.425	0.430
22:00:44	34.6	0.427	0.421	0.439	0.432	0.429	0.419	0.437	0.444	0.446	0.435	0.438	0.441	0.441	0.447	0.447	0.441	0.445	0.449	0.455	0.453	0.445	0.443	0.436	0.441	0.442	0.449	0.454	0.457	0.452	0.449	0.442	0.447	0.441	0.435	0.438	0.438	0.442	0.450	0.449	0.443	0.448	0.444	0.434	0.439	0.436	0.436	0.436	0.446	0.446	0.446	0.446	0.452	0.449	0.443	0.443	0.445	0.438	0.443	0.438	0.434	0.441	0.442	0.444	0.445	0.448	0.440	0.433	0.440	0.437	0.437	0.432	0.432	0.439	0.438	0.445	0.446	0.446	0.444	0.439	0.439	0.440	0.432	0.438	0.434	0.434	0.433	0.438	0.431	0.443	0.438	0.429	0.430	0.426	0.431	0.425	0.429
23:00:45	34.6	0.423	0.414	0.439	0.432	0.426	0.414	0.431	0.439	0.443	0.433	0.441	0.440	0.437	0.445	0.445	0.440	0.443	0.450	0.455	0.454	0.446	0.443	0.435	0.441	0.438	0.448	0.453	0.455	0.450	0.450	0.440	0.446	0.442	0.433	0.439	0.432	0.435	0.448	0.446	0.443	0.446	0.443	0.433	0.436	0.435	0.434	0.435	0.442	0.445	0.446	0.445	0.451	0.448	0.442	0.440	0.443	0.437	0.442	0.436	0.435	0.439	0.441	0.442	0.443	0.446	0.439	0.431	0.438	0.435	0.435	0.432	0.432	0.438	0.436	0.444	0.444	0.445	0.443	0.438	0.437	0.437	0.431	0.436	0.432	0.430	0.429	0.438	0.428	0.442	0.436	0.428	0.427	0.425	0.430	0.424	0.429
24:00:46	34.6	0.420	0.410	0.438	0.429	0.422	0.415	0.424	0.433	0.442	0.426	0.443	0.435	0.433	0.445	0.445	0.438	0.442	0.452	0.454	0.453	0.446	0.447	0.433	0.441	0.433	0.446	0.452	0.456	0.449	0.449	0.440	0.448	0.441	0.431	0.438	0.431	0.433	0.447	0.446	0.442	0.447	0.441	0.431	0.435	0.435	0.433	0.436	0.437	0.443	0.443	0.444	0.452	0.446	0.442	0.438	0.442	0.435	0.440	0.435	0.434	0.437	0.440	0.441	0.441	0.445	0.438	0.430	0.437	0.433	0.435	0.433	0.430	0.437	0.435	0.442	0.443	0.444	0.442	0.435	0.434	0.436	0.430	0.436	0.431	0.427	0.426	0.436	0.428	0.441	0.435	0.426	0.423	0.424	0.429	0.424	0.427

Results
	1	2	3	4	5	6	7	8	9	10	11	12
A	0.800	0.781	0.773	0.769	0.761	0.754	0.750	0.763	0.775	0.761	0.782	0.790	Max V [600]
	0.974	0.970	0.972	0.971	0.971	0.971	0.971	0.972	0.970	0.968	0.967	0.974	R-Squared [600]
	5:00:35	5:00:35	6:00:36	6:00:36	5:00:35	6:00:36	6:00:36	6:00:36	6:00:36	5:00:35	5:00:35	5:00:35	t at Max V [600]
	2:52:41	2:54:37	3:12:13	3:09:33	2:56:25	3:14:43	3:16:12	3:13:12	3:11:48	3:01:20	3:00:54	2:55:33	Lagtime [600]
B	0.781	0.768	0.781	0.772	0.774	0.776	0.762	0.765	0.767	0.774	0.789	0.779	Max V [600]
	0.980	0.987	0.988	0.987	0.985	0.986	0.986	0.984	0.984	0.986	0.987	0.970	R-Squared [600]
	6:00:36	6:00:36	6:00:36	6:00:36	6:00:36	6:00:36	6:00:36	6:00:36	6:00:36	6:00:36	6:00:36	6:00:36	t at Max V [600]
	3:28:41	3:39:26	3:27:53	3:31:15	3:23:35	3:30:04	3:31:44	3:30:09	3:32:22	3:34:57	3:36:12	3:12:08	Lagtime [600]
C	0.788	0.781	0.788	0.777	0.788	0.774	0.762	0.758	0.765	0.756	0.772	0.756	Max V [600]
	0.986	0.986	0.986	0.979	0.987	0.985	0.984	0.986	0.988	0.988	0.988	0.976	R-Squared [600]
	6:00:36	6:00:36	6:00:36	6:00:36	6:00:36	6:00:36	6:00:36	6:00:36	6:00:36	6:00:36	6:00:36	6:00:36	t at Max V [600]
	3:27:11	3:40:03	3:34:29	3:41:13	3:35:26	3:41:22	3:38:11	3:36:55	3:34:14	3:32:19	3:37:11	3:22:50	Lagtime [600]
D	0.776	0.780	0.775	0.759	0.780	0.761	0.737	0.761	0.758	0.759	0.753	0.764	Max V [600]
	0.984	0.987	0.986	0.978	0.987	0.983	0.974	0.983	0.985	0.984	0.984	0.975	R-Squared [600]
	6:00:36	6:00:36	6:00:36	6:00:36	6:00:36	6:00:36	6:00:36	6:00:36	6:00:36	6:00:36	6:00:36	6:00:36	t at Max V [600]
	3:25:53	3:34:43	3:35:24	3:50:49	3:35:19	3:41:28	3:51:11	3:41:43	3:39:18	3:41:08	3:44:29	3:19:14	Lagtime [600]
E	0.788	0.799	0.778	0.799	0.781	0.779	0.756	0.750	0.768	0.778	0.782	0.781	Max V [600]
	0.976	0.987	0.988	0.986	0.988	0.985	0.984	0.985	0.986	0.988	0.988	0.978	R-Squared [600]
	6:00:36	6:00:36	6:00:36	6:00:36	6:00:36	6:00:36	6:00:36	6:00:36	6:00:36	6:00:36	6:00:36	6:00:36	t at Max V [600]
	3:16:42	3:28:59	3:37:03	3:38:14	3:35:55	3:43:14	3:43:40	3:40:50	3:38:02	3:35:00	3:30:58	3:17:51	Lagtime [600]
F	0.789	0.771	0.774	0.776	0.790	0.773	0.747	0.768	0.766	0.765	0.762	0.772	Max V [600]
	0.981	0.986	0.987	0.987	0.987	0.988	0.979	0.989	0.988	0.988	0.988	0.973	R-Squared [600]
	6:00:36	6:00:36	6:00:36	6:00:36	6:00:36	6:00:36	6:00:36	6:00:36	6:00:36	6:00:36	6:00:36	6:00:36	t at Max V [600]
	3:24:04	3:37:25	3:36:56	3:32:27	3:28:47	3:33:24	3:48:12	3:34:55	3:33:58	3:31:53	3:38:31	3:13:22	Lagtime [600]
G	0.798	0.784	0.801	0.786	0.797	0.791	0.781	0.779	0.782	0.771	0.769	0.785	Max V [600]
	0.973	0.982	0.987	0.987	0.984	0.987	0.988	0.988	0.988	0.989	0.988	0.980	R-Squared [600]
	6:00:36	6:00:36	6:00:36	6:00:36	6:00:36	6:00:36	6:00:36	6:00:36	6:00:36	6:00:36	6:00:36	6:00:36	t at Max V [600]
	3:12:52	3:21:30	3:29:50	3:33:32	3:22:10	3:28:27	3:36:20	3:35:21	3:33:15	3:34:32	3:34:51	3:23:21	Lagtime [600]
H	0.783	0.781	0.784	0.786	0.772	0.782	0.776	0.777	0.766	0.765	0.757	0.762	Max V [600]
	0.971	0.979	0.974	0.978	0.971	0.976	0.983	0.980	0.977	0.975	0.974	0.972	R-Squared [600]
	6:00:36	6:00:36	6:00:36	6:00:36	5:00:35	6:00:36	6:00:36	6:00:36	6:00:36	6:00:36	6:00:36	5:00:35	t at Max V [600]
	3:23:08	3:29:22	3:18:59	3:24:51	2:57:13	3:17:24	3:24:22	3:22:11	3:20:44	3:20:30	3:16:52	2:58:17	Lagtime [600]


