Time	A1	A2	A3	A4	A5	A6	A7	A8	A9	A10	A11	A12	B1	B2	B3	B4	B5	B6	B7	B8	B9	B10	B11	B12	C1	C2	C3	C4	C5	C6	C7	C8	C9	C10	C11	C12	D1	D2	D3	D4	D5	D6	D7	D8	D9	D10	D11	D12	E1	E2	E3	E4	E5	E6	E7	E8	E9	E10	E11	E12	F1	F2	F3	F4	F5	F6	F7	F8	F9	F10	F11	F12	G1	G2	G3	G4	G5	G6	G7	G8	G9	G10	G11	G12	H1	H2	H3	H4	H5	H6	H7	H8	H9	H10	H11	H12
0	0.170	0.180	0.174	0.177	0.176	0.170	0.170	0.169	0.168	0.173	0.168	0.175	0.179	0.172	0.170	0.170	0.171	0.164	0.170	0.169	0.166	0.163	0.167	0.168	0.173	0.169	0.180	0.172	0.186	0.173	0.177	0.168	0.168	0.171	0.171	0.167	0.169	0.172	0.176	0.171	0.181	0.170	0.177	0.170	0.170	0.167	0.169	0.166	0.172	0.185	0.172	0.184	0.170	0.170	0.172	0.172	0.174	0.171	0.166	0.167	0.171	0.174	0.180	0.179	0.173	0.189	0.177	0.180	0.165	0.165	0.166	0.216	0.170	0.180	0.171	0.170	0.166	0.171	0.169	0.171	0.166	0.170	0.168	0.174	0.160	0.168	0.175	0.168	0.177	0.172	0.170	0.169	0.169	0.168	0.167	0.173
1	0.171	0.180	0.210	0.177	0.176	0.171	0.170	0.170	0.171	0.174	0.170	0.176	0.179	0.172	0.171	0.203	0.171	0.164	0.170	0.170	0.166	0.165	0.168	0.169	0.173	0.169	0.180	0.171	0.184	0.172	0.177	0.169	0.168	0.171	0.169	0.167	0.170	0.172	0.176	0.171	0.180	0.170	0.176	0.170	0.170	0.167	0.192	0.170	0.173	0.182	0.172	0.183	0.170	0.170	0.176	0.172	0.173	0.171	0.166	0.167	0.172	0.174	0.180	0.179	0.173	0.191	0.177	0.179	0.165	0.165	0.166	0.182	0.170	0.180	0.172	0.170	0.166	0.171	0.170	0.172	0.166	0.170	0.168	0.172	0.161	0.169	0.176	0.168	0.177	0.172	0.166	0.170	0.169	0.168	0.168	0.173
2	0.172	0.181	0.193	0.178	0.177	0.172	0.172	0.171	0.173	0.176	0.172	0.178	0.180	0.173	0.172	0.175	0.173	0.166	0.172	0.172	0.168	0.167	0.170	0.171	0.175	0.193	0.181	0.172	0.184	0.177	0.178	0.170	0.169	0.172	0.170	0.169	0.171	0.172	0.176	0.172	0.180	0.170	0.177	0.171	0.171	0.168	0.174	0.162	0.174	0.180	0.174	0.183	0.171	0.170	0.182	0.172	0.174	0.172	0.167	0.169	0.174	0.174	0.180	0.179	0.174	0.192	0.177	0.179	0.166	0.166	0.167	0.163	0.172	0.181	0.173	0.171	0.168	0.173	0.171	0.172	0.168	0.171	0.169	0.173	0.317	0.171	0.212	0.170	0.178	0.175	0.225	0.172	0.171	0.169	0.169	0.174
3	0.177	0.186	0.202	0.181	0.181	0.177	0.177	0.177	0.177	0.180	0.175	0.184	0.184	0.177	0.176	0.179	0.176	0.170	0.175	0.175	0.171	0.171	0.175	0.175	0.178	0.264	0.184	0.174	0.185	0.193	0.180	0.173	0.172	0.175	0.173	0.173	0.174	0.175	0.180	0.174	0.182	0.173	0.179	0.174	0.174	0.171	0.168	0.163	0.178	0.182	0.177	0.185	0.173	0.172	0.179	0.174	0.176	0.175	0.170	0.172	0.178	0.178	0.183	0.180	0.176	0.194	0.179	0.182	0.170	0.169	0.170	0.165	0.175	0.184	0.176	0.174	0.171	0.176	0.173	0.176	0.171	0.174	0.171	0.175	0.263	0.177	0.202	0.174	0.182	0.180	0.241	0.175	0.174	0.172	0.174	0.179
4	0.190	0.199	0.217	0.190	0.192	0.188	0.188	0.190	0.191	0.193	0.185	0.200	0.194	0.186	0.188	0.187	0.183	0.178	0.185	0.183	0.179	0.180	0.185	0.188	0.187	0.203	0.191	0.180	0.187	0.199	0.186	0.180	0.178	0.182	0.181	0.185	0.182	0.181	0.187	0.179	0.187	0.178	0.183	0.180	0.181	0.178	0.170	0.170	0.187	0.188	0.184	0.189	0.178	0.181	0.184	0.178	0.181	0.181	0.177	0.181	0.187	0.185	0.190	0.185	0.181	0.199	0.184	0.187	0.178	0.173	0.178	0.175	0.185	0.192	0.184	0.179	0.177	0.184	0.179	0.183	0.179	0.180	0.175	0.180	0.273	0.193	0.211	0.184	0.192	0.193	0.242	0.184	0.185	0.181	0.186	0.192
5	0.221	0.253	0.250	0.216	0.219	0.216	0.217	0.219	0.221	0.220	0.207	0.230	0.221	0.212	0.214	0.210	0.204	0.202	0.209	0.208	0.204	0.205	0.212	0.216	0.212	0.221	0.212	0.196	0.199	0.213	0.205	0.200	0.198	0.203	0.202	0.212	0.207	0.201	0.208	0.193	0.200	0.194	0.196	0.201	0.199	0.199	0.184	0.192	0.211	0.206	0.206	0.202	0.192	0.192	0.195	0.188	0.199	0.200	0.199	0.204	0.212	0.207	0.210	0.201	0.197	0.213	0.199	0.203	0.199	0.184	0.201	0.190	0.211	0.215	0.207	0.195	0.196	0.206	0.198	0.202	0.202	0.198	0.184	0.192	0.307	0.229	0.246	0.212	0.221	0.227	0.252	0.209	0.210	0.205	0.215	0.222
6	0.274	0.342	0.301	0.254	0.264	0.261	0.265	0.271	0.271	0.270	0.236	0.291	0.265	0.252	0.257	0.243	0.237	0.237	0.248	0.244	0.241	0.242	0.255	0.267	0.248	0.253	0.245	0.225	0.225	0.243	0.235	0.230	0.228	0.234	0.235	0.258	0.242	0.231	0.241	0.222	0.227	0.224	0.224	0.231	0.230	0.230	0.208	0.225	0.248	0.237	0.240	0.229	0.221	0.220	0.219	0.212	0.228	0.231	0.231	0.243	0.248	0.239	0.243	0.229	0.225	0.241	0.228	0.232	0.232	0.208	0.235	0.220	0.250	0.249	0.240	0.225	0.226	0.238	0.228	0.234	0.238	0.228	0.206	0.215	0.347	0.284	0.298	0.252	0.262	0.275	0.270	0.246	0.252	0.241	0.264	0.275
7	0.334	0.385	0.469	0.322	0.329	0.326	0.327	0.331	0.331	0.329	0.302	0.338	0.328	0.320	0.315	0.313	0.304	0.302	0.310	0.314	0.309	0.309	0.320	0.326	0.315	0.321	0.309	0.279	0.276	0.300	0.296	0.291	0.293	0.298	0.303	0.319	0.311	0.295	0.307	0.270	0.275	0.279	0.275	0.296	0.296	0.293	0.255	0.293	0.314	0.301	0.307	0.278	0.271	0.271	0.266	0.258	0.286	0.294	0.297	0.306	0.314	0.306	0.307	0.285	0.277	0.294	0.281	0.289	0.293	0.240	0.302	0.263	0.318	0.320	0.310	0.282	0.289	0.308	0.291	0.299	0.300	0.291	0.233	0.247	0.406	0.348	0.463	0.322	0.331	0.343	0.333	0.313	0.327	0.308	0.323	0.331
8	0.361	0.421	0.402	0.355	0.362	0.359	0.359	0.361	0.363	0.359	0.344	0.363	0.361	0.356	0.344	0.353	0.344	0.338	0.343	0.352	0.347	0.345	0.353	0.355	0.353	0.364	0.347	0.327	0.326	0.346	0.339	0.328	0.335	0.339	0.342	0.352	0.350	0.340	0.347	0.327	0.328	0.326	0.328	0.335	0.339	0.329	0.309	0.334	0.350	0.342	0.345	0.332	0.326	0.326	0.347	0.313	0.334	0.334	0.335	0.340	0.352	0.349	0.350	0.334	0.330	0.346	0.332	0.345	0.327	0.301	0.341	0.303	0.359	0.361	0.350	0.334	0.331	0.348	0.337	0.343	0.334	0.332	0.293	0.310	0.431	0.379	0.472	0.363	0.372	0.376	0.380	0.351	0.349	0.347	0.354	0.360
9	0.379	0.432	0.408	0.370	0.378	0.375	0.375	0.376	0.378	0.373	0.365	0.376	0.374	0.372	0.357	0.374	0.365	0.356	0.358	0.373	0.365	0.363	0.370	0.371	0.370	0.387	0.367	0.355	0.353	0.374	0.364	0.348	0.358	0.359	0.363	0.365	0.372	0.365	0.369	0.358	0.357	0.352	0.358	0.360	0.363	0.350	0.344	0.356	0.370	0.368	0.367	0.360	0.355	0.355	0.370	0.345	0.360	0.359	0.357	0.358	0.372	0.371	0.376	0.362	0.360	0.375	0.362	0.366	0.343	0.336	0.358	0.329	0.375	0.382	0.373	0.362	0.356	0.373	0.365	0.369	0.349	0.355	0.333	0.348	0.447	0.394	0.468	0.381	0.390	0.393	0.388	0.366	0.363	0.362	0.368	0.374
10	0.387	0.444	0.419	0.382	0.388	0.387	0.387	0.389	0.391	0.385	0.377	0.389	0.387	0.385	0.372	0.388	0.380	0.368	0.369	0.387	0.381	0.379	0.383	0.382	0.380	0.401	0.379	0.367	0.367	0.389	0.377	0.362	0.372	0.370	0.377	0.381	0.384	0.380	0.383	0.372	0.371	0.366	0.372	0.372	0.377	0.362	0.359	0.370	0.382	0.381	0.382	0.374	0.369	0.369	0.384	0.360	0.373	0.371	0.372	0.374	0.382	0.385	0.390	0.376	0.374	0.389	0.376	0.380	0.355	0.357	0.374	0.344	0.390	0.395	0.387	0.378	0.368	0.385	0.379	0.382	0.362	0.368	0.356	0.366	0.465	0.411	0.439	0.396	0.406	0.410	0.400	0.378	0.377	0.375	0.380	0.386
11	0.399	0.454	0.431	0.392	0.402	0.398	0.397	0.400	0.401	0.398	0.390	0.396	0.402	0.398	0.386	0.403	0.394	0.379	0.384	0.400	0.391	0.391	0.394	0.397	0.396	0.416	0.393	0.379	0.380	0.403	0.388	0.372	0.384	0.386	0.391	0.393	0.396	0.393	0.397	0.384	0.383	0.380	0.382	0.384	0.389	0.374	0.372	0.386	0.395	0.395	0.395	0.386	0.380	0.381	0.399	0.369	0.384	0.384	0.385	0.391	0.396	0.396	0.401	0.388	0.388	0.400	0.386	0.389	0.367	0.368	0.387	0.356	0.405	0.410	0.399	0.388	0.379	0.396	0.389	0.393	0.374	0.380	0.368	0.377	0.474	0.423	0.452	0.411	0.420	0.425	0.411	0.391	0.388	0.389	0.391	0.400
12	0.404	0.458	0.435	0.397	0.406	0.403	0.403	0.406	0.407	0.404	0.397	0.402	0.411	0.408	0.391	0.415	0.404	0.387	0.391	0.407	0.398	0.398	0.404	0.405	0.404	0.427	0.405	0.394	0.391	0.416	0.399	0.382	0.394	0.396	0.400	0.400	0.405	0.404	0.408	0.397	0.397	0.392	0.394	0.392	0.401	0.384	0.385	0.395	0.402	0.407	0.406	0.400	0.393	0.392	0.405	0.380	0.395	0.393	0.394	0.397	0.403	0.406	0.412	0.400	0.399	0.413	0.397	0.397	0.376	0.382	0.394	0.363	0.417	0.419	0.409	0.401	0.392	0.406	0.399	0.403	0.381	0.391	0.382	0.390	0.480	0.431	0.461	0.420	0.430	0.432	0.417	0.398	0.396	0.396	0.397	0.404
13	0.410	0.459	0.436	0.401	0.409	0.405	0.406	0.409	0.413	0.407	0.402	0.402	0.416	0.413	0.397	0.420	0.409	0.393	0.397	0.411	0.405	0.404	0.410	0.409	0.411	0.435	0.412	0.403	0.400	0.422	0.403	0.388	0.399	0.402	0.403	0.403	0.411	0.410	0.414	0.404	0.404	0.400	0.401	0.399	0.406	0.390	0.392	0.402	0.408	0.412	0.413	0.407	0.401	0.398	0.413	0.388	0.401	0.401	0.399	0.401	0.408	0.411	0.419	0.406	0.406	0.420	0.402	0.404	0.380	0.390	0.399	0.368	0.420	0.424	0.415	0.406	0.396	0.411	0.406	0.409	0.385	0.399	0.389	0.396	0.485	0.437	0.467	0.427	0.438	0.437	0.420	0.402	0.401	0.401	0.400	0.409
14	0.417	0.460	0.439	0.404	0.413	0.408	0.410	0.409	0.416	0.409	0.403	0.404	0.419	0.416	0.399	0.424	0.411	0.396	0.400	0.412	0.409	0.409	0.412	0.410	0.413	0.439	0.417	0.407	0.405	0.423	0.407	0.390	0.404	0.406	0.406	0.405	0.415	0.413	0.417	0.408	0.409	0.402	0.406	0.403	0.409	0.393	0.397	0.403	0.410	0.416	0.413	0.409	0.405	0.403	0.429	0.394	0.404	0.404	0.401	0.402	0.411	0.417	0.423	0.410	0.409	0.423	0.407	0.409	0.383	0.394	0.400	0.369	0.419	0.427	0.419	0.409	0.400	0.413	0.409	0.412	0.388	0.401	0.395	0.400	0.486	0.440	0.471	0.432	0.441	0.438	0.426	0.405	0.405	0.404	0.402	0.410
15	0.422	0.460	0.440	0.408	0.417	0.411	0.412	0.411	0.417	0.409	0.403	0.404	0.423	0.420	0.399	0.426	0.414	0.399	0.401	0.416	0.411	0.407	0.411	0.409	0.413	0.442	0.419	0.410	0.409	0.426	0.409	0.392	0.406	0.406	0.407	0.406	0.417	0.417	0.421	0.410	0.412	0.404	0.408	0.406	0.410	0.394	0.399	0.403	0.411	0.420	0.415	0.413	0.406	0.404	0.446	0.399	0.406	0.406	0.405	0.403	0.414	0.421	0.425	0.411	0.411	0.426	0.408	0.412	0.384	0.397	0.403	0.369	0.420	0.426	0.419	0.412	0.402	0.416	0.411	0.415	0.389	0.401	0.396	0.404	0.487	0.444	0.473	0.435	0.446	0.439	0.430	0.407	0.407	0.404	0.403	0.410
16	0.424	0.461	0.444	0.410	0.419	0.414	0.414	0.411	0.417	0.409	0.401	0.403	0.425	0.420	0.398	0.430	0.415	0.399	0.401	0.417	0.409	0.408	0.410	0.408	0.413	0.445	0.420	0.410	0.412	0.428	0.412	0.393	0.406	0.407	0.407	0.406	0.419	0.419	0.422	0.412	0.414	0.405	0.411	0.408	0.413	0.395	0.399	0.403	0.413	0.421	0.417	0.416	0.407	0.407	0.424	0.402	0.409	0.408	0.406	0.403	0.416	0.424	0.428	0.412	0.413	0.428	0.410	0.422	0.384	0.399	0.403	0.370	0.417	0.424	0.423	0.413	0.405	0.417	0.411	0.417	0.390	0.403	0.397	0.404	0.487	0.448	0.476	0.436	0.447	0.443	0.442	0.409	0.407	0.405	0.404	0.409
17	0.424	0.464	0.445	0.411	0.421	0.414	0.415	0.412	0.416	0.408	0.400	0.402	0.426	0.421	0.397	0.432	0.415	0.399	0.400	0.419	0.409	0.407	0.411	0.408	0.414	0.446	0.421	0.410	0.413	0.429	0.414	0.390	0.408	0.408	0.408	0.404	0.419	0.419	0.420	0.413	0.416	0.405	0.412	0.408	0.414	0.396	0.398	0.403	0.412	0.420	0.418	0.417	0.409	0.408	0.425	0.404	0.409	0.409	0.406	0.403	0.417	0.425	0.429	0.412	0.414	0.430	0.411	0.411	0.384	0.400	0.404	0.368	0.416	0.424	0.423	0.414	0.406	0.418	0.413	0.418	0.389	0.404	0.397	0.404	0.486	0.446	0.477	0.436	0.445	0.445	0.462	0.409	0.407	0.404	0.405	0.408
18	0.422	0.465	0.446	0.412	0.422	0.416	0.415	0.413	0.413	0.407	0.399	0.400	0.426	0.422	0.395	0.435	0.417	0.399	0.400	0.420	0.406	0.406	0.410	0.407	0.413	0.450	0.422	0.409	0.413	0.429	0.414	0.390	0.408	0.407	0.408	0.403	0.418	0.416	0.420	0.414	0.416	0.406	0.411	0.407	0.415	0.396	0.398	0.401	0.410	0.421	0.418	0.419	0.410	0.408	0.427	0.405	0.410	0.408	0.406	0.400	0.418	0.425	0.430	0.413	0.414	0.429	0.413	0.411	0.385	0.398	0.404	0.368	0.416	0.423	0.424	0.415	0.406	0.419	0.412	0.420	0.389	0.403	0.395	0.403	0.488	0.448	0.478	0.436	0.445	0.445	0.526	0.409	0.407	0.403	0.404	0.408
19	0.421	0.464	0.446	0.411	0.422	0.416	0.415	0.413	0.413	0.407	0.398	0.401	0.424	0.421	0.394	0.436	0.418	0.399	0.399	0.420	0.407	0.405	0.409	0.407	0.413	0.447	0.422	0.409	0.412	0.428	0.414	0.390	0.409	0.406	0.408	0.403	0.417	0.417	0.420	0.414	0.416	0.406	0.410	0.407	0.414	0.396	0.397	0.399	0.410	0.421	0.417	0.418	0.410	0.410	0.428	0.406	0.411	0.409	0.405	0.400	0.416	0.424	0.430	0.414	0.415	0.431	0.411	0.411	0.383	0.398	0.404	0.367	0.414	0.422	0.425	0.417	0.407	0.418	0.412	0.419	0.388	0.403	0.395	0.403	0.487	0.445	0.476	0.434	0.443	0.444	0.548	0.409	0.408	0.403	0.403	0.407
20	0.417	0.463	0.443	0.407	0.420	0.415	0.415	0.413	0.412	0.405	0.399	0.399	0.421	0.421	0.393	0.435	0.420	0.398	0.399	0.421	0.405	0.405	0.409	0.406	0.411	0.446	0.419	0.409	0.413	0.428	0.415	0.389	0.408	0.406	0.407	0.401	0.415	0.416	0.419	0.415	0.416	0.406	0.411	0.407	0.414	0.394	0.396	0.400	0.407	0.421	0.418	0.418	0.411	0.410	0.429	0.407	0.411	0.409	0.405	0.399	0.414	0.424	0.430	0.414	0.416	0.431	0.411	0.411	0.383	0.399	0.403	0.367	0.413	0.421	0.425	0.416	0.407	0.418	0.413	0.419	0.387	0.403	0.393	0.401	0.486	0.444	0.476	0.433	0.442	0.444	0.427	0.407	0.406	0.402	0.402	0.406
21	0.412	0.463	0.442	0.407	0.419	0.414	0.414	0.410	0.410	0.406	0.396	0.398	0.418	0.418	0.388	0.435	0.418	0.396	0.396	0.419	0.404	0.403	0.409	0.404	0.409	0.446	0.418	0.408	0.412	0.427	0.414	0.387	0.408	0.406	0.406	0.401	0.412	0.415	0.420	0.414	0.417	0.405	0.409	0.407	0.413	0.393	0.394	0.398	0.403	0.421	0.419	0.418	0.410	0.410	0.429	0.407	0.410	0.409	0.406	0.399	0.410	0.425	0.429	0.413	0.416	0.432	0.409	0.410	0.383	0.397	0.402	0.366	0.412	0.421	0.425	0.416	0.408	0.417	0.412	0.419	0.384	0.403	0.391	0.400	0.484	0.442	0.474	0.433	0.440	0.443	0.426	0.405	0.405	0.403	0.401	0.406
22	0.409	0.459	0.435	0.401	0.415	0.412	0.410	0.410	0.409	0.404	0.395	0.397	0.412	0.415	0.382	0.434	0.417	0.395	0.393	0.419	0.403	0.402	0.408	0.404	0.408	0.444	0.416	0.407	0.412	0.427	0.414	0.387	0.405	0.404	0.406	0.400	0.410	0.415	0.419	0.415	0.418	0.404	0.410	0.405	0.412	0.392	0.393	0.397	0.400	0.421	0.418	0.418	0.410	0.411	0.429	0.407	0.411	0.408	0.406	0.398	0.405	0.425	0.428	0.415	0.416	0.434	0.409	0.410	0.381	0.396	0.402	0.365	0.410	0.419	0.424	0.415	0.407	0.417	0.410	0.418	0.384	0.402	0.390	0.398	0.482	0.442	0.474	0.431	0.441	0.443	0.425	0.402	0.403	0.401	0.400	0.405
23	0.404	0.458	0.428	0.395	0.415	0.410	0.409	0.410	0.410	0.404	0.396	0.397	0.411	0.413	0.376	0.432	0.416	0.395	0.390	0.419	0.403	0.404	0.407	0.405	0.406	0.445	0.417	0.408	0.412	0.427	0.415	0.385	0.407	0.404	0.405	0.400	0.409	0.415	0.419	0.415	0.418	0.404	0.409	0.406	0.413	0.393	0.394	0.398	0.400	0.420	0.419	0.419	0.410	0.411	0.430	0.408	0.410	0.408	0.404	0.399	0.406	0.423	0.427	0.416	0.417	0.434	0.409	0.410	0.380	0.394	0.402	0.364	0.407	0.418	0.423	0.415	0.407	0.416	0.411	0.419	0.379	0.402	0.388	0.396	0.481	0.442	0.474	0.430	0.441	0.442	0.424	0.397	0.399	0.401	0.400	0.404
