Time	A1	A2	A3	A4	A5	A6	A7	A8	A9	A10	A11	A12	B1	B2	B3	B4	B5	B6	B7	B8	B9	B10	B11	B12	C1	C2	C3	C4	C5	C6	C7	C8	C9	C10	C11	C12	D1	D2	D3	D4	D5	D6	D7	D8	D9	D10	D11	D12	E1	E2	E3	E4	E5	E6	E7	E8	E9	E10	E11	E12	F1	F2	F3	F4	F5	F6	F7	F8	F9	F10	F11	F12	G1	G2	G3	G4	G5	G6	G7	G8	G9	G10	G11	G12	H1	H2	H3	H4	H5	H6	H7	H8	H9	H10	H11	H12
0	0.169	0.189	0.174	0.173	0.212	0.171	0.169	0.190	0.183	0.176	0.173	0.178	0.170	0.171	0.173	0.171	0.170	0.182	0.181	0.174	0.173	0.171	0.173	0.177	0.169	0.172	0.172	0.182	0.174	0.182	0.179	0.180	0.177	0.171	0.174	0.172	0.168	0.183	0.176	0.176	0.173	0.173	0.173	0.172	0.175	0.172	0.177	0.173	0.174	0.169	0.175	0.171	0.175	0.171	0.169	0.174	0.179	0.172	0.171	0.172	0.172	0.173	0.173	0.174	0.176	0.174	0.171	0.170	0.172	0.170	0.174	0.175	0.180	0.178	0.170	0.180	0.173	0.177	0.173	0.173	0.176	0.172	0.178	0.175	0.176	0.171	0.182	0.177	0.192	0.174	0.173	0.173	0.171	0.171	0.173	0.174
1	0.170	0.190	0.175	0.174	0.212	0.172	0.171	0.189	0.182	0.177	0.173	0.178	0.171	0.171	0.174	0.172	0.172	0.181	0.182	0.175	0.175	0.172	0.173	0.178	0.170	0.173	0.173	0.182	0.175	0.183	0.179	0.179	0.178	0.172	0.175	0.173	0.168	0.183	0.178	0.176	0.174	0.174	0.173	0.172	0.176	0.172	0.177	0.174	0.176	0.170	0.175	0.171	0.176	0.171	0.170	0.175	0.180	0.173	0.171	0.173	0.172	0.174	0.174	0.175	0.176	0.175	0.172	0.171	0.173	0.171	0.175	0.177	0.181	0.179	0.171	0.181	0.174	0.177	0.174	0.175	0.178	0.173	0.179	0.176	0.177	0.172	0.182	0.177	0.191	0.174	0.174	0.173	0.171	0.171	0.173	0.175
2	0.171	0.191	0.176	0.175	0.212	0.172	0.172	0.190	0.182	0.178	0.175	0.180	0.172	0.172	0.174	0.173	0.172	0.181	0.183	0.176	0.175	0.173	0.175	0.180	0.171	0.174	0.174	0.183	0.176	0.184	0.180	0.180	0.179	0.172	0.176	0.174	0.169	0.184	0.179	0.177	0.175	0.175	0.174	0.173	0.176	0.173	0.178	0.176	0.176	0.171	0.175	0.172	0.177	0.172	0.171	0.175	0.181	0.173	0.186	0.175	0.174	0.175	0.174	0.176	0.178	0.176	0.173	0.172	0.173	0.171	0.176	0.178	0.182	0.179	0.172	0.181	0.175	0.176	0.175	0.175	0.178	0.173	0.180	0.177	0.178	0.174	0.183	0.177	0.192	0.175	0.175	0.173	0.172	0.172	0.175	0.176
3	0.175	0.194	0.178	0.178	0.215	0.175	0.174	0.192	0.184	0.180	0.178	0.183	0.175	0.176	0.177	0.175	0.174	0.182	0.185	0.178	0.177	0.176	0.178	0.183	0.174	0.176	0.176	0.185	0.178	0.185	0.182	0.181	0.181	0.174	0.178	0.177	0.172	0.186	0.181	0.179	0.177	0.177	0.176	0.175	0.178	0.175	0.181	0.179	0.179	0.173	0.178	0.174	0.178	0.173	0.172	0.177	0.183	0.175	0.186	0.177	0.176	0.177	0.177	0.177	0.179	0.177	0.175	0.174	0.176	0.173	0.178	0.181	0.184	0.180	0.175	0.183	0.177	0.179	0.177	0.177	0.180	0.175	0.182	0.180	0.182	0.177	0.185	0.179	0.194	0.178	0.177	0.176	0.175	0.175	0.178	0.180
4	0.185	0.202	0.186	0.186	0.221	0.183	0.182	0.199	0.192	0.189	0.186	0.194	0.183	0.182	0.183	0.181	0.179	0.187	0.190	0.184	0.183	0.182	0.186	0.193	0.182	0.182	0.182	0.191	0.183	0.189	0.186	0.185	0.186	0.180	0.185	0.186	0.179	0.191	0.186	0.183	0.182	0.182	0.179	0.180	0.183	0.180	0.187	0.188	0.185	0.178	0.182	0.177	0.183	0.177	0.177	0.180	0.186	0.179	0.180	0.184	0.183	0.183	0.182	0.182	0.184	0.182	0.179	0.179	0.180	0.178	0.185	0.190	0.192	0.187	0.180	0.187	0.182	0.184	0.182	0.182	0.185	0.181	0.189	0.188	0.190	0.187	0.194	0.185	0.201	0.185	0.183	0.182	0.183	0.184	0.188	0.191
5	0.213	0.223	0.209	0.207	0.239	0.203	0.204	0.218	0.213	0.213	0.210	0.225	0.206	0.200	0.198	0.195	0.192	0.200	0.205	0.199	0.199	0.199	0.208	0.221	0.203	0.199	0.197	0.203	0.195	0.202	0.197	0.198	0.200	0.193	0.203	0.210	0.198	0.205	0.200	0.195	0.191	0.194	0.190	0.191	0.195	0.193	0.205	0.211	0.202	0.193	0.196	0.188	0.192	0.188	0.186	0.190	0.198	0.192	0.196	0.204	0.201	0.200	0.197	0.195	0.195	0.195	0.192	0.192	0.193	0.191	0.203	0.214	0.210	0.205	0.196	0.200	0.195	0.207	0.197	0.197	0.201	0.197	0.207	0.210	0.215	0.211	0.216	0.203	0.220	0.208	0.201	0.202	0.205	0.209	0.214	0.221
6	0.253	0.258	0.243	0.239	0.270	0.236	0.239	0.252	0.246	0.248	0.245	0.267	0.241	0.233	0.231	0.228	0.225	0.232	0.235	0.232	0.233	0.231	0.242	0.259	0.236	0.233	0.231	0.237	0.226	0.233	0.228	0.229	0.232	0.225	0.236	0.245	0.230	0.238	0.234	0.224	0.219	0.224	0.219	0.221	0.226	0.225	0.237	0.248	0.235	0.225	0.228	0.215	0.220	0.215	0.213	0.215	0.227	0.223	0.238	0.236	0.232	0.233	0.230	0.226	0.227	0.226	0.223	0.225	0.225	0.222	0.236	0.250	0.241	0.236	0.231	0.230	0.227	0.232	0.229	0.229	0.234	0.229	0.237	0.242	0.249	0.247	0.250	0.234	0.251	0.241	0.233	0.234	0.239	0.245	0.253	0.264
7	0.330	0.326	0.314	0.307	0.335	0.303	0.309	0.314	0.315	0.318	0.313	0.338	0.313	0.295	0.286	0.279	0.272	0.280	0.286	0.285	0.287	0.291	0.313	0.332	0.305	0.290	0.281	0.282	0.270	0.277	0.269	0.274	0.281	0.272	0.297	0.317	0.293	0.287	0.280	0.262	0.255	0.265	0.258	0.260	0.268	0.271	0.297	0.319	0.294	0.273	0.273	0.252	0.257	0.251	0.255	0.253	0.266	0.268	0.289	0.302	0.294	0.290	0.279	0.269	0.268	0.269	0.266	0.271	0.274	0.267	0.297	0.323	0.307	0.296	0.287	0.276	0.274	0.282	0.280	0.279	0.286	0.282	0.296	0.309	0.323	0.321	0.319	0.294	0.314	0.311	0.294	0.298	0.309	0.314	0.324	0.333
8	0.373	0.376	0.365	0.362	0.385	0.352	0.361	0.363	0.359	0.361	0.358	0.377	0.363	0.354	0.349	0.343	0.337	0.343	0.348	0.344	0.346	0.349	0.360	0.373	0.357	0.351	0.346	0.348	0.338	0.342	0.336	0.339	0.343	0.336	0.352	0.360	0.351	0.350	0.347	0.331	0.324	0.334	0.327	0.329	0.335	0.337	0.354	0.364	0.352	0.338	0.339	0.321	0.325	0.320	0.315	0.319	0.334	0.334	0.350	0.353	0.349	0.351	0.344	0.336	0.337	0.338	0.333	0.336	0.338	0.331	0.354	0.365	0.362	0.355	0.348	0.340	0.338	0.347	0.342	0.342	0.348	0.342	0.353	0.357	0.372	0.367	0.372	0.349	0.371	0.363	0.352	0.352	0.355	0.358	0.365	0.372
9	0.391	0.399	0.386	0.386	0.409	0.379	0.385	0.388	0.387	0.383	0.378	0.395	0.387	0.383	0.381	0.378	0.370	0.377	0.379	0.375	0.377	0.378	0.384	0.393	0.385	0.382	0.379	0.385	0.377	0.380	0.372	0.372	0.378	0.371	0.381	0.381	0.381	0.381	0.384	0.372	0.368	0.374	0.365	0.369	0.373	0.373	0.381	0.386	0.381	0.372	0.374	0.362	0.368	0.361	0.352	0.357	0.373	0.372	0.378	0.378	0.379	0.385	0.378	0.370	0.373	0.375	0.371	0.372	0.372	0.366	0.382	0.386	0.392	0.389	0.382	0.375	0.374	0.382	0.376	0.377	0.380	0.373	0.380	0.382	0.393	0.391	0.393	0.380	0.399	0.386	0.380	0.377	0.379	0.378	0.386	0.390
10	0.408	0.415	0.399	0.401	0.425	0.397	0.403	0.405	0.403	0.402	0.394	0.414	0.404	0.401	0.398	0.395	0.388	0.393	0.395	0.392	0.394	0.393	0.400	0.408	0.401	0.398	0.396	0.402	0.393	0.397	0.389	0.391	0.395	0.388	0.398	0.396	0.396	0.398	0.400	0.390	0.388	0.391	0.384	0.386	0.390	0.389	0.398	0.401	0.398	0.388	0.391	0.383	0.385	0.380	0.369	0.376	0.391	0.389	0.396	0.393	0.397	0.402	0.394	0.389	0.392	0.394	0.387	0.389	0.387	0.382	0.397	0.402	0.410	0.407	0.397	0.393	0.391	0.398	0.391	0.392	0.394	0.389	0.396	0.399	0.413	0.406	0.410	0.397	0.415	0.404	0.397	0.395	0.396	0.394	0.402	0.406
11	0.426	0.433	0.414	0.417	0.443	0.412	0.418	0.419	0.418	0.415	0.410	0.425	0.421	0.416	0.414	0.409	0.403	0.410	0.411	0.407	0.409	0.407	0.415	0.421	0.417	0.412	0.411	0.418	0.408	0.411	0.404	0.404	0.410	0.402	0.412	0.411	0.415	0.413	0.417	0.406	0.403	0.409	0.398	0.402	0.405	0.405	0.414	0.418	0.415	0.403	0.408	0.398	0.401	0.396	0.385	0.395	0.408	0.404	0.410	0.410	0.411	0.417	0.411	0.405	0.407	0.411	0.403	0.405	0.405	0.398	0.412	0.416	0.427	0.424	0.414	0.409	0.408	0.415	0.408	0.418	0.411	0.406	0.413	0.414	0.430	0.421	0.426	0.413	0.432	0.418	0.413	0.410	0.411	0.411	0.417	0.417
12	0.433	0.442	0.422	0.426	0.454	0.423	0.427	0.429	0.427	0.424	0.417	0.434	0.431	0.430	0.428	0.424	0.419	0.423	0.426	0.422	0.421	0.419	0.425	0.429	0.429	0.425	0.425	0.433	0.424	0.426	0.421	0.420	0.424	0.416	0.423	0.420	0.427	0.427	0.433	0.421	0.418	0.424	0.416	0.418	0.421	0.419	0.425	0.428	0.432	0.420	0.423	0.415	0.418	0.412	0.399	0.409	0.423	0.420	0.422	0.417	0.426	0.430	0.428	0.422	0.423	0.425	0.418	0.419	0.418	0.410	0.424	0.425	0.441	0.438	0.427	0.425	0.424	0.428	0.422	0.431	0.423	0.419	0.424	0.422	0.438	0.433	0.438	0.423	0.443	0.431	0.423	0.421	0.422	0.417	0.425	0.426
13	0.442	0.451	0.429	0.435	0.462	0.430	0.435	0.436	0.434	0.428	0.424	0.437	0.439	0.438	0.438	0.434	0.429	0.434	0.435	0.430	0.427	0.426	0.430	0.433	0.436	0.433	0.433	0.441	0.432	0.434	0.428	0.428	0.432	0.425	0.430	0.426	0.435	0.436	0.442	0.432	0.430	0.434	0.425	0.428	0.431	0.429	0.433	0.435	0.439	0.429	0.432	0.426	0.427	0.420	0.407	0.420	0.433	0.429	0.431	0.427	0.432	0.438	0.437	0.429	0.433	0.433	0.428	0.429	0.427	0.421	0.432	0.432	0.449	0.445	0.436	0.433	0.432	0.437	0.430	0.440	0.433	0.428	0.431	0.429	0.449	0.441	0.446	0.430	0.451	0.437	0.430	0.427	0.428	0.424	0.431	0.430
14	0.448	0.456	0.436	0.440	0.466	0.432	0.438	0.442	0.441	0.430	0.429	0.439	0.442	0.444	0.444	0.440	0.435	0.436	0.441	0.436	0.433	0.433	0.434	0.439	0.441	0.438	0.440	0.448	0.441	0.441	0.435	0.433	0.439	0.430	0.436	0.429	0.440	0.443	0.448	0.440	0.437	0.440	0.431	0.434	0.437	0.435	0.438	0.437	0.445	0.436	0.440	0.433	0.433	0.426	0.413	0.427	0.438	0.435	0.436	0.430	0.437	0.443	0.442	0.435	0.437	0.438	0.434	0.435	0.431	0.426	0.437	0.435	0.456	0.451	0.441	0.436	0.437	0.441	0.436	0.445	0.439	0.433	0.434	0.432	0.449	0.446	0.453	0.434	0.455	0.443	0.435	0.429	0.430	0.426	0.433	0.434
15	0.448	0.459	0.440	0.444	0.468	0.434	0.440	0.445	0.443	0.431	0.429	0.440	0.444	0.451	0.449	0.446	0.443	0.444	0.446	0.440	0.437	0.436	0.436	0.442	0.445	0.443	0.445	0.453	0.446	0.446	0.441	0.438	0.442	0.436	0.439	0.432	0.443	0.449	0.452	0.446	0.442	0.445	0.437	0.439	0.441	0.439	0.442	0.439	0.449	0.443	0.444	0.440	0.439	0.432	0.418	0.433	0.443	0.439	0.441	0.433	0.442	0.446	0.447	0.440	0.442	0.443	0.439	0.439	0.435	0.431	0.442	0.438	0.459	0.455	0.443	0.441	0.442	0.445	0.440	0.448	0.443	0.435	0.438	0.434	0.453	0.448	0.457	0.438	0.457	0.449	0.438	0.432	0.433	0.428	0.435	0.436
16	0.449	0.459	0.442	0.445	0.469	0.435	0.436	0.444	0.443	0.427	0.439	0.440	0.442	0.452	0.452	0.446	0.445	0.444	0.447	0.441	0.437	0.438	0.435	0.443	0.445	0.446	0.446	0.453	0.448	0.449	0.444	0.439	0.443	0.437	0.440	0.434	0.444	0.451	0.455	0.448	0.444	0.448	0.439	0.441	0.443	0.442	0.442	0.440	0.448	0.444	0.445	0.441	0.440	0.433	0.421	0.437	0.444	0.442	0.442	0.435	0.444	0.446	0.449	0.444	0.444	0.443	0.442	0.441	0.437	0.433	0.443	0.440	0.455	0.458	0.445	0.444	0.443	0.447	0.442	0.450	0.445	0.437	0.439	0.435	0.456	0.450	0.458	0.438	0.458	0.446	0.440	0.432	0.435	0.428	0.436	0.437
17	0.446	0.461	0.445	0.448	0.469	0.435	0.438	0.447	0.446	0.427	0.438	0.439	0.444	0.455	0.453	0.449	0.447	0.448	0.448	0.445	0.441	0.438	0.437	0.443	0.446	0.450	0.449	0.457	0.450	0.451	0.448	0.444	0.445	0.442	0.441	0.435	0.445	0.455	0.456	0.451	0.448	0.450	0.441	0.443	0.445	0.442	0.445	0.442	0.448	0.446	0.448	0.443	0.441	0.437	0.422	0.438	0.445	0.444	0.444	0.436	0.445	0.447	0.452	0.446	0.448	0.445	0.445	0.442	0.438	0.435	0.444	0.440	0.452	0.458	0.448	0.448	0.445	0.449	0.443	0.451	0.446	0.437	0.441	0.436	0.457	0.452	0.458	0.440	0.458	0.450	0.442	0.436	0.436	0.429	0.436	0.438
18	0.443	0.460	0.447	0.447	0.466	0.435	0.435	0.445	0.444	0.427	0.439	0.440	0.442	0.453	0.451	0.449	0.449	0.446	0.448	0.442	0.440	0.435	0.436	0.444	0.446	0.449	0.450	0.456	0.449	0.452	0.447	0.441	0.445	0.440	0.440	0.438	0.446	0.455	0.457	0.450	0.447	0.449	0.440	0.444	0.445	0.443	0.443	0.441	0.447	0.447	0.451	0.446	0.440	0.437	0.423	0.439	0.445	0.444	0.443	0.437	0.444	0.447	0.450	0.447	0.447	0.445	0.445	0.443	0.436	0.435	0.443	0.441	0.450	0.457	0.449	0.447	0.444	0.447	0.444	0.451	0.446	0.438	0.441	0.435	0.453	0.453	0.458	0.439	0.457	0.449	0.442	0.433	0.435	0.429	0.434	0.438
19	0.445	0.458	0.448	0.447	0.466	0.434	0.434	0.447	0.444	0.425	0.437	0.438	0.442	0.451	0.450	0.449	0.451	0.447	0.448	0.444	0.440	0.435	0.436	0.447	0.446	0.450	0.450	0.456	0.451	0.452	0.448	0.441	0.446	0.442	0.441	0.438	0.445	0.455	0.458	0.452	0.448	0.449	0.442	0.444	0.445	0.444	0.445	0.443	0.447	0.446	0.450	0.446	0.442	0.437	0.423	0.441	0.445	0.443	0.445	0.436	0.444	0.447	0.450	0.447	0.448	0.446	0.445	0.442	0.437	0.437	0.443	0.440	0.449	0.458	0.449	0.448	0.444	0.450	0.444	0.450	0.447	0.437	0.441	0.435	0.448	0.452	0.458	0.438	0.458	0.448	0.441	0.433	0.434	0.427	0.433	0.438
20	0.446	0.455	0.450	0.448	0.466	0.436	0.432	0.448	0.448	0.426	0.439	0.441	0.440	0.449	0.449	0.449	0.453	0.447	0.448	0.446	0.440	0.437	0.435	0.447	0.448	0.449	0.449	0.455	0.451	0.453	0.444	0.441	0.446	0.442	0.441	0.443	0.444	0.454	0.456	0.450	0.446	0.448	0.441	0.443	0.445	0.443	0.444	0.444	0.447	0.445	0.448	0.444	0.440	0.435	0.423	0.439	0.446	0.445	0.445	0.434	0.444	0.448	0.450	0.447	0.447	0.445	0.446	0.442	0.437	0.436	0.444	0.441	0.448	0.456	0.448	0.446	0.443	0.446	0.444	0.450	0.446	0.437	0.440	0.438	0.448	0.451	0.457	0.438	0.458	0.449	0.441	0.432	0.435	0.428	0.434	0.439
21	0.443	0.458	0.448	0.447	0.465	0.435	0.429	0.447	0.451	0.426	0.437	0.443	0.441	0.446	0.448	0.447	0.450	0.446	0.446	0.445	0.440	0.436	0.437	0.449	0.447	0.448	0.448	0.454	0.449	0.451	0.444	0.441	0.445	0.441	0.440	0.440	0.443	0.453	0.457	0.448	0.445	0.448	0.440	0.442	0.444	0.441	0.443	0.443	0.447	0.445	0.449	0.442	0.439	0.436	0.423	0.439	0.444	0.443	0.445	0.435	0.443	0.446	0.449	0.446	0.446	0.444	0.445	0.441	0.436	0.435	0.443	0.440	0.448	0.453	0.448	0.444	0.441	0.445	0.443	0.448	0.445	0.437	0.438	0.437	0.444	0.451	0.458	0.439	0.456	0.447	0.441	0.433	0.433	0.428	0.434	0.438
22	0.442	0.449	0.448	0.445	0.465	0.436	0.428	0.454	0.443	0.426	0.436	0.446	0.441	0.445	0.449	0.448	0.452	0.447	0.449	0.448	0.441	0.439	0.437	0.450	0.448	0.449	0.448	0.455	0.450	0.450	0.446	0.441	0.446	0.442	0.440	0.445	0.446	0.454	0.457	0.449	0.445	0.447	0.439	0.443	0.444	0.443	0.443	0.446	0.447	0.446	0.450	0.443	0.440	0.436	0.423	0.440	0.446	0.444	0.445	0.434	0.444	0.447	0.450	0.446	0.447	0.444	0.446	0.441	0.436	0.436	0.443	0.440	0.449	0.452	0.448	0.446	0.444	0.446	0.444	0.448	0.445	0.438	0.439	0.439	0.442	0.452	0.457	0.439	0.457	0.447	0.442	0.433	0.431	0.427	0.436	0.439
23	0.442	0.447	0.450	0.445	0.467	0.438	0.430	0.456	0.440	0.425	0.433	0.444	0.440	0.445	0.451	0.449	0.453	0.450	0.447	0.450	0.443	0.439	0.437	0.452	0.451	0.449	0.448	0.456	0.450	0.450	0.445	0.442	0.445	0.443	0.440	0.448	0.446	0.455	0.458	0.449	0.445	0.447	0.441	0.444	0.444	0.443	0.443	0.445	0.450	0.445	0.448	0.444	0.439	0.436	0.423	0.439	0.444	0.443	0.445	0.433	0.445	0.447	0.453	0.446	0.448	0.444	0.445	0.440	0.435	0.434	0.442	0.440	0.450	0.451	0.449	0.447	0.443	0.445	0.442	0.447	0.445	0.438	0.438	0.436	0.445	0.451	0.457	0.439	0.457	0.446	0.439	0.431	0.430	0.424	0.434	0.437
