
Software Version	3.11.19



Experiment File Path:	C:\Users\patil-group\Desktop\Sweeteners_stacker\281121_NT5025_77_81_Rep4\NT5025_77_81_Rep4.xpt
Protocol File Path:	C:\Users\Public\Documents\Protocols\Screening-protocol.prt



Plate Number	Plate 12
Date	28/11/2021
Time	13:03:23
Reader Type:	Epoch 2
Reader Serial Number:	2103223
Reading Type	Reader

Procedure Details

Plate Type	96 WELL PLATE
Discontinuous Kinetics	Runtime 1:00:00 (D:HH:MM), Interval 0:01:00, 25 Reads
	Pause after each run
Eject plate on completion	
Shake	Linear: 0:00:30 (HH:MM:SS)
	Frequency: 567 cpm (3 mm)
Read	Absorbance Endpoint
	Full Plate
	Wavelengths:  600
	Read Speed: Normal,  Delay: 100 msec,  Measurements/Data Point: 8

600

Time	T° 600	A1	A2	A3	A4	A5	A6	A7	A8	A9	A10	A11	A12	B1	B2	B3	B4	B5	B6	B7	B8	B9	B10	B11	B12	C1	C2	C3	C4	C5	C6	C7	C8	C9	C10	C11	C12	D1	D2	D3	D4	D5	D6	D7	D8	D9	D10	D11	D12	E1	E2	E3	E4	E5	E6	E7	E8	E9	E10	E11	E12	F1	F2	F3	F4	F5	F6	F7	F8	F9	F10	F11	F12	G1	G2	G3	G4	G5	G6	G7	G8	G9	G10	G11	G12	H1	H2	H3	H4	H5	H6	H7	H8	H9	H10	H11	H12
0:00:34	34.4	0.201	0.206	0.222	0.207	0.202	0.202	0.205	0.197	0.203	0.215	0.211	0.213	0.209	0.201	0.196	0.207	0.192	0.199	0.202	0.199	0.201	0.199	0.201	0.203	0.201	0.205	0.197	0.200	0.200	0.202	0.201	0.200	0.195	0.190	0.199	0.205	0.227	0.217	0.219	0.216	0.197	0.204	0.201	0.201	0.213	0.215	0.218	0.216	0.199	0.207	0.197	0.199	0.195	0.196	0.195	0.196	0.197	0.205	0.197	0.206	0.208	0.208	0.212	0.212	0.198	0.199	0.195	0.196	0.201	0.198	0.195	0.204	0.217	0.210	0.199	0.212	0.204	0.203	0.209	0.209	0.204	0.206	0.203	0.210	0.206	0.208	0.196	0.199	0.206	0.205	0.204	0.204	0.201	0.201	0.214	0.208
1:00:33	34.5	0.339	0.358	0.327	0.344	0.340	0.317	0.315	0.292	0.310	0.329	0.342	0.340	0.323	0.311	0.297	0.311	0.287	0.291	0.285	0.283	0.290	0.288	0.302	0.314	0.314	0.318	0.287	0.293	0.291	0.281	0.273	0.276	0.270	0.270	0.284	0.306	0.323	0.314	0.309	0.306	0.296	0.295	0.282	0.281	0.286	0.290	0.300	0.309	0.294	0.303	0.289	0.295	0.286	0.283	0.275	0.270	0.270	0.283	0.283	0.301	0.291	0.294	0.299	0.312	0.285	0.292	0.275	0.276	0.272	0.276	0.274	0.302	0.505	0.323	0.312	0.322	0.323	0.303	0.305	0.312	0.319	0.301	0.299	0.327	0.328	0.322	0.315	0.436	0.324	0.341	0.312	0.315	0.305	0.311	0.313	0.330
2:00:34	34.5	0.474	0.512	0.510	0.520	0.499	0.475	0.478	0.450	0.454	0.488	0.483	0.472	0.481	0.486	0.483	0.500	0.499	0.483	0.460	0.454	0.447	0.445	0.458	0.465	0.481	0.504	0.481	0.514	0.496	0.495	0.456	0.449	0.434	0.431	0.443	0.458	0.485	0.491	0.501	0.497	0.537	0.516	0.492	0.470	0.439	0.433	0.450	0.460	0.480	0.502	0.489	0.491	0.475	0.479	0.487	0.458	0.439	0.455	0.457	0.453	0.451	0.465	0.468	0.545	0.485	0.491	0.442	0.445	0.437	0.436	0.444	0.454	0.535	0.496	0.509	0.517	0.530	0.512	0.495	0.482	0.486	0.465	0.455	0.460	0.506	0.494	0.512	0.535	0.639	0.520	0.497	0.532	0.490	0.470	0.444	0.465
3:00:34	34.5	0.546	0.558	0.557	0.571	0.562	0.538	0.544	0.514	0.520	0.564	0.554	0.546	0.543	0.544	0.539	0.556	0.558	0.553	0.522	0.515	0.514	0.511	0.526	0.535	0.534	0.559	0.543	0.578	0.566	0.562	0.520	0.515	0.500	0.496	0.512	0.524	0.541	0.557	0.575	0.569	0.601	0.604	0.583	0.540	0.519	0.508	0.515	0.521	0.536	0.559	0.552	0.551	0.537	0.547	0.581	0.536	0.508	0.520	0.520	0.515	0.508	0.527	0.539	0.619	0.547	0.564	0.507	0.508	0.498	0.497	0.505	0.517	0.612	0.559	0.569	0.578	0.600	0.573	0.549	0.534	0.547	0.523	0.522	0.527	0.570	0.550	0.591	0.613	0.611	0.573	0.556	0.629	0.540	0.532	0.516	0.536
4:00:35	34.4	0.623	0.637	0.668	0.639	0.639	0.621	0.627	0.593	0.602	0.641	0.626	0.617	0.619	0.620	0.609	0.630	0.626	0.638	0.598	0.592	0.590	0.584	0.605	0.614	0.614	0.629	0.607	0.634	0.629	0.625	0.590	0.587	0.572	0.570	0.591	0.603	0.585	0.600	0.617	0.614	0.657	0.671	0.661	0.615	0.564	0.557	0.562	0.572	0.602	0.619	0.606	0.614	0.609	0.612	0.641	0.605	0.578	0.591	0.593	0.594	0.554	0.566	0.575	0.648	0.636	0.628	0.571	0.571	0.558	0.567	0.582	0.595	0.695	0.662	0.650	0.661	0.664	0.641	0.611	0.602	0.620	0.600	0.603	0.598	0.644	0.625	0.668	0.681	0.672	0.650	0.627	0.680	0.614	0.611	0.596	0.611
5:00:35	34.4	0.633	0.651	0.691	0.658	0.664	0.647	0.649	0.616	0.624	0.658	0.642	0.636	0.642	0.653	0.650	0.674	0.664	0.685	0.643	0.636	0.630	0.623	0.636	0.637	0.643	0.670	0.656	0.673	0.672	0.675	0.649	0.642	0.622	0.617	0.632	0.630	0.628	0.646	0.662	0.659	0.699	0.722	0.724	0.672	0.611	0.602	0.604	0.616	0.638	0.666	0.657	0.669	0.661	0.667	0.686	0.660	0.634	0.642	0.634	0.620	0.596	0.609	0.618	0.679	0.700	0.686	0.636	0.627	0.612	0.613	0.623	0.622	0.713	0.689	0.681	0.700	0.705	0.694	0.657	0.645	0.663	0.639	0.632	0.619	0.655	0.648	0.688	0.693	0.706	0.677	0.658	0.705	0.645	0.637	0.619	0.630
6:00:36	34.4	0.651	0.663	0.661	0.673	0.674	0.661	0.663	0.630	0.640	0.672	0.658	0.651	0.655	0.666	0.659	0.689	0.674	0.693	0.658	0.651	0.644	0.638	0.650	0.651	0.653	0.685	0.670	0.681	0.683	0.687	0.665	0.657	0.639	0.632	0.648	0.645	0.663	0.686	0.710	0.704	0.708	0.729	0.735	0.684	0.651	0.641	0.641	0.649	0.658	0.680	0.680	0.686	0.674	0.684	0.690	0.671	0.650	0.658	0.649	0.634	0.631	0.647	0.658	0.691	0.693	0.692	0.660	0.645	0.631	0.627	0.639	0.637	0.714	0.697	0.692	0.701	0.709	0.705	0.672	0.658	0.679	0.654	0.647	0.635	0.665	0.660	0.697	0.697	0.717	0.687	0.668	0.714	0.660	0.653	0.637	0.646
7:00:37	34.4	0.664	0.677	0.674	0.688	0.686	0.674	0.675	0.644	0.655	0.687	0.672	0.665	0.668	0.678	0.674	0.702	0.685	0.700	0.671	0.665	0.657	0.651	0.664	0.663	0.664	0.694	0.681	0.690	0.691	0.698	0.678	0.670	0.654	0.648	0.662	0.660	0.680	0.710	0.736	0.733	0.715	0.738	0.744	0.698	0.677	0.663	0.660	0.666	0.672	0.690	0.692	0.695	0.686	0.699	0.698	0.680	0.664	0.673	0.663	0.648	0.650	0.666	0.680	0.703	0.706	0.700	0.675	0.660	0.644	0.643	0.655	0.652	0.720	0.704	0.702	0.706	0.715	0.710	0.685	0.670	0.693	0.668	0.661	0.651	0.676	0.672	0.707	0.705	0.728	0.695	0.679	0.726	0.674	0.669	0.653	0.660
8:00:37	34.4	0.671	0.685	0.681	0.697	0.695	0.683	0.683	0.653	0.664	0.694	0.679	0.674	0.676	0.688	0.684	0.714	0.695	0.707	0.682	0.677	0.668	0.659	0.673	0.672	0.673	0.705	0.693	0.701	0.702	0.707	0.690	0.681	0.666	0.660	0.674	0.670	0.689	0.722	0.747	0.746	0.728	0.748	0.753	0.708	0.690	0.675	0.672	0.677	0.678	0.703	0.703	0.706	0.697	0.711	0.707	0.689	0.677	0.685	0.673	0.657	0.658	0.679	0.691	0.711	0.720	0.712	0.673	0.671	0.657	0.654	0.668	0.661	0.729	0.710	0.710	0.713	0.721	0.715	0.694	0.681	0.705	0.679	0.671	0.659	0.683	0.681	0.714	0.709	0.737	0.704	0.689	0.735	0.685	0.678	0.663	0.667
9:00:38	34.4	0.678	0.691	0.688	0.702	0.703	0.688	0.688	0.661	0.671	0.701	0.687	0.681	0.681	0.692	0.692	0.719	0.701	0.711	0.688	0.682	0.678	0.669	0.683	0.681	0.679	0.711	0.700	0.708	0.710	0.715	0.697	0.688	0.672	0.667	0.679	0.677	0.695	0.728	0.754	0.751	0.732	0.752	0.759	0.716	0.698	0.683	0.680	0.683	0.687	0.710	0.709	0.712	0.705	0.716	0.712	0.696	0.681	0.690	0.678	0.664	0.664	0.684	0.697	0.719	0.725	0.716	0.671	0.677	0.667	0.661	0.675	0.666	0.732	0.714	0.715	0.719	0.727	0.722	0.701	0.688	0.711	0.684	0.677	0.667	0.686	0.683	0.718	0.713	0.741	0.709	0.694	0.740	0.692	0.686	0.669	0.675
10:00:38	34.3	0.680	0.696	0.694	0.705	0.706	0.692	0.691	0.667	0.677	0.704	0.692	0.687	0.688	0.698	0.699	0.726	0.707	0.715	0.694	0.689	0.684	0.679	0.690	0.689	0.687	0.717	0.708	0.713	0.716	0.721	0.702	0.694	0.679	0.673	0.687	0.684	0.700	0.729	0.759	0.757	0.734	0.756	0.764	0.721	0.705	0.689	0.686	0.689	0.698	0.719	0.715	0.720	0.710	0.722	0.716	0.702	0.687	0.696	0.685	0.672	0.669	0.689	0.701	0.724	0.727	0.722	0.678	0.688	0.677	0.667	0.684	0.674	0.739	0.718	0.719	0.725	0.731	0.728	0.708	0.694	0.717	0.691	0.685	0.674	0.690	0.690	0.726	0.718	0.744	0.712	0.700	0.746	0.700	0.695	0.677	0.684
20:00:34	33.7	0.784	0.813	0.797	0.834	0.866	0.825	0.810	0.785	0.787	0.817	0.794	0.787	0.813	0.820	0.871	0.917	0.944	0.955	0.883	0.841	0.791	0.780	0.794	0.789	0.815	0.890	0.870	0.962	0.956	0.983	0.915	0.857	0.841	0.795	0.813	0.787	0.847	0.982	1.069	1.064	0.993	1.079	1.092	0.975	0.942	0.884	0.833	0.821	0.808	0.878	0.939	0.935	0.915	0.989	0.957	0.907	0.814	0.852	0.790	0.776	0.802	0.854	0.917	0.907	0.893	0.943	0.849	0.838	0.796	0.773	0.795	0.783	0.841	0.853	0.850	0.879	0.866	0.879	0.855	0.855	0.863	0.817	0.807	0.779	0.836	0.949	0.853	0.837	0.866	0.839	0.824	0.873	0.815	0.800	0.782	0.788
21:00:32	34.5	0.772	0.780	0.772	0.782	0.785	0.772	0.775	0.756	0.763	0.790	0.781	0.776	0.764	0.769	0.777	0.801	0.791	0.800	0.777	0.768	0.749	0.744	0.761	0.765	0.766	0.783	0.783	0.796	0.803	0.819	0.786	0.772	0.762	0.755	0.765	0.771	0.797	0.803	0.849	0.851	0.833	0.846	0.886	0.815	0.800	0.783	0.777	0.796	0.771	0.784	0.799	0.810	0.792	0.807	0.797	0.778	0.758	0.768	0.760	0.757	0.773	0.779	0.778	0.792	0.783	0.807	0.770	0.776	0.759	0.741	0.760	0.753	0.810	0.779	0.790	0.791	0.788	0.785	0.785	0.774	0.787	0.770	0.766	0.762	0.774	0.794	0.794	0.787	0.813	0.782	0.776	0.819	0.783	0.783	0.764	0.774
22:00:33	34.4	0.780	0.788	0.779	0.786	0.784	0.778	0.784	0.766	0.773	0.799	0.793	0.789	0.772	0.773	0.773	0.791	0.778	0.778	0.771	0.764	0.749	0.746	0.764	0.771	0.775	0.780	0.774	0.783	0.784	0.792	0.771	0.769	0.758	0.761	0.769	0.783	0.806	0.800	0.824	0.823	0.804	0.812	0.841	0.790	0.791	0.786	0.781	0.805	0.779	0.779	0.793	0.805	0.778	0.784	0.776	0.765	0.759	0.767	0.765	0.768	0.780	0.781	0.779	0.782	0.778	0.791	0.768	0.775	0.765	0.745	0.767	0.763	0.818	0.780	0.787	0.783	0.784	0.780	0.785	0.770	0.793	0.777	0.773	0.774	0.782	0.798	0.799	0.792	0.820	0.784	0.781	0.827	0.795	0.795	0.776	0.788

0:00:00																																																																																																	
0:00:00																																																																																																	
0:00:00																																																																																																	
0:00:00																																																																																																	
0:00:00																																																																																																	
0:00:00																																																																																																	
0:00:00																																																																																																	
0:00:00																																																																																																	
0:00:00																																																																																																	
0:00:00																																																																																																	
0:00:00																																																																																																	
0:00:00																																																																																																	
0:00:00																																																																																																	
0:00:00																																																																																																	

Results
	1	2	3	4	5	6	7	8	9	10	11	12
A	1.749	1.769	1.870	1.819	1.829	1.766	1.791	1.691	1.682	1.810	1.735	1.692	Max V [600]
	0.976	0.953	0.973	0.950	0.967	0.976	0.977	0.977	0.982	0.979	0.974	0.978	R-Squared [600]
	2:00:35	2:00:35	2:00:35	2:00:35	2:00:35	2:00:35	2:00:35	2:00:35	2:00:35	2:00:35	2:00:35	2:00:35	t at Max V [600]
	?????	?????	?????	?????	?????	?????	?????	?????	?????	?????	?????	?????	Lagtime [600]
B	1.734	1.786	1.779	1.819	1.899	1.901	1.715	1.697	1.669	1.655	1.719	1.737	Max V [600]
	0.972	0.966	0.958	0.959	0.950	0.970	0.969	0.971	0.978	0.977	0.979	0.980	R-Squared [600]
	2:00:35	2:00:35	2:00:35	2:00:35	2:00:35	2:00:35	2:00:35	2:00:35	2:00:35	2:00:35	2:00:35	2:00:35	t at Max V [600]
	?????	?????	?????	?????	?????	?????	?????	?????	?????	?????	?????	?????	Lagtime [600]
C	1.742	1.815	1.791	1.922	1.889	1.877	1.709	1.687	1.640	1.642	1.686	1.690	Max V [600]
	0.967	0.956	0.955	0.941	0.954	0.949	0.964	0.969	0.973	0.975	0.980	0.979	R-Squared [600]
	2:00:35	2:00:35	2:00:35	2:00:35	2:00:35	2:00:35	2:00:35	2:00:35	2:00:35	2:00:35	2:00:35	2:00:35	t at Max V [600]
	?????	?????	?????	?????	?????	?????	?????	?????	?????	?????	?????	?????	Lagtime [600]
D	1.561	1.682	1.769	1.762	2.042	2.073	2.037	1.813	1.558	1.501	1.506	1.540	Max V [600]
	0.948	0.947	0.946	0.948	0.933	0.959	0.968	0.967	0.967	0.971	0.963	0.963	R-Squared [600]
	2:00:35	2:00:35	2:00:35	2:00:35	2:00:35	2:00:35	2:00:35	2:00:35	2:00:35	2:00:35	2:00:35	2:00:35	t at Max V [600]
	?????	?????	?????	?????	?????	?????	0:01:17	?????	?????	?????	?????	?????	Lagtime [600]
E	1.745	1.799	1.803	1.809	1.795	1.827	1.996	1.806	1.668	1.681	1.716	1.650	Max V [600]
	0.956	0.948	0.946	0.953	0.962	0.958	0.959	0.967	0.971	0.969	0.969	0.979	R-Squared [600]
	2:00:35	2:00:35	2:00:35	2:00:35	2:00:35	2:00:35	2:00:35	2:00:35	2:00:35	2:00:35	2:00:35	2:00:35	t at Max V [600]
	?????	?????	?????	?????	?????	?????	?????	?????	?????	?????	?????	?????	Lagtime [600]
F	1.515	1.581	1.606	1.966	1.895	1.882	1.640	1.634	1.567	1.599	1.672	1.661	Max V [600]
	0.954	0.946	0.948	0.921	0.967	0.958	0.967	0.964	0.964	0.971	0.971	0.978	R-Squared [600]
	2:00:35	2:00:35	2:00:35	2:00:35	2:00:35	2:00:35	2:00:35	2:00:35	2:00:35	2:00:35	2:00:35	2:00:35	t at Max V [600]
	?????	?????	?????	?????	?????	?????	?????	?????	?????	?????	?????	?????	Lagtime [600]
G	1.772	1.902	1.933	1.924	1.997	1.910	1.748	1.676	1.768	1.686	1.705	1.624	Max V [600]
	0.862	0.980	0.962	0.965	0.953	0.952	0.951	0.959	0.967	0.972	0.980	0.978	R-Squared [600]
	2:00:35	2:00:35	2:00:35	2:00:35	2:00:35	2:00:35	2:00:35	2:00:35	2:00:35	2:00:35	2:00:35	2:00:35	t at Max V [600]
	?????	?????	?????	?????	?????	?????	?????	?????	?????	?????	?????	?????	Lagtime [600]
H	1.862	1.771	2.034	1.904	2.032	1.871	1.816	2.113	1.767	1.738	1.610	1.689	Max V [600]
	0.965	0.964	0.968	0.922	0.833	0.957	0.960	0.954	0.958	0.974	0.988	0.980	R-Squared [600]
	2:00:35	2:00:35	2:00:35	2:00:35	2:00:35	2:00:35	2:00:35	2:00:35	2:00:35	2:00:35	2:00:35	2:00:35	t at Max V [600]
	?????	?????	?????	?????	?????	?????	?????	?????	?????	?????	?????	?????	Lagtime [600]


