
Software Version	3.11.19



Experiment File Path:	C:\Users\patil-group\Desktop\Sweeteners_stacker\261121_NT5071_72_74_Rep1\NT5071_72_74_Rep1.xpt
Protocol File Path:	C:\Users\Public\Documents\Protocols\Screening-protocol.prt



Plate Number	Plate 6
Date	26/11/2021
Time	13:04:25
Reader Type:	Epoch 2
Reader Serial Number:	2103223
Reading Type	Reader

Procedure Details

Plate Type	96 WELL PLATE
Discontinuous Kinetics	Runtime 1:00:00 (D:HH:MM), Interval 0:01:00, 25 Reads
	Pause after each run
Eject plate on completion	
Shake	Linear: 0:00:30 (HH:MM:SS)
	Frequency: 567 cpm (3 mm)
Read	Absorbance Endpoint
	Full Plate
	Wavelengths:  600
	Read Speed: Normal,  Delay: 100 msec,  Measurements/Data Point: 8

600

Time	T° 600	A1	A2	A3	A4	A5	A6	A7	A8	A9	A10	A11	A12	B1	B2	B3	B4	B5	B6	B7	B8	B9	B10	B11	B12	C1	C2	C3	C4	C5	C6	C7	C8	C9	C10	C11	C12	D1	D2	D3	D4	D5	D6	D7	D8	D9	D10	D11	D12	E1	E2	E3	E4	E5	E6	E7	E8	E9	E10	E11	E12	F1	F2	F3	F4	F5	F6	F7	F8	F9	F10	F11	F12	G1	G2	G3	G4	G5	G6	G7	G8	G9	G10	G11	G12	H1	H2	H3	H4	H5	H6	H7	H8	H9	H10	H11	H12
0:00:34	34.7	0.173	0.170	0.174	0.176	0.166	0.166	0.168	0.176	0.170	0.173	0.167	0.172	0.172	0.174	0.173	0.169	0.173	0.168	0.171	0.168	0.178	0.165	0.170	0.164	0.174	0.170	0.169	0.169	0.169	0.170	0.167	0.176	0.165	0.168	0.169	0.165	0.195	0.187	0.186	0.177	0.168	0.171	0.170	0.164	0.179	0.177	0.185	0.185	0.168	0.168	0.172	0.169	0.176	0.173	0.170	0.176	0.169	0.167	0.162	0.167	0.184	0.187	0.182	0.162	0.177	0.171	0.165	0.174	0.167	0.176	0.167	0.175	0.177	0.176	0.167	0.178	0.167	0.166	0.176	0.167	0.172	0.166	0.171	0.166	0.177	0.168	0.168	0.166	0.163	0.172	0.167	0.172	0.166	0.171	0.172	0.165
1:00:32	34.7	0.180	0.177	0.181	0.182	0.174	0.177	0.176	0.183	0.177	0.179	0.174	0.179	0.179	0.181	0.178	0.177	0.176	0.175	0.178	0.173	0.181	0.170	0.174	0.170	0.180	0.176	0.175	0.174	0.175	0.175	0.172	0.181	0.172	0.173	0.175	0.173	0.203	0.196	0.195	0.185	0.173	0.177	0.175	0.170	0.189	0.185	0.194	0.193	0.170	0.170	0.173	0.171	0.180	0.178	0.175	0.181	0.173	0.173	0.169	0.174	0.193	0.196	0.191	0.168	0.184	0.176	0.166	0.176	0.169	0.182	0.174	0.182	0.184	0.181	0.173	0.182	0.171	0.170	0.181	0.173	0.178	0.173	0.177	0.174	0.185	0.175	0.175	0.173	0.170	0.179	0.174	0.178	0.174	0.178	0.179	0.173
2:00:33	34.8	0.191	0.188	0.190	0.192	0.183	0.184	0.187	0.192	0.187	0.188	0.184	0.189	0.190	0.189	0.188	0.186	0.182	0.184	0.186	0.182	0.189	0.177	0.182	0.179	0.188	0.186	0.183	0.182	0.184	0.184	0.181	0.190	0.180	0.182	0.185	0.182	0.213	0.206	0.204	0.193	0.183	0.185	0.184	0.179	0.198	0.195	0.204	0.203	0.171	0.172	0.175	0.174	0.188	0.188	0.185	0.190	0.181	0.182	0.178	0.183	0.202	0.205	0.201	0.177	0.192	0.184	0.169	0.178	0.171	0.190	0.182	0.191	0.193	0.190	0.182	0.190	0.179	0.177	0.188	0.181	0.185	0.181	0.186	0.183	0.195	0.184	0.184	0.182	0.179	0.189	0.183	0.188	0.184	0.187	0.187	0.183
3:00:34	34.8	0.209	0.205	0.208	0.208	0.200	0.199	0.204	0.207	0.204	0.204	0.201	0.206	0.205	0.203	0.203	0.200	0.196	0.197	0.200	0.197	0.199	0.189	0.194	0.193	0.203	0.199	0.198	0.196	0.197	0.197	0.193	0.198	0.194	0.196	0.200	0.199	0.227	0.220	0.224	0.205	0.195	0.197	0.195	0.191	0.210	0.208	0.217	0.217	0.169	0.170	0.175	0.175	0.201	0.198	0.197	0.201	0.194	0.196	0.192	0.198	0.217	0.219	0.214	0.189	0.203	0.196	0.169	0.180	0.171	0.203	0.196	0.209	0.209	0.203	0.195	0.200	0.190	0.188	0.200	0.194	0.198	0.195	0.200	0.200	0.212	0.201	0.200	0.198	0.195	0.203	0.198	0.202	0.200	0.202	0.203	0.201
04:00:34	34.7	0.249	0.247	0.251	0.246	0.24	0.24	0.243	0.244	0.242	0.241	0.249	0.247	0.247	0.241	0.241	0.238	0.238	0.236	0.237	0.233	0.228	0.218	0.225	0.226	0.242	0.234	0.233	0.233	0.232	0.232	0.227	0.233	0.228	0.233	0.236	0.238	0.262	0.257	0.26	0.238	0.23	0.235	0.23	0.235	0.243	0.241	0.252	0.253	0.181	0.175	0.178	0.179	0.238	0.233	0.232	0.235	0.23	0.23	0.228	0.238	0.253	0.26	0.25	0.224	0.238	0.237	0.176	0.185	0.174	0.239	0.233	0.247	0.247	0.242	0.235	0.23	0.219	0.218	0.234	0.23	0.235	0.232	0.238	0.239	0.253	0.247	0.24	0.238	0.234	0.243	0.237	0.241	0.236	0.24	0.241	0.24
05:00:34	34.9	0.282	0.274	0.281	0.275	0.268	0.265	0.271	0.272	0.272	0.272	0.28	0.278	0.272	0.267	0.265	0.261	0.26	0.259	0.26	0.256	0.248	0.239	0.246	0.25	0.267	0.258	0.257	0.254	0.254	0.254	0.249	0.254	0.25	0.254	0.262	0.268	0.284	0.277	0.277	0.26	0.255	0.255	0.25	0.256	0.267	0.262	0.276	0.278	0.183	0.179	0.184	0.184	0.261	0.253	0.254	0.256	0.255	0.251	0.252	0.266	0.276	0.279	0.272	0.246	0.26	0.26	0.18	0.19	0.177	0.261	0.257	0.274	0.272	0.265	0.261	0.252	0.24	0.238	0.256	0.252	0.259	0.254	0.264	0.267	0.284	0.274	0.267	0.268	0.261	0.27	0.267	0.269	0.267	0.267	0.269	0.27
06:00:34	34.9	0.326	0.316	0.32	0.312	0.309	0.305	0.313	0.314	0.315	0.314	0.325	0.325	0.312	0.305	0.302	0.299	0.295	0.294	0.295	0.292	0.273	0.265	0.274	0.279	0.306	0.296	0.292	0.289	0.288	0.286	0.283	0.289	0.286	0.29	0.3	0.309	0.32	0.308	0.307	0.288	0.287	0.289	0.282	0.288	0.296	0.292	0.307	0.315	0.189	0.189	0.192	0.195	0.292	0.284	0.286	0.287	0.286	0.286	0.288	0.306	0.312	0.31	0.302	0.28	0.293	0.291	0.189	0.201	0.186	0.295	0.295	0.313	0.312	0.3	0.295	0.277	0.266	0.264	0.29	0.288	0.296	0.291	0.301	0.309	0.327	0.315	0.307	0.313	0.302	0.312	0.307	0.308	0.309	0.309	0.326	0.315
07:00:34	34.9	0.374	0.363	0.365	0.356	0.358	0.349	0.358	0.36	0.361	0.361	0.373	0.374	0.356	0.347	0.345	0.343	0.337	0.335	0.337	0.335	0.3	0.293	0.302	0.309	0.35	0.338	0.335	0.331	0.33	0.327	0.324	0.33	0.329	0.333	0.344	0.356	0.361	0.347	0.345	0.326	0.327	0.332	0.324	0.328	0.333	0.331	0.347	0.358	0.198	0.204	0.208	0.213	0.332	0.327	0.326	0.328	0.325	0.327	0.33	0.351	0.355	0.351	0.341	0.323	0.335	0.334	0.202	0.217	0.199	0.339	0.34	0.359	0.357	0.343	0.337	0.306	0.295	0.295	0.334	0.332	0.34	0.335	0.344	0.356	0.374	0.363	0.355	0.361	0.349	0.36	0.354	0.355	0.356	0.356	0.367	0.362
08:00:34	34.9	0.421	0.412	0.412	0.404	0.407	0.396	0.405	0.407	0.411	0.409	0.422	0.425	0.401	0.39	0.388	0.386	0.38	0.376	0.38	0.375	0.326	0.319	0.329	0.336	0.394	0.382	0.38	0.373	0.373	0.369	0.366	0.372	0.373	0.378	0.389	0.404	0.406	0.39	0.387	0.369	0.37	0.376	0.367	0.372	0.374	0.374	0.39	0.405	0.212	0.226	0.223	0.232	0.374	0.37	0.369	0.371	0.367	0.371	0.374	0.398	0.399	0.393	0.383	0.367	0.38	0.378	0.218	0.235	0.215	0.381	0.385	0.407	0.403	0.387	0.38	0.334	0.322	0.323	0.378	0.377	0.384	0.382	0.39	0.404	0.424	0.411	0.404	0.41	0.399	0.408	0.4	0.402	0.404	0.404	0.415	0.411
09:00:34	34.9	0.472	0.461	0.46	0.45	0.456	0.444	0.454	0.455	0.46	0.46	0.472	0.476	0.445	0.435	0.432	0.429	0.424	0.419	0.423	0.42	0.349	0.344	0.353	0.361	0.44	0.426	0.425	0.416	0.419	0.419	0.409	0.416	0.418	0.424	0.438	0.453	0.452	0.434	0.431	0.412	0.415	0.42	0.412	0.416	0.416	0.417	0.434	0.452	0.231	0.247	0.243	0.253	0.419	0.414	0.415	0.415	0.411	0.417	0.419	0.447	0.447	0.437	0.427	0.414	0.426	0.423	0.239	0.256	0.235	0.426	0.432	0.456	0.45	0.432	0.424	0.36	0.347	0.349	0.423	0.423	0.428	0.428	0.438	0.453	0.475	0.462	0.454	0.46	0.447	0.457	0.449	0.451	0.453	0.453	0.465	0.461
10:00:34	34.9	0.52	0.51	0.51	0.498	0.506	0.492	0.502	0.503	0.511	0.508	0.521	0.524	0.489	0.479	0.477	0.474	0.469	0.463	0.468	0.465	0.372	0.367	0.377	0.386	0.486	0.472	0.471	0.46	0.465	0.456	0.455	0.46	0.465	0.47	0.485	0.504	0.498	0.478	0.476	0.456	0.46	0.469	0.457	0.462	0.461	0.464	0.479	0.499	0.254	0.272	0.264	0.276	0.463	0.461	0.46	0.459	0.457	0.462	0.466	0.496	0.492	0.483	0.471	0.461	0.475	0.47	0.262	0.278	0.256	0.472	0.48	0.505	0.498	0.48	0.471	0.385	0.37	0.375	0.469	0.47	0.475	0.476	0.487	0.504	0.525	0.512	0.503	0.511	0.499	0.508	0.501	0.501	0.501	0.503	0.513	0.511
11:00:34	34.9	0.561	0.554	0.554	0.542	0.549	0.537	0.547	0.546	0.553	0.55	0.561	0.566	0.534	0.523	0.523	0.517	0.514	0.507	0.512	0.51	0.395	0.39	0.402	0.412	0.53	0.516	0.516	0.503	0.508	0.5	0.5	0.505	0.509	0.516	0.53	0.547	0.542	0.524	0.521	0.5	0.506	0.516	0.503	0.507	0.504	0.506	0.525	0.542	0.28	0.297	0.287	0.301	0.509	0.506	0.508	0.504	0.504	0.507	0.51	0.54	0.538	0.528	0.518	0.508	0.518	0.516	0.285	0.298	0.279	0.519	0.526	0.55	0.544	0.526	0.524	0.411	0.395	0.402	0.517	0.517	0.521	0.523	0.534	0.547	0.569	0.555	0.548	0.554	0.544	0.552	0.547	0.545	0.546	0.545	0.554	0.55
12:00:34	34.9	0.595	0.592	0.595	0.581	0.586	0.572	0.584	0.581	0.588	0.585	0.596	0.602	0.569	0.562	0.563	0.557	0.555	0.548	0.561	0.552	0.418	0.413	0.426	0.436	0.57	0.554	0.554	0.542	0.549	0.541	0.54	0.544	0.549	0.555	0.568	0.583	0.579	0.566	0.562	0.541	0.546	0.555	0.544	0.546	0.546	0.545	0.563	0.58	0.302	0.32	0.31	0.322	0.549	0.547	0.549	0.546	0.544	0.549	0.547	0.577	0.577	0.569	0.559	0.547	0.557	0.556	0.306	0.319	0.298	0.559	0.567	0.588	0.583	0.568	0.561	0.436	0.42	0.429	0.558	0.558	0.56	0.564	0.574	0.585	0.605	0.593	0.586	0.591	0.582	0.591	0.585	0.582	0.58	0.582	0.59	0.584
13:00:34	34.9	0.626	0.624	0.629	0.614	0.621	0.606	0.619	0.613	0.621	0.617	0.629	0.631	0.603	0.595	0.597	0.592	0.589	0.582	0.593	0.585	0.44	0.436	0.448	0.456	0.602	0.59	0.586	0.577	0.582	0.575	0.574	0.578	0.581	0.588	0.6	0.615	0.611	0.596	0.598	0.576	0.581	0.587	0.578	0.581	0.58	0.579	0.599	0.612	0.324	0.34	0.328	0.341	0.585	0.581	0.583	0.581	0.579	0.581	0.582	0.608	0.607	0.603	0.596	0.582	0.59	0.589	0.327	0.338	0.32	0.594	0.599	0.621	0.616	0.604	0.598	0.463	0.444	0.454	0.593	0.593	0.595	0.598	0.608	0.616	0.638	0.624	0.619	0.624	0.617	0.622	0.623	0.614	0.613	0.614	0.622	0.616
14:00:34	34.9	0.649	0.651	0.656	0.644	0.648	0.633	0.647	0.64	0.648	0.643	0.652	0.655	0.632	0.626	0.63	0.624	0.619	0.613	0.624	0.617	0.46	0.455	0.47	0.477	0.63	0.62	0.615	0.606	0.612	0.608	0.602	0.609	0.611	0.62	0.63	0.643	0.64	0.625	0.63	0.607	0.612	0.615	0.608	0.611	0.61	0.609	0.628	0.642	0.345	0.365	0.346	0.363	0.618	0.613	0.614	0.612	0.612	0.614	0.608	0.637	0.637	0.633	0.629	0.614	0.621	0.619	0.346	0.359	0.337	0.628	0.629	0.651	0.644	0.635	0.632	0.487	0.467	0.478	0.625	0.624	0.626	0.629	0.64	0.644	0.665	0.653	0.652	0.653	0.644	0.651	0.648	0.641	0.643	0.641	0.646	0.638
15:00:34	34.9	0.666	0.67	0.677	0.664	0.669	0.653	0.666	0.66	0.669	0.66	0.671	0.67	0.652	0.65	0.654	0.651	0.647	0.64	0.651	0.643	0.478	0.474	0.489	0.495	0.652	0.646	0.643	0.631	0.638	0.63	0.629	0.634	0.635	0.643	0.652	0.664	0.666	0.653	0.658	0.635	0.64	0.643	0.635	0.637	0.638	0.636	0.655	0.666	0.366	0.388	0.368	0.387	0.645	0.64	0.641	0.639	0.637	0.637	0.631	0.659	0.662	0.66	0.657	0.64	0.645	0.645	0.368	0.381	0.356	0.651	0.653	0.672	0.668	0.661	0.66	0.508	0.487	0.497	0.651	0.652	0.652	0.657	0.663	0.665	0.684	0.673	0.671	0.673	0.669	0.673	0.67	0.664	0.662	0.663	0.666	0.656
16:00:34	34.8	0.674	0.683	0.692	0.679	0.683	0.668	0.682	0.673	0.681	0.674	0.681	0.68	0.668	0.668	0.674	0.67	0.666	0.661	0.671	0.663	0.493	0.491	0.506	0.511	0.669	0.664	0.663	0.65	0.659	0.652	0.65	0.654	0.655	0.662	0.669	0.678	0.684	0.672	0.68	0.658	0.66	0.664	0.655	0.658	0.66	0.657	0.676	0.684	0.389	0.412	0.388	0.41	0.667	0.661	0.661	0.66	0.658	0.658	0.649	0.673	0.68	0.681	0.68	0.657	0.664	0.666	0.392	0.405	0.378	0.671	0.67	0.689	0.685	0.682	0.681	0.526	0.503	0.517	0.674	0.675	0.668	0.673	0.681	0.68	0.697	0.689	0.684	0.687	0.682	0.689	0.688	0.678	0.678	0.675	0.68	0.667
17:00:34	34.8	0.68	0.69	0.7	0.688	0.691	0.676	0.689	0.681	0.69	0.681	0.689	0.684	0.679	0.681	0.69	0.686	0.683	0.675	0.686	0.679	0.509	0.506	0.519	0.523	0.678	0.677	0.678	0.667	0.674	0.669	0.665	0.67	0.668	0.675	0.68	0.687	0.698	0.689	0.699	0.677	0.673	0.68	0.67	0.673	0.678	0.674	0.691	0.697	0.41	0.437	0.411	0.434	0.683	0.676	0.678	0.675	0.675	0.672	0.66	0.683	0.694	0.696	0.697	0.68	0.68	0.68	0.415	0.428	0.403	0.685	0.682	0.698	0.696	0.694	0.697	0.542	0.52	0.535	0.689	0.687	0.683	0.685	0.692	0.69	0.706	0.695	0.694	0.696	0.692	0.7	0.699	0.688	0.687	0.687	0.688	0.673
18:00:34	34.8	0.68	0.693	0.704	0.693	0.695	0.68	0.693	0.685	0.693	0.683	0.691	0.686	0.683	0.688	0.698	0.695	0.695	0.684	0.696	0.689	0.52	0.518	0.53	0.532	0.684	0.685	0.686	0.675	0.686	0.678	0.675	0.679	0.676	0.683	0.687	0.691	0.705	0.707	0.711	0.69	0.687	0.69	0.68	0.683	0.69	0.685	0.701	0.705	0.434	0.463	0.435	0.462	0.696	0.688	0.688	0.686	0.684	0.68	0.667	0.688	0.701	0.705	0.71	0.683	0.689	0.69	0.44	0.453	0.425	0.694	0.689	0.703	0.702	0.703	0.708	0.555	0.534	0.549	0.7	0.696	0.691	0.693	0.7	0.694	0.705	0.7	0.698	0.7	0.698	0.704	0.705	0.696	0.692	0.692	0.692	0.674
19:00:34	34.7	0.679	0.692	0.704	0.694	0.697	0.682	0.694	0.685	0.692	0.684	0.69	0.684	0.682	0.691	0.703	0.701	0.7	0.691	0.702	0.694	0.53	0.528	0.538	0.538	0.685	0.689	0.693	0.681	0.692	0.685	0.681	0.685	0.681	0.687	0.689	0.691	0.71	0.708	0.72	0.698	0.693	0.696	0.686	0.691	0.698	0.694	0.707	0.709	0.458	0.489	0.457	0.484	0.703	0.695	0.695	0.693	0.689	0.686	0.671	0.699	0.705	0.713	0.716	0.69	0.693	0.695	0.463	0.477	0.45	0.7	0.692	0.706	0.704	0.708	0.714	0.566	0.546	0.559	0.705	0.704	0.695	0.696	0.703	0.696	0.705	0.701	0.7	0.703	0.699	0.705	0.707	0.695	0.694	0.693	0.692	0.674
20:00:34	34.7	0.68	0.694	0.704	0.694	0.697	0.682	0.694	0.684	0.693	0.685	0.69	0.683	0.681	0.692	0.704	0.704	0.702	0.692	0.706	0.696	0.537	0.534	0.544	0.543	0.686	0.69	0.694	0.683	0.695	0.687	0.684	0.688	0.682	0.689	0.69	0.692	0.71	0.711	0.725	0.704	0.697	0.701	0.689	0.693	0.702	0.697	0.712	0.71	0.478	0.51	0.48	0.507	0.706	0.699	0.7	0.697	0.695	0.689	0.674	0.693	0.707	0.717	0.722	0.692	0.697	0.697	0.487	0.5	0.474	0.703	0.695	0.706	0.705	0.709	0.717	0.574	0.553	0.569	0.707	0.705	0.698	0.697	0.705	0.696	0.705	0.702	0.703	0.703	0.702	0.708	0.707	0.696	0.694	0.693	0.691	0.675
21:00:34	34.7	0.676	0.692	0.704	0.696	0.696	0.683	0.693	0.684	0.693	0.684	0.691	0.681	0.681	0.691	0.704	0.703	0.702	0.695	0.705	0.696	0.542	0.539	0.549	0.546	0.687	0.691	0.695	0.685	0.699	0.688	0.685	0.691	0.684	0.689	0.69	0.693	0.711	0.714	0.726	0.706	0.697	0.701	0.691	0.695	0.704	0.702	0.712	0.71	0.5	0.531	0.503	0.531	0.709	0.702	0.702	0.698	0.695	0.691	0.678	0.695	0.708	0.717	0.724	0.695	0.697	0.701	0.509	0.522	0.498	0.705	0.695	0.708	0.704	0.709	0.716	0.58	0.559	0.573	0.709	0.706	0.698	0.701	0.704	0.697	0.706	0.7	0.702	0.703	0.7	0.708	0.709	0.694	0.693	0.693	0.691	0.672
22:00:34	34.7	0.674	0.691	0.703	0.695	0.696	0.681	0.693	0.683	0.692	0.682	0.689	0.678	0.679	0.692	0.704	0.703	0.703	0.694	0.706	0.696	0.546	0.541	0.55	0.547	0.687	0.693	0.695	0.684	0.698	0.688	0.685	0.691	0.683	0.69	0.691	0.691	0.709	0.713	0.728	0.707	0.698	0.704	0.691	0.695	0.704	0.701	0.711	0.709	0.517	0.549	0.524	0.55	0.709	0.702	0.701	0.699	0.699	0.692	0.674	0.697	0.706	0.717	0.724	0.695	0.699	0.699	0.528	0.541	0.518	0.705	0.696	0.707	0.702	0.709	0.716	0.583	0.564	0.578	0.707	0.705	0.698	0.698	0.704	0.697	0.705	0.7	0.699	0.702	0.701	0.706	0.71	0.696	0.693	0.692	0.692	0.672
23:00:34	34.7	0.671	0.688	0.702	0.693	0.694	0.679	0.691	0.682	0.691	0.679	0.687	0.675	0.676	0.691	0.703	0.705	0.702	0.695	0.706	0.695	0.547	0.544	0.55	0.546	0.684	0.692	0.696	0.685	0.697	0.69	0.685	0.692	0.683	0.69	0.69	0.69	0.708	0.713	0.728	0.708	0.699	0.704	0.691	0.698	0.705	0.701	0.711	0.709	0.533	0.562	0.542	0.566	0.711	0.703	0.703	0.7	0.695	0.691	0.676	0.697	0.705	0.716	0.724	0.695	0.697	0.701	0.546	0.56	0.537	0.706	0.695	0.707	0.704	0.707	0.716	0.587	0.567	0.581	0.709	0.707	0.698	0.698	0.704	0.695	0.704	0.7	0.699	0.701	0.702	0.706	0.708	0.695	0.693	0.692	0.692	0.668
0:00:00																																																																																																	
0:00:00																																																																																																	
0:00:00																																																																																																	
0:00:00																																																																																																	
0:00:00																																																																																																	
0:00:00																																																																																																	
0:00:00																																																																																																	
0:00:00																																																																																																	
0:00:00																																																																																																	
0:00:00																																																																																																	
0:00:00																																																																																																	
0:00:00																																																																																																	
0:00:00																																																																																																	
0:00:00																																																																																																	
0:00:00																																																																																																	
0:00:00																																																																																																	
0:00:00																																																																																																	
0:00:00																																																																																																	
0:00:00																																																																																																	
0:00:00																																																																																																	
0:00:00																																																																																																	

Results
	1	2	3	4	5	6	7	8	9	10	11	12
A	?????	?????	?????	?????	?????	?????	?????	?????	?????	?????	?????	?????	Max V [600]
	?????	?????	?????	?????	?????	?????	?????	?????	?????	?????	?????	?????	R-Squared [600]
	?????	?????	?????	?????	?????	?????	?????	?????	?????	?????	?????	?????	t at Max V [600]
	?????	?????	?????	?????	?????	?????	?????	?????	?????	?????	?????	?????	Lagtime [600]
B	?????	?????	?????	?????	?????	?????	?????	?????	?????	?????	?????	?????	Max V [600]
	?????	?????	?????	?????	?????	?????	?????	?????	?????	?????	?????	?????	R-Squared [600]
	?????	?????	?????	?????	?????	?????	?????	?????	?????	?????	?????	?????	t at Max V [600]
	?????	?????	?????	?????	?????	?????	?????	?????	?????	?????	?????	?????	Lagtime [600]
C	?????	?????	?????	?????	?????	?????	?????	?????	?????	?????	?????	?????	Max V [600]
	?????	?????	?????	?????	?????	?????	?????	?????	?????	?????	?????	?????	R-Squared [600]
	?????	?????	?????	?????	?????	?????	?????	?????	?????	?????	?????	?????	t at Max V [600]
	?????	?????	?????	?????	?????	?????	?????	?????	?????	?????	?????	?????	Lagtime [600]
D	?????	?????	?????	?????	?????	?????	?????	?????	?????	?????	?????	?????	Max V [600]
	?????	?????	?????	?????	?????	?????	?????	?????	?????	?????	?????	?????	R-Squared [600]
	?????	?????	?????	?????	?????	?????	?????	?????	?????	?????	?????	?????	t at Max V [600]
	?????	?????	?????	?????	?????	?????	?????	?????	?????	?????	?????	?????	Lagtime [600]
E	?????	?????	?????	?????	?????	?????	?????	?????	?????	?????	?????	?????	Max V [600]
	?????	?????	?????	?????	?????	?????	?????	?????	?????	?????	?????	?????	R-Squared [600]
	?????	?????	?????	?????	?????	?????	?????	?????	?????	?????	?????	?????	t at Max V [600]
	?????	?????	?????	?????	?????	?????	?????	?????	?????	?????	?????	?????	Lagtime [600]
F	?????	?????	?????	?????	?????	?????	?????	?????	?????	?????	?????	?????	Max V [600]
	?????	?????	?????	?????	?????	?????	?????	?????	?????	?????	?????	?????	R-Squared [600]
	?????	?????	?????	?????	?????	?????	?????	?????	?????	?????	?????	?????	t at Max V [600]
	?????	?????	?????	?????	?????	?????	?????	?????	?????	?????	?????	?????	Lagtime [600]
G	?????	?????	?????	?????	?????	?????	?????	?????	?????	?????	?????	?????	Max V [600]
	?????	?????	?????	?????	?????	?????	?????	?????	?????	?????	?????	?????	R-Squared [600]
	?????	?????	?????	?????	?????	?????	?????	?????	?????	?????	?????	?????	t at Max V [600]
	?????	?????	?????	?????	?????	?????	?????	?????	?????	?????	?????	?????	Lagtime [600]
H	?????	?????	?????	?????	?????	?????	?????	?????	?????	?????	?????	?????	Max V [600]
	?????	?????	?????	?????	?????	?????	?????	?????	?????	?????	?????	?????	R-Squared [600]
	?????	?????	?????	?????	?????	?????	?????	?????	?????	?????	?????	?????	t at Max V [600]
	?????	?????	?????	?????	?????	?????	?????	?????	?????	?????	?????	?????	Lagtime [600]


