

Software Version	3.11.19



Experiment File Path:	C:\Users\patil-group\Desktop\Sweeteners_stacker\091121_NT5021_45_69_Rep1\NT5021_45_69_Rep1.xpt
Protocol File Path:	C:\Users\Public\Documents\Protocols\Screening-protocol.prt



Plate Number	Plate 3
Date	09/11/2021
Time	15:09:07
Reader Type:	Epoch 2
Reader Serial Number:	2103223
Reading Type	Reader

Procedure Details

Plate Type	96 WELL PLATE
Discontinuous Kinetics	Runtime 1:00:00 (D:HH:MM), Interval 0:01:00, 25 Reads
	Pause after each run
Eject plate on completion	
Shake	Linear: 0:00:30 (HH:MM:SS)
	Frequency: 567 cpm (3 mm)
Read	Absorbance Endpoint
	Full Plate
	Wavelengths:  600
	Read Speed: Normal,  Delay: 100 msec,  Measurements/Data Point: 8

600

Time	T° 600	A1	A2	A3	A4	A5	A6	A7	A8	A9	A10	A11	A12	B1	B2	B3	B4	B5	B6	B7	B8	B9	B10	B11	B12	C1	C2	C3	C4	C5	C6	C7	C8	C9	C10	C11	C12	D1	D2	D3	D4	D5	D6	D7	D8	D9	D10	D11	D12	E1	E2	E3	E4	E5	E6	E7	E8	E9	E10	E11	E12	F1	F2	F3	F4	F5	F6	F7	F8	F9	F10	F11	F12	G1	G2	G3	G4	G5	G6	G7	G8	G9	G10	G11	G12	H1	H2	H3	H4	H5	H6	H7	H8	H9	H10	H11	H12
0:00:34	34.9	0.186	0.183	0.192	0.188	0.183	0.188	0.188	0.187	0.186	0.190	0.197	0.191	0.185	0.190	0.184	0.185	0.183	0.184	0.202	0.191	0.186	0.189	0.195	0.206	0.186	0.191	0.188	0.190	0.198	0.184	0.184	0.187	0.191	0.187	0.187	0.197	0.190	0.193	0.189	0.185	0.185	0.186	0.184	0.190	0.190	0.203	0.183	0.196	0.186	0.191	0.182	0.187	0.182	0.187	0.188	0.186	0.207	0.184	0.185	0.196	0.188	0.190	0.193	0.183	0.186	0.189	0.187	0.186	0.188	0.189	0.186	0.196	0.191	0.191	0.185	0.186	0.194	0.188	0.186	0.196	0.187	0.221	0.195	0.197	0.190	0.188	0.184	0.179	0.193	0.179	0.183	0.182	0.193	0.191	0.183	0.188
1:00:34	34.9	0.190	0.186	0.196	0.191	0.187	0.191	0.191	0.191	0.189	0.193	0.197	0.195	0.189	0.193	0.187	0.188	0.186	0.186	0.200	0.193	0.188	0.191	0.198	0.206	0.190	0.194	0.190	0.192	0.198	0.186	0.185	0.188	0.192	0.188	0.190	0.200	0.193	0.196	0.191	0.187	0.186	0.187	0.185	0.191	0.191	0.201	0.186	0.200	0.189	0.193	0.184	0.189	0.185	0.188	0.189	0.187	0.203	0.186	0.188	0.199	0.191	0.193	0.196	0.186	0.189	0.191	0.193	0.188	0.190	0.192	0.197	0.199	0.195	0.195	0.189	0.190	0.196	0.190	0.188	0.198	0.190	0.205	0.198	0.199	0.194	0.191	0.187	0.183	0.197	0.183	0.187	0.186	0.193	0.194	0.187	0.192
2:00:35	34.8	0.192	0.188	0.198	0.194	0.189	0.193	0.194	0.194	0.191	0.195	0.198	0.197	0.191	0.193	0.190	0.191	0.188	0.188	0.203	0.195	0.191	0.194	0.200	0.208	0.192	0.197	0.193	0.195	0.201	0.189	0.188	0.191	0.194	0.190	0.192	0.202	0.195	0.199	0.195	0.190	0.189	0.190	0.188	0.194	0.188	0.202	0.189	0.202	0.191	0.194	0.188	0.192	0.189	0.191	0.192	0.190	0.200	0.189	0.191	0.201	0.194	0.196	0.199	0.190	0.192	0.194	0.203	0.191	0.192	0.195	0.191	0.200	0.197	0.198	0.192	0.193	0.199	0.193	0.192	0.201	0.192	0.207	0.201	0.200	0.197	0.194	0.190	0.187	0.199	0.186	0.189	0.188	0.194	0.195	0.189	0.194
3:00:35	34.7	0.195	0.191	0.200	0.195	0.191	0.195	0.196	0.196	0.193	0.197	0.200	0.200	0.193	0.195	0.191	0.192	0.190	0.190	0.205	0.198	0.193	0.196	0.202	0.209	0.194	0.198	0.195	0.196	0.202	0.191	0.189	0.193	0.196	0.192	0.194	0.203	0.197	0.200	0.197	0.192	0.191	0.192	0.189	0.196	0.190	0.203	0.191	0.204	0.193	0.196	0.189	0.197	0.190	0.192	0.194	0.192	0.200	0.190	0.192	0.204	0.195	0.198	0.200	0.191	0.193	0.195	0.200	0.192	0.193	0.196	0.194	0.201	0.200	0.200	0.194	0.194	0.200	0.194	0.193	0.203	0.194	0.209	0.202	0.201	0.198	0.196	0.192	0.187	0.201	0.188	0.191	0.190	0.195	0.196	0.191	0.197
4:00:36	34.7	0.198	0.194	0.202	0.198	0.194	0.197	0.199	0.199	0.196	0.200	0.202	0.203	0.196	0.198	0.194	0.194	0.191	0.192	0.207	0.200	0.195	0.198	0.203	0.210	0.198	0.200	0.197	0.198	0.203	0.192	0.191	0.195	0.197	0.194	0.196	0.206	0.199	0.202	0.198	0.194	0.192	0.194	0.191	0.197	0.192	0.203	0.193	0.206	0.196	0.197	0.191	0.196	0.191	0.194	0.196	0.194	0.201	0.192	0.194	0.205	0.198	0.200	0.202	0.194	0.195	0.197	0.193	0.193	0.194	0.198	0.195	0.204	0.202	0.202	0.196	0.196	0.202	0.196	0.196	0.205	0.196	0.211	0.203	0.202	0.202	0.199	0.195	0.190	0.203	0.190	0.194	0.192	0.198	0.198	0.195	0.200
5:00:36	34.7	0.203	0.198	0.206	0.201	0.197	0.201	0.203	0.203	0.200	0.203	0.205	0.208	0.200	0.201	0.197	0.196	0.194	0.195	0.210	0.203	0.198	0.201	0.207	0.213	0.201	0.204	0.199	0.201	0.205	0.195	0.195	0.197	0.200	0.197	0.199	0.209	0.203	0.206	0.201	0.197	0.194	0.196	0.194	0.199	0.194	0.206	0.196	0.210	0.200	0.201	0.194	0.198	0.193	0.196	0.198	0.196	0.203	0.195	0.197	0.208	0.201	0.203	0.205	0.196	0.197	0.200	0.196	0.196	0.197	0.201	0.198	0.207	0.207	0.206	0.199	0.199	0.206	0.199	0.199	0.207	0.199	0.214	0.206	0.206	0.206	0.203	0.199	0.194	0.207	0.194	0.198	0.196	0.201	0.201	0.199	0.204
6:00:37	34.7	0.208	0.203	0.210	0.205	0.202	0.205	0.208	0.207	0.204	0.208	0.209	0.213	0.205	0.205	0.201	0.200	0.197	0.199	0.213	0.207	0.202	0.205	0.211	0.216	0.205	0.208	0.203	0.205	0.207	0.198	0.198	0.201	0.203	0.199	0.203	0.213	0.207	0.209	0.205	0.200	0.197	0.199	0.197	0.203	0.197	0.209	0.200	0.214	0.205	0.205	0.198	0.201	0.196	0.199	0.202	0.199	0.205	0.199	0.201	0.211	0.204	0.207	0.208	0.200	0.199	0.203	0.199	0.199	0.200	0.205	0.202	0.211	0.211	0.210	0.203	0.203	0.209	0.202	0.202	0.211	0.202	0.230	0.209	0.209	0.212	0.208	0.203	0.198	0.211	0.198	0.201	0.200	0.204	0.205	0.203	0.209
7:00:38	34.7	0.214	0.208	0.214	0.209	0.207	0.210	0.213	0.213	0.209	0.213	0.213	0.218	0.209	0.210	0.205	0.204	0.200	0.203	0.218	0.211	0.206	0.209	0.215	0.220	0.210	0.212	0.207	0.209	0.209	0.202	0.201	0.204	0.207	0.205	0.207	0.218	0.212	0.214	0.209	0.204	0.200	0.203	0.201	0.206	0.201	0.212	0.203	0.218	0.209	0.208	0.202	0.205	0.199	0.203	0.205	0.203	0.209	0.202	0.204	0.215	0.208	0.211	0.212	0.204	0.202	0.206	0.203	0.202	0.203	0.209	0.205	0.215	0.217	0.214	0.208	0.207	0.213	0.206	0.206	0.215	0.206	0.224	0.213	0.213	0.217	0.213	0.208	0.203	0.216	0.202	0.206	0.204	0.207	0.210	0.207	0.214
8:00:38	34.7	0.219	0.213	0.219	0.213	0.211	0.215	0.217	0.218	0.213	0.218	0.218	0.223	0.215	0.214	0.208	0.208	0.203	0.207	0.222	0.215	0.210	0.213	0.219	0.224	0.216	0.216	0.211	0.212	0.212	0.206	0.205	0.208	0.211	0.209	0.211	0.223	0.217	0.218	0.213	0.207	0.203	0.207	0.205	0.209	0.205	0.216	0.207	0.223	0.214	0.212	0.206	0.209	0.201	0.207	0.209	0.206	0.212	0.206	0.208	0.219	0.212	0.216	0.216	0.207	0.205	0.210	0.207	0.205	0.207	0.212	0.209	0.220	0.222	0.219	0.212	0.211	0.217	0.210	0.210	0.219	0.210	0.228	0.217	0.218	0.222	0.218	0.213	0.207	0.220	0.206	0.210	0.209	0.212	0.214	0.212	0.218
9:00:40	34.7	0.224	0.218	0.222	0.217	0.216	0.219	0.222	0.222	0.218	0.222	0.222	0.228	0.219	0.218	0.212	0.212	0.206	0.211	0.225	0.219	0.214	0.216	0.223	0.229	0.220	0.221	0.214	0.216	0.214	0.209	0.208	0.211	0.213	0.213	0.214	0.226	0.222	0.222	0.216	0.211	0.206	0.210	0.207	0.213	0.209	0.219	0.211	0.227	0.218	0.216	0.210	0.213	0.204	0.210	0.212	0.210	0.215	0.209	0.211	0.222	0.215	0.219	0.220	0.211	0.208	0.214	0.211	0.208	0.211	0.217	0.212	0.223	0.226	0.222	0.215	0.215	0.221	0.214	0.214	0.223	0.214	0.232	0.220	0.222	0.227	0.223	0.218	0.212	0.225	0.211	0.214	0.213	0.216	0.218	0.216	0.223
10:00:41	34.7	0.229	0.222	0.226	0.220	0.221	0.223	0.225	0.226	0.223	0.227	0.226	0.233	0.223	0.223	0.216	0.216	0.211	0.216	0.230	0.223	0.218	0.221	0.227	0.233	0.224	0.225	0.218	0.219	0.218	0.213	0.212	0.216	0.217	0.217	0.219	0.232	0.226	0.225	0.220	0.215	0.209	0.213	0.212	0.216	0.213	0.224	0.215	0.233	0.222	0.220	0.213	0.216	0.208	0.214	0.215	0.213	0.219	0.214	0.214	0.226	0.220	0.223	0.223	0.215	0.212	0.217	0.215	0.214	0.215	0.220	0.215	0.227	0.231	0.226	0.219	0.218	0.225	0.218	0.217	0.226	0.218	0.235	0.223	0.225	0.231	0.228	0.223	0.216	0.229	0.215	0.220	0.217	0.219	0.223	0.220	0.229
11:00:41	34.7	0.232	0.226	0.229	0.224	0.225	0.228	0.230	0.231	0.226	0.231	0.230	0.236	0.227	0.225	0.218	0.221	0.212	0.220	0.233	0.227	0.221	0.224	0.230	0.237	0.228	0.228	0.220	0.222	0.220	0.215	0.215	0.218	0.220	0.219	0.221	0.234	0.231	0.228	0.223	0.217	0.212	0.217	0.215	0.219	0.215	0.226	0.217	0.235	0.226	0.223	0.217	0.219	0.210	0.217	0.219	0.216	0.220	0.215	0.218	0.229	0.223	0.227	0.227	0.217	0.215	0.221	0.218	0.214	0.218	0.223	0.218	0.231	0.235	0.229	0.223	0.221	0.229	0.221	0.220	0.229	0.220	0.239	0.225	0.228	0.236	0.231	0.226	0.218	0.232	0.218	0.222	0.220	0.222	0.226	0.224	0.232
12:00:42	34.7	0.235	0.229	0.232	0.226	0.227	0.230	0.232	0.234	0.229	0.233	0.233	0.239	0.230	0.227	0.220	0.222	0.215	0.221	0.234	0.228	0.223	0.226	0.232	0.239	0.231	0.230	0.223	0.225	0.223	0.218	0.216	0.220	0.222	0.221	0.224	0.236	0.233	0.231	0.225	0.219	0.214	0.219	0.217	0.221	0.218	0.227	0.219	0.237	0.229	0.225	0.219	0.222	0.213	0.219	0.221	0.219	0.223	0.218	0.220	0.231	0.226	0.229	0.229	0.219	0.217	0.223	0.221	0.217	0.221	0.225	0.229	0.234	0.237	0.231	0.225	0.224	0.231	0.224	0.222	0.232	0.222	0.240	0.227	0.231	0.240	0.234	0.229	0.222	0.234	0.221	0.224	0.226	0.223	0.228	0.226	0.234
13:00:43	34.7	0.237	0.231	0.234	0.228	0.229	0.232	0.234	0.236	0.231	0.235	0.234	0.241	0.232	0.229	0.222	0.222	0.218	0.222	0.236	0.230	0.225	0.228	0.232	0.241	0.234	0.232	0.225	0.226	0.223	0.220	0.219	0.222	0.223	0.223	0.225	0.238	0.235	0.233	0.228	0.221	0.216	0.221	0.218	0.223	0.219	0.229	0.221	0.239	0.231	0.227	0.221	0.224	0.215	0.221	0.223	0.220	0.224	0.220	0.223	0.234	0.228	0.231	0.231	0.221	0.219	0.225	0.227	0.218	0.222	0.227	0.222	0.236	0.240	0.234	0.227	0.227	0.232	0.226	0.224	0.233	0.224	0.242	0.229	0.233	0.241	0.236	0.231	0.223	0.236	0.224	0.226	0.223	0.225	0.230	0.228	0.235
14:00:43	34.7	0.239	0.233	0.235	0.229	0.230	0.233	0.235	0.237	0.232	0.237	0.236	0.243	0.234	0.231	0.223	0.224	0.220	0.225	0.237	0.232	0.227	0.230	0.234	0.242	0.235	0.234	0.227	0.227	0.224	0.221	0.220	0.223	0.225	0.225	0.227	0.239	0.237	0.234	0.229	0.223	0.217	0.222	0.220	0.224	0.221	0.231	0.222	0.240	0.232	0.228	0.222	0.224	0.216	0.222	0.225	0.222	0.225	0.222	0.225	0.238	0.230	0.232	0.232	0.223	0.220	0.227	0.224	0.220	0.224	0.228	0.224	0.238	0.241	0.235	0.229	0.230	0.234	0.226	0.226	0.235	0.226	0.244	0.231	0.234	0.244	0.237	0.232	0.225	0.237	0.225	0.228	0.225	0.226	0.232	0.229	0.237
15:00:44	34.7	0.240	0.234	0.236	0.230	0.231	0.235	0.237	0.238	0.233	0.238	0.237	0.245	0.235	0.232	0.224	0.225	0.221	0.226	0.238	0.233	0.228	0.231	0.235	0.243	0.236	0.235	0.228	0.228	0.225	0.222	0.222	0.224	0.226	0.226	0.228	0.239	0.238	0.236	0.231	0.224	0.219	0.223	0.221	0.225	0.222	0.232	0.224	0.241	0.233	0.229	0.223	0.225	0.218	0.223	0.226	0.223	0.227	0.223	0.226	0.236	0.232	0.234	0.234	0.225	0.223	0.227	0.225	0.222	0.225	0.230	0.225	0.239	0.243	0.236	0.230	0.231	0.235	0.228	0.227	0.236	0.227	0.245	0.232	0.235	0.245	0.239	0.233	0.226	0.239	0.226	0.229	0.226	0.228	0.233	0.230	0.238
16:00:44	34.7	0.242	0.234	0.238	0.231	0.232	0.235	0.237	0.239	0.234	0.240	0.238	0.246	0.236	0.233	0.225	0.226	0.222	0.227	0.239	0.233	0.229	0.232	0.236	0.244	0.237	0.236	0.229	0.230	0.226	0.224	0.223	0.226	0.227	0.227	0.229	0.239	0.239	0.237	0.232	0.225	0.221	0.224	0.222	0.226	0.223	0.233	0.225	0.242	0.235	0.230	0.224	0.226	0.219	0.224	0.227	0.224	0.227	0.224	0.228	0.237	0.233	0.235	0.235	0.226	0.225	0.229	0.226	0.229	0.227	0.231	0.226	0.240	0.244	0.238	0.232	0.231	0.236	0.229	0.228	0.237	0.228	0.245	0.233	0.236	0.246	0.240	0.234	0.227	0.240	0.227	0.230	0.227	0.229	0.234	0.231	0.239
17:00:45	34.7	0.242	0.235	0.238	0.232	0.233	0.236	0.238	0.240	0.235	0.240	0.239	0.246	0.237	0.234	0.226	0.227	0.224	0.228	0.240	0.235	0.230	0.233	0.237	0.245	0.238	0.238	0.230	0.230	0.226	0.225	0.224	0.226	0.228	0.229	0.230	0.240	0.241	0.238	0.233	0.226	0.222	0.225	0.223	0.227	0.224	0.234	0.226	0.243	0.235	0.232	0.225	0.227	0.220	0.225	0.228	0.225	0.228	0.225	0.229	0.241	0.234	0.236	0.236	0.228	0.226	0.230	0.230	0.225	0.227	0.232	0.227	0.241	0.245	0.239	0.233	0.233	0.238	0.230	0.229	0.238	0.229	0.246	0.233	0.237	0.247	0.241	0.235	0.228	0.241	0.228	0.231	0.228	0.230	0.234	0.232	0.240
18:00:45	34.7	0.243	0.236	0.239	0.233	0.234	0.236	0.239	0.240	0.235	0.241	0.239	0.247	0.237	0.235	0.226	0.230	0.225	0.228	0.241	0.235	0.231	0.234	0.237	0.245	0.239	0.238	0.231	0.231	0.227	0.225	0.224	0.227	0.229	0.229	0.230	0.241	0.241	0.238	0.234	0.227	0.223	0.227	0.224	0.227	0.225	0.234	0.227	0.244	0.236	0.232	0.226	0.228	0.221	0.226	0.229	0.225	0.228	0.226	0.230	0.238	0.236	0.237	0.237	0.228	0.227	0.231	0.228	0.226	0.228	0.233	0.228	0.241	0.246	0.240	0.234	0.233	0.239	0.230	0.230	0.239	0.229	0.247	0.234	0.237	0.247	0.241	0.235	0.228	0.241	0.229	0.232	0.229	0.230	0.235	0.233	0.240
19:00:46	34.7	0.243	0.237	0.239	0.233	0.234	0.236	0.239	0.240	0.236	0.241	0.240	0.247	0.238	0.236	0.227	0.228	0.226	0.229	0.241	0.236	0.232	0.234	0.238	0.245	0.240	0.239	0.232	0.232	0.228	0.227	0.225	0.227	0.229	0.229	0.231	0.241	0.241	0.239	0.235	0.228	0.224	0.227	0.225	0.228	0.225	0.235	0.228	0.245	0.236	0.233	0.227	0.228	0.222	0.227	0.230	0.226	0.229	0.226	0.230	0.239	0.236	0.238	0.237	0.229	0.228	0.232	0.229	0.229	0.229	0.233	0.229	0.242	0.247	0.241	0.234	0.234	0.239	0.231	0.231	0.239	0.230	0.248	0.234	0.238	0.248	0.242	0.236	0.229	0.242	0.229	0.232	0.229	0.230	0.236	0.233	0.241
20:00:47	34.9	0.244	0.238	0.239	0.234	0.234	0.237	0.239	0.240	0.236	0.241	0.240	0.247	0.238	0.236	0.227	0.229	0.227	0.230	0.242	0.236	0.232	0.235	0.238	0.245	0.240	0.239	0.232	0.232	0.228	0.227	0.226	0.227	0.230	0.230	0.231	0.241	0.242	0.240	0.235	0.228	0.224	0.228	0.225	0.228	0.226	0.235	0.228	0.244	0.237	0.233	0.227	0.228	0.224	0.227	0.230	0.227	0.229	0.227	0.231	0.239	0.237	0.238	0.238	0.230	0.228	0.233	0.229	0.227	0.230	0.234	0.229	0.241	0.247	0.241	0.234	0.234	0.239	0.232	0.231	0.240	0.230	0.248	0.234	0.238	0.249	0.242	0.236	0.229	0.243	0.230	0.232	0.229	0.230	0.236	0.233	0.241
21:00:47	34.9	0.243	0.238	0.240	0.234	0.234	0.237	0.240	0.240	0.236	0.242	0.241	0.246	0.238	0.236	0.228	0.229	0.227	0.230	0.242	0.236	0.232	0.235	0.238	0.245	0.240	0.240	0.232	0.232	0.228	0.227	0.226	0.228	0.230	0.230	0.231	0.241	0.242	0.240	0.235	0.228	0.225	0.228	0.225	0.228	0.226	0.235	0.228	0.244	0.237	0.233	0.228	0.229	0.224	0.227	0.231	0.227	0.229	0.227	0.231	0.239	0.237	0.238	0.238	0.230	0.229	0.232	0.230	0.228	0.230	0.234	0.230	0.242	0.247	0.242	0.235	0.234	0.240	0.232	0.231	0.240	0.230	0.248	0.234	0.237	0.249	0.242	0.236	0.229	0.242	0.230	0.233	0.229	0.230	0.236	0.234	0.242
22:00:47	34.9	0.243	0.238	0.240	0.234	0.234	0.238	0.240	0.240	0.236	0.242	0.241	0.247	0.238	0.236	0.228	0.230	0.227	0.230	0.242	0.237	0.232	0.235	0.239	0.245	0.240	0.240	0.232	0.232	0.228	0.227	0.226	0.228	0.230	0.230	0.231	0.241	0.242	0.240	0.235	0.228	0.226	0.228	0.225	0.228	0.227	0.235	0.229	0.245	0.237	0.234	0.228	0.228	0.225	0.228	0.231	0.228	0.229	0.227	0.230	0.239	0.237	0.238	0.238	0.230	0.230	0.233	0.230	0.229	0.230	0.234	0.229	0.241	0.247	0.242	0.235	0.235	0.241	0.232	0.231	0.241	0.230	0.248	0.234	0.237	0.249	0.242	0.236	0.229	0.242	0.230	0.233	0.229	0.230	0.236	0.234	0.242
23:00:48	34.9	0.242	0.237	0.241	0.235	0.234	0.238	0.240	0.240	0.236	0.243	0.241	0.247	0.239	0.236	0.228	0.229	0.228	0.230	0.242	0.237	0.232	0.235	0.239	0.245	0.240	0.239	0.232	0.233	0.228	0.227	0.226	0.229	0.230	0.230	0.231	0.241	0.242	0.240	0.235	0.229	0.226	0.228	0.226	0.228	0.227	0.235	0.228	0.244	0.236	0.234	0.228	0.229	0.225	0.228	0.232	0.228	0.229	0.227	0.229	0.239	0.237	0.238	0.238	0.230	0.230	0.233	0.230	0.229	0.230	0.234	0.230	0.240	0.246	0.242	0.235	0.235	0.240	0.232	0.231	0.241	0.230	0.247	0.234	0.237	0.248	0.242	0.236	0.229	0.242	0.230	0.232	0.229	0.231	0.236	0.234	0.242
0:00:00																																																																																																	

Results
	1	2	3	4	5	6	7	8	9	10	11	12
A	0.087	0.082	0.069	0.068	0.078	0.075	0.077	0.079	0.077	0.079	0.072	0.087	Max V [600]
	0.999	0.999	0.999	0.999	0.999	0.999	1.000	0.998	1.000	1.000	0.997	1.000	R-Squared [600]
	6:00:37	6:00:37	7:00:38	7:00:38	8:00:39	7:00:38	7:00:38	6:00:37	8:00:39	7:00:38	7:00:38	7:00:38	t at Max V [600]
	1:42:45	1:52:01	1:47:34	1:45:29	1:56:58	2:10:41	1:37:32	1:37:41	2:02:37	2:11:51	3:06:40	1:54:13	Lagtime [600]
B	0.079	0.072	0.062	0.068	0.056	0.070	0.067	0.068	0.070	0.069	0.068	0.072	Max V [600]
	1.000	1.000	1.000	0.995	0.992	0.999	0.998	0.999	1.000	0.998	0.999	0.999	R-Squared [600]
	7:00:38	8:00:39	6:00:37	9:00:40	8:00:39	9:00:40	8:00:39	7:00:38	8:00:39	8:00:39	8:00:39	9:00:40	t at Max V [600]
	1:51:13	2:30:58	1:24:25	2:24:41	1:57:42	2:35:18	3:07:52	1:58:11	2:19:25	2:14:10	2:05:48	3:43:10	Lagtime [600]
C	0.082	0.071	0.063	0.060	0.045	0.059	0.061	0.062	0.057	0.071	0.066	0.075	Max V [600]
	0.999	0.999	0.999	0.999	0.996	1.000	0.996	0.998	0.997	0.986	0.999	0.998	R-Squared [600]
	7:00:38	8:00:39	7:00:38	8:00:39	8:00:39	7:00:38	8:00:39	8:00:39	8:00:39	8:00:39	8:00:39	8:00:39	t at Max V [600]
	1:59:13	2:07:49	2:02:56	1:44:33	2:51:14	1:54:47	2:28:30	2:18:34	2:18:41	2:59:01	2:07:48	2:16:21	Lagtime [600]
D	0.078	0.066	0.064	0.060	0.049	0.059	0.062	0.058	0.064	0.060	0.065	0.076	Max V [600]
	0.999	1.000	0.998	0.998	1.000	0.999	0.996	0.999	1.000	0.992	0.999	0.997	R-Squared [600]
	7:00:38	7:00:38	8:00:39	8:00:39	8:00:39	8:00:39	8:00:39	8:00:39	8:00:39	8:00:39	8:00:39	8:00:39	t at Max V [600]
	2:12:12	1:51:46	1:59:56	1:46:00	2:09:04	2:20:36	2:40:40	2:26:00	3:57:07	4:13:37	1:50:25	2:01:52	Lagtime [600]
E	0.075	0.064	0.065	0.061	0.050	0.061	0.058	0.059	0.055	0.062	0.060	0.064	Max V [600]
	0.999	0.999	0.999	0.999	0.998	0.999	0.999	1.000	1.000	0.999	1.000	1.000	R-Squared [600]
	7:00:38	7:00:38	7:00:38	7:00:38	9:00:40	8:00:39	7:00:38	8:00:39	8:00:39	8:00:39	7:00:38	8:00:39	t at Max V [600]
	1:50:12	2:34:42	1:47:08	2:00:04	1:45:27	2:42:12	1:56:06	2:11:28	6:21:53	1:58:37	1:38:34	2:07:07	Lagtime [600]
F	0.063	0.067	0.062	0.063	0.053	0.061	0.066	0.061	0.064	0.065	0.075	0.068	Max V [600]
	0.998	0.999	0.999	0.999	0.997	0.999	1.000	0.987	1.000	0.999	0.905	0.999	R-Squared [600]
	9:00:40	7:00:38	8:00:39	8:00:39	9:00:40	8:00:39	8:00:39	8:00:39	8:00:39	7:00:38	10:00:40	7:00:38	t at Max V [600]
	1:39:04	1:37:05	1:55:05	1:32:22	1:56:12	2:18:41	2:58:54	2:39:48	2:50:23	2:03:09	3:13:51	2:16:02	Lagtime [600]
G	0.081	0.070	0.069	0.065	0.067	0.064	0.064	0.065	0.066	0.085	0.058	0.067	Max V [600]
	0.999	0.999	0.999	1.000	0.999	0.999	0.999	1.000	0.999	0.758	0.998	0.998	R-Squared [600]
	7:00:38	7:00:38	7:00:38	7:00:38	8:00:39	8:00:39	8:00:39	8:00:39	7:00:38	4:00:36	6:00:37	7:00:38	t at Max V [600]
	1:43:30	1:35:36	1:41:55	1:41:22	2:20:39	2:13:01	1:42:00	2:05:11	2:09:23	5:19:49	1:50:10	2:55:13	Lagtime [600]
H	0.087	0.083	0.079	0.075	0.074	0.074	0.075	0.071	0.066	0.075	0.074	0.083	Max V [600]
	0.999	1.000	1.000	1.000	1.000	1.000	0.999	1.000	0.999	0.999	1.000	0.999	R-Squared [600]
	6:00:37	7:00:38	8:00:39	7:00:38	8:00:39	8:00:39	8:00:39	8:00:39	8:00:39	8:00:39	7:00:38	8:00:39	t at Max V [600]
	1:49:45	1:53:42	2:00:33	1:43:13	1:49:08	1:51:23	2:02:40	1:49:15	3:10:45	2:44:28	1:35:57	1:52:35	Lagtime [600]

