

Software Version	3.11.19



Experiment File Path:	C:\Users\patil-group\Desktop\Sweeteners_stacker\091121_NT5021_45_69_Rep1\NT5021_45_69_Rep1.xpt
Protocol File Path:	C:\Users\Public\Documents\Protocols\Screening-protocol.prt



Plate Number	Plate 5
Date	09/11/2021
Time	15:12:49
Reader Type:	Epoch 2
Reader Serial Number:	2103223
Reading Type	Reader

Procedure Details

Plate Type	96 WELL PLATE
Discontinuous Kinetics	Runtime 1:00:00 (D:HH:MM), Interval 0:01:00, 25 Reads
	Pause after each run
Eject plate on completion	
Shake	Linear: 0:00:30 (HH:MM:SS)
	Frequency: 567 cpm (3 mm)
Read	Absorbance Endpoint
	Full Plate
	Wavelengths:  600
	Read Speed: Normal,  Delay: 100 msec,  Measurements/Data Point: 8

600

Time	T° 600	A1	A2	A3	A4	A5	A6	A7	A8	A9	A10	A11	A12	B1	B2	B3	B4	B5	B6	B7	B8	B9	B10	B11	B12	C1	C2	C3	C4	C5	C6	C7	C8	C9	C10	C11	C12	D1	D2	D3	D4	D5	D6	D7	D8	D9	D10	D11	D12	E1	E2	E3	E4	E5	E6	E7	E8	E9	E10	E11	E12	F1	F2	F3	F4	F5	F6	F7	F8	F9	F10	F11	F12	G1	G2	G3	G4	G5	G6	G7	G8	G9	G10	G11	G12	H1	H2	H3	H4	H5	H6	H7	H8	H9	H10	H11	H12
0:00:34	34.9	0.192	0.194	0.193	0.202	0.195	0.193	0.190	0.199	0.199	0.194	0.195	0.190	0.218	0.194	0.197	0.191	0.203	0.193	0.188	0.192	0.192	0.189	0.202	0.193	0.195	0.197	0.195	0.187	0.191	0.184	0.184	0.189	0.193	0.188	0.191	0.194	0.194	0.192	0.188	0.191	0.203	0.185	0.189	0.185	0.197	0.198	0.194	0.202	0.193	0.189	0.190	0.192	0.185	0.181	0.185	0.191	0.183	0.188	0.192	0.192	0.190	0.192	0.207	0.187	0.187	0.185	0.181	0.186	0.187	0.187	0.190	0.205	0.216	0.207	0.194	0.189	0.191	0.190	0.187	0.189	0.190	0.192	0.195	0.195	0.215	0.207	0.201	0.189	0.181	0.182	0.188	0.188	0.183	0.185	0.185	0.195
1:00:34	34.8	0.193	0.193	0.195	0.200	0.195	0.195	0.193	0.199	0.197	0.194	0.198	0.193	0.215	0.197	0.199	0.193	0.204	0.194	0.191	0.194	0.195	0.192	0.205	0.197	0.199	0.200	0.198	0.191	0.192	0.188	0.186	0.191	0.195	0.192	0.194	0.198	0.196	0.196	0.191	0.194	0.204	0.187	0.192	0.188	0.194	0.196	0.197	0.205	0.196	0.192	0.194	0.196	0.189	0.185	0.189	0.194	0.187	0.192	0.196	0.196	0.193	0.195	0.210	0.192	0.190	0.189	0.185	0.190	0.191	0.191	0.194	0.210	0.214	0.205	0.197	0.193	0.195	0.192	0.191	0.192	0.193	0.195	0.198	0.199	0.219	0.210	0.205	0.193	0.184	0.187	0.192	0.191	0.187	0.189	0.189	0.199
2:00:35	34.7	0.195	0.195	0.196	0.199	0.197	0.195	0.195	0.200	0.197	0.195	0.199	0.195	0.216	0.199	0.201	0.195	0.206	0.196	0.193	0.197	0.196	0.194	0.207	0.199	0.200	0.203	0.201	0.195	0.194	0.191	0.190	0.192	0.196	0.194	0.196	0.200	0.199	0.199	0.194	0.197	0.212	0.189	0.194	0.191	0.194	0.194	0.199	0.208	0.198	0.194	0.196	0.198	0.191	0.188	0.192	0.196	0.189	0.194	0.198	0.198	0.196	0.198	0.213	0.197	0.193	0.192	0.188	0.193	0.193	0.194	0.196	0.210	0.216	0.205	0.199	0.196	0.197	0.195	0.193	0.194	0.195	0.198	0.201	0.201	0.222	0.212	0.208	0.195	0.187	0.188	0.195	0.193	0.198	0.191	0.191	0.202
3:00:35	34.7	0.197	0.197	0.198	0.200	0.198	0.196	0.196	0.202	0.199	0.197	0.202	0.197	0.216	0.202	0.203	0.197	0.208	0.197	0.195	0.198	0.198	0.196	0.209	0.201	0.202	0.204	0.202	0.197	0.195	0.193	0.192	0.193	0.198	0.195	0.198	0.202	0.200	0.201	0.196	0.198	0.208	0.191	0.194	0.192	0.195	0.196	0.200	0.210	0.199	0.196	0.198	0.199	0.192	0.189	0.193	0.198	0.191	0.195	0.199	0.200	0.198	0.199	0.211	0.198	0.194	0.193	0.189	0.194	0.194	0.195	0.198	0.212	0.216	0.206	0.201	0.197	0.199	0.195	0.194	0.196	0.197	0.199	0.202	0.203	0.225	0.213	0.210	0.197	0.189	0.189	0.196	0.194	0.194	0.193	0.194	0.204
4:00:36	34.7	0.200	0.200	0.200	0.203	0.200	0.198	0.199	0.205	0.201	0.200	0.204	0.201	0.218	0.203	0.204	0.198	0.210	0.198	0.197	0.200	0.200	0.199	0.211	0.204	0.205	0.205	0.203	0.199	0.195	0.194	0.193	0.195	0.200	0.197	0.200	0.205	0.202	0.202	0.198	0.199	0.209	0.192	0.196	0.194	0.197	0.199	0.202	0.213	0.202	0.198	0.200	0.200	0.193	0.191	0.194	0.199	0.193	0.197	0.202	0.202	0.200	0.201	0.212	0.200	0.195	0.195	0.190	0.196	0.196	0.197	0.200	0.215	0.218	0.207	0.202	0.199	0.200	0.197	0.196	0.197	0.199	0.202	0.205	0.207	0.228	0.215	0.214	0.199	0.192	0.192	0.199	0.197	0.194	0.196	0.197	0.207
5:00:37	34.7	0.204	0.203	0.203	0.203	0.204	0.201	0.202	0.209	0.204	0.203	0.209	0.206	0.222	0.206	0.207	0.200	0.212	0.200	0.200	0.203	0.203	0.202	0.215	0.209	0.208	0.205	0.205	0.201	0.197	0.196	0.196	0.197	0.202	0.200	0.203	0.209	0.206	0.205	0.200	0.201	0.211	0.194	0.198	0.196	0.199	0.204	0.206	0.216	0.205	0.200	0.202	0.202	0.195	0.193	0.197	0.201	0.195	0.200	0.205	0.206	0.204	0.204	0.214	0.202	0.198	0.197	0.193	0.198	0.199	0.200	0.203	0.219	0.222	0.210	0.205	0.202	0.203	0.201	0.199	0.200	0.202	0.205	0.208	0.211	0.233	0.218	0.218	0.203	0.195	0.195	0.203	0.200	0.200	0.201	0.201	0.212
6:00:37	34.7	0.208	0.207	0.207	0.206	0.208	0.205	0.207	0.213	0.208	0.208	0.213	0.211	0.226	0.210	0.210	0.203	0.215	0.203	0.203	0.207	0.206	0.205	0.219	0.213	0.212	0.208	0.208	0.204	0.200	0.199	0.199	0.200	0.205	0.204	0.207	0.214	0.210	0.209	0.203	0.204	0.213	0.197	0.200	0.199	0.202	0.207	0.209	0.221	0.208	0.204	0.205	0.205	0.197	0.196	0.200	0.204	0.199	0.203	0.209	0.210	0.208	0.207	0.215	0.205	0.200	0.201	0.196	0.201	0.202	0.204	0.207	0.224	0.225	0.213	0.209	0.205	0.206	0.204	0.203	0.204	0.205	0.209	0.212	0.215	0.238	0.223	0.223	0.207	0.199	0.199	0.207	0.205	0.203	0.206	0.206	0.217
7:00:38	34.7	0.213	0.212	0.211	0.210	0.212	0.210	0.212	0.217	0.213	0.213	0.219	0.216	0.230	0.214	0.213	0.206	0.219	0.206	0.207	0.212	0.210	0.210	0.223	0.219	0.217	0.212	0.212	0.208	0.203	0.202	0.202	0.203	0.209	0.208	0.212	0.220	0.214	0.212	0.207	0.207	0.216	0.200	0.204	0.203	0.206	0.209	0.214	0.226	0.212	0.207	0.208	0.208	0.200	0.199	0.204	0.208	0.203	0.207	0.213	0.215	0.212	0.211	0.218	0.209	0.203	0.204	0.200	0.205	0.206	0.208	0.212	0.229	0.230	0.217	0.213	0.209	0.210	0.208	0.208	0.208	0.210	0.213	0.216	0.221	0.244	0.228	0.228	0.211	0.203	0.203	0.212	0.209	0.208	0.210	0.211	0.222
8:00:38	34.7	0.218	0.217	0.215	0.215	0.217	0.215	0.217	0.223	0.217	0.218	0.224	0.222	0.234	0.218	0.216	0.209	0.223	0.212	0.211	0.215	0.214	0.214	0.229	0.225	0.222	0.215	0.215	0.212	0.207	0.206	0.206	0.207	0.213	0.212	0.216	0.225	0.219	0.216	0.211	0.211	0.220	0.204	0.207	0.207	0.210	0.212	0.218	0.231	0.217	0.211	0.211	0.212	0.203	0.203	0.208	0.212	0.206	0.211	0.217	0.220	0.217	0.215	0.222	0.213	0.206	0.208	0.203	0.209	0.210	0.213	0.216	0.234	0.232	0.221	0.217	0.214	0.215	0.211	0.211	0.212	0.213	0.218	0.220	0.226	0.250	0.233	0.233	0.216	0.208	0.208	0.217	0.214	0.212	0.216	0.216	0.228
9:00:40	34.7	0.223	0.222	0.219	0.217	0.221	0.219	0.221	0.227	0.222	0.223	0.229	0.228	0.238	0.222	0.219	0.212	0.226	0.214	0.215	0.220	0.218	0.218	0.233	0.230	0.226	0.219	0.219	0.215	0.211	0.209	0.210	0.211	0.216	0.216	0.221	0.230	0.222	0.219	0.214	0.214	0.223	0.208	0.211	0.210	0.213	0.214	0.222	0.236	0.221	0.215	0.215	0.215	0.206	0.207	0.211	0.215	0.210	0.215	0.220	0.225	0.221	0.219	0.225	0.216	0.209	0.212	0.206	0.213	0.214	0.217	0.220	0.238	0.236	0.224	0.221	0.217	0.218	0.216	0.215	0.216	0.218	0.222	0.225	0.231	0.257	0.239	0.237	0.220	0.212	0.212	0.221	0.218	0.215	0.220	0.222	0.234
10:00:41	34.7	0.228	0.226	0.223	0.221	0.225	0.225	0.226	0.231	0.226	0.227	0.234	0.233	0.242	0.225	0.223	0.215	0.230	0.218	0.219	0.224	0.222	0.222	0.237	0.235	0.231	0.223	0.222	0.218	0.214	0.213	0.213	0.214	0.220	0.219	0.224	0.235	0.227	0.223	0.218	0.218	0.225	0.211	0.214	0.214	0.217	0.218	0.226	0.241	0.225	0.218	0.219	0.219	0.209	0.210	0.215	0.218	0.214	0.219	0.224	0.229	0.225	0.222	0.228	0.220	0.212	0.215	0.210	0.217	0.217	0.221	0.223	0.243	0.240	0.228	0.225	0.221	0.222	0.219	0.219	0.220	0.221	0.226	0.228	0.235	0.265	0.246	0.243	0.225	0.217	0.216	0.225	0.222	0.225	0.225	0.226	0.239
11:00:41	34.7	0.232	0.230	0.226	0.224	0.229	0.228	0.230	0.235	0.230	0.231	0.238	0.238	0.245	0.228	0.225	0.219	0.233	0.221	0.223	0.227	0.225	0.226	0.240	0.240	0.235	0.226	0.226	0.222	0.216	0.215	0.216	0.218	0.224	0.223	0.228	0.239	0.231	0.226	0.222	0.221	0.216	0.215	0.218	0.218	0.220	0.223	0.230	0.245	0.229	0.222	0.222	0.221	0.212	0.214	0.219	0.222	0.217	0.223	0.227	0.233	0.229	0.225	0.231	0.223	0.215	0.219	0.212	0.220	0.221	0.224	0.226	0.249	0.243	0.230	0.228	0.224	0.225	0.223	0.223	0.223	0.225	0.229	0.231	0.239	0.275	0.251	0.250	0.229	0.221	0.220	0.229	0.225	0.228	0.228	0.230	0.243
12:00:42	34.7	0.234	0.233	0.229	0.227	0.232	0.231	0.233	0.238	0.233	0.234	0.241	0.240	0.247	0.231	0.227	0.221	0.235	0.223	0.225	0.229	0.228	0.229	0.243	0.243	0.237	0.228	0.228	0.224	0.220	0.218	0.219	0.220	0.226	0.225	0.231	0.243	0.233	0.228	0.224	0.223	0.219	0.217	0.220	0.220	0.223	0.224	0.233	0.248	0.231	0.224	0.224	0.224	0.215	0.216	0.221	0.224	0.219	0.225	0.229	0.235	0.231	0.228	0.233	0.225	0.217	0.221	0.214	0.223	0.223	0.227	0.229	0.250	0.245	0.232	0.231	0.227	0.227	0.225	0.225	0.226	0.227	0.231	0.234	0.242	0.282	0.253	0.254	0.231	0.222	0.223	0.232	0.228	0.226	0.231	0.233	0.246
13:00:43	34.7	0.236	0.235	0.231	0.229	0.234	0.233	0.234	0.240	0.235	0.237	0.243	0.242	0.250	0.232	0.229	0.223	0.237	0.224	0.226	0.231	0.230	0.230	0.246	0.245	0.239	0.230	0.230	0.225	0.221	0.220	0.220	0.222	0.228	0.228	0.233	0.245	0.235	0.230	0.226	0.225	0.220	0.220	0.221	0.222	0.225	0.226	0.234	0.250	0.233	0.226	0.226	0.225	0.217	0.218	0.223	0.226	0.221	0.227	0.231	0.237	0.233	0.230	0.235	0.227	0.220	0.223	0.216	0.225	0.226	0.229	0.232	0.253	0.247	0.234	0.233	0.229	0.230	0.227	0.227	0.229	0.230	0.234	0.236	0.245	0.289	0.256	0.257	0.233	0.225	0.225	0.234	0.230	0.231	0.234	0.235	0.248
14:00:43	34.7	0.237	0.237	0.234	0.232	0.235	0.234	0.236	0.241	0.237	0.239	0.245	0.244	0.250	0.234	0.231	0.226	0.238	0.226	0.228	0.233	0.232	0.232	0.248	0.247	0.241	0.232	0.231	0.227	0.223	0.221	0.222	0.224	0.229	0.229	0.235	0.247	0.236	0.232	0.227	0.227	0.221	0.221	0.223	0.223	0.226	0.228	0.236	0.252	0.234	0.227	0.227	0.227	0.219	0.220	0.224	0.227	0.223	0.229	0.233	0.239	0.235	0.232	0.237	0.229	0.222	0.225	0.217	0.226	0.228	0.231	0.233	0.255	0.249	0.236	0.235	0.231	0.232	0.229	0.228	0.230	0.231	0.236	0.238	0.247	0.290	0.257	0.260	0.234	0.226	0.226	0.236	0.232	0.230	0.236	0.237	0.250
15:00:44	34.7	0.239	0.238	0.236	0.234	0.236	0.236	0.237	0.243	0.238	0.240	0.247	0.245	0.251	0.235	0.232	0.227	0.240	0.227	0.229	0.234	0.233	0.233	0.249	0.249	0.242	0.234	0.232	0.228	0.224	0.223	0.224	0.226	0.231	0.230	0.236	0.248	0.237	0.233	0.229	0.228	0.223	0.222	0.224	0.225	0.228	0.230	0.238	0.253	0.235	0.228	0.229	0.227	0.221	0.220	0.226	0.229	0.224	0.231	0.235	0.240	0.236	0.233	0.238	0.230	0.224	0.226	0.218	0.228	0.229	0.233	0.235	0.256	0.250	0.238	0.236	0.232	0.232	0.231	0.230	0.232	0.233	0.237	0.239	0.248	0.291	0.259	0.262	0.236	0.228	0.228	0.238	0.234	0.236	0.238	0.238	0.251
16:00:44	34.7	0.240	0.239	0.238	0.235	0.237	0.237	0.238	0.244	0.239	0.241	0.248	0.246	0.253	0.237	0.233	0.229	0.241	0.229	0.230	0.235	0.235	0.235	0.250	0.250	0.243	0.235	0.234	0.229	0.225	0.225	0.225	0.227	0.232	0.232	0.238	0.250	0.239	0.234	0.231	0.229	0.224	0.224	0.225	0.226	0.228	0.231	0.239	0.255	0.237	0.231	0.231	0.229	0.222	0.222	0.227	0.230	0.226	0.232	0.236	0.241	0.237	0.234	0.239	0.232	0.226	0.228	0.219	0.229	0.231	0.234	0.237	0.257	0.252	0.239	0.237	0.234	0.234	0.231	0.232	0.233	0.234	0.239	0.240	0.249	0.291	0.261	0.262	0.237	0.229	0.229	0.239	0.236	0.233	0.239	0.239	0.252
17:00:45	34.7	0.241	0.240	0.238	0.236	0.237	0.238	0.239	0.245	0.240	0.242	0.249	0.247	0.253	0.237	0.234	0.230	0.242	0.229	0.231	0.236	0.235	0.236	0.251	0.250	0.244	0.236	0.234	0.230	0.226	0.226	0.226	0.227	0.233	0.232	0.239	0.250	0.239	0.236	0.232	0.231	0.225	0.225	0.227	0.227	0.229	0.232	0.240	0.256	0.237	0.231	0.231	0.230	0.224	0.223	0.228	0.231	0.226	0.233	0.238	0.242	0.238	0.235	0.239	0.234	0.227	0.229	0.220	0.231	0.232	0.235	0.238	0.258	0.252	0.240	0.238	0.234	0.235	0.233	0.232	0.234	0.235	0.240	0.242	0.250	0.290	0.263	0.264	0.238	0.230	0.230	0.240	0.236	0.234	0.240	0.240	0.253
18:00:46	34.7	0.242	0.240	0.239	0.236	0.238	0.239	0.240	0.245	0.241	0.243	0.249	0.247	0.254	0.238	0.235	0.231	0.243	0.230	0.232	0.236	0.237	0.236	0.252	0.250	0.245	0.236	0.235	0.231	0.228	0.227	0.227	0.229	0.234	0.233	0.239	0.251	0.240	0.236	0.233	0.232	0.227	0.226	0.228	0.228	0.230	0.233	0.241	0.256	0.238	0.233	0.232	0.230	0.225	0.224	0.229	0.232	0.227	0.234	0.238	0.242	0.239	0.236	0.240	0.234	0.228	0.230	0.221	0.231	0.233	0.236	0.239	0.258	0.253	0.241	0.239	0.236	0.236	0.234	0.233	0.235	0.236	0.240	0.242	0.251	0.293	0.267	0.263	0.239	0.231	0.231	0.241	0.236	0.235	0.241	0.240	0.253
19:00:46	34.7	0.241	0.241	0.239	0.237	0.239	0.239	0.240	0.245	0.241	0.243	0.249	0.247	0.255	0.239	0.235	0.232	0.244	0.230	0.232	0.237	0.237	0.237	0.252	0.250	0.246	0.237	0.236	0.232	0.228	0.227	0.228	0.230	0.234	0.234	0.240	0.251	0.241	0.237	0.234	0.232	0.229	0.227	0.229	0.229	0.231	0.234	0.242	0.257	0.238	0.233	0.233	0.231	0.226	0.225	0.230	0.232	0.228	0.234	0.239	0.242	0.239	0.237	0.241	0.235	0.229	0.231	0.221	0.232	0.234	0.237	0.240	0.258	0.254	0.242	0.240	0.236	0.237	0.234	0.234	0.235	0.236	0.241	0.243	0.250	0.298	0.269	0.263	0.240	0.231	0.232	0.242	0.237	0.236	0.241	0.240	0.253
20:00:47	34.9	0.241	0.241	0.238	0.236	0.239	0.239	0.240	0.245	0.241	0.244	0.248	0.247	0.254	0.239	0.236	0.233	0.244	0.231	0.233	0.237	0.237	0.238	0.253	0.250	0.246	0.237	0.236	0.232	0.229	0.228	0.228	0.230	0.235	0.234	0.240	0.251	0.241	0.237	0.234	0.233	0.228	0.227	0.229	0.230	0.231	0.234	0.242	0.257	0.239	0.233	0.233	0.231	0.227	0.225	0.230	0.234	0.229	0.235	0.240	0.242	0.240	0.237	0.241	0.236	0.230	0.232	0.222	0.233	0.234	0.237	0.239	0.258	0.254	0.242	0.240	0.237	0.238	0.235	0.235	0.236	0.237	0.241	0.243	0.250	0.301	0.266	0.263	0.240	0.232	0.232	0.242	0.238	0.236	0.241	0.240	0.253
21:00:47	34.9	0.242	0.242	0.239	0.236	0.239	0.240	0.240	0.245	0.241	0.244	0.248	0.247	0.254	0.240	0.236	0.234	0.244	0.231	0.233	0.238	0.238	0.238	0.254	0.251	0.246	0.238	0.236	0.233	0.229	0.228	0.229	0.230	0.236	0.235	0.241	0.251	0.241	0.238	0.235	0.234	0.228	0.228	0.230	0.230	0.232	0.235	0.243	0.256	0.239	0.233	0.234	0.232	0.228	0.226	0.231	0.234	0.229	0.235	0.240	0.242	0.240	0.238	0.242	0.237	0.231	0.232	0.222	0.233	0.235	0.238	0.240	0.258	0.254	0.242	0.241	0.237	0.238	0.236	0.235	0.236	0.237	0.241	0.244	0.250	0.301	0.266	0.264	0.241	0.232	0.233	0.243	0.238	0.235	0.241	0.241	0.253
22:00:47	34.8	0.242	0.241	0.239	0.236	0.239	0.239	0.240	0.244	0.241	0.244	0.248	0.246	0.254	0.240	0.236	0.234	0.244	0.231	0.233	0.238	0.237	0.238	0.253	0.250	0.246	0.238	0.236	0.233	0.230	0.229	0.229	0.231	0.236	0.235	0.241	0.251	0.241	0.238	0.235	0.234	0.229	0.228	0.230	0.230	0.232	0.235	0.242	0.256	0.239	0.233	0.234	0.232	0.228	0.226	0.231	0.234	0.230	0.235	0.240	0.242	0.240	0.238	0.242	0.237	0.231	0.232	0.222	0.233	0.235	0.237	0.240	0.258	0.255	0.243	0.241	0.237	0.238	0.236	0.235	0.236	0.237	0.241	0.244	0.250	0.301	0.266	0.263	0.241	0.232	0.232	0.243	0.238	0.236	0.241	0.240	0.253
23:00:48	34.9	0.242	0.241	0.239	0.236	0.239	0.239	0.240	0.245	0.241	0.244	0.249	0.246	0.254	0.239	0.236	0.235	0.244	0.231	0.233	0.238	0.237	0.238	0.253	0.250	0.246	0.237	0.237	0.233	0.230	0.229	0.229	0.231	0.236	0.235	0.242	0.251	0.241	0.237	0.235	0.234	0.234	0.229	0.230	0.230	0.232	0.235	0.242	0.256	0.239	0.234	0.234	0.232	0.229	0.227	0.232	0.234	0.230	0.235	0.240	0.241	0.240	0.238	0.242	0.237	0.232	0.233	0.222	0.234	0.235	0.238	0.240	0.257	0.255	0.243	0.241	0.237	0.238	0.236	0.235	0.236	0.237	0.241	0.244	0.249	0.303	0.266	0.264	0.241	0.232	0.233	0.243	0.239	0.236	0.241	0.240	0.252
0:00:00																																																																																																	

Results
	1	2	3	4	5	6	7	8	9	10	11	12
A	0.080	0.078	0.067	0.064	0.071	0.081	0.079	0.077	0.076	0.081	0.084	0.092	Max V [600]
	1.000	0.999	1.000	0.987	0.999	0.998	1.000	0.999	0.999	1.000	0.999	1.000	R-Squared [600]
	7:00:39	7:00:39	7:00:39	7:00:39	9:00:40	8:00:39	7:00:39	7:00:39	8:00:39	7:00:39	7:00:39	8:00:39	t at Max V [600]
	2:28:43	3:02:54	2:31:20	4:57:29	2:55:47	3:34:42	2:27:05	3:00:35	3:53:27	3:07:14	2:10:26	2:10:34	Lagtime [600]
B	0.069	0.063	0.053	0.053	0.059	0.059	0.064	0.068	0.066	0.071	0.076	0.091	Max V [600]
	0.999	1.000	0.999	0.998	1.000	0.986	1.000	0.998	0.999	0.999	0.999	1.000	R-Squared [600]
	7:00:39	7:00:39	8:00:39	9:00:40	8:00:39	8:00:39	7:00:39	8:00:39	7:00:39	7:00:39	7:00:39	8:00:39	t at Max V [600]
	4:07:00	1:42:03	1:53:44	2:27:11	2:27:15	3:01:24	2:04:10	2:17:39	2:21:17	2:10:02	2:14:19	2:14:53	Lagtime [600]
C	0.078	0.061	0.058	0.059	0.058	0.056	0.060	0.060	0.063	0.066	0.073	0.087	Max V [600]
	1.000	1.000	1.000	1.000	0.995	0.999	0.999	1.000	1.000	0.999	1.000	1.000	R-Squared [600]
	8:00:39	8:00:39	8:00:39	8:00:39	7:00:39	8:00:39	8:00:39	8:00:39	8:00:39	7:00:39	7:00:39	7:00:39	t at Max V [600]
	2:23:50	3:02:51	2:11:50	1:13:21	3:24:31	1:30:38	1:49:49	2:57:03	2:49:49	1:56:31	2:12:41	2:01:23	Lagtime [600]
D	0.071	0.059	0.062	0.059	0.052	0.061	0.058	0.062	0.060	0.057	0.071	0.084	Max V [600]
	0.998	0.997	0.999	1.000	0.996	1.000	1.000	1.000	0.999	0.986	0.999	1.000	R-Squared [600]
	8:00:39	6:00:37	8:00:39	8:00:39	7:00:39	8:00:39	8:00:39	9:00:40	8:00:39	9:00:40	7:00:39	8:00:39	t at Max V [600]
	2:24:03	1:18:34	1:44:58	2:22:24	2:28:39	2:43:50	2:43:18	2:04:27	4:23:04	3:58:39	2:23:19	2:16:48	Lagtime [600]
E	0.070	0.061	0.059	0.056	0.051	0.060	0.062	0.059	0.063	0.064	0.066	0.078	Max V [600]
	0.999	1.000	0.999	1.000	0.999	0.999	0.999	0.999	0.999	1.000	0.999	1.000	R-Squared [600]
	8:00:39	8:00:39	9:00:40	8:00:39	9:00:40	8:00:39	9:00:40	7:00:39	8:00:39	7:00:39	7:00:39	8:00:39	t at Max V [600]
	2:15:05	1:55:01	2:00:13	2:11:12	2:10:49	2:02:32	1:52:18	2:13:11	1:57:23	2:02:54	1:48:23	2:05:26	Lagtime [600]
F	0.072	0.064	0.054	0.059	0.050	0.062	0.057	0.064	0.064	0.069	0.070	0.083	Max V [600]
	1.000	0.998	1.000	1.000	0.999	0.999	0.999	1.000	0.999	1.000	0.999	0.999	R-Squared [600]
	7:00:39	8:00:39	8:00:39	8:00:39	9:00:40	8:00:39	8:00:39	8:00:39	7:00:39	8:00:39	7:00:39	9:00:40	t at Max V [600]
	1:47:54	1:57:06	3:38:47	0:45:01	1:42:09	1:56:40	1:28:10	2:01:10	2:03:22	1:51:36	1:47:32	2:24:10	Lagtime [600]
G	0.060	0.059	0.067	0.065	0.064	0.065	0.067	0.066	0.067	0.071	0.069	0.084	Max V [600]
	0.997	0.999	0.999	0.998	0.998	1.000	0.999	1.000	0.999	0.999	0.999	1.000	R-Squared [600]
	8:00:39	8:00:39	7:00:39	8:00:39	7:00:39	8:00:39	7:00:39	7:00:39	8:00:39	7:00:39	7:00:39	7:00:39	t at Max V [600]
	3:31:44	4:18:24	2:13:25	1:56:16	1:58:43	2:19:59	2:01:28	2:04:41	2:13:37	2:02:25	1:48:07	1:59:16	Lagtime [600]
H	0.137	0.098	0.093	0.076	0.074	0.071	0.076	0.074	0.088	0.082	0.085	0.093	Max V [600]
	0.997	0.995	0.993	0.998	0.998	1.000	0.998	1.000	0.970	0.999	0.999	0.999	R-Squared [600]
	10:00:40	9:00:40	9:00:40	8:00:39	8:00:39	9:00:40	7:00:39	7:00:39	9:00:40	7:00:39	7:00:39	8:00:39	t at Max V [600]
	3:49:01	3:35:50	2:18:54	2:14:24	1:50:00	2:05:05	1:43:02	2:16:19	2:26:46	1:52:38	1:56:01	2:06:46	Lagtime [600]

