

Software Version	3.11.19



Experiment File Path:	C:\Users\patil-group\Desktop\Sweeteners_stacker\121121_NT5025_42_78_Rep3\NT5025_42_78.xpt
Protocol File Path:	C:\Users\Public\Documents\Protocols\Screening-protocol.prt



Plate Number	Plate 10
Date	12/11/2021
Time	14:50:09
Reader Type:	Epoch 2
Reader Serial Number:	2103223
Reading Type	Reader

Procedure Details

Plate Type	96 WELL PLATE
Discontinuous Kinetics	Runtime 1:00:00 (D:HH:MM), Interval 0:01:00, 25 Reads
	Pause after each run
Eject plate on completion	
Shake	Linear: 0:00:30 (HH:MM:SS)
	Frequency: 567 cpm (3 mm)
Read	Absorbance Endpoint
	Full Plate
	Wavelengths:  600
	Read Speed: Normal,  Delay: 100 msec,  Measurements/Data Point: 8

600

Time	T° 600	A1	A2	A3	A4	A5	A6	A7	A8	A9	A10	A11	A12	B1	B2	B3	B4	B5	B6	B7	B8	B9	B10	B11	B12	C1	C2	C3	C4	C5	C6	C7	C8	C9	C10	C11	C12	D1	D2	D3	D4	D5	D6	D7	D8	D9	D10	D11	D12	E1	E2	E3	E4	E5	E6	E7	E8	E9	E10	E11	E12	F1	F2	F3	F4	F5	F6	F7	F8	F9	F10	F11	F12	G1	G2	G3	G4	G5	G6	G7	G8	G9	G10	G11	G12	H1	H2	H3	H4	H5	H6	H7	H8	H9	H10	H11	H12
0:00:34	34.4	0.177	0.165	0.175	0.164	0.167	0.162	0.167	0.178	0.168	0.163	0.170	0.161	0.176	0.169	0.170	0.165	0.174	0.163	0.171	0.172	0.178	0.171	0.165	0.164	0.169	0.169	0.169	0.167	0.171	0.167	0.163	0.178	0.166	0.163	0.164	0.168	0.182	0.197	0.168	0.170	0.169	0.172	0.165	0.171	0.172	0.170	0.170	0.167	0.172	0.175	0.174	0.170	0.175	0.174	0.168	0.176	0.178	0.165	0.181	0.164	0.180	0.159	0.170	0.174	0.184	0.166	0.165	0.176	0.168	0.178	0.165	0.164	0.184	0.174	0.164	0.186	0.170	0.171	0.175	0.170	0.175	0.167	0.170	0.168	0.168	0.167	0.176	0.166	0.166	0.169	0.174	0.164	0.166	0.167	0.166	0.166
1:00:31	34.7	0.185	0.173	0.182	0.172	0.175	0.170	0.174	0.186	0.177	0.172	0.179	0.170	0.183	0.176	0.176	0.171	0.180	0.170	0.178	0.179	0.184	0.178	0.174	0.172	0.177	0.176	0.175	0.174	0.177	0.173	0.169	0.184	0.172	0.170	0.172	0.176	0.190	0.201	0.174	0.177	0.175	0.178	0.172	0.177	0.178	0.176	0.177	0.175	0.182	0.183	0.180	0.175	0.180	0.180	0.174	0.177	0.183	0.172	0.188	0.173	0.189	0.167	0.177	0.178	0.189	0.173	0.172	0.182	0.175	0.184	0.172	0.172	0.193	0.182	0.172	0.193	0.177	0.177	0.181	0.176	0.183	0.174	0.178	0.176	0.178	0.175	0.184	0.174	0.175	0.176	0.181	0.172	0.174	0.175	0.174	0.175
2:00:32	34.8	0.199	0.187	0.195	0.185	0.187	0.183	0.186	0.199	0.190	0.188	0.192	0.184	0.197	0.189	0.189	0.184	0.191	0.182	0.188	0.191	0.196	0.190	0.186	0.186	0.191	0.188	0.186	0.186	0.188	0.184	0.180	0.195	0.184	0.182	0.183	0.190	0.203	0.210	0.185	0.188	0.186	0.190	0.183	0.189	0.190	0.186	0.189	0.184	0.196	0.196	0.192	0.188	0.191	0.192	0.185	0.190	0.194	0.184	0.200	0.186	0.202	0.181	0.188	0.189	0.200	0.185	0.183	0.192	0.186	0.195	0.185	0.186	0.208	0.195	0.185	0.205	0.190	0.188	0.194	0.189	0.196	0.189	0.191	0.191	0.193	0.190	0.199	0.188	0.188	0.190	0.194	0.185	0.187	0.190	0.188	0.190
3:00:32	34.9	0.220	0.208	0.215	0.204	0.206	0.202	0.205	0.218	0.209	0.206	0.213	0.204	0.217	0.208	0.207	0.202	0.209	0.200	0.206	0.210	0.214	0.208	0.206	0.205	0.210	0.207	0.205	0.204	0.207	0.202	0.198	0.213	0.203	0.199	0.204	0.208	0.222	0.228	0.203	0.206	0.206	0.208	0.201	0.206	0.209	0.204	0.207	0.204	0.217	0.215	0.211	0.206	0.209	0.209	0.203	0.208	0.212	0.202	0.221	0.207	0.223	0.200	0.207	0.207	0.217	0.203	0.201	0.210	0.205	0.213	0.205	0.206	0.230	0.216	0.205	0.226	0.210	0.207	0.212	0.207	0.216	0.209	0.212	0.212	0.216	0.212	0.219	0.208	0.207	0.209	0.213	0.205	0.207	0.211	0.208	0.212
04:00:34	34.9	0.232	0.221	0.228	0.219	0.222	0.217	0.221	0.233	0.223	0.219	0.226	0.217	0.23	0.225	0.223	0.218	0.225	0.215	0.22	0.225	0.227	0.223	0.219	0.218	0.225	0.223	0.221	0.222	0.223	0.218	0.214	0.229	0.219	0.215	0.217	0.221	0.237	0.244	0.22	0.223	0.221	0.224	0.217	0.222	0.223	0.218	0.224	0.218	0.231	0.23	0.227	0.223	0.223	0.224	0.219	0.224	0.227	0.217	0.229	0.219	0.236	0.213	0.222	0.222	0.232	0.217	0.216	0.225	0.22	0.227	0.218	0.218	0.244	0.23	0.221	0.24	0.225	0.222	0.227	0.223	0.231	0.223	0.227	0.225	0.232	0.228	0.234	0.224	0.222	0.225	0.227	0.219	0.221	0.224	0.221	0.224
05:00:34	34.9	0.259	0.247	0.254	0.242	0.246	0.242	0.245	0.258	0.248	0.245	0.252	0.243	0.255	0.249	0.248	0.241	0.248	0.241	0.244	0.246	0.25	0.246	0.243	0.242	0.249	0.248	0.247	0.247	0.247	0.24	0.237	0.253	0.244	0.237	0.241	0.245	0.261	0.266	0.243	0.245	0.244	0.247	0.24	0.246	0.246	0.244	0.246	0.243	0.254	0.254	0.251	0.244	0.247	0.247	0.242	0.247	0.25	0.241	0.257	0.245	0.261	0.237	0.252	0.245	0.255	0.241	0.239	0.247	0.243	0.25	0.242	0.242	0.27	0.255	0.249	0.266	0.251	0.247	0.25	0.246	0.257	0.25	0.252	0.253	0.257	0.253	0.265	0.248	0.246	0.249	0.252	0.245	0.247	0.251	0.248	0.252
06:00:34	34.8	0.263	0.254	0.259	0.248	0.251	0.248	0.251	0.261	0.251	0.251	0.259	0.25	0.262	0.256	0.254	0.248	0.255	0.247	0.25	0.254	0.257	0.251	0.252	0.251	0.256	0.256	0.253	0.255	0.255	0.249	0.247	0.261	0.253	0.247	0.251	0.252	0.27	0.273	0.254	0.256	0.255	0.257	0.28	0.254	0.256	0.25	0.256	0.252	0.262	0.262	0.258	0.253	0.257	0.258	0.254	0.259	0.261	0.25	0.262	0.253	0.27	0.248	0.26	0.258	0.266	0.25	0.248	0.259	0.256	0.261	0.251	0.251	0.279	0.266	0.256	0.275	0.259	0.258	0.262	0.257	0.263	0.258	0.262	0.26	0.261	0.258	0.272	0.254	0.263	0.255	0.264	0.254	0.254	0.257	0.271	0.255
07:00:34	34.8	0.263	0.255	0.261	0.25	0.252	0.249	0.252	0.263	0.253	0.253	0.261	0.25	0.263	0.255	0.255	0.25	0.256	0.248	0.25	0.255	0.259	0.252	0.256	0.253	0.257	0.258	0.255	0.255	0.256	0.25	0.247	0.261	0.252	0.247	0.252	0.253	0.273	0.274	0.254	0.258	0.257	0.259	0.28	0.257	0.256	0.251	0.255	0.253	0.264	0.263	0.259	0.253	0.26	0.259	0.255	0.261	0.257	0.252	0.287	0.255	0.271	0.25	0.263	0.26	0.268	0.252	0.25	0.259	0.256	0.262	0.252	0.253	0.28	0.267	0.258	0.277	0.26	0.258	0.262	0.259	0.265	0.26	0.264	0.261	0.263	0.259	0.272	0.255	0.272	0.256	0.267	0.256	0.256	0.258	0.271	0.257
08:00:34	34.8	0.264	0.256	0.261	0.251	0.254	0.249	0.253	0.263	0.254	0.252	0.261	0.251	0.263	0.255	0.255	0.249	0.256	0.249	0.25	0.255	0.258	0.252	0.256	0.254	0.259	0.258	0.255	0.255	0.256	0.251	0.246	0.262	0.253	0.248	0.252	0.254	0.275	0.276	0.255	0.258	0.256	0.26	0.275	0.256	0.256	0.252	0.256	0.255	0.265	0.262	0.261	0.253	0.26	0.26	0.255	0.263	0.264	0.252	0.289	0.257	0.271	0.251	0.261	0.261	0.268	0.252	0.25	0.259	0.257	0.263	0.253	0.254	0.281	0.267	0.257	0.275	0.26	0.259	0.262	0.259	0.266	0.259	0.263	0.261	0.262	0.26	0.273	0.255	0.276	0.257	0.268	0.256	0.257	0.259	0.271	0.258
09:00:34	34.8	0.265	0.256	0.261	0.252	0.253	0.252	0.254	0.264	0.255	0.252	0.262	0.252	0.264	0.256	0.255	0.249	0.256	0.249	0.25	0.255	0.259	0.253	0.258	0.253	0.26	0.258	0.255	0.255	0.256	0.25	0.246	0.262	0.252	0.247	0.253	0.255	0.275	0.275	0.254	0.259	0.257	0.259	0.267	0.258	0.256	0.252	0.256	0.255	0.265	0.262	0.261	0.254	0.261	0.26	0.255	0.261	0.277	0.254	0.297	0.258	0.27	0.251	0.262	0.261	0.268	0.253	0.25	0.259	0.257	0.263	0.252	0.255	0.281	0.268	0.258	0.276	0.26	0.259	0.262	0.259	0.266	0.259	0.263	0.262	0.261	0.259	0.273	0.256	0.277	0.256	0.268	0.257	0.257	0.259	0.271	0.258
10:00:34	34.8	0.263	0.257	0.261	0.252	0.253	0.251	0.254	0.264	0.255	0.252	0.263	0.251	0.263	0.256	0.255	0.248	0.255	0.248	0.25	0.255	0.26	0.253	0.257	0.253	0.259	0.258	0.254	0.253	0.256	0.248	0.246	0.261	0.251	0.246	0.251	0.255	0.275	0.276	0.255	0.258	0.257	0.259	0.267	0.257	0.257	0.252	0.256	0.255	0.265	0.262	0.26	0.254	0.261	0.259	0.254	0.262	0.262	0.252	0.295	0.257	0.269	0.25	0.261	0.26	0.267	0.252	0.25	0.258	0.256	0.262	0.252	0.254	0.28	0.268	0.258	0.276	0.259	0.258	0.261	0.257	0.264	0.258	0.262	0.26	0.261	0.259	0.272	0.255	0.276	0.255	0.268	0.257	0.257	0.259	0.27	0.257
11:00:34	34.7	0.263	0.255	0.261	0.251	0.253	0.25	0.253	0.264	0.255	0.252	0.263	0.251	0.262	0.255	0.254	0.248	0.256	0.247	0.25	0.254	0.26	0.252	0.257	0.252	0.258	0.257	0.254	0.252	0.256	0.248	0.244	0.261	0.251	0.246	0.252	0.255	0.275	0.276	0.255	0.258	0.258	0.259	0.266	0.257	0.255	0.251	0.256	0.254	0.265	0.263	0.26	0.254	0.26	0.259	0.255	0.261	0.262	0.252	0.295	0.257	0.267	0.249	0.261	0.259	0.266	0.253	0.251	0.259	0.256	0.262	0.251	0.253	0.279	0.268	0.257	0.274	0.259	0.257	0.262	0.257	0.263	0.258	0.261	0.26	0.26	0.259	0.272	0.255	0.277	0.255	0.267	0.256	0.256	0.258	0.271	0.257
12:00:34	34.7	0.261	0.255	0.26	0.252	0.252	0.249	0.253	0.263	0.254	0.251	0.262	0.25	0.262	0.256	0.254	0.247	0.255	0.247	0.251	0.254	0.258	0.251	0.257	0.252	0.258	0.257	0.254	0.252	0.256	0.248	0.245	0.261	0.25	0.245	0.251	0.254	0.275	0.276	0.256	0.258	0.258	0.26	0.267	0.256	0.255	0.252	0.255	0.254	0.264	0.262	0.261	0.256	0.261	0.258	0.255	0.261	0.261	0.254	0.294	0.256	0.267	0.248	0.262	0.259	0.267	0.253	0.251	0.258	0.255	0.26	0.252	0.253	0.278	0.268	0.258	0.273	0.259	0.258	0.261	0.258	0.263	0.257	0.261	0.259	0.259	0.257	0.271	0.254	0.277	0.254	0.266	0.256	0.257	0.257	0.27	0.256
13:00:34	34.8	0.261	0.254	0.261	0.251	0.251	0.249	0.252	0.264	0.255	0.251	0.263	0.249	0.261	0.256	0.254	0.248	0.255	0.246	0.249	0.253	0.258	0.251	0.257	0.251	0.258	0.257	0.253	0.251	0.255	0.247	0.245	0.261	0.249	0.245	0.25	0.254	0.273	0.277	0.255	0.258	0.257	0.259	0.266	0.256	0.254	0.251	0.256	0.253	0.264	0.263	0.26	0.255	0.261	0.258	0.254	0.26	0.261	0.251	0.294	0.255	0.265	0.247	0.261	0.26	0.267	0.253	0.251	0.258	0.254	0.26	0.25	0.252	0.276	0.267	0.26	0.273	0.258	0.258	0.261	0.257	0.262	0.257	0.26	0.26	0.259	0.256	0.271	0.253	0.277	0.254	0.268	0.256	0.256	0.258	0.27	0.256
14:00:34	34.7	0.26	0.254	0.26	0.251	0.251	0.249	0.252	0.262	0.255	0.25	0.261	0.248	0.26	0.255	0.255	0.247	0.256	0.247	0.249	0.253	0.258	0.251	0.257	0.251	0.258	0.257	0.253	0.251	0.256	0.247	0.246	0.261	0.249	0.245	0.25	0.252	0.273	0.276	0.256	0.258	0.257	0.259	0.267	0.255	0.255	0.251	0.255	0.254	0.264	0.263	0.26	0.256	0.26	0.258	0.255	0.26	0.261	0.257	0.293	0.256	0.265	0.247	0.261	0.26	0.268	0.253	0.25	0.258	0.254	0.259	0.25	0.251	0.276	0.266	0.258	0.273	0.258	0.258	0.261	0.257	0.262	0.257	0.26	0.259	0.258	0.256	0.271	0.252	0.277	0.254	0.265	0.255	0.255	0.257	0.27	0.256
15:00:34	34.7	0.258	0.253	0.259	0.25	0.252	0.25	0.251	0.263	0.254	0.25	0.26	0.248	0.259	0.255	0.254	0.247	0.255	0.247	0.248	0.252	0.258	0.25	0.256	0.251	0.257	0.257	0.252	0.251	0.256	0.247	0.246	0.26	0.247	0.244	0.25	0.253	0.273	0.276	0.256	0.257	0.257	0.259	0.267	0.255	0.254	0.251	0.254	0.253	0.264	0.264	0.26	0.258	0.26	0.257	0.255	0.26	0.26	0.25	0.293	0.254	0.265	0.246	0.26	0.26	0.268	0.253	0.25	0.258	0.254	0.26	0.251	0.251	0.275	0.265	0.258	0.272	0.258	0.258	0.261	0.257	0.262	0.257	0.259	0.258	0.257	0.256	0.269	0.253	0.278	0.254	0.265	0.254	0.254	0.257	0.269	0.255
16:00:34	34.7	0.259	0.252	0.259	0.251	0.251	0.25	0.251	0.262	0.254	0.251	0.261	0.248	0.259	0.255	0.255	0.248	0.255	0.247	0.25	0.252	0.258	0.251	0.258	0.251	0.257	0.258	0.253	0.25	0.256	0.248	0.246	0.261	0.248	0.245	0.25	0.252	0.273	0.276	0.256	0.257	0.257	0.257	0.266	0.255	0.254	0.25	0.255	0.252	0.263	0.263	0.261	0.259	0.261	0.258	0.254	0.261	0.26	0.251	0.295	0.254	0.265	0.246	0.26	0.26	0.268	0.253	0.25	0.258	0.253	0.258	0.25	0.25	0.275	0.264	0.257	0.273	0.259	0.258	0.261	0.257	0.262	0.256	0.26	0.258	0.258	0.256	0.269	0.253	0.279	0.254	0.264	0.254	0.255	0.257	0.27	0.255
17:00:34	34.7	0.258	0.252	0.258	0.25	0.251	0.249	0.25	0.262	0.253	0.25	0.26	0.247	0.258	0.256	0.255	0.248	0.256	0.247	0.249	0.253	0.259	0.251	0.258	0.251	0.257	0.258	0.254	0.252	0.256	0.248	0.246	0.261	0.249	0.245	0.25	0.252	0.273	0.277	0.256	0.257	0.257	0.257	0.267	0.255	0.254	0.251	0.255	0.252	0.263	0.263	0.261	0.26	0.261	0.257	0.255	0.262	0.261	0.252	0.295	0.254	0.264	0.246	0.263	0.26	0.268	0.253	0.25	0.258	0.254	0.258	0.251	0.25	0.274	0.265	0.257	0.273	0.259	0.258	0.261	0.258	0.262	0.256	0.26	0.258	0.258	0.256	0.269	0.254	0.281	0.253	0.264	0.253	0.255	0.257	0.269	0.255
18:00:34	34.7	0.257	0.252	0.259	0.251	0.251	0.25	0.251	0.262	0.254	0.251	0.26	0.248	0.257	0.256	0.255	0.248	0.256	0.247	0.25	0.253	0.26	0.25	0.258	0.251	0.258	0.258	0.255	0.252	0.257	0.248	0.248	0.261	0.249	0.245	0.251	0.252	0.272	0.276	0.256	0.257	0.257	0.257	0.267	0.255	0.255	0.251	0.256	0.253	0.263	0.262	0.261	0.26	0.263	0.259	0.255	0.262	0.26	0.251	0.295	0.254	0.265	0.247	0.258	0.26	0.268	0.253	0.249	0.259	0.254	0.259	0.251	0.25	0.274	0.264	0.257	0.274	0.259	0.258	0.262	0.258	0.263	0.258	0.261	0.258	0.258	0.257	0.27	0.255	0.283	0.255	0.264	0.254	0.255	0.257	0.269	0.256
19:00:34	34.7	0.258	0.252	0.259	0.251	0.252	0.25	0.251	0.262	0.255	0.253	0.261	0.248	0.257	0.256	0.255	0.248	0.255	0.248	0.251	0.253	0.26	0.251	0.258	0.252	0.257	0.259	0.255	0.253	0.257	0.248	0.247	0.262	0.248	0.245	0.251	0.252	0.272	0.276	0.256	0.257	0.258	0.258	0.267	0.257	0.255	0.252	0.257	0.254	0.264	0.263	0.261	0.262	0.263	0.259	0.256	0.262	0.261	0.252	0.296	0.255	0.265	0.248	0.257	0.26	0.268	0.253	0.25	0.258	0.254	0.259	0.251	0.25	0.274	0.265	0.258	0.275	0.26	0.259	0.261	0.258	0.264	0.258	0.261	0.259	0.259	0.258	0.271	0.255	0.286	0.256	0.264	0.256	0.255	0.257	0.27	0.256
20:00:34	34.8	0.258	0.253	0.259	0.252	0.253	0.251	0.252	0.263	0.255	0.252	0.262	0.25	0.263	0.257	0.256	0.249	0.255	0.248	0.252	0.254	0.26	0.252	0.261	0.252	0.259	0.26	0.256	0.255	0.258	0.249	0.249	0.263	0.25	0.245	0.252	0.252	0.274	0.277	0.257	0.257	0.259	0.259	0.268	0.257	0.256	0.252	0.257	0.254	0.264	0.264	0.262	0.263	0.264	0.261	0.257	0.263	0.262	0.253	0.299	0.255	0.265	0.249	0.258	0.262	0.269	0.254	0.25	0.26	0.256	0.26	0.252	0.251	0.275	0.267	0.258	0.276	0.263	0.259	0.262	0.259	0.265	0.259	0.263	0.26	0.261	0.26	0.272	0.257	0.29	0.258	0.265	0.256	0.256	0.257	0.271	0.257
21:00:34	34.8	0.259	0.255	0.26	0.253	0.255	0.252	0.253	0.264	0.257	0.254	0.264	0.252	0.261	0.258	0.257	0.25	0.257	0.249	0.254	0.255	0.261	0.253	0.262	0.254	0.26	0.261	0.258	0.256	0.259	0.251	0.25	0.263	0.25	0.246	0.253	0.253	0.274	0.278	0.259	0.258	0.261	0.259	0.27	0.259	0.258	0.255	0.259	0.256	0.266	0.266	0.263	0.266	0.265	0.262	0.258	0.264	0.264	0.255	0.299	0.256	0.267	0.251	0.259	0.263	0.27	0.255	0.252	0.262	0.256	0.261	0.253	0.253	0.276	0.269	0.261	0.277	0.263	0.262	0.263	0.26	0.267	0.261	0.264	0.262	0.264	0.262	0.275	0.261	0.297	0.26	0.267	0.257	0.258	0.259	0.273	0.258
22:00:34	34.8	0.261	0.258	0.261	0.255	0.257	0.255	0.255	0.268	0.259	0.255	0.266	0.253	0.26	0.261	0.259	0.252	0.259	0.252	0.256	0.258	0.263	0.255	0.266	0.254	0.262	0.264	0.259	0.26	0.261	0.253	0.252	0.265	0.253	0.248	0.257	0.254	0.277	0.28	0.261	0.26	0.263	0.262	0.271	0.26	0.26	0.257	0.262	0.258	0.268	0.267	0.266	0.27	0.266	0.264	0.259	0.266	0.266	0.258	0.301	0.258	0.269	0.253	0.261	0.265	0.273	0.258	0.254	0.263	0.259	0.263	0.255	0.254	0.279	0.271	0.262	0.28	0.266	0.263	0.265	0.262	0.271	0.264	0.267	0.263	0.268	0.267	0.279	0.264	0.306	0.264	0.268	0.26	0.259	0.262	0.276	0.261
23:00:34	34.8	0.264	0.261	0.262	0.256	0.259	0.258	0.258	0.27	0.262	0.258	0.269	0.257	0.261	0.263	0.261	0.255	0.261	0.254	0.26	0.261	0.266	0.259	0.27	0.258	0.264	0.267	0.262	0.262	0.263	0.255	0.254	0.267	0.253	0.25	0.259	0.256	0.279	0.282	0.263	0.262	0.265	0.265	0.274	0.263	0.264	0.26	0.265	0.261	0.27	0.271	0.268	0.276	0.269	0.266	0.262	0.269	0.268	0.261	0.305	0.261	0.271	0.256	0.264	0.268	0.275	0.261	0.256	0.267	0.262	0.266	0.258	0.257	0.282	0.275	0.266	0.282	0.269	0.266	0.268	0.266	0.273	0.267	0.271	0.266	0.275	0.274	0.286	0.271	0.318	0.27	0.272	0.264	0.263	0.265	0.279	0.264
24:00:34	34.8	0.267	0.264	0.265	0.259	0.264	0.262	0.263	0.276	0.267	0.263	0.273	0.26	0.264	0.267	0.265	0.258	0.265	0.258	0.265	0.266	0.27	0.263	0.276	0.261	0.269	0.271	0.265	0.266	0.267	0.259	0.257	0.27	0.257	0.255	0.265	0.26	0.284	0.286	0.267	0.265	0.27	0.269	0.279	0.268	0.268	0.265	0.271	0.266	0.275	0.276	0.272	0.283	0.274	0.27	0.265	0.271	0.272	0.266	0.309	0.265	0.275	0.262	0.268	0.272	0.279	0.265	0.26	0.271	0.265	0.271	0.263	0.261	0.287	0.28	0.271	0.287	0.274	0.271	0.273	0.271	0.279	0.275	0.277	0.27	0.285	0.284	0.297	0.281	0.325	0.279	0.277	0.269	0.269	0.271	0.284	0.271
25:00:34	34.8	0.274	0.272	0.269	0.264	0.271	0.27	0.271	0.284	0.273	0.269	0.28	0.267	0.269	0.273	0.271	0.264	0.271	0.264	0.272	0.274	0.277	0.271	0.286	0.267	0.275	0.278	0.271	0.271	0.272	0.264	0.263	0.275	0.261	0.259	0.27	0.267	0.29	0.292	0.272	0.272	0.275	0.275	0.284	0.274	0.274	0.272	0.28	0.274	0.281	0.283	0.278	0.293	0.279	0.276	0.27	0.277	0.28	0.274	0.316	0.271	0.282	0.269	0.275	0.278	0.285	0.271	0.267	0.279	0.271	0.277	0.269	0.267	0.294	0.287	0.277	0.295	0.28	0.279	0.28	0.277	0.288	0.283	0.285	0.276	0.295	0.293	0.306	0.291	0.339	0.289	0.284	0.278	0.277	0.279	0.296	0.28
26:00:34	34.8	0.282	0.282	0.276	0.271	0.281	0.28	0.281	0.295	0.282	0.278	0.289	0.276	0.276	0.281	0.278	0.272	0.279	0.272	0.281	0.283	0.285	0.28	0.295	0.277	0.285	0.286	0.278	0.279	0.28	0.27	0.271	0.283	0.269	0.268	0.281	0.274	0.299	0.302	0.281	0.279	0.283	0.282	0.292	0.283	0.283	0.281	0.291	0.284	0.289	0.293	0.285	0.299	0.288	0.283	0.278	0.285	0.287	0.283	0.328	0.28	0.292	0.278	0.284	0.287	0.293	0.28	0.275	0.287	0.28	0.287	0.278	0.275	0.303	0.297	0.287	0.304	0.29	0.288	0.289	0.286	0.297	0.293	0.294	0.286	0.304	0.302	0.314	0.3	0.353	0.296	0.294	0.288	0.287	0.289	0.306	0.29
27:00:34	34.8	0.293	0.291	0.285	0.28	0.288	0.287	0.288	0.301	0.289	0.287	0.298	0.286	0.284	0.292	0.289	0.281	0.287	0.281	0.288	0.289	0.294	0.287	0.301	0.287	0.294	0.295	0.287	0.288	0.289	0.279	0.278	0.29	0.277	0.278	0.289	0.284	0.307	0.309	0.29	0.288	0.293	0.29	0.3	0.291	0.29	0.288	0.296	0.292	0.299	0.3	0.294	0.308	0.295	0.291	0.287	0.293	0.294	0.29	0.334	0.29	0.3	0.285	0.291	0.295	0.3	0.286	0.281	0.293	0.287	0.294	0.286	0.286	0.311	0.305	0.294	0.311	0.297	0.294	0.295	0.294	0.304	0.299	0.301	0.296	0.316	0.316	0.328	0.313	0.373	0.309	0.301	0.294	0.293	0.296	0.315	0.296
0:00:00																																																																																																	
0:00:00																																																																																																	
0:00:00																																																																																																	
0:00:00																																																																																																	
0:00:00																																																																																																	
0:00:00																																																																																																	
0:00:00																																																																																																	
0:00:00																																																																																																	
0:00:00																																																																																																	
0:00:00																																																																																																	
0:00:00																																																																																																	
0:00:00																																																																																																	
0:00:00																																																																																																	
0:00:00																																																																																																	
0:00:00																																																																																																	
0:00:00																																																																																																	
0:00:00																																																																																																	
0:00:00																																																																																																	
0:00:00																																																																																																	
0:00:00																																																																																																	
0:00:00																																																																																																	

Results
	1	2	3	4	5	6	7	8	9	10	11	12
A	?????	?????	?????	?????	?????	?????	?????	?????	?????	?????	?????	?????	Max V [600]
	?????	?????	?????	?????	?????	?????	?????	?????	?????	?????	?????	?????	R-Squared [600]
	?????	?????	?????	?????	?????	?????	?????	?????	?????	?????	?????	?????	t at Max V [600]
	?????	?????	?????	?????	?????	?????	?????	?????	?????	?????	?????	?????	Lagtime [600]
B	?????	?????	?????	?????	?????	?????	?????	?????	?????	?????	?????	?????	Max V [600]
	?????	?????	?????	?????	?????	?????	?????	?????	?????	?????	?????	?????	R-Squared [600]
	?????	?????	?????	?????	?????	?????	?????	?????	?????	?????	?????	?????	t at Max V [600]
	?????	?????	?????	?????	?????	?????	?????	?????	?????	?????	?????	?????	Lagtime [600]
C	?????	?????	?????	?????	?????	?????	?????	?????	?????	?????	?????	?????	Max V [600]
	?????	?????	?????	?????	?????	?????	?????	?????	?????	?????	?????	?????	R-Squared [600]
	?????	?????	?????	?????	?????	?????	?????	?????	?????	?????	?????	?????	t at Max V [600]
	?????	?????	?????	?????	?????	?????	?????	?????	?????	?????	?????	?????	Lagtime [600]
D	?????	?????	?????	?????	?????	?????	?????	?????	?????	?????	?????	?????	Max V [600]
	?????	?????	?????	?????	?????	?????	?????	?????	?????	?????	?????	?????	R-Squared [600]
	?????	?????	?????	?????	?????	?????	?????	?????	?????	?????	?????	?????	t at Max V [600]
	?????	?????	?????	?????	?????	?????	?????	?????	?????	?????	?????	?????	Lagtime [600]
E	?????	?????	?????	?????	?????	?????	?????	?????	?????	?????	?????	?????	Max V [600]
	?????	?????	?????	?????	?????	?????	?????	?????	?????	?????	?????	?????	R-Squared [600]
	?????	?????	?????	?????	?????	?????	?????	?????	?????	?????	?????	?????	t at Max V [600]
	?????	?????	?????	?????	?????	?????	?????	?????	?????	?????	?????	?????	Lagtime [600]
F	?????	?????	?????	?????	?????	?????	?????	?????	?????	?????	?????	?????	Max V [600]
	?????	?????	?????	?????	?????	?????	?????	?????	?????	?????	?????	?????	R-Squared [600]
	?????	?????	?????	?????	?????	?????	?????	?????	?????	?????	?????	?????	t at Max V [600]
	?????	?????	?????	?????	?????	?????	?????	?????	?????	?????	?????	?????	Lagtime [600]
G	?????	?????	?????	?????	?????	?????	?????	?????	?????	?????	?????	?????	Max V [600]
	?????	?????	?????	?????	?????	?????	?????	?????	?????	?????	?????	?????	R-Squared [600]
	?????	?????	?????	?????	?????	?????	?????	?????	?????	?????	?????	?????	t at Max V [600]
	?????	?????	?????	?????	?????	?????	?????	?????	?????	?????	?????	?????	Lagtime [600]
H	?????	?????	?????	?????	?????	?????	?????	?????	?????	?????	?????	?????	Max V [600]
	?????	?????	?????	?????	?????	?????	?????	?????	?????	?????	?????	?????	R-Squared [600]
	?????	?????	?????	?????	?????	?????	?????	?????	?????	?????	?????	?????	t at Max V [600]
	?????	?????	?????	?????	?????	?????	?????	?????	?????	?????	?????	?????	Lagtime [600]

