

Software Version	3.11.19



Experiment File Path:	C:\Users\patil-group\Desktop\Sweeteners_stacker\121121_NT5025_42_78_Rep3\NT5025_42_78.xpt
Protocol File Path:	C:\Users\Public\Documents\Protocols\Screening-protocol.prt



Plate Number	Plate 12
Date	12/11/2021
Time	14:53:51
Reader Type:	Epoch 2
Reader Serial Number:	2103223
Reading Type	Reader

Procedure Details

Plate Type	96 WELL PLATE
Discontinuous Kinetics	Runtime 1:00:00 (D:HH:MM), Interval 0:01:00, 25 Reads
	Pause after each run
Eject plate on completion	
Shake	Linear: 0:00:30 (HH:MM:SS)
	Frequency: 567 cpm (3 mm)
Read	Absorbance Endpoint
	Full Plate
	Wavelengths:  600
	Read Speed: Normal,  Delay: 100 msec,  Measurements/Data Point: 8

600

Time	T° 600	A1	A2	A3	A4	A5	A6	A7	A8	A9	A10	A11	A12	B1	B2	B3	B4	B5	B6	B7	B8	B9	B10	B11	B12	C1	C2	C3	C4	C5	C6	C7	C8	C9	C10	C11	C12	D1	D2	D3	D4	D5	D6	D7	D8	D9	D10	D11	D12	E1	E2	E3	E4	E5	E6	E7	E8	E9	E10	E11	E12	F1	F2	F3	F4	F5	F6	F7	F8	F9	F10	F11	F12	G1	G2	G3	G4	G5	G6	G7	G8	G9	G10	G11	G12	H1	H2	H3	H4	H5	H6	H7	H8	H9	H10	H11	H12
0:00:34	34.4	0.157	0.161	0.163	0.160	0.156	0.159	0.157	0.157	0.168	0.165	0.163	0.165	0.157	0.158	0.157	0.161	0.156	0.169	0.165	0.171	0.169	0.169	0.168	0.173	0.157	0.163	0.157	0.158	0.179	0.165	0.170	0.174	0.166	0.164	0.161	0.182	0.185	0.193	0.194	0.198	0.164	0.158	0.175	0.161	0.201	0.195	0.194	0.233	0.167	0.164	0.167	0.165	0.170	0.165	0.159	0.170	0.164	0.164	0.163	0.162	0.172	0.177	0.173	0.158	0.165	0.165	0.170	0.188	0.163	0.171	0.171	0.168	0.165	0.164	0.178	0.171	0.168	0.163	0.168	0.169	0.169	0.166	0.168	0.167	0.163	0.168	0.160	0.160	0.169	0.167	0.177	0.171	0.169	0.166	0.162	0.163
1:00:31	34.7	0.168	0.169	0.173	0.170	0.167	0.170	0.165	0.165	0.175	0.173	0.172	0.173	0.166	0.167	0.166	0.169	0.165	0.177	0.171	0.177	0.175	0.176	0.176	0.181	0.167	0.171	0.166	0.166	0.185	0.170	0.175	0.180	0.173	0.172	0.169	0.190	0.194	0.200	0.199	0.203	0.169	0.164	0.179	0.167	0.208	0.202	0.201	0.238	0.172	0.169	0.171	0.170	0.179	0.170	0.165	0.176	0.172	0.171	0.171	0.170	0.179	0.183	0.179	0.165	0.170	0.171	0.175	0.193	0.169	0.178	0.178	0.177	0.171	0.172	0.185	0.177	0.174	0.170	0.176	0.176	0.177	0.174	0.176	0.176	0.172	0.175	0.168	0.168	0.176	0.174	0.187	0.177	0.177	0.176	0.171	0.172
2:00:32	34.8	0.183	0.182	0.187	0.183	0.180	0.183	0.178	0.178	0.189	0.188	0.186	0.186	0.180	0.180	0.180	0.182	0.178	0.189	0.184	0.189	0.187	0.189	0.191	0.196	0.180	0.183	0.178	0.176	0.195	0.182	0.186	0.192	0.186	0.185	0.184	0.204	0.205	0.211	0.209	0.213	0.180	0.175	0.189	0.179	0.220	0.213	0.212	0.252	0.185	0.180	0.182	0.180	0.185	0.181	0.177	0.188	0.184	0.184	0.186	0.184	0.191	0.194	0.190	0.176	0.181	0.182	0.186	0.203	0.181	0.191	0.193	0.191	0.184	0.184	0.196	0.189	0.184	0.180	0.186	0.189	0.190	0.188	0.191	0.191	0.185	0.188	0.181	0.181	0.189	0.186	0.199	0.190	0.191	0.189	0.186	0.186
3:00:32	34.8	0.203	0.203	0.206	0.202	0.199	0.203	0.196	0.196	0.207	0.208	0.206	0.206	0.198	0.199	0.198	0.199	0.196	0.206	0.201	0.207	0.204	0.206	0.210	0.215	0.197	0.200	0.196	0.194	0.211	0.198	0.204	0.209	0.204	0.203	0.201	0.223	0.220	0.225	0.224	0.228	0.195	0.191	0.203	0.195	0.236	0.229	0.228	0.264	0.202	0.196	0.198	0.197	0.199	0.197	0.193	0.204	0.201	0.203	0.203	0.204	0.208	0.210	0.206	0.193	0.197	0.198	0.202	0.219	0.200	0.208	0.210	0.209	0.202	0.202	0.214	0.205	0.199	0.197	0.204	0.211	0.209	0.206	0.210	0.211	0.205	0.207	0.200	0.199	0.207	0.203	0.217	0.208	0.210	0.209	0.204	0.204
04:00:34	34.9	0.217	0.218	0.221	0.215	0.214	0.215	0.212	0.211	0.222	0.222	0.22	0.219	0.211	0.212	0.211	0.212	0.209	0.22	0.216	0.221	0.219	0.221	0.225	0.231	0.211	0.213	0.21	0.207	0.239	0.234	0.24	0.252	0.225	0.219	0.218	0.237	0.232	0.238	0.237	0.24	0.214	0.229	0.217	0.245	0.269	0.244	0.239	0.275	0.214	0.211	0.217	0.209	0.228	0.244	0.209	0.218	0.216	0.219	0.22	0.217	0.22	0.224	0.22	0.207	0.213	0.21	0.218	0.234	0.218	0.222	0.223	0.223	0.216	0.216	0.225	0.22	0.213	0.21	0.217	0.221	0.224	0.219	0.223	0.223	0.22	0.222	0.213	0.212	0.22	0.218	0.229	0.22	0.22	0.22	0.215	0.216
05:00:34	34.8	0.238	0.237	0.243	0.236	0.233	0.236	0.229	0.232	0.242	0.241	0.239	0.237	0.232	0.236	0.233	0.234	0.23	0.241	0.236	0.243	0.241	0.242	0.244	0.25	0.234	0.234	0.234	0.231	0.251	0.235	0.243	0.247	0.241	0.24	0.236	0.255	0.256	0.26	0.257	0.26	0.238	0.227	0.239	0.232	0.271	0.263	0.261	0.294	0.232	0.229	0.231	0.227	0.233	0.234	0.231	0.241	0.24	0.242	0.24	0.237	0.245	0.244	0.241	0.231	0.235	0.235	0.236	0.249	0.237	0.244	0.245	0.243	0.239	0.238	0.24	0.242	0.234	0.233	0.241	0.243	0.245	0.239	0.248	0.241	0.241	0.244	0.235	0.236	0.279	0.24	0.269	0.243	0.242	0.242	0.253	0.235
06:00:34	34.8	0.243	0.243	0.248	0.241	0.237	0.24	0.235	0.235	0.247	0.245	0.244	0.244	0.238	0.241	0.239	0.24	0.236	0.247	0.24	0.248	0.246	0.246	0.249	0.254	0.239	0.241	0.24	0.236	0.255	0.24	0.246	0.252	0.247	0.245	0.241	0.26	0.265	0.271	0.271	0.272	0.241	0.232	0.247	0.238	0.282	0.275	0.27	0.304	0.251	0.252	0.249	0.25	0.24	0.24	0.238	0.249	0.254	0.247	0.271	0.242	0.254	0.258	0.255	0.238	0.244	0.241	0.257	0.273	0.258	0.25	0.252	0.248	0.242	0.242	0.246	0.245	0.24	0.239	0.247	0.249	0.25	0.244	0.255	0.247	0.245	0.249	0.242	0.24	0.31	0.246	0.292	0.248	0.248	0.247	0.268	0.241
07:00:34	34.7	0.242	0.243	0.249	0.242	0.24	0.243	0.238	0.237	0.246	0.245	0.244	0.245	0.237	0.242	0.24	0.241	0.237	0.247	0.241	0.248	0.245	0.248	0.25	0.255	0.24	0.242	0.242	0.239	0.257	0.242	0.247	0.251	0.248	0.247	0.244	0.261	0.266	0.275	0.273	0.276	0.245	0.232	0.252	0.24	0.285	0.277	0.271	0.306	0.251	0.251	0.248	0.251	0.241	0.241	0.239	0.251	0.245	0.249	0.276	0.244	0.255	0.259	0.257	0.238	0.245	0.243	0.263	0.276	0.259	0.251	0.253	0.249	0.24	0.242	0.246	0.248	0.242	0.241	0.248	0.249	0.251	0.245	0.254	0.248	0.245	0.248	0.241	0.242	0.381	0.247	0.375	0.249	0.25	0.249	0.282	0.243
08:00:34	34.8	0.241	0.244	0.249	0.242	0.241	0.243	0.239	0.236	0.246	0.247	0.244	0.246	0.238	0.242	0.239	0.241	0.238	0.247	0.241	0.248	0.245	0.246	0.251	0.257	0.238	0.241	0.241	0.24	0.258	0.242	0.247	0.252	0.247	0.247	0.243	0.263	0.265	0.275	0.271	0.277	0.251	0.231	0.259	0.24	0.286	0.277	0.272	0.306	0.251	0.251	0.248	0.25	0.241	0.239	0.239	0.25	0.244	0.248	0.284	0.244	0.254	0.259	0.258	0.237	0.244	0.241	0.264	0.275	0.258	0.252	0.253	0.249	0.24	0.242	0.244	0.247	0.239	0.242	0.25	0.251	0.252	0.245	0.253	0.25	0.242	0.246	0.24	0.239	0.462	0.246	0.277	0.251	0.251	0.25	0.293	0.243
09:00:34	34.8	0.242	0.243	0.248	0.241	0.24	0.242	0.238	0.238	0.246	0.246	0.244	0.244	0.237	0.24	0.239	0.241	0.237	0.248	0.241	0.247	0.244	0.247	0.251	0.257	0.238	0.241	0.242	0.24	0.257	0.242	0.246	0.252	0.247	0.246	0.243	0.262	0.266	0.273	0.271	0.275	0.243	0.23	0.277	0.238	0.285	0.277	0.272	0.304	0.253	0.252	0.248	0.251	0.241	0.24	0.238	0.249	0.245	0.249	0.334	0.245	0.253	0.26	0.257	0.236	0.242	0.24	0.263	0.276	0.258	0.252	0.253	0.249	0.238	0.241	0.244	0.244	0.239	0.239	0.248	0.251	0.253	0.246	0.253	0.25	0.242	0.245	0.239	0.237	0.271	0.244	0.274	0.252	0.252	0.25	0.289	0.244
10:00:34	34.8	0.241	0.243	0.248	0.241	0.24	0.242	0.237	0.236	0.245	0.245	0.244	0.244	0.236	0.24	0.238	0.24	0.236	0.247	0.241	0.246	0.243	0.248	0.251	0.257	0.238	0.241	0.241	0.239	0.257	0.242	0.246	0.251	0.246	0.246	0.243	0.261	0.265	0.273	0.27	0.277	0.242	0.23	0.247	0.24	0.284	0.277	0.271	0.304	0.252	0.249	0.247	0.251	0.242	0.239	0.237	0.247	0.244	0.248	0.39	0.246	0.252	0.257	0.256	0.236	0.242	0.239	0.263	0.275	0.258	0.251	0.253	0.248	0.238	0.24	0.243	0.244	0.237	0.238	0.247	0.251	0.253	0.246	0.253	0.25	0.241	0.245	0.238	0.236	0.266	0.243	0.272	0.251	0.251	0.249	0.287	0.244
11:00:34	34.7	0.241	0.243	0.247	0.241	0.24	0.241	0.237	0.235	0.244	0.245	0.244	0.244	0.236	0.239	0.238	0.239	0.236	0.246	0.24	0.245	0.243	0.247	0.251	0.256	0.238	0.24	0.241	0.239	0.256	0.243	0.246	0.252	0.246	0.247	0.242	0.26	0.265	0.273	0.269	0.276	0.241	0.23	0.246	0.238	0.284	0.276	0.271	0.301	0.251	0.249	0.245	0.248	0.241	0.237	0.236	0.246	0.244	0.248	0.264	0.245	0.252	0.257	0.255	0.234	0.24	0.238	0.261	0.274	0.256	0.251	0.252	0.248	0.238	0.24	0.242	0.243	0.238	0.238	0.247	0.25	0.253	0.246	0.252	0.249	0.24	0.243	0.238	0.236	0.263	0.242	0.27	0.249	0.251	0.248	0.27	0.243
12:00:34	34.7	0.241	0.242	0.248	0.241	0.24	0.241	0.236	0.235	0.244	0.244	0.243	0.243	0.236	0.238	0.237	0.239	0.235	0.245	0.239	0.245	0.242	0.247	0.25	0.255	0.238	0.24	0.241	0.239	0.256	0.242	0.246	0.251	0.246	0.246	0.242	0.258	0.263	0.272	0.27	0.275	0.24	0.229	0.245	0.238	0.284	0.275	0.27	0.301	0.25	0.247	0.244	0.248	0.241	0.237	0.236	0.244	0.245	0.248	0.264	0.245	0.25	0.256	0.255	0.234	0.24	0.237	0.26	0.273	0.255	0.251	0.251	0.248	0.237	0.239	0.242	0.242	0.236	0.237	0.248	0.25	0.253	0.246	0.251	0.248	0.24	0.242	0.238	0.235	0.263	0.241	0.27	0.249	0.251	0.248	0.269	0.243
13:00:34	34.7	0.241	0.242	0.248	0.241	0.239	0.241	0.236	0.234	0.243	0.244	0.243	0.243	0.235	0.24	0.236	0.239	0.235	0.244	0.239	0.245	0.241	0.246	0.25	0.255	0.238	0.24	0.239	0.239	0.256	0.242	0.245	0.25	0.245	0.246	0.242	0.258	0.262	0.271	0.268	0.273	0.239	0.228	0.245	0.239	0.282	0.275	0.269	0.302	0.249	0.246	0.243	0.247	0.24	0.237	0.235	0.245	0.243	0.248	0.264	0.244	0.25	0.255	0.254	0.234	0.239	0.237	0.258	0.271	0.254	0.251	0.25	0.248	0.238	0.239	0.242	0.241	0.236	0.236	0.247	0.249	0.253	0.245	0.251	0.247	0.24	0.241	0.237	0.235	0.263	0.24	0.268	0.248	0.25	0.248	0.267	0.242
14:00:34	34.7	0.242	0.242	0.248	0.241	0.239	0.24	0.235	0.234	0.243	0.245	0.243	0.242	0.235	0.239	0.237	0.237	0.235	0.243	0.238	0.245	0.241	0.246	0.25	0.255	0.237	0.24	0.24	0.239	0.255	0.241	0.245	0.25	0.246	0.246	0.243	0.258	0.261	0.271	0.267	0.274	0.239	0.228	0.244	0.238	0.28	0.274	0.268	0.298	0.248	0.245	0.242	0.246	0.239	0.237	0.235	0.245	0.244	0.248	0.265	0.244	0.25	0.255	0.254	0.234	0.238	0.236	0.257	0.269	0.253	0.251	0.249	0.247	0.237	0.239	0.24	0.24	0.235	0.236	0.247	0.248	0.253	0.245	0.251	0.246	0.24	0.241	0.237	0.234	0.262	0.239	0.267	0.247	0.249	0.247	0.267	0.242
15:00:34	34.7	0.242	0.242	0.248	0.24	0.238	0.24	0.235	0.234	0.243	0.244	0.242	0.243	0.235	0.239	0.237	0.237	0.234	0.243	0.237	0.245	0.24	0.245	0.25	0.255	0.238	0.24	0.24	0.238	0.254	0.241	0.244	0.25	0.245	0.246	0.243	0.258	0.261	0.27	0.268	0.274	0.238	0.227	0.245	0.237	0.28	0.274	0.268	0.297	0.247	0.243	0.242	0.245	0.238	0.237	0.235	0.244	0.244	0.247	0.264	0.243	0.249	0.255	0.253	0.233	0.239	0.236	0.257	0.268	0.253	0.249	0.25	0.246	0.237	0.238	0.241	0.24	0.235	0.236	0.246	0.249	0.253	0.245	0.252	0.247	0.239	0.241	0.237	0.234	0.262	0.239	0.268	0.247	0.249	0.247	0.267	0.242
16:00:34	34.7	0.243	0.243	0.248	0.241	0.238	0.24	0.235	0.234	0.243	0.244	0.242	0.242	0.235	0.239	0.236	0.237	0.234	0.243	0.238	0.245	0.24	0.245	0.249	0.255	0.237	0.239	0.24	0.239	0.254	0.241	0.245	0.249	0.245	0.247	0.243	0.259	0.26	0.271	0.269	0.274	0.238	0.227	0.244	0.237	0.28	0.273	0.268	0.292	0.246	0.243	0.241	0.243	0.239	0.236	0.234	0.244	0.243	0.247	0.264	0.243	0.249	0.254	0.253	0.234	0.238	0.236	0.255	0.268	0.252	0.249	0.25	0.247	0.236	0.239	0.241	0.239	0.234	0.235	0.246	0.249	0.252	0.245	0.251	0.247	0.239	0.242	0.237	0.235	0.262	0.238	0.267	0.247	0.249	0.246	0.267	0.241
17:00:34	34.7	0.244	0.243	0.248	0.241	0.238	0.24	0.235	0.235	0.243	0.244	0.243	0.242	0.236	0.239	0.236	0.238	0.234	0.243	0.237	0.245	0.24	0.245	0.25	0.254	0.238	0.239	0.24	0.239	0.254	0.241	0.244	0.249	0.246	0.247	0.243	0.258	0.26	0.27	0.268	0.273	0.239	0.227	0.244	0.237	0.279	0.273	0.268	0.295	0.245	0.242	0.24	0.242	0.239	0.237	0.235	0.245	0.243	0.247	0.265	0.243	0.249	0.255	0.254	0.234	0.239	0.237	0.254	0.267	0.25	0.249	0.25	0.247	0.237	0.239	0.241	0.239	0.234	0.235	0.247	0.25	0.253	0.245	0.252	0.248	0.24	0.241	0.237	0.234	0.262	0.238	0.267	0.247	0.249	0.247	0.268	0.241
18:00:34	34.7	0.246	0.244	0.25	0.243	0.239	0.242	0.236	0.235	0.245	0.244	0.244	0.243	0.236	0.24	0.238	0.239	0.235	0.244	0.239	0.245	0.239	0.245	0.25	0.254	0.238	0.241	0.241	0.241	0.254	0.242	0.245	0.251	0.246	0.248	0.243	0.259	0.26	0.271	0.27	0.274	0.239	0.228	0.245	0.238	0.28	0.275	0.268	0.291	0.245	0.242	0.24	0.242	0.24	0.238	0.236	0.246	0.244	0.248	0.265	0.243	0.25	0.256	0.255	0.235	0.24	0.238	0.253	0.266	0.25	0.25	0.251	0.248	0.238	0.24	0.242	0.239	0.234	0.235	0.247	0.25	0.254	0.246	0.253	0.248	0.242	0.243	0.238	0.236	0.264	0.239	0.269	0.247	0.25	0.248	0.269	0.243
19:00:34	34.7	0.248	0.246	0.252	0.245	0.241	0.243	0.239	0.237	0.247	0.247	0.245	0.245	0.238	0.241	0.239	0.24	0.237	0.245	0.24	0.246	0.239	0.244	0.251	0.255	0.239	0.242	0.243	0.242	0.257	0.243	0.246	0.252	0.248	0.249	0.245	0.261	0.26	0.271	0.271	0.274	0.241	0.229	0.246	0.239	0.281	0.275	0.269	0.291	0.245	0.241	0.239	0.241	0.241	0.239	0.237	0.247	0.245	0.249	0.267	0.244	0.251	0.257	0.256	0.236	0.241	0.239	0.252	0.265	0.25	0.25	0.252	0.249	0.24	0.243	0.244	0.237	0.233	0.235	0.249	0.252	0.254	0.247	0.254	0.25	0.243	0.244	0.24	0.237	0.265	0.241	0.268	0.248	0.249	0.249	0.271	0.243
20:00:34	34.8	0.251	0.249	0.255	0.248	0.244	0.246	0.24	0.24	0.25	0.249	0.248	0.249	0.24	0.243	0.24	0.242	0.238	0.246	0.243	0.248	0.239	0.244	0.251	0.254	0.24	0.244	0.244	0.244	0.258	0.245	0.247	0.254	0.249	0.25	0.248	0.263	0.261	0.272	0.274	0.276	0.241	0.23	0.247	0.241	0.28	0.275	0.27	0.289	0.245	0.24	0.239	0.24	0.242	0.241	0.239	0.249	0.246	0.251	0.269	0.246	0.252	0.257	0.257	0.238	0.243	0.241	0.251	0.264	0.248	0.252	0.254	0.252	0.242	0.245	0.245	0.238	0.233	0.235	0.251	0.254	0.257	0.25	0.257	0.253	0.246	0.247	0.242	0.24	0.27	0.242	0.27	0.249	0.253	0.252	0.273	0.245
21:00:34	34.7	0.255	0.253	0.258	0.253	0.247	0.249	0.245	0.245	0.254	0.253	0.251	0.252	0.243	0.246	0.243	0.244	0.241	0.249	0.246	0.252	0.24	0.245	0.251	0.254	0.244	0.247	0.248	0.247	0.261	0.248	0.251	0.257	0.252	0.254	0.251	0.266	0.264	0.274	0.276	0.278	0.245	0.233	0.25	0.243	0.282	0.278	0.272	0.29	0.243	0.24	0.238	0.24	0.245	0.244	0.241	0.252	0.249	0.254	0.273	0.249	0.255	0.261	0.261	0.242	0.246	0.244	0.251	0.263	0.248	0.255	0.257	0.255	0.246	0.248	0.249	0.238	0.232	0.235	0.254	0.258	0.259	0.252	0.26	0.256	0.25	0.25	0.246	0.242	0.274	0.246	0.273	0.252	0.255	0.255	0.276	0.247
22:00:34	34.7	0.263	0.26	0.264	0.26	0.253	0.255	0.25	0.25	0.259	0.26	0.257	0.258	0.247	0.252	0.248	0.247	0.245	0.253	0.251	0.256	0.24	0.245	0.253	0.255	0.248	0.253	0.252	0.252	0.265	0.252	0.255	0.26	0.256	0.258	0.256	0.271	0.267	0.277	0.281	0.281	0.248	0.236	0.253	0.247	0.284	0.28	0.273	0.292	0.243	0.24	0.238	0.239	0.249	0.248	0.245	0.256	0.253	0.258	0.278	0.254	0.258	0.264	0.265	0.247	0.25	0.248	0.25	0.262	0.247	0.259	0.262	0.26	0.252	0.255	0.254	0.239	0.233	0.235	0.258	0.263	0.264	0.258	0.266	0.264	0.26	0.258	0.252	0.249	0.28	0.25	0.277	0.258	0.26	0.26	0.281	0.252
23:00:34	34.7	0.273	0.27	0.272	0.269	0.262	0.265	0.259	0.26	0.269	0.268	0.265	0.266	0.254	0.259	0.255	0.254	0.253	0.259	0.258	0.263	0.24	0.245	0.253	0.256	0.254	0.26	0.26	0.258	0.271	0.258	0.261	0.268	0.263	0.265	0.264	0.279	0.27	0.281	0.285	0.285	0.253	0.242	0.258	0.252	0.288	0.282	0.278	0.292	0.243	0.239	0.238	0.239	0.254	0.253	0.25	0.262	0.259	0.263	0.285	0.261	0.264	0.269	0.27	0.254	0.257	0.256	0.251	0.261	0.247	0.265	0.269	0.268	0.261	0.263	0.262	0.239	0.232	0.236	0.267	0.272	0.272	0.267	0.276	0.273	0.269	0.267	0.261	0.258	0.288	0.258	0.282	0.265	0.268	0.268	0.289	0.26
24:00:34	34.8	0.281	0.278	0.283	0.277	0.271	0.274	0.269	0.268	0.276	0.279	0.276	0.277	0.264	0.269	0.266	0.261	0.262	0.268	0.267	0.273	0.241	0.246	0.257	0.258	0.263	0.269	0.269	0.268	0.279	0.267	0.271	0.277	0.271	0.276	0.274	0.289	0.279	0.289	0.295	0.292	0.261	0.25	0.265	0.26	0.293	0.288	0.286	0.295	0.243	0.239	0.238	0.238	0.262	0.261	0.259	0.272	0.268	0.273	0.295	0.271	0.273	0.278	0.279	0.264	0.265	0.264	0.25	0.261	0.247	0.274	0.278	0.278	0.27	0.272	0.271	0.239	0.232	0.237	0.276	0.283	0.281	0.277	0.285	0.282	0.274	0.275	0.27	0.267	0.297	0.266	0.291	0.274	0.277	0.278	0.3	0.27
25:00:34	34.8	0.291	0.287	0.291	0.285	0.278	0.279	0.274	0.276	0.285	0.286	0.283	0.285	0.273	0.276	0.271	0.268	0.267	0.274	0.273	0.279	0.242	0.248	0.261	0.26	0.271	0.275	0.276	0.275	0.287	0.275	0.277	0.284	0.279	0.282	0.281	0.296	0.289	0.299	0.304	0.3	0.27	0.258	0.274	0.27	0.302	0.297	0.295	0.298	0.242	0.239	0.238	0.238	0.271	0.269	0.267	0.279	0.276	0.279	0.302	0.278	0.283	0.287	0.288	0.271	0.272	0.271	0.25	0.261	0.246	0.281	0.283	0.284	0.277	0.279	0.277	0.24	0.233	0.239	0.283	0.29	0.288	0.283	0.291	0.29	0.283	0.282	0.277	0.274	0.303	0.275	0.3	0.282	0.284	0.284	0.307	0.277
26:00:34	34.8	0.302	0.3	0.303	0.299	0.29	0.292	0.286	0.287	0.297	0.297	0.295	0.297	0.281	0.286	0.282	0.278	0.277	0.282	0.282	0.288	0.245	0.251	0.266	0.263	0.278	0.284	0.284	0.284	0.293	0.281	0.285	0.294	0.287	0.291	0.291	0.306	0.295	0.304	0.309	0.309	0.276	0.265	0.279	0.276	0.31	0.306	0.301	0.305	0.242	0.239	0.237	0.238	0.276	0.275	0.272	0.285	0.281	0.286	0.31	0.286	0.29	0.294	0.295	0.28	0.281	0.28	0.25	0.26	0.246	0.288	0.292	0.293	0.29	0.291	0.288	0.242	0.234	0.24	0.294	0.3	0.299	0.294	0.304	0.302	0.295	0.294	0.289	0.285	0.316	0.284	0.308	0.291	0.294	0.295	0.317	0.287
27:00:34	34.7	0.316	0.316	0.319	0.315	0.306	0.306	0.301	0.302	0.312	0.312	0.31	0.313	0.292	0.299	0.294	0.29	0.288	0.295	0.295	0.302	0.248	0.255	0.275	0.268	0.291	0.299	0.296	0.296	0.305	0.292	0.297	0.306	0.299	0.305	0.306	0.321	0.304	0.313	0.318	0.316	0.286	0.275	0.286	0.286	0.316	0.31	0.309	0.315	0.242	0.239	0.237	0.238	0.285	0.285	0.281	0.295	0.291	0.298	0.323	0.297	0.302	0.305	0.306	0.292	0.293	0.291	0.249	0.26	0.246	0.297	0.303	0.305	0.303	0.305	0.302	0.245	0.236	0.242	0.306	0.315	0.313	0.308	0.318	0.316	0.31	0.307	0.302	0.299	0.33	0.296	0.318	0.302	0.307	0.31	0.331	0.298
0:00:00																																																																																																	
0:00:00																																																																																																	
0:00:00																																																																																																	
0:00:00																																																																																																	
0:00:00																																																																																																	
0:00:00																																																																																																	
0:00:00																																																																																																	
0:00:00																																																																																																	
0:00:00																																																																																																	
0:00:00																																																																																																	
0:00:00																																																																																																	
0:00:00																																																																																																	
0:00:00																																																																																																	
0:00:00																																																																																																	
0:00:00																																																																																																	
0:00:00																																																																																																	
0:00:00																																																																																																	
0:00:00																																																																																																	
0:00:00																																																																																																	
0:00:00																																																																																																	
0:00:00																																																																																																	

Results
	1	2	3	4	5	6	7	8	9	10	11	12
A	?????	?????	?????	?????	?????	?????	?????	?????	?????	?????	?????	?????	Max V [600]
	?????	?????	?????	?????	?????	?????	?????	?????	?????	?????	?????	?????	R-Squared [600]
	?????	?????	?????	?????	?????	?????	?????	?????	?????	?????	?????	?????	t at Max V [600]
	?????	?????	?????	?????	?????	?????	?????	?????	?????	?????	?????	?????	Lagtime [600]
B	?????	?????	?????	?????	?????	?????	?????	?????	?????	?????	?????	?????	Max V [600]
	?????	?????	?????	?????	?????	?????	?????	?????	?????	?????	?????	?????	R-Squared [600]
	?????	?????	?????	?????	?????	?????	?????	?????	?????	?????	?????	?????	t at Max V [600]
	?????	?????	?????	?????	?????	?????	?????	?????	?????	?????	?????	?????	Lagtime [600]
C	?????	?????	?????	?????	?????	?????	?????	?????	?????	?????	?????	?????	Max V [600]
	?????	?????	?????	?????	?????	?????	?????	?????	?????	?????	?????	?????	R-Squared [600]
	?????	?????	?????	?????	?????	?????	?????	?????	?????	?????	?????	?????	t at Max V [600]
	?????	?????	?????	?????	?????	?????	?????	?????	?????	?????	?????	?????	Lagtime [600]
D	?????	?????	?????	?????	?????	?????	?????	?????	?????	?????	?????	?????	Max V [600]
	?????	?????	?????	?????	?????	?????	?????	?????	?????	?????	?????	?????	R-Squared [600]
	?????	?????	?????	?????	?????	?????	?????	?????	?????	?????	?????	?????	t at Max V [600]
	?????	?????	?????	?????	?????	?????	?????	?????	?????	?????	?????	?????	Lagtime [600]
E	?????	?????	?????	?????	?????	?????	?????	?????	?????	?????	?????	?????	Max V [600]
	?????	?????	?????	?????	?????	?????	?????	?????	?????	?????	?????	?????	R-Squared [600]
	?????	?????	?????	?????	?????	?????	?????	?????	?????	?????	?????	?????	t at Max V [600]
	?????	?????	?????	?????	?????	?????	?????	?????	?????	?????	?????	?????	Lagtime [600]
F	?????	?????	?????	?????	?????	?????	?????	?????	?????	?????	?????	?????	Max V [600]
	?????	?????	?????	?????	?????	?????	?????	?????	?????	?????	?????	?????	R-Squared [600]
	?????	?????	?????	?????	?????	?????	?????	?????	?????	?????	?????	?????	t at Max V [600]
	?????	?????	?????	?????	?????	?????	?????	?????	?????	?????	?????	?????	Lagtime [600]
G	?????	?????	?????	?????	?????	?????	?????	?????	?????	?????	?????	?????	Max V [600]
	?????	?????	?????	?????	?????	?????	?????	?????	?????	?????	?????	?????	R-Squared [600]
	?????	?????	?????	?????	?????	?????	?????	?????	?????	?????	?????	?????	t at Max V [600]
	?????	?????	?????	?????	?????	?????	?????	?????	?????	?????	?????	?????	Lagtime [600]
H	?????	?????	?????	?????	?????	?????	?????	?????	?????	?????	?????	?????	Max V [600]
	?????	?????	?????	?????	?????	?????	?????	?????	?????	?????	?????	?????	R-Squared [600]
	?????	?????	?????	?????	?????	?????	?????	?????	?????	?????	?????	?????	t at Max V [600]
	?????	?????	?????	?????	?????	?????	?????	?????	?????	?????	?????	?????	Lagtime [600]

