

Software Version	3.10.06



Experiment File Path:	C:\Users\patil-group\Desktop\Sweeteners_stacker\251021_NT5019_22_23_Rep1\NT5019_22_23_Rep1.xpt
Protocol File Path:	C:\Users\Public\Documents\Protocols\Screening-protocol.prt



Plate Number	Plate 6
Date	25/10/2021
Time	11:26:04
Reader Type:	Epoch 2
Reader Serial Number:	2103223
Reading Type	Reader

Procedure Details

Plate Type	96 WELL PLATE
Discontinuous Kinetics	Runtime 1:00:00 (D:HH:MM), Interval 0:01:00, 25 Reads
	Pause after each run
Eject plate on completion	
Shake	Linear: 0:00:30 (HH:MM:SS)
	Frequency: 567 cpm (3 mm)
Read	Absorbance Endpoint
	Full Plate
	Wavelengths:  600
	Read Speed: Normal,  Delay: 100 msec,  Measurements/Data Point: 8

600

Time	T° 600	A1	A2	A3	A4	A5	A6	A7	A8	A9	A10	A11	A12	B1	B2	B3	B4	B5	B6	B7	B8	B9	B10	B11	B12	C1	C2	C3	C4	C5	C6	C7	C8	C9	C10	C11	C12	D1	D2	D3	D4	D5	D6	D7	D8	D9	D10	D11	D12	E1	E2	E3	E4	E5	E6	E7	E8	E9	E10	E11	E12	F1	F2	F3	F4	F5	F6	F7	F8	F9	F10	F11	F12	G1	G2	G3	G4	G5	G6	G7	G8	G9	G10	G11	G12	H1	H2	H3	H4	H5	H6	H7	H8	H9	H10	H11	H12
0:00:34	34.6	0.176	0.164	0.171	0.166	0.168	0.177	0.169	0.173	0.164	0.168	0.165	0.175	0.171	0.167	0.162	0.174	0.174	0.174	0.168	0.168	0.167	0.169	0.166	0.166	0.177	0.174	0.163	0.169	0.170	0.167	0.168	0.171	0.170	0.163	0.181	0.178	0.167	0.169	0.166	0.166	0.165	0.163	0.173	0.170	0.165	0.172	0.166	0.183	0.165	0.165	0.174	0.165	0.168	0.162	0.167	0.166	0.163	0.167	0.181	0.166	0.192	0.188	0.184	0.181	0.193	0.181	0.177	0.180	0.176	0.177	0.177	0.190	0.167	0.169	0.167	0.162	0.172	0.166	0.163	0.168	0.163	0.164	0.169	0.167	0.169	0.171	0.170	0.168	0.168	0.167	0.172	0.165	0.165	0.173	0.167	0.169
1:00:33	35.0	0.190	0.176	0.182	0.179	0.181	0.189	0.182	0.185	0.176	0.182	0.178	0.187	0.185	0.180	0.175	0.187	0.186	0.186	0.181	0.181	0.180	0.182	0.180	0.180	0.191	0.186	0.177	0.181	0.181	0.179	0.179	0.183	0.182	0.176	0.192	0.190	0.180	0.181	0.178	0.177	0.177	0.176	0.185	0.182	0.177	0.183	0.177	0.194	0.177	0.176	0.184	0.175	0.179	0.173	0.177	0.177	0.174	0.179	0.184	0.178	0.203	0.199	0.194	0.192	0.203	0.191	0.188	0.190	0.187	0.189	0.188	0.202	0.189	0.179	0.179	0.175	0.183	0.178	0.174	0.180	0.174	0.176	0.180	0.179	0.182	0.184	0.182	0.181	0.181	0.179	0.183	0.178	0.178	0.185	0.180	0.181
2:00:34	34.9	0.204	0.189	0.195	0.192	0.194	0.202	0.196	0.196	0.188	0.196	0.192	0.199	0.198	0.192	0.186	0.196	0.197	0.197	0.192	0.192	0.192	0.195	0.193	0.193	0.204	0.198	0.189	0.192	0.192	0.190	0.190	0.195	0.193	0.187	0.204	0.201	0.190	0.190	0.187	0.186	0.187	0.185	0.194	0.192	0.184	0.191	0.186	0.201	0.186	0.184	0.191	0.182	0.188	0.182	0.186	0.186	0.184	0.189	0.199	0.188	0.211	0.206	0.201	0.200	0.211	0.200	0.194	0.196	0.194	0.197	0.197	0.211	0.201	0.189	0.190	0.185	0.194	0.188	0.184	0.189	0.184	0.186	0.192	0.190	0.195	0.196	0.195	0.193	0.191	0.189	0.193	0.187	0.188	0.195	0.191	0.192
3:00:35	34.9	0.232	0.216	0.219	0.217	0.220	0.227	0.222	0.219	0.214	0.223	0.218	0.220	0.222	0.214	0.207	0.216	0.217	0.217	0.212	0.212	0.212	0.216	0.217	0.215	0.229	0.219	0.208	0.211	0.212	0.209	0.209	0.213	0.212	0.207	0.227	0.222	0.207	0.205	0.201	0.199	0.203	0.200	0.209	0.208	0.197	0.205	0.201	0.213	0.200	0.197	0.201	0.192	0.203	0.197	0.202	0.201	0.199	0.206	0.212	0.205	0.226	0.219	0.212	0.214	0.224	0.212	0.204	0.207	0.205	0.212	0.213	0.228	0.223	0.210	0.207	0.203	0.210	0.205	0.200	0.206	0.202	0.203	0.211	0.209	0.221	0.219	0.217	0.213	0.210	0.207	0.210	0.203	0.205	0.212	0.210	0.212
4:00:35	34.9	0.287	0.267	0.268	0.265	0.272	0.279	0.273	0.268	0.261	0.274	0.269	0.261	0.274	0.261	0.249	0.256	0.256	0.258	0.254	0.252	0.251	0.257	0.264	0.257	0.279	0.262	0.246	0.247	0.250	0.247	0.245	0.250	0.249	0.246	0.270	0.265	0.242	0.235	0.227	0.224	0.233	0.229	0.237	0.238	0.221	0.231	0.231	0.237	0.231	0.223	0.223	0.212	0.230	0.224	0.228	0.229	0.229	0.240	0.265	0.239	0.256	0.244	0.234	0.243	0.249	0.237	0.223	0.227	0.227	0.242	0.247	0.263	0.269	0.251	0.244	0.236	0.241	0.235	0.230	0.238	0.234	0.239	0.252	0.250	0.273	0.266	0.262	0.254	0.248	0.243	0.244	0.235	0.237	0.245	0.250	0.253
5:00:36	34.9	0.346	0.328	0.330	0.325	0.333	0.340	0.334	0.328	0.321	0.334	0.327	0.316	0.337	0.324	0.312	0.318	0.317	0.319	0.314	0.313	0.309	0.315	0.322	0.311	0.341	0.319	0.305	0.304	0.308	0.303	0.301	0.307	0.308	0.306	0.331	0.322	0.302	0.290	0.274	0.270	0.286	0.281	0.288	0.292	0.263	0.279	0.284	0.276	0.286	0.270	0.262	0.249	0.279	0.273	0.277	0.280	0.281	0.297	0.308	0.294	0.312	0.293	0.277	0.298	0.297	0.285	0.261	0.265	0.269	0.300	0.310	0.328	0.333	0.314	0.303	0.291	0.294	0.288	0.283	0.292	0.291	0.297	0.314	0.309	0.337	0.332	0.325	0.318	0.309	0.302	0.301	0.289	0.292	0.298	0.308	0.308
6:00:36	34.9	0.408	0.387	0.388	0.385	0.393	0.399	0.392	0.382	0.378	0.388	0.380	0.360	0.391	0.383	0.367	0.372	0.371	0.374	0.370	0.368	0.364	0.367	0.380	0.359	0.393	0.371	0.355	0.356	0.377	0.356	0.351	0.359	0.359	0.358	0.384	0.365	0.360	0.349	0.335	0.329	0.343	0.338	0.346	0.349	0.325	0.340	0.345	0.331	0.339	0.327	0.315	0.303	0.337	0.327	0.334	0.337	0.338	0.352	0.361	0.338	0.388	0.365	0.346	0.405	0.372	0.367	0.325	0.331	0.348	0.379	0.382	0.387	0.388	0.374	0.358	0.345	0.348	0.341	0.336	0.344	0.342	0.352	0.365	0.354	0.394	0.389	0.381	0.375	0.363	0.352	0.348	0.334	0.335	0.339	0.353	0.350
7:00:37	34.9	0.526	0.502	0.508	0.499	0.517	0.519	0.510	0.499	0.489	0.495	0.483	0.424	0.504	0.490	0.464	0.469	0.473	0.469	0.461	0.463	0.445	0.450	0.479	0.435	0.498	0.458	0.431	0.430	0.485	0.446	0.427	0.433	0.439	0.441	0.487	0.439	0.432	0.413	0.393	0.386	0.418	0.418	0.427	0.429	0.378	0.399	0.408	0.378	0.405	0.379	0.364	0.351	0.413	0.391	0.413	0.406	0.403	0.438	0.452	0.401	0.456	0.433	0.413	0.545	0.496	0.493	0.418	0.423	0.453	0.511	0.507	0.482	0.495	0.478	0.440	0.408	0.412	0.400	0.399	0.416	0.421	0.440	0.457	0.438	0.515	0.504	0.501	0.485	0.461	0.429	0.420	0.397	0.395	0.397	0.429	0.420
8:00:38	34.9	0.692	0.667	0.677	0.663	0.680	0.686	0.672	0.661	0.648	0.652	0.636	0.525	0.673	0.659	0.624	0.634	0.635	0.632	0.616	0.625	0.587	0.588	0.630	0.560	0.664	0.604	0.566	0.562	0.625	0.588	0.565	0.565	0.580	0.584	0.644	0.557	0.589	0.552	0.501	0.485	0.552	0.548	0.560	0.572	0.473	0.514	0.543	0.458	0.515	0.472	0.441	0.426	0.539	0.506	0.544	0.533	0.528	0.591	0.614	0.496	0.606	0.553	0.523	0.695	0.638	0.636	0.521	0.529	0.563	0.673	0.688	0.628	0.661	0.656	0.597	0.532	0.539	0.514	0.518	0.548	0.563	0.592	0.617	0.575	0.696	0.687	0.676	0.656	0.625	0.569	0.545	0.500	0.488	0.484	0.552	0.527
9:00:38	34.9	0.793	0.770	0.786	0.769	0.789	0.793	0.779	0.773	0.760	0.765	0.755	0.658	0.793	0.795	0.766	0.781	0.775	0.782	0.767	0.773	0.726	0.723	0.750	0.689	0.791	0.747	0.714	0.715	0.762	0.736	0.715	0.714	0.730	0.730	0.778	0.694	0.765	0.747	0.684	0.665	0.716	0.713	0.724	0.741	0.635	0.691	0.727	0.599	0.672	0.613	0.558	0.537	0.695	0.657	0.702	0.681	0.689	0.752	0.748	0.636	0.846	0.781	0.734	0.864	0.803	0.797	0.643	0.657	0.697	0.854	0.882	0.814	0.802	0.813	0.768	0.690	0.698	0.667	0.683	0.713	0.729	0.757	0.765	0.725	0.818	0.825	0.814	0.802	0.782	0.725	0.704	0.651	0.625	0.619	0.706	0.677
10:00:39	34.9	0.822	0.802	0.821	0.806	0.823	0.825	0.811	0.812	0.798	0.802	0.801	0.748	0.829	0.846	0.829	0.857	0.842	0.850	0.833	0.843	0.796	0.795	0.803	0.760	0.845	0.825	0.804	0.817	0.865	0.833	0.813	0.808	0.819	0.815	0.842	0.774	0.845	0.866	0.822	0.811	0.844	0.844	0.851	0.859	0.781	0.818	0.833	0.740	0.787	0.753	0.700	0.681	0.832	0.784	0.841	0.812	0.807	0.852	0.846	0.749	1.001	0.969	0.935	1.029	0.969	0.968	0.794	0.815	0.868	1.005	1.015	0.956	0.855	0.887	0.856	0.799	0.813	0.784	0.803	0.828	0.835	0.845	0.831	0.801	0.853	0.866	0.871	0.870	0.864	0.815	0.807	0.774	0.747	0.740	0.796	0.770
11:00:39	34.9	0.813	0.798	0.811	0.796	0.809	0.815	0.802	0.803	0.791	0.799	0.799	0.775	0.816	0.838	0.826	0.864	0.847	0.848	0.841	0.840	0.806	0.813	0.805	0.781	0.844	0.838	0.827	0.853	0.894	0.866	0.846	0.842	0.840	0.836	0.845	0.798	0.857	0.896	0.880	0.886	0.888	0.895	0.907	0.900	0.844	0.869	0.861	0.805	0.816	0.811	0.795	0.787	0.897	0.845	0.900	0.868	0.847	0.875	0.851	0.793	1.057	1.056	1.040	1.118	1.076	1.082	0.938	0.950	0.985	1.070	1.057	1.008	0.848	0.889	0.869	0.842	0.857	0.832	0.847	0.863	0.867	0.865	0.836	0.811	0.841	0.847	0.861	0.871	0.872	0.833	0.837	0.820	0.798	0.792	0.818	0.798
12:00:40	34.9	0.790	0.774	0.788	0.773	0.786	0.790	0.778	0.783	0.768	0.779	0.779	0.771	0.793	0.814	0.805	0.839	0.823	0.822	0.821	0.816	0.793	0.802	0.791	0.778	0.819	0.816	0.813	0.838	0.889	0.860	0.832	0.831	0.826	0.821	0.827	0.791	0.838	0.883	0.871	0.891	0.874	0.886	0.902	0.887	0.852	0.862	0.849	0.820	0.797	0.805	0.815	0.819	0.898	0.846	0.899	0.862	0.833	0.853	0.822	0.795	1.048	1.059	1.071	1.133	1.097	1.114	1.012	1.008	1.026	1.066	1.040	0.993	0.823	0.856	0.843	0.833	0.853	0.836	0.836	0.849	0.845	0.843	0.812	0.795	0.813	0.818	0.835	0.845	0.846	0.814	0.824	0.820	0.804	0.799	0.808	0.792
13:00:40	34.9	0.770	0.754	0.765	0.752	0.763	0.768	0.757	0.758	0.748	0.757	0.757	0.753	0.772	0.787	0.780	0.810	0.797	0.793	0.793	0.786	0.771	0.783	0.769	0.761	0.793	0.792	0.786	0.809	0.861	0.828	0.804	0.799	0.803	0.794	0.800	0.769	0.812	0.854	0.852	0.875	0.841	0.861	0.871	0.856	0.832	0.840	0.827	0.809	0.777	0.777	0.792	0.797	0.870	0.824	0.872	0.837	0.805	0.824	0.802	0.777	1.017	1.034	1.065	1.116	1.076	1.093	1.007	1.001	1.006	1.036	1.006	0.959	0.799	0.821	0.811	0.814	0.833	0.816	0.808	0.822	0.815	0.810	0.784	0.771	0.792	0.794	0.807	0.813	0.813	0.787	0.798	0.799	0.787	0.784	0.786	0.771
14:00:41	34.9	0.759	0.740	0.751	0.740	0.748	0.754	0.746	0.743	0.734	0.745	0.746	0.740	0.758	0.771	0.761	0.785	0.778	0.772	0.775	0.764	0.749	0.761	0.750	0.740	0.774	0.767	0.761	0.782	0.830	0.803	0.778	0.773	0.776	0.768	0.779	0.752	0.793	0.830	0.826	0.839	0.814	0.833	0.837	0.824	0.811	0.812	0.799	0.789	0.767	0.766	0.769	0.773	0.834	0.795	0.839	0.805	0.782	0.801	0.776	0.760	0.981	1.004	1.033	1.080	1.046	1.062	0.978	0.969	0.975	1.000	0.970	0.930	0.782	0.793	0.788	0.788	0.805	0.790	0.781	0.798	0.786	0.784	0.768	0.754	0.779	0.780	0.786	0.792	0.791	0.769	0.777	0.781	0.768	0.766	0.771	0.758
15:00:42	34.9	0.751	0.731	0.739	0.730	0.738	0.747	0.737	0.731	0.724	0.735	0.735	0.734	0.751	0.761	0.750	0.769	0.759	0.759	0.761	0.749	0.737	0.747	0.738	0.727	0.762	0.751	0.747	0.763	0.809	0.781	0.762	0.759	0.759	0.754	0.763	0.741	0.782	0.811	0.807	0.823	0.795	0.812	0.814	0.807	0.794	0.794	0.787	0.777	0.763	0.763	0.760	0.757	0.814	0.773	0.815	0.786	0.764	0.788	0.763	0.750	0.970	0.982	1.008	1.049	1.006	1.026	0.953	0.944	0.958	0.974	0.952	0.915	0.772	0.777	0.772	0.762	0.781	0.765	0.762	0.776	0.767	0.768	0.756	0.745	0.769	0.771	0.773	0.777	0.777	0.759	0.766	0.768	0.757	0.755	0.762	0.751
16:00:43	34.9	0.748	0.726	0.734	0.727	0.732	0.743	0.732	0.724	0.720	0.732	0.729	0.729	0.744	0.753	0.743	0.760	0.748	0.748	0.751	0.743	0.730	0.739	0.732	0.718	0.753	0.741	0.735	0.753	0.795	0.768	0.748	0.750	0.750	0.745	0.756	0.735	0.774	0.802	0.794	0.806	0.786	0.796	0.804	0.793	0.781	0.784	0.777	0.770	0.763	0.760	0.759	0.755	0.801	0.760	0.802	0.771	0.755	0.776	0.753	0.743	0.959	0.972	0.996	1.023	0.988	1.000	0.939	0.936	0.956	0.961	0.943	0.895	0.764	0.768	0.763	0.748	0.761	0.749	0.752	0.760	0.757	0.758	0.747	0.738	0.765	0.766	0.763	0.767	0.766	0.750	0.756	0.759	0.749	0.747	0.754	0.744
17:00:43	34.9	0.751	0.727	0.736	0.729	0.734	0.744	0.732	0.724	0.722	0.733	0.731	0.725	0.743	0.749	0.739	0.757	0.744	0.743	0.749	0.736	0.722	0.731	0.725	0.710	0.751	0.734	0.728	0.743	0.787	0.760	0.739	0.741	0.744	0.735	0.750	0.731	0.766	0.794	0.784	0.802	0.772	0.786	0.793	0.784	0.774	0.776	0.764	0.763	0.771	0.763	0.759	0.757	0.789	0.751	0.791	0.764	0.749	0.772	0.751	0.736	0.947	0.963	0.987	1.012	0.977	0.993	0.938	0.936	0.953	0.953	0.942	0.890	0.765	0.761	0.754	0.739	0.748	0.742	0.745	0.751	0.749	0.752	0.744	0.735	0.770	0.769	0.762	0.764	0.763	0.745	0.749	0.751	0.742	0.741	0.751	0.743
18:00:43	34.9	0.761	0.736	0.744	0.736	0.741	0.753	0.740	0.731	0.731	0.742	0.738	0.728	0.749	0.756	0.743	0.762	0.746	0.744	0.749	0.739	0.718	0.726	0.723	0.705	0.754	0.733	0.725	0.742	0.779	0.757	0.733	0.740	0.739	0.735	0.754	0.733	0.763	0.793	0.782	0.798	0.771	0.786	0.790	0.784	0.767	0.770	0.765	0.757	0.778	0.772	0.764	0.762	0.784	0.746	0.785	0.761	0.746	0.774	0.755	0.735	0.947	0.959	0.981	0.997	0.972	0.982	0.941	0.943	0.966	0.951	0.941	0.891	0.771	0.765	0.760	0.732	0.742	0.736	0.741	0.751	0.749	0.752	0.750	0.739	0.778	0.779	0.767	0.770	0.766	0.749	0.749	0.749	0.739	0.739	0.755	0.745
19:00:44	34.9	0.773	0.747	0.754	0.746	0.751	0.766	0.750	0.742	0.745	0.754	0.752	0.739	0.760	0.765	0.751	0.768	0.756	0.754	0.758	0.748	0.720	0.726	0.727	0.704	0.763	0.737	0.731	0.742	0.780	0.758	0.735	0.742	0.744	0.738	0.760	0.740	0.768	0.793	0.782	0.793	0.770	0.780	0.795	0.790	0.763	0.770	0.766	0.754	0.787	0.780	0.769	0.770	0.791	0.745	0.785	0.761	0.753	0.776	0.781	0.741	0.954	0.959	0.978	1.000	0.968	0.978	0.954	0.949	0.971	0.955	0.950	0.901	0.781	0.775	0.763	0.728	0.738	0.729	0.744	0.753	0.754	0.758	0.758	0.749	0.791	0.787	0.775	0.778	0.774	0.753	0.755	0.753	0.742	0.741	0.764	0.756
20:00:45	34.9	0.788	0.759	0.767	0.757	0.764	0.777	0.763	0.755	0.755	0.767	0.765	0.753	0.770	0.776	0.759	0.779	0.767	0.762	0.768	0.757	0.725	0.732	0.736	0.710	0.771	0.744	0.736	0.747	0.776	0.762	0.743	0.748	0.751	0.752	0.767	0.750	0.778	0.792	0.783	0.793	0.775	0.780	0.793	0.790	0.766	0.771	0.772	0.756	0.789	0.787	0.774	0.774	0.790	0.749	0.791	0.766	0.757	0.781	0.772	0.751	0.961	0.960	0.977	1.004	0.969	0.978	0.963	0.959	0.986	0.964	0.958	0.911	0.790	0.780	0.771	0.728	0.737	0.728	0.749	0.761	0.757	0.766	0.768	0.761	0.800	0.797	0.785	0.786	0.783	0.764	0.763	0.761	0.750	0.751	0.775	0.769
21:00:45	34.9	0.800	0.770	0.778	0.769	0.776	0.790	0.776	0.767	0.768	0.780	0.780	0.766	0.782	0.786	0.773	0.785	0.775	0.772	0.777	0.769	0.735	0.739	0.746	0.720	0.779	0.754	0.744	0.758	0.786	0.765	0.750	0.757	0.759	0.759	0.779	0.762	0.788	0.804	0.791	0.796	0.779	0.786	0.796	0.799	0.769	0.780	0.779	0.761	0.791	0.795	0.785	0.780	0.793	0.755	0.797	0.771	0.766	0.785	0.790	0.763	0.978	0.973	0.987	1.003	0.978	0.985	0.973	0.971	0.993	0.972	0.970	0.925	0.800	0.794	0.777	0.733	0.740	0.732	0.759	0.773	0.770	0.774	0.776	0.769	0.811	0.807	0.792	0.795	0.788	0.773	0.773	0.771	0.760	0.762	0.786	0.786
22:00:46	34.9	0.812	0.782	0.787	0.779	0.786	0.800	0.789	0.779	0.780	0.794	0.793	0.782	0.793	0.794	0.780	0.795	0.785	0.779	0.789	0.779	0.746	0.752	0.760	0.735	0.790	0.765	0.756	0.766	0.792	0.770	0.758	0.768	0.768	0.768	0.790	0.776	0.801	0.808	0.792	0.793	0.787	0.793	0.803	0.806	0.775	0.782	0.792	0.773	0.804	0.800	0.797	0.788	0.797	0.760	0.799	0.778	0.771	0.794	0.787	0.777	0.984	0.981	0.997	1.009	0.988	0.989	0.982	0.984	1.002	0.981	0.975	0.927	0.806	0.799	0.787	0.740	0.746	0.738	0.767	0.777	0.775	0.779	0.784	0.782	0.819	0.815	0.801	0.802	0.799	0.781	0.783	0.780	0.770	0.773	0.797	0.801
23:00:46	34.9	0.822	0.792	0.798	0.793	0.796	0.812	0.799	0.791	0.790	0.804	0.804	0.796	0.802	0.805	0.789	0.808	0.798	0.790	0.798	0.787	0.759	0.764	0.773	0.750	0.801	0.774	0.767	0.777	0.797	0.782	0.770	0.776	0.781	0.779	0.800	0.785	0.812	0.813	0.797	0.802	0.792	0.799	0.808	0.812	0.783	0.794	0.796	0.780	0.810	0.808	0.803	0.801	0.804	0.768	0.803	0.782	0.779	0.797	0.803	0.784	0.997	0.993	1.003	1.015	0.994	0.999	0.992	0.997	1.015	0.986	0.981	0.940	0.816	0.808	0.795	0.748	0.755	0.747	0.776	0.787	0.785	0.788	0.794	0.789	0.829	0.825	0.811	0.809	0.805	0.788	0.791	0.790	0.780	0.784	0.807	0.822
0:00:00																																																																																																	

Results
	1	2	3	4	5	6	7	8	9	10	11	12
A	1.962	1.938	2.003	1.946	2.000	1.990	1.949	1.949	1.916	1.878	1.853	1.683	Max V [600]
	0.981	0.979	0.978	0.979	0.980	0.979	0.979	0.977	0.979	0.976	0.976	0.988	R-Squared [600]
	7:00:37	7:00:37	7:00:37	7:00:37	7:00:37	7:00:37	7:00:37	7:00:37	7:00:37	7:00:37	8:00:38	8:00:38	t at Max V [600]
	3:48:34	3:51:18	3:57:28	3:54:31	3:53:24	3:54:18	3:51:27	3:58:11	3:55:04	3:49:16	4:00:10	4:22:17	Lagtime [600]
B	1.989	2.053	2.042	2.134	2.071	2.110	2.052	2.100	1.908	1.879	1.862	1.760	Max V [600]
	0.974	0.976	0.983	0.987	0.985	0.984	0.984	0.985	0.987	0.989	0.980	0.990	R-Squared [600]
	7:00:37	8:00:38	8:00:38	8:00:38	8:00:38	8:00:38	8:00:38	8:00:38	8:00:38	8:00:38	8:00:38	8:00:38	t at Max V [600]
	3:55:23	4:12:54	4:21:01	4:30:38	4:25:30	4:28:23	4:25:23	4:28:14	4:22:33	4:19:28	4:03:04	4:16:42	Lagtime [600]
C	1.994	1.995	1.964	2.011	2.089	2.072	2.020	1.963	2.015	2.007	2.013	1.791	Max V [600]
	0.977	0.989	0.989	0.989	0.997	0.993	0.989	0.989	0.990	0.990	0.984	0.990	R-Squared [600]
	8:00:38	8:00:38	8:00:38	8:00:38	8:00:38	8:00:38	8:00:38	8:00:38	8:00:38	8:00:38	8:00:38	8:00:38	t at Max V [600]
	4:09:23	4:26:48	4:31:22	4:38:18	4:23:50	4:35:39	4:39:36	4:34:32	4:34:16	4:30:09	4:18:50	4:24:09	Lagtime [600]
D	2.171	2.276	2.159	2.212	2.167	2.179	2.179	2.219	2.064	2.079	2.156	1.893	Max V [600]
	0.980	0.977	0.977	0.984	0.987	0.988	0.989	0.988	0.983	0.974	0.978	0.985	R-Squared [600]
	8:00:38	8:00:38	9:00:38	9:00:38	8:00:38	8:00:38	8:00:38	8:00:38	9:00:38	8:00:38	8:00:38	9:00:38	t at Max V [600]
	4:41:58	4:57:47	5:13:51	5:23:09	4:51:25	4:52:51	4:53:14	4:51:20	5:19:15	4:57:29	4:52:43	5:22:37	Lagtime [600]
E	1.940	1.908	1.867	1.879	2.123	1.975	2.170	2.044	2.040	2.188	2.111	1.761	Max V [600]
	0.983	0.985	0.992	0.991	0.987	0.984	0.988	0.987	0.983	0.990	0.992	0.983	R-Squared [600]
	8:00:38	9:00:38	9:00:38	9:00:38	8:00:38	9:00:38	8:00:38	8:00:38	8:00:38	8:00:38	8:00:38	8:00:38	t at Max V [600]
	4:45:17	5:09:37	5:27:50	5:32:09	4:54:17	5:00:20	4:56:29	4:50:45	4:49:16	4:43:58	4:40:22	4:37:21	Lagtime [600]
F	2.693	2.769	2.776	2.610	2.498	2.513	2.187	2.233	2.279	2.661	2.734	2.450	Max V [600]
	0.969	0.981	0.986	0.999	0.996	0.997	0.994	0.995	0.995	0.998	0.995	0.990	R-Squared [600]
	8:00:38	9:00:38	9:00:38	8:00:38	8:00:38	9:00:38	9:00:38	9:00:38	9:00:38	8:00:38	8:00:38	8:00:38	t at Max V [600]
	5:07:11	5:34:37	5:44:13	4:38:57	4:55:23	4:56:01	5:18:40	5:19:10	5:04:53	4:50:06	4:51:11	4:51:46	Lagtime [600]
G	2.070	2.266	2.206	1.979	2.027	1.922	2.031	2.106	2.156	2.169	2.065	1.970	Max V [600]
	0.978	0.985	0.986	0.984	0.984	0.981	0.980	0.986	0.988	0.988	0.983	0.988	R-Squared [600]
	8:00:38	8:00:38	8:00:38	8:00:38	8:00:38	8:00:38	8:00:38	8:00:38	8:00:38	8:00:38	8:00:38	8:00:38	t at Max V [600]
	4:11:54	4:31:55	4:42:38	4:42:15	4:48:25	4:45:39	4:51:06	4:49:43	4:47:54	4:40:52	4:28:23	4:31:20	Lagtime [600]
H	2.106	2.140	2.151	2.177	2.205	2.035	2.006	1.891	1.773	1.743	1.936	1.828	Max V [600]
	0.974	0.971	0.978	0.984	0.988	0.988	0.987	0.980	0.982	0.983	0.988	0.986	R-Squared [600]
	7:00:37	7:00:37	8:00:38	8:00:38	8:00:38	8:00:38	8:00:38	8:00:38	9:00:38	9:00:38	8:00:38	8:00:38	t at Max V [600]
	3:58:50	4:04:59	4:18:13	4:25:02	4:36:19	4:38:27	4:44:46	4:46:47	4:49:38	4:51:52	4:34:06	4:32:39	Lagtime [600]

