

Software Version	3.10.06



Experiment File Path:	C:\Users\patil-group\Desktop\Sweeteners_stacker\211021_NT5009_11_Rep1\NT5009_11_Rep1.xpt
Protocol File Path:	C:\Users\Public\Documents\Protocols\Screening-protocol.prt



Plate Number	Plate 2
Date	21/10/2021
Time	14:04:06
Reader Type:	Epoch 2
Reader Serial Number:	2103223
Reading Type	Reader

Procedure Details

Plate Type	96 WELL PLATE
Discontinuous Kinetics	Runtime 1:00:00 (D:HH:MM), Interval 0:01:00, 25 Reads
	Pause after each run
Eject plate on completion	
Shake	Linear: 0:00:30 (HH:MM:SS)
	Frequency: 567 cpm (3 mm)
Read	Absorbance Endpoint
	Full Plate
	Wavelengths:  600
	Read Speed: Normal,  Delay: 100 msec,  Measurements/Data Point: 8

600

Time	T° 600	A1	A2	A3	A4	A5	A6	A7	A8	A9	A10	A11	A12	B1	B2	B3	B4	B5	B6	B7	B8	B9	B10	B11	B12	C1	C2	C3	C4	C5	C6	C7	C8	C9	C10	C11	C12	D1	D2	D3	D4	D5	D6	D7	D8	D9	D10	D11	D12	E1	E2	E3	E4	E5	E6	E7	E8	E9	E10	E11	E12	F1	F2	F3	F4	F5	F6	F7	F8	F9	F10	F11	F12	G1	G2	G3	G4	G5	G6	G7	G8	G9	G10	G11	G12	H1	H2	H3	H4	H5	H6	H7	H8	H9	H10	H11	H12
0:00:34	34.7	0.170	0.169	0.174	0.173	0.166	0.165	0.163	0.164	0.178	0.166	0.173	0.183	0.180	0.173	0.174	0.180	0.174	0.172	0.170	0.167	0.170	0.176	0.173	0.179	0.168	0.167	0.173	0.173	0.180	0.171	0.173	0.171	0.175	0.171	0.174	0.178	0.171	0.173	0.175	0.172	0.170	0.171	0.175	0.171	0.172	0.173	0.170	0.182	0.175	0.167	0.191	0.175	0.172	0.175	0.172	0.175	0.198	0.179	0.171	0.175	0.177	0.179	0.180	0.171	0.176	0.180	0.179	0.173	0.176	0.172	0.173	0.187	0.170	0.169	0.176	0.169	0.170	0.173	0.181	0.177	0.171	0.169	0.174	0.181	0.181	0.178	0.173	0.177	0.173	0.179	0.183	0.172	0.183	0.177	0.189	0.179
1:00:31	34.9	0.170	0.169	0.176	0.175	0.166	0.164	0.163	0.164	0.179	0.165	0.173	0.181	0.180	0.173	0.174	0.178	0.173	0.171	0.169	0.166	0.169	0.175	0.173	0.178	0.169	0.167	0.171	0.173	0.179	0.170	0.171	0.169	0.174	0.170	0.173	0.177	0.172	0.173	0.174	0.172	0.169	0.171	0.174	0.170	0.172	0.172	0.169	0.182	0.175	0.167	0.190	0.174	0.171	0.174	0.171	0.174	0.190	0.178	0.170	0.175	0.177	0.179	0.182	0.170	0.175	0.179	0.178	0.172	0.174	0.171	0.172	0.185	0.170	0.169	0.176	0.169	0.169	0.172	0.179	0.175	0.170	0.168	0.173	0.180	0.181	0.177	0.173	0.178	0.172	0.177	0.181	0.171	0.183	0.177	0.188	0.177
2:00:32	34.7	0.173	0.172	0.178	0.175	0.167	0.166	0.164	0.165	0.179	0.166	0.173	0.181	0.182	0.175	0.176	0.178	0.174	0.172	0.169	0.166	0.169	0.175	0.174	0.179	0.171	0.169	0.173	0.174	0.180	0.172	0.171	0.169	0.174	0.169	0.174	0.178	0.174	0.175	0.175	0.173	0.170	0.172	0.174	0.170	0.172	0.173	0.170	0.183	0.178	0.170	0.191	0.175	0.172	0.173	0.171	0.174	0.183	0.179	0.171	0.176	0.179	0.179	0.183	0.172	0.175	0.180	0.179	0.172	0.175	0.171	0.172	0.186	0.172	0.169	0.177	0.170	0.169	0.172	0.179	0.175	0.171	0.169	0.174	0.180	0.184	0.178	0.174	0.179	0.173	0.178	0.180	0.178	0.183	0.178	0.188	0.177
3:00:32	34.7	0.186	0.183	0.186	0.181	0.173	0.171	0.167	0.168	0.183	0.169	0.178	0.186	0.192	0.184	0.184	0.182	0.179	0.175	0.172	0.169	0.171	0.179	0.178	0.185	0.180	0.174	0.178	0.176	0.183	0.174	0.173	0.171	0.176	0.172	0.179	0.182	0.183	0.181	0.181	0.176	0.173	0.175	0.177	0.173	0.177	0.177	0.174	0.190	0.186	0.175	0.194	0.178	0.175	0.174	0.172	0.177	0.185	0.182	0.175	0.180	0.188	0.185	0.187	0.175	0.179	0.181	0.181	0.174	0.178	0.173	0.176	0.191	0.181	0.175	0.182	0.174	0.172	0.174	0.180	0.177	0.173	0.172	0.177	0.185	0.196	0.185	0.183	0.186	0.178	0.184	0.183	0.182	0.186	0.182	0.194	0.183
4:00:32	34.7	0.217	0.210	0.210	0.201	0.194	0.190	0.184	0.184	0.198	0.185	0.196	0.208	0.219	0.206	0.206	0.200	0.195	0.191	0.186	0.183	0.185	0.193	0.194	0.206	0.203	0.194	0.196	0.191	0.200	0.190	0.185	0.183	0.189	0.186	0.193	0.202	0.208	0.201	0.199	0.192	0.188	0.191	0.189	0.186	0.187	0.191	0.191	0.209	0.209	0.195	0.211	0.195	0.191	0.188	0.183	0.188	0.198	0.197	0.192	0.199	0.214	0.204	0.205	0.192	0.194	0.195	0.195	0.187	0.191	0.186	0.192	0.211	0.206	0.195	0.203	0.192	0.188	0.186	0.192	0.191	0.188	0.188	0.194	0.205	0.226	0.210	0.208	0.207	0.199	0.205	0.200	0.198	0.204	0.203	0.216	0.207
5:00:32	34.7	0.257	0.250	0.246	0.235	0.229	0.223	0.217	0.215	0.225	0.213	0.231	0.245	0.260	0.243	0.242	0.233	0.227	0.221	0.215	0.211	0.213	0.222	0.224	0.243	0.240	0.226	0.225	0.220	0.229	0.219	0.210	0.208	0.216	0.213	0.223	0.236	0.247	0.235	0.232	0.222	0.217	0.222	0.215	0.213	0.213	0.220	0.222	0.243	0.248	0.228	0.241	0.226	0.221	0.215	0.208	0.214	0.225	0.227	0.223	0.234	0.253	0.236	0.235	0.223	0.224	0.228	0.224	0.215	0.218	0.214	0.225	0.247	0.245	0.229	0.233	0.224	0.217	0.212	0.219	0.218	0.217	0.218	0.226	0.242	0.268	0.249	0.243	0.240	0.235	0.240	0.232	0.232	0.234	0.234	0.253	0.244
6:00:33	34.7	0.298	0.288	0.286	0.272	0.266	0.260	0.255	0.248	0.256	0.243	0.272	0.284	0.298	0.281	0.277	0.270	0.262	0.256	0.250	0.246	0.248	0.255	0.258	0.282	0.277	0.261	0.258	0.254	0.264	0.253	0.243	0.241	0.249	0.247	0.257	0.275	0.285	0.271	0.269	0.258	0.252	0.258	0.251	0.249	0.247	0.256	0.259	0.280	0.287	0.266	0.277	0.263	0.257	0.250	0.243	0.249	0.261	0.262	0.259	0.271	0.292	0.271	0.270	0.259	0.259	0.255	0.259	0.249	0.252	0.249	0.262	0.287	0.284	0.264	0.268	0.259	0.253	0.248	0.253	0.252	0.252	0.255	0.265	0.281	0.311	0.284	0.277	0.276	0.271	0.276	0.268	0.268	0.267	0.269	0.294	0.287
7:00:34	34.7	0.338	0.328	0.317	0.304	0.302	0.298	0.291	0.282	0.297	0.283	0.307	0.322	0.334	0.316	0.308	0.306	0.299	0.292	0.287	0.282	0.284	0.296	0.294	0.320	0.313	0.296	0.293	0.286	0.299	0.290	0.279	0.275	0.285	0.284	0.295	0.310	0.320	0.306	0.305	0.295	0.290	0.296	0.288	0.287	0.284	0.293	0.302	0.323	0.325	0.302	0.315	0.300	0.294	0.286	0.279	0.286	0.298	0.300	0.299	0.315	0.329	0.305	0.308	0.297	0.296	0.289	0.296	0.287	0.292	0.290	0.305	0.323	0.321	0.299	0.301	0.296	0.290	0.280	0.292	0.287	0.293	0.295	0.300	0.320	0.347	0.328	0.316	0.312	0.307	0.311	0.303	0.307	0.303	0.306	0.329	0.321
8:00:35	34.6	0.376	0.363	0.352	0.337	0.341	0.339	0.332	0.318	0.325	0.316	0.345	0.365	0.379	0.356	0.341	0.340	0.330	0.326	0.321	0.322	0.317	0.326	0.330	0.364	0.351	0.335	0.319	0.317	0.335	0.323	0.314	0.308	0.324	0.316	0.329	0.347	0.363	0.341	0.336	0.331	0.323	0.329	0.322	0.325	0.321	0.328	0.333	0.357	0.364	0.337	0.346	0.332	0.326	0.321	0.315	0.321	0.336	0.336	0.335	0.355	0.371	0.339	0.340	0.330	0.329	0.321	0.330	0.324	0.325	0.324	0.335	0.359	0.358	0.336	0.334	0.328	0.326	0.312	0.321	0.324	0.322	0.327	0.338	0.364	0.389	0.367	0.348	0.346	0.348	0.344	0.344	0.344	0.337	0.340	0.366	0.358
9:00:35	34.6	0.413	0.406	0.394	0.380	0.382	0.376	0.373	0.359	0.364	0.352	0.392	0.412	0.417	0.393	0.382	0.379	0.365	0.365	0.362	0.358	0.360	0.365	0.370	0.406	0.389	0.366	0.354	0.355	0.369	0.361	0.345	0.339	0.356	0.352	0.364	0.388	0.403	0.381	0.375	0.369	0.357	0.364	0.357	0.359	0.355	0.364	0.372	0.401	0.404	0.370	0.381	0.370	0.368	0.358	0.349	0.353	0.375	0.370	0.370	0.391	0.410	0.379	0.381	0.370	0.363	0.357	0.371	0.357	0.362	0.356	0.370	0.404	0.402	0.372	0.369	0.365	0.361	0.351	0.361	0.357	0.358	0.361	0.377	0.405	0.429	0.404	0.382	0.387	0.386	0.387	0.380	0.389	0.374	0.376	0.406	0.401
10:00:35	34.7	0.445	0.440	0.426	0.415	0.416	0.413	0.410	0.395	0.399	0.385	0.431	0.448	0.449	0.427	0.416	0.415	0.406	0.403	0.397	0.393	0.396	0.401	0.407	0.444	0.422	0.399	0.389	0.387	0.402	0.398	0.387	0.381	0.394	0.388	0.408	0.424	0.435	0.414	0.410	0.404	0.398	0.405	0.398	0.402	0.397	0.404	0.413	0.438	0.442	0.409	0.420	0.409	0.404	0.394	0.380	0.395	0.412	0.412	0.411	0.433	0.444	0.413	0.413	0.405	0.403	0.393	0.406	0.396	0.395	0.398	0.413	0.440	0.437	0.404	0.410	0.405	0.403	0.387	0.396	0.398	0.398	0.401	0.412	0.441	0.463	0.438	0.421	0.417	0.420	0.422	0.416	0.426	0.414	0.417	0.441	0.438
11:00:36	34.6	0.472	0.469	0.456	0.444	0.445	0.445	0.441	0.424	0.431	0.417	0.463	0.479	0.477	0.457	0.447	0.447	0.438	0.435	0.429	0.425	0.427	0.438	0.439	0.474	0.448	0.427	0.419	0.417	0.430	0.428	0.418	0.413	0.424	0.420	0.439	0.454	0.464	0.444	0.441	0.433	0.430	0.438	0.430	0.435	0.431	0.440	0.446	0.468	0.472	0.441	0.450	0.442	0.432	0.425	0.419	0.428	0.445	0.445	0.444	0.464	0.472	0.446	0.445	0.437	0.437	0.424	0.439	0.429	0.428	0.429	0.446	0.468	0.469	0.436	0.440	0.436	0.435	0.419	0.429	0.430	0.429	0.432	0.447	0.472	0.492	0.468	0.449	0.451	0.452	0.452	0.446	0.456	0.447	0.447	0.471	0.469
12:00:36	34.6	0.495	0.494	0.481	0.472	0.473	0.472	0.467	0.451	0.457	0.444	0.490	0.504	0.501	0.481	0.473	0.474	0.465	0.462	0.456	0.454	0.455	0.461	0.467	0.501	0.470	0.450	0.444	0.438	0.453	0.458	0.446	0.440	0.452	0.448	0.467	0.479	0.487	0.469	0.468	0.462	0.460	0.467	0.461	0.465	0.460	0.469	0.475	0.496	0.501	0.468	0.477	0.468	0.460	0.451	0.448	0.458	0.476	0.474	0.472	0.492	0.497	0.472	0.472	0.466	0.462	0.451	0.465	0.457	0.457	0.459	0.471	0.491	0.493	0.463	0.466	0.462	0.464	0.447	0.455	0.458	0.456	0.462	0.471	0.500	0.517	0.496	0.474	0.480	0.476	0.478	0.471	0.482	0.475	0.476	0.499	0.496
13:00:37	34.6	0.518	0.511	0.502	0.495	0.488	0.494	0.490	0.473	0.478	0.467	0.513	0.525	0.519	0.503	0.495	0.497	0.490	0.491	0.480	0.479	0.479	0.485	0.493	0.525	0.490	0.470	0.469	0.459	0.478	0.479	0.468	0.463	0.480	0.470	0.493	0.499	0.508	0.490	0.491	0.485	0.490	0.494	0.486	0.492	0.486	0.496	0.500	0.517	0.527	0.491	0.501	0.496	0.486	0.476	0.474	0.484	0.502	0.496	0.497	0.514	0.521	0.495	0.496	0.490	0.487	0.474	0.489	0.483	0.482	0.485	0.492	0.510	0.517	0.485	0.493	0.489	0.490	0.471	0.481	0.482	0.482	0.487	0.497	0.522	0.541	0.522	0.498	0.506	0.500	0.503	0.496	0.507	0.498	0.499	0.520	0.519
14:00:37	34.6	0.536	0.541	0.521	0.513	0.519	0.511	0.510	0.490	0.495	0.484	0.531	0.554	0.545	0.520	0.515	0.514	0.510	0.506	0.503	0.499	0.501	0.505	0.511	0.552	0.507	0.488	0.483	0.479	0.499	0.499	0.489	0.484	0.497	0.492	0.515	0.519	0.526	0.511	0.510	0.510	0.511	0.515	0.508	0.516	0.510	0.517	0.527	0.535	0.557	0.512	0.523	0.511	0.507	0.497	0.497	0.504	0.523	0.521	0.517	0.533	0.550	0.515	0.517	0.510	0.509	0.494	0.513	0.505	0.503	0.510	0.508	0.525	0.542	0.504	0.514	0.504	0.509	0.492	0.504	0.507	0.502	0.506	0.515	0.540	0.565	0.549	0.517	0.523	0.518	0.524	0.518	0.530	0.517	0.518	0.539	0.534
15:00:38	34.6	0.538	0.544	0.540	0.536	0.525	0.532	0.530	0.514	0.522	0.513	0.553	0.558	0.548	0.536	0.536	0.542	0.535	0.524	0.518	0.516	0.528	0.526	0.527	0.559	0.523	0.502	0.497	0.496	0.511	0.512	0.507	0.499	0.515	0.507	0.532	0.540	0.536	0.534	0.536	0.526	0.527	0.532	0.527	0.535	0.528	0.536	0.548	0.557	0.562	0.536	0.553	0.528	0.521	0.513	0.507	0.523	0.542	0.549	0.535	0.559	0.551	0.536	0.541	0.532	0.525	0.517	0.532	0.521	0.521	0.526	0.533	0.546	0.547	0.525	0.535	0.532	0.540	0.511	0.518	0.528	0.532	0.534	0.543	0.558	0.569	0.556	0.545	0.546	0.543	0.544	0.542	0.549	0.546	0.544	0.560	0.556
16:00:39	34.6	0.539	0.544	0.542	0.539	0.529	0.534	0.534	0.519	0.524	0.518	0.554	0.559	0.548	0.541	0.537	0.544	0.539	0.539	0.534	0.531	0.530	0.538	0.545	0.561	0.526	0.516	0.515	0.513	0.526	0.531	0.527	0.524	0.535	0.526	0.545	0.542	0.539	0.534	0.539	0.542	0.547	0.548	0.547	0.553	0.546	0.554	0.551	0.557	0.560	0.537	0.555	0.545	0.539	0.533	0.533	0.544	0.560	0.555	0.550	0.557	0.551	0.543	0.547	0.540	0.544	0.537	0.548	0.539	0.538	0.542	0.534	0.543	0.550	0.525	0.541	0.535	0.541	0.530	0.534	0.539	0.534	0.538	0.546	0.559	0.567	0.558	0.545	0.548	0.543	0.546	0.544	0.551	0.549	0.546	0.562	0.557
17:00:39	34.6	0.539	0.544	0.543	0.538	0.530	0.534	0.535	0.519	0.526	0.521	0.555	0.559	0.550	0.543	0.538	0.546	0.541	0.542	0.535	0.535	0.535	0.539	0.548	0.561	0.528	0.516	0.515	0.516	0.530	0.534	0.530	0.526	0.538	0.528	0.547	0.546	0.540	0.535	0.540	0.545	0.550	0.549	0.550	0.556	0.550	0.555	0.553	0.558	0.561	0.537	0.557	0.547	0.542	0.535	0.536	0.547	0.561	0.558	0.550	0.557	0.551	0.543	0.548	0.544	0.545	0.541	0.553	0.540	0.540	0.545	0.534	0.543	0.550	0.527	0.540	0.537	0.545	0.532	0.537	0.543	0.538	0.540	0.547	0.560	0.567	0.559	0.545	0.550	0.544	0.548	0.547	0.553	0.552	0.548	0.564	0.557
18:00:40	34.6	0.538	0.545	0.544	0.540	0.529	0.534	0.534	0.518	0.527	0.521	0.555	0.558	0.550	0.543	0.539	0.546	0.540	0.543	0.535	0.535	0.536	0.538	0.549	0.560	0.527	0.516	0.514	0.517	0.533	0.535	0.532	0.528	0.538	0.529	0.547	0.545	0.540	0.536	0.540	0.544	0.552	0.549	0.549	0.556	0.552	0.558	0.553	0.558	0.561	0.539	0.557	0.547	0.542	0.536	0.538	0.549	0.562	0.559	0.549	0.558	0.551	0.543	0.549	0.544	0.546	0.541	0.553	0.543	0.542	0.546	0.533	0.542	0.549	0.529	0.540	0.538	0.545	0.533	0.539	0.545	0.539	0.542	0.547	0.559	0.568	0.560	0.544	0.551	0.544	0.550	0.546	0.554	0.554	0.554	0.564	0.556
19:00:40	34.6	0.536	0.543	0.543	0.538	0.528	0.533	0.533	0.517	0.525	0.521	0.554	0.556	0.549	0.541	0.537	0.546	0.539	0.542	0.535	0.535	0.537	0.538	0.547	0.559	0.528	0.517	0.513	0.517	0.531	0.535	0.532	0.526	0.539	0.530	0.548	0.545	0.541	0.536	0.540	0.543	0.553	0.549	0.549	0.556	0.551	0.556	0.553	0.556	0.560	0.539	0.557	0.549	0.542	0.535	0.540	0.549	0.562	0.558	0.548	0.557	0.552	0.543	0.548	0.544	0.546	0.542	0.555	0.543	0.542	0.548	0.533	0.540	0.548	0.529	0.541	0.539	0.545	0.533	0.540	0.545	0.539	0.543	0.547	0.558	0.565	0.559	0.544	0.552	0.544	0.552	0.547	0.554	0.554	0.550	0.564	0.555
20:00:41	34.6	0.535	0.542	0.541	0.536	0.526	0.531	0.532	0.515	0.525	0.519	0.552	0.554	0.549	0.539	0.536	0.543	0.539	0.540	0.535	0.534	0.537	0.538	0.546	0.558	0.527	0.517	0.513	0.516	0.531	0.534	0.532	0.526	0.538	0.528	0.548	0.543	0.540	0.534	0.539	0.542	0.552	0.549	0.548	0.555	0.552	0.556	0.553	0.555	0.559	0.539	0.556	0.548	0.540	0.535	0.539	0.550	0.566	0.558	0.547	0.556	0.551	0.542	0.549	0.544	0.545	0.542	0.555	0.543	0.542	0.547	0.531	0.538	0.548	0.529	0.541	0.539	0.545	0.533	0.541	0.546	0.539	0.543	0.545	0.557	0.563	0.557	0.543	0.552	0.543	0.552	0.546	0.554	0.554	0.550	0.563	0.553
21:00:41	34.7	0.533	0.540	0.539	0.534	0.524	0.530	0.531	0.514	0.523	0.518	0.550	0.551	0.548	0.538	0.534	0.543	0.537	0.539	0.532	0.532	0.535	0.536	0.544	0.556	0.526	0.516	0.512	0.516	0.530	0.533	0.531	0.524	0.537	0.527	0.546	0.541	0.539	0.533	0.537	0.541	0.551	0.546	0.546	0.553	0.550	0.554	0.551	0.552	0.558	0.539	0.556	0.547	0.539	0.534	0.538	0.547	0.559	0.556	0.546	0.554	0.549	0.541	0.548	0.543	0.545	0.542	0.555	0.542	0.541	0.547	0.530	0.536	0.548	0.529	0.540	0.539	0.545	0.533	0.540	0.545	0.538	0.543	0.544	0.556	0.560	0.556	0.541	0.551	0.541	0.550	0.544	0.553	0.553	0.551	0.561	0.551
22:00:42	34.7	0.530	0.538	0.538	0.532	0.522	0.528	0.529	0.512	0.522	0.517	0.549	0.548	0.547	0.536	0.533	0.541	0.536	0.537	0.530	0.530	0.533	0.535	0.542	0.553	0.526	0.515	0.509	0.510	0.528	0.532	0.529	0.522	0.535	0.524	0.546	0.540	0.537	0.530	0.535	0.540	0.551	0.545	0.546	0.552	0.548	0.555	0.551	0.550	0.554	0.536	0.555	0.545	0.538	0.531	0.537	0.546	0.559	0.556	0.544	0.552	0.548	0.540	0.547	0.542	0.543	0.541	0.555	0.542	0.540	0.546	0.528	0.533	0.546	0.527	0.539	0.537	0.543	0.532	0.539	0.545	0.538	0.541	0.541	0.553	0.556	0.553	0.538	0.549	0.539	0.548	0.543	0.552	0.552	0.549	0.560	0.549
23:00:42	34.8	0.527	0.536	0.536	0.529	0.520	0.526	0.527	0.509	0.520	0.515	0.546	0.545	0.544	0.533	0.531	0.537	0.534	0.536	0.528	0.527	0.531	0.534	0.541	0.550	0.525	0.513	0.507	0.512	0.527	0.530	0.528	0.521	0.534	0.526	0.544	0.538	0.535	0.529	0.533	0.537	0.548	0.544	0.543	0.550	0.546	0.552	0.549	0.547	0.551	0.535	0.552	0.544	0.536	0.532	0.534	0.544	0.559	0.553	0.543	0.550	0.544	0.537	0.545	0.541	0.542	0.540	0.553	0.540	0.539	0.543	0.525	0.530	0.542	0.525	0.538	0.536	0.542	0.531	0.538	0.544	0.536	0.540	0.539	0.551	0.548	0.549	0.534	0.547	0.535	0.545	0.541	0.549	0.552	0.546	0.558	0.546
0:00:00																																																																																																	

Results
	1	2	3	4	5	6	7	8	9	10	11	12
A	0.666	0.644	0.602	0.603	0.635	0.639	0.653	0.616	0.591	0.588	0.671	0.696	Max V [600]
	1.000	0.999	0.997	0.997	0.999	1.000	0.999	0.999	0.998	0.999	0.997	0.998	R-Squared [600]
	6:00:34	7:00:34	7:00:34	8:00:34	7:00:34	7:00:34	8:00:34	8:00:34	8:00:34	8:00:34	8:00:34	8:00:34	t at Max V [600]
	2:48:58	2:54:53	2:59:59	3:21:17	3:23:48	3:30:47	3:41:42	3:47:04	3:46:52	3:45:10	3:37:51	3:36:38	Lagtime [600]
B	0.657	0.625	0.586	0.606	0.589	0.610	0.615	0.615	0.618	0.602	0.624	0.684	Max V [600]
	0.999	1.000	0.998	1.000	0.998	0.999	0.999	1.000	0.998	0.998	1.000	0.999	R-Squared [600]
	6:00:34	7:00:34	9:00:35	7:00:34	8:00:34	8:00:34	8:00:34	7:00:34	8:00:34	8:00:34	8:00:34	8:00:34	t at Max V [600]
	3:00:37	3:09:23	3:10:51	3:33:20	3:31:04	3:43:50	3:50:12	3:51:16	3:56:02	3:47:01	3:46:32	3:32:22	Lagtime [600]
C	0.618	0.589	0.540	0.561	0.585	0.599	0.590	0.584	0.599	0.583	0.617	0.630	Max V [600]
	1.000	0.999	0.998	0.999	1.000	0.999	0.998	0.997	0.999	0.999	0.998	0.999	R-Squared [600]
	7:00:34	7:00:34	8:00:34	8:00:34	7:00:34	8:00:34	8:00:34	9:00:35	8:00:34	8:00:34	8:00:34	7:00:34	t at Max V [600]
	3:05:08	3:20:35	3:23:40	3:39:57	3:35:51	3:44:27	4:03:17	4:04:26	3:56:10	3:48:57	3:46:36	3:29:22	Lagtime [600]
D	0.651	0.603	0.590	0.611	0.597	0.602	0.606	0.628	0.619	0.615	0.628	0.656	Max V [600]
	0.999	0.999	0.999	1.000	0.998	0.999	0.999	0.999	0.999	0.999	0.998	0.999	R-Squared [600]
	7:00:34	7:00:34	7:00:34	7:00:34	8:00:34	8:00:34	8:00:34	8:00:34	8:00:34	9:00:35	8:00:34	8:00:34	t at Max V [600]
	3:06:19	3:18:14	3:22:55	3:39:46	3:42:45	3:36:46	3:55:43	3:55:25	4:00:38	3:46:42	3:35:20	3:29:54	Lagtime [600]
E	0.647	0.595	0.587	0.605	0.616	0.599	0.591	0.598	0.632	0.618	0.627	0.666	Max V [600]
	1.000	1.000	0.999	0.999	0.999	1.000	1.000	0.999	1.000	0.999	0.999	0.999	R-Squared [600]
	7:00:34	6:00:34	8:00:34	8:00:34	8:00:34	8:00:34	7:00:34	8:00:34	8:00:34	8:00:34	8:00:34	8:00:34	t at Max V [600]
	3:08:34	3:15:12	3:34:24	3:36:22	3:44:37	3:54:46	3:59:34	3:56:12	4:21:38	3:45:49	3:38:51	3:33:48	Lagtime [600]
F	0.656	0.597	0.599	0.608	0.592	0.574	0.613	0.606	0.602	0.605	0.612	0.647	Max V [600]
	1.000	0.999	0.999	0.999	0.999	0.999	0.999	1.000	0.999	0.998	0.997	0.999	R-Squared [600]
	7:00:34	8:00:34	7:00:34	8:00:34	8:00:34	8:00:34	8:00:34	8:00:34	7:00:34	8:00:34	8:00:34	8:00:34	t at Max V [600]
	3:05:49	3:28:50	3:29:00	3:35:13	3:40:33	3:51:39	3:49:53	3:53:39	3:51:25	3:51:04	3:32:35	3:28:28	Lagtime [600]
G	0.649	0.598	0.589	0.602	0.618	0.588	0.592	0.601	0.597	0.596	0.626	0.679	Max V [600]
	0.999	1.000	0.998	0.999	0.999	0.999	0.998	0.999	0.997	0.998	1.000	0.999	R-Squared [600]
	7:00:34	7:00:34	9:00:35	8:00:34	8:00:34	9:00:35	8:00:34	8:00:34	8:00:34	8:00:34	7:00:34	7:00:34	t at Max V [600]
	3:06:44	3:22:00	3:31:11	3:32:57	3:46:41	4:00:50	3:58:12	3:56:53	3:43:31	3:34:43	3:37:33	3:33:12	Lagtime [600]
H	0.674	0.655	0.590	0.606	0.633	0.613	0.623	0.665	0.611	0.609	0.628	0.643	Max V [600]
	0.999	0.999	0.999	0.999	0.999	0.999	1.000	0.999	0.999	0.999	0.999	0.998	R-Squared [600]
	6:00:34	7:00:34	8:00:34	7:00:34	7:00:34	8:00:34	8:00:34	8:00:34	8:00:34	8:00:34	7:00:34	7:00:34	t at Max V [600]
	2:51:44	3:14:09	3:02:20	3:17:58	3:24:39	3:25:34	3:45:04	3:37:10	3:45:54	3:31:04	3:16:16	3:17:38	Lagtime [600]

