
Software Version	3.11.19



Experiment File Path:	C:\Users\patil-group\Desktop\Sweeteners_stacker\291121_NT5071_72_74_Rep2\NT5071_72_74_Rep2.xpt
Protocol File Path:	C:\Users\Public\Documents\Protocols\Screening-protocol.prt



Plate Number	Plate 17
Date	29/11/2021
Time	13:36:49
Reader Type:	Epoch 2
Reader Serial Number:	2103223
Reading Type	Reader

Procedure Details

Plate Type	96 WELL PLATE
Discontinuous Kinetics	Runtime 1:00:00 (D:HH:MM), Interval 0:01:00, 25 Reads
	Pause after each run
Eject plate on completion	
Shake	Linear: 0:00:30 (HH:MM:SS)
	Frequency: 567 cpm (3 mm)
Read	Absorbance Endpoint
	Full Plate
	Wavelengths:  600
	Read Speed: Normal,  Delay: 100 msec,  Measurements/Data Point: 8

600

Time	T° 600	A1	A2	A3	A4	A5	A6	A7	A8	A9	A10	A11	A12	B1	B2	B3	B4	B5	B6	B7	B8	B9	B10	B11	B12	C1	C2	C3	C4	C5	C6	C7	C8	C9	C10	C11	C12	D1	D2	D3	D4	D5	D6	D7	D8	D9	D10	D11	D12	E1	E2	E3	E4	E5	E6	E7	E8	E9	E10	E11	E12	F1	F2	F3	F4	F5	F6	F7	F8	F9	F10	F11	F12	G1	G2	G3	G4	G5	G6	G7	G8	G9	G10	G11	G12	H1	H2	H3	H4	H5	H6	H7	H8	H9	H10	H11	H12
0:00:34	34.1	0.171	0.171	0.178	0.170	0.173	0.170	0.167	0.164	0.166	0.170	0.177	0.170	0.183	0.174	0.180	0.178	0.171	0.169	0.174	0.170	0.168	0.174	0.167	0.171	0.195	0.174	0.172	0.179	0.187	0.169	0.164	0.175	0.163	0.171	0.175	0.172	0.173	0.175	0.176	0.174	0.174	0.171	0.171	0.167	0.178	0.169	0.168	0.168	0.176	0.174	0.182	0.177	0.184	0.179	0.173	0.165	0.167	0.167	0.168	0.170	0.178	0.174	0.179	0.182	0.179	0.185	0.173	0.183	0.173	0.170	0.176	0.176	0.185	0.178	0.186	0.177	0.159	0.176	0.172	0.167	0.167	0.175	0.169	0.183	0.180	0.174	0.175	0.187	0.172	0.183	0.182	0.180	0.167	0.176	0.170	0.176
1:00:35	34.3	0.177	0.176	0.183	0.174	0.177	0.174	0.171	0.168	0.170	0.174	0.181	0.173	0.187	0.178	0.184	0.181	0.175	0.173	0.178	0.173	0.173	0.176	0.171	0.175	0.198	0.178	0.177	0.183	0.191	0.173	0.167	0.179	0.166	0.174	0.179	0.176	0.178	0.180	0.180	0.178	0.178	0.175	0.174	0.170	0.181	0.173	0.171	0.174	0.181	0.179	0.186	0.181	0.188	0.182	0.176	0.168	0.170	0.170	0.171	0.173	0.183	0.178	0.183	0.185	0.182	0.188	0.177	0.185	0.176	0.173	0.179	0.179	0.190	0.182	0.185	0.181	0.162	0.179	0.174	0.170	0.171	0.179	0.172	0.185	0.185	0.179	0.180	0.192	0.176	0.186	0.184	0.181	0.171	0.179	0.174	0.180
2:00:35	34.3	0.185	0.185	0.192	0.183	0.185	0.183	0.179	0.176	0.179	0.182	0.190	0.182	0.196	0.187	0.192	0.190	0.183	0.181	0.185	0.181	0.180	0.183	0.179	0.184	0.205	0.186	0.184	0.191	0.198	0.180	0.173	0.187	0.173	0.180	0.186	0.184	0.186	0.187	0.187	0.185	0.185	0.182	0.180	0.176	0.186	0.179	0.179	0.182	0.189	0.186	0.193	0.188	0.195	0.189	0.181	0.173	0.177	0.177	0.179	0.181	0.191	0.186	0.190	0.192	0.188	0.195	0.183	0.188	0.182	0.179	0.186	0.186	0.199	0.191	0.188	0.189	0.167	0.187	0.181	0.175	0.178	0.186	0.179	0.193	0.194	0.188	0.190	0.200	0.185	0.195	0.192	0.188	0.179	0.187	0.183	0.189
3:00:36	34.3	0.200	0.199	0.207	0.197	0.199	0.196	0.191	0.189	0.192	0.196	0.204	0.197	0.210	0.201	0.205	0.202	0.196	0.194	0.197	0.193	0.192	0.195	0.192	0.197	0.218	0.198	0.197	0.202	0.211	0.191	0.184	0.197	0.183	0.191	0.198	0.197	0.199	0.199	0.198	0.197	0.198	0.194	0.191	0.186	0.197	0.190	0.191	0.195	0.204	0.199	0.205	0.199	0.207	0.201	0.191	0.182	0.187	0.189	0.190	0.193	0.204	0.198	0.201	0.203	0.199	0.205	0.195	0.198	0.193	0.190	0.198	0.198	0.212	0.203	0.194	0.202	0.176	0.199	0.193	0.186	0.189	0.197	0.190	0.203	0.208	0.202	0.204	0.214	0.199	0.208	0.204	0.199	0.192	0.199	0.197	0.203
4:00:37	34.3	0.218	0.218	0.226	0.215	0.218	0.214	0.208	0.206	0.211	0.214	0.222	0.215	0.229	0.219	0.222	0.219	0.213	0.211	0.214	0.210	0.209	0.211	0.210	0.215	0.235	0.215	0.213	0.217	0.227	0.207	0.200	0.213	0.198	0.207	0.213	0.214	0.217	0.216	0.215	0.212	0.214	0.210	0.206	0.201	0.211	0.206	0.207	0.212	0.220	0.216	0.222	0.215	0.223	0.216	0.204	0.194	0.202	0.205	0.206	0.209	0.221	0.215	0.217	0.219	0.215	0.220	0.210	0.211	0.208	0.205	0.214	0.214	0.230	0.221	0.202	0.218	0.189	0.215	0.208	0.201	0.205	0.212	0.204	0.219	0.227	0.220	0.222	0.231	0.216	0.226	0.221	0.215	0.209	0.218	0.215	0.221
5:00:38	34.3	0.242	0.242	0.249	0.238	0.240	0.236	0.230	0.227	0.232	0.236	0.244	0.239	0.253	0.242	0.244	0.241	0.234	0.232	0.235	0.230	0.229	0.232	0.231	0.237	0.256	0.235	0.234	0.236	0.248	0.226	0.219	0.231	0.217	0.226	0.234	0.235	0.238	0.236	0.234	0.232	0.234	0.229	0.225	0.220	0.229	0.225	0.227	0.233	0.241	0.236	0.242	0.234	0.243	0.235	0.219	0.209	0.221	0.224	0.224	0.229	0.242	0.235	0.237	0.238	0.234	0.239	0.229	0.229	0.226	0.224	0.233	0.233	0.253	0.242	0.215	0.239	0.204	0.234	0.227	0.220	0.224	0.232	0.221	0.237	0.250	0.242	0.245	0.253	0.238	0.248	0.242	0.235	0.230	0.240	0.236	0.243
6:00:39	34.3	0.269	0.269	0.276	0.264	0.267	0.262	0.254	0.252	0.257	0.261	0.269	0.264	0.281	0.269	0.269	0.266	0.259	0.256	0.259	0.253	0.253	0.256	0.256	0.262	0.281	0.259	0.258	0.259	0.272	0.249	0.241	0.253	0.239	0.248	0.258	0.260	0.263	0.261	0.258	0.256	0.258	0.252	0.247	0.241	0.251	0.247	0.251	0.257	0.267	0.261	0.267	0.258	0.265	0.258	0.236	0.225	0.243	0.246	0.247	0.252	0.268	0.259	0.261	0.262	0.257	0.262	0.253	0.251	0.248	0.246	0.256	0.256	0.278	0.267	0.230	0.263	0.223	0.258	0.250	0.243	0.246	0.254	0.242	0.259	0.276	0.269	0.272	0.279	0.264	0.273	0.267	0.259	0.255	0.263	0.262	0.268
7:00:38	34.3	0.296	0.296	0.303	0.291	0.293	0.288	0.280	0.278	0.282	0.285	0.294	0.289	0.308	0.296	0.294	0.291	0.284	0.282	0.284	0.278	0.278	0.280	0.281	0.297	0.307	0.285	0.284	0.283	0.296	0.274	0.265	0.276	0.262	0.272	0.283	0.285	0.289	0.286	0.283	0.281	0.283	0.277	0.271	0.263	0.274	0.272	0.276	0.283	0.292	0.286	0.291	0.282	0.289	0.283	0.255	0.243	0.267	0.270	0.271	0.277	0.293	0.284	0.286	0.287	0.282	0.286	0.277	0.274	0.272	0.270	0.280	0.280	0.304	0.293	0.251	0.288	0.243	0.283	0.274	0.266	0.270	0.278	0.266	0.282	0.302	0.295	0.298	0.305	0.291	0.299	0.292	0.283	0.280	0.286	0.287	0.294
8:00:39	34.3	0.321	0.322	0.329	0.316	0.319	0.313	0.304	0.304	0.305	0.309	0.321	0.313	0.333	0.323	0.320	0.317	0.309	0.307	0.310	0.302	0.302	0.304	0.305	0.322	0.332	0.310	0.309	0.307	0.321	0.298	0.289	0.300	0.285	0.296	0.307	0.309	0.314	0.311	0.309	0.307	0.308	0.302	0.296	0.286	0.298	0.297	0.301	0.306	0.316	0.312	0.317	0.307	0.312	0.308	0.274	0.262	0.292	0.293	0.295	0.300	0.318	0.310	0.311	0.312	0.308	0.310	0.302	0.298	0.296	0.294	0.304	0.303	0.327	0.318	0.273	0.314	0.263	0.308	0.298	0.290	0.294	0.302	0.289	0.306	0.326	0.321	0.323	0.330	0.316	0.324	0.318	0.308	0.304	0.309	0.311	0.318
9:00:39	34.3	0.343	0.345	0.352	0.338	0.342	0.334	0.327	0.326	0.325	0.331	0.339	0.334	0.357	0.347	0.342	0.340	0.331	0.329	0.332	0.324	0.324	0.325	0.327	0.346	0.354	0.333	0.332	0.328	0.343	0.321	0.311	0.321	0.307	0.318	0.329	0.331	0.336	0.333	0.332	0.331	0.331	0.324	0.319	0.307	0.319	0.320	0.324	0.328	0.338	0.335	0.340	0.330	0.333	0.331	0.292	0.279	0.314	0.315	0.317	0.321	0.340	0.332	0.335	0.335	0.332	0.334	0.325	0.320	0.318	0.316	0.326	0.324	0.348	0.340	0.294	0.336	0.281	0.331	0.320	0.313	0.317	0.323	0.309	0.327	0.347	0.343	0.345	0.352	0.339	0.345	0.340	0.329	0.325	0.330	0.332	0.339
10:00:40	34.3	0.362	0.366	0.373	0.358	0.363	0.354	0.347	0.346	0.343	0.349	0.356	0.352	0.378	0.370	0.363	0.361	0.351	0.349	0.353	0.344	0.343	0.345	0.345	0.350	0.373	0.353	0.353	0.347	0.363	0.341	0.331	0.341	0.327	0.339	0.349	0.350	0.355	0.354	0.353	0.353	0.350	0.344	0.340	0.327	0.339	0.341	0.344	0.346	0.356	0.355	0.360	0.351	0.353	0.352	0.307	0.295	0.335	0.334	0.336	0.340	0.359	0.352	0.355	0.356	0.354	0.355	0.345	0.341	0.338	0.336	0.346	0.343	0.366	0.358	0.313	0.356	0.298	0.350	0.341	0.333	0.337	0.343	0.328	0.345	0.364	0.362	0.365	0.371	0.360	0.365	0.360	0.348	0.344	0.348	0.352	0.358
11:00:40	34.3	0.378	0.386	0.392	0.375	0.382	0.372	0.365	0.365	0.358	0.365	0.372	0.367	0.397	0.390	0.382	0.379	0.369	0.368	0.373	0.362	0.361	0.362	0.362	0.367	0.391	0.370	0.372	0.364	0.380	0.359	0.349	0.359	0.345	0.357	0.366	0.367	0.371	0.371	0.372	0.373	0.367	0.361	0.359	0.345	0.358	0.360	0.364	0.362	0.373	0.373	0.379	0.369	0.369	0.370	0.321	0.308	0.353	0.352	0.354	0.357	0.376	0.370	0.374	0.374	0.373	0.373	0.364	0.359	0.355	0.354	0.363	0.358	0.380	0.375	0.330	0.374	0.312	0.367	0.358	0.352	0.354	0.360	0.345	0.361	0.379	0.379	0.382	0.388	0.378	0.382	0.377	0.364	0.361	0.365	0.368	0.374
12:00:40	34.3	0.394	0.407	0.409	0.391	0.400	0.388	0.381	0.382	0.372	0.379	0.386	0.381	0.415	0.410	0.399	0.397	0.385	0.384	0.391	0.379	0.378	0.377	0.377	0.385	0.407	0.386	0.389	0.378	0.396	0.375	0.366	0.376	0.360	0.375	0.383	0.381	0.386	0.387	0.388	0.391	0.383	0.376	0.376	0.362	0.375	0.379	0.381	0.378	0.388	0.388	0.395	0.385	0.384	0.386	0.332	0.321	0.370	0.367	0.370	0.372	0.390	0.385	0.390	0.391	0.390	0.390	0.380	0.376	0.371	0.370	0.379	0.373	0.394	0.389	0.344	0.389	0.325	0.383	0.373	0.368	0.370	0.376	0.359	0.375	0.392	0.394	0.397	0.403	0.394	0.397	0.392	0.380	0.376	0.380	0.383	0.389
13:00:41	34.3	0.407	0.423	0.424	0.405	0.415	0.402	0.395	0.396	0.383	0.393	0.398	0.393	0.431	0.427	0.415	0.413	0.399	0.399	0.408	0.393	0.392	0.390	0.390	0.394	0.421	0.401	0.404	0.391	0.410	0.389	0.381	0.390	0.374	0.390	0.397	0.395	0.399	0.401	0.403	0.408	0.396	0.390	0.392	0.377	0.390	0.394	0.397	0.390	0.400	0.403	0.409	0.400	0.396	0.401	0.342	0.331	0.386	0.381	0.385	0.385	0.403	0.399	0.405	0.406	0.406	0.404	0.395	0.390	0.386	0.384	0.394	0.385	0.406	0.402	0.357	0.404	0.335	0.396	0.386	0.383	0.385	0.389	0.372	0.387	0.403	0.407	0.411	0.417	0.408	0.410	0.407	0.393	0.389	0.395	0.397	0.402
14:00:42	34.3	0.419	0.438	0.438	0.418	0.430	0.415	0.408	0.410	0.394	0.404	0.409	0.404	0.447	0.444	0.429	0.427	0.412	0.412	0.424	0.407	0.405	0.403	0.402	0.419	0.435	0.413	0.418	0.403	0.423	0.402	0.395	0.404	0.388	0.405	0.411	0.406	0.411	0.414	0.417	0.422	0.409	0.402	0.406	0.390	0.403	0.409	0.412	0.401	0.411	0.416	0.422	0.413	0.407	0.414	0.350	0.340	0.399	0.394	0.398	0.396	0.414	0.411	0.418	0.419	0.420	0.417	0.409	0.403	0.399	0.398	0.406	0.397	0.415	0.413	0.368	0.416	0.345	0.408	0.399	0.396	0.397	0.402	0.384	0.399	0.413	0.419	0.424	0.428	0.420	0.421	0.420	0.405	0.401	0.408	0.409	0.414
15:00:42	34.3	0.430	0.451	0.451	0.429	0.444	0.427	0.421	0.422	0.403	0.414	0.418	0.413	0.460	0.459	0.442	0.440	0.423	0.424	0.438	0.419	0.417	0.414	0.413	0.413	0.447	0.425	0.431	0.413	0.434	0.413	0.407	0.416	0.399	0.418	0.422	0.417	0.421	0.425	0.429	0.436	0.419	0.412	0.419	0.403	0.416	0.423	0.426	0.412	0.421	0.427	0.433	0.425	0.418	0.426	0.358	0.347	0.412	0.405	0.409	0.407	0.423	0.421	0.429	0.431	0.432	0.429	0.421	0.415	0.410	0.409	0.418	0.406	0.424	0.423	0.378	0.427	0.353	0.418	0.409	0.407	0.409	0.413	0.393	0.408	0.422	0.430	0.435	0.440	0.431	0.432	0.431	0.416	0.410	0.419	0.418	0.424
16:00:43	34.3	0.439	0.463	0.463	0.440	0.455	0.438	0.431	0.433	0.411	0.423	0.426	0.421	0.472	0.472	0.454	0.452	0.433	0.435	0.451	0.429	0.427	0.424	0.422	0.422	0.457	0.435	0.442	0.422	0.444	0.424	0.418	0.428	0.410	0.430	0.433	0.426	0.430	0.435	0.440	0.449	0.429	0.421	0.431	0.414	0.427	0.436	0.439	0.421	0.429	0.437	0.443	0.435	0.427	0.436	0.364	0.353	0.423	0.415	0.420	0.416	0.432	0.431	0.440	0.441	0.442	0.440	0.432	0.426	0.420	0.420	0.428	0.415	0.432	0.432	0.386	0.437	0.360	0.428	0.421	0.418	0.419	0.423	0.402	0.417	0.430	0.439	0.445	0.449	0.441	0.442	0.442	0.426	0.419	0.431	0.427	0.433
17:00:43	34.3	0.447	0.474	0.473	0.450	0.466	0.447	0.441	0.443	0.417	0.431	0.433	0.428	0.482	0.485	0.465	0.462	0.442	0.445	0.463	0.439	0.437	0.432	0.431	0.430	0.467	0.444	0.452	0.430	0.454	0.434	0.428	0.437	0.419	0.441	0.442	0.435	0.438	0.445	0.450	0.460	0.438	0.429	0.442	0.424	0.437	0.448	0.450	0.429	0.437	0.445	0.453	0.445	0.435	0.446	0.369	0.359	0.433	0.423	0.429	0.424	0.439	0.439	0.450	0.451	0.452	0.449	0.441	0.436	0.430	0.429	0.437	0.423	0.439	0.440	0.395	0.446	0.367	0.436	0.429	0.428	0.428	0.432	0.409	0.424	0.437	0.448	0.454	0.458	0.450	0.450	0.451	0.434	0.428	0.441	0.435	0.441
18:00:43	34.3	0.455	0.483	0.482	0.458	0.476	0.455	0.450	0.453	0.423	0.438	0.440	0.434	0.492	0.496	0.474	0.472	0.451	0.453	0.474	0.448	0.445	0.441	0.439	0.437	0.476	0.452	0.462	0.437	0.462	0.442	0.437	0.447	0.428	0.451	0.451	0.443	0.445	0.453	0.459	0.471	0.447	0.438	0.452	0.433	0.446	0.458	0.460	0.436	0.444	0.453	0.461	0.453	0.443	0.454	0.374	0.363	0.442	0.431	0.437	0.432	0.446	0.446	0.458	0.460	0.461	0.458	0.451	0.445	0.438	0.437	0.445	0.430	0.445	0.447	0.402	0.454	0.373	0.444	0.437	0.438	0.436	0.439	0.415	0.430	0.443	0.455	0.462	0.466	0.458	0.457	0.460	0.443	0.435	0.450	0.442	0.449
19:00:44	34.3	0.462	0.492	0.490	0.466	0.485	0.463	0.458	0.460	0.428	0.444	0.450	0.440	0.501	0.506	0.482	0.480	0.458	0.460	0.483	0.455	0.453	0.448	0.446	0.443	0.483	0.460	0.471	0.444	0.469	0.450	0.445	0.455	0.435	0.460	0.459	0.449	0.452	0.461	0.467	0.481	0.454	0.444	0.461	0.442	0.455	0.467	0.469	0.442	0.449	0.460	0.468	0.460	0.450	0.462	0.378	0.368	0.450	0.439	0.444	0.438	0.452	0.453	0.466	0.468	0.469	0.465	0.459	0.453	0.445	0.444	0.452	0.435	0.451	0.453	0.408	0.462	0.378	0.451	0.444	0.446	0.443	0.446	0.421	0.435	0.448	0.463	0.469	0.473	0.465	0.464	0.468	0.449	0.441	0.458	0.448	0.455
20:00:44	34.3	0.467	0.499	0.497	0.472	0.492	0.469	0.465	0.467	0.432	0.449	0.449	0.444	0.509	0.514	0.489	0.488	0.464	0.466	0.491	0.461	0.459	0.453	0.451	0.447	0.490	0.465	0.478	0.449	0.475	0.456	0.452	0.462	0.441	0.467	0.467	0.454	0.457	0.467	0.474	0.489	0.460	0.450	0.469	0.449	0.462	0.475	0.477	0.448	0.454	0.466	0.475	0.466	0.455	0.468	0.382	0.371	0.457	0.445	0.451	0.443	0.457	0.458	0.472	0.475	0.476	0.471	0.466	0.459	0.452	0.451	0.458	0.440	0.455	0.459	0.413	0.468	0.382	0.456	0.449	0.453	0.449	0.451	0.426	0.439	0.452	0.469	0.476	0.478	0.471	0.470	0.474	0.454	0.446	0.465	0.453	0.460
21:00:45	34.4	0.472	0.506	0.503	0.479	0.499	0.475	0.470	0.473	0.435	0.453	0.453	0.448	0.515	0.522	0.495	0.495	0.469	0.472	0.499	0.467	0.465	0.458	0.455	0.455	0.496	0.471	0.485	0.455	0.481	0.462	0.459	0.468	0.447	0.474	0.472	0.458	0.462	0.472	0.480	0.497	0.466	0.455	0.476	0.455	0.468	0.482	0.484	0.452	0.459	0.471	0.480	0.472	0.460	0.473	0.384	0.373	0.463	0.450	0.456	0.448	0.461	0.463	0.478	0.481	0.482	0.477	0.473	0.465	0.457	0.455	0.463	0.444	0.459	0.465	0.418	0.473	0.387	0.461	0.455	0.458	0.454	0.456	0.430	0.443	0.457	0.473	0.482	0.484	0.476	0.475	0.480	0.458	0.450	0.472	0.457	0.465
22:00:45	34.6	0.476	0.512	0.509	0.483	0.505	0.481	0.475	0.479	0.438	0.457	0.456	0.451	0.522	0.529	0.501	0.500	0.474	0.477	0.506	0.472	0.470	0.463	0.459	0.455	0.501	0.476	0.491	0.459	0.487	0.467	0.464	0.474	0.452	0.481	0.477	0.463	0.466	0.478	0.487	0.504	0.472	0.460	0.482	0.461	0.474	0.490	0.491	0.456	0.462	0.477	0.486	0.477	0.465	0.478	0.386	0.376	0.468	0.455	0.461	0.452	0.465	0.467	0.483	0.486	0.488	0.483	0.479	0.471	0.464	0.460	0.468	0.447	0.463	0.470	0.423	0.479	0.390	0.466	0.460	0.463	0.459	0.460	0.433	0.447	0.462	0.478	0.488	0.489	0.481	0.479	0.485	0.462	0.454	0.477	0.461	0.469
23:00:46	34.6	0.481	0.516	0.513	0.487	0.509	0.484	0.479	0.483	0.441	0.459	0.459	0.454	0.527	0.535	0.506	0.505	0.478	0.481	0.511	0.476	0.473	0.465	0.463	0.457	0.506	0.481	0.497	0.463	0.492	0.471	0.469	0.478	0.456	0.485	0.481	0.466	0.469	0.483	0.492	0.510	0.476	0.464	0.488	0.466	0.478	0.495	0.496	0.459	0.466	0.481	0.489	0.482	0.469	0.483	0.388	0.377	0.473	0.459	0.465	0.455	0.468	0.470	0.487	0.491	0.493	0.487	0.484	0.476	0.467	0.464	0.471	0.450	0.466	0.473	0.426	0.483	0.394	0.470	0.464	0.468	0.463	0.464	0.435	0.449	0.467	0.482	0.492	0.493	0.486	0.483	0.487	0.465	0.458	0.483	0.465	0.473
0:00:00																																																																																																	

Results
	1	2	3	4	5	6	7	8	9	10	11	12
A	0.433	0.438	0.435	0.421	0.426	0.415	0.407	0.414	0.397	0.400	0.415	0.412	Max V [600]
	1.000	0.999	0.999	0.999	0.999	0.999	0.999	0.999	0.999	0.999	0.999	1.000	R-Squared [600]
	6:00:38	6:00:38	6:00:38	6:00:38	6:00:38	6:00:38	7:00:39	7:00:39	6:00:38	6:00:38	6:00:38	6:00:38	t at Max V [600]
	2:12:18	2:17:14	2:14:08	2:15:39	2:18:27	2:18:16	2:25:35	2:25:48	2:10:19	2:13:19	2:17:35	2:11:02	Lagtime [600]
B	0.437	0.441	0.414	0.415	0.406	0.409	0.410	0.396	0.395	0.393	0.402	0.462	Max V [600]
	1.000	1.000	0.999	1.000	0.999	0.999	1.000	1.000	1.000	0.999	0.999	0.996	R-Squared [600]
	6:00:38	7:00:39	7:00:39	7:00:39	7:00:39	7:00:39	7:00:39	7:00:39	7:00:39	7:00:39	6:00:38	7:00:39	t at Max V [600]
	2:17:06	2:24:28	2:26:13	2:27:44	2:23:09	2:25:27	2:32:18	2:29:32	2:25:11	2:32:26	2:17:19	2:37:04	Lagtime [600]
C	0.411	0.409	0.413	0.388	0.398	0.396	0.385	0.379	0.378	0.387	0.399	0.402	Max V [600]
	0.999	1.000	1.000	1.000	1.000	1.000	1.000	1.000	1.000	1.000	0.999	0.999	R-Squared [600]
	7:00:39	7:00:39	7:00:39	7:00:39	7:00:39	7:00:39	7:00:39	7:00:39	7:00:39	7:00:39	7:00:39	6:00:38	t at Max V [600]
	2:29:47	2:31:39	2:31:42	2:34:27	2:26:31	2:37:21	2:37:35	2:35:00	2:38:45	2:39:02	2:33:01	2:18:40	Lagtime [600]
D	0.409	0.407	0.412	0.417	0.405	0.400	0.397	0.369	0.380	0.398	0.405	0.397	Max V [600]
	0.999	1.000	1.000	1.000	1.000	1.000	1.000	1.000	1.000	1.000	1.000	0.999	R-Squared [600]
	7:00:39	7:00:39	7:00:39	7:00:39	7:00:39	7:00:39	7:00:39	7:00:39	7:00:39	7:00:39	7:00:39	6:00:38	t at Max V [600]
	2:20:31	2:30:48	2:39:15	2:43:24	2:33:00	2:36:48	2:47:39	2:38:54	2:49:03	2:41:57	2:33:39	2:12:51	Lagtime [600]
E	0.406	0.412	0.410	0.403	0.381	0.402	0.306	0.297	0.390	0.383	0.388	0.388	Max V [600]
	0.999	1.000	1.000	1.000	1.000	1.000	1.000	0.999	1.000	1.000	1.000	0.999	R-Squared [600]
	6:00:38	7:00:39	7:00:39	7:00:39	7:00:39	7:00:39	7:00:39	7:00:39	7:00:39	7:00:39	7:00:39	7:00:39	t at Max V [600]
	2:16:23	2:29:56	2:32:45	2:39:04	2:26:25	2:41:57	2:32:02	2:36:46	2:43:43	2:32:32	2:34:25	2:26:39	Lagtime [600]
F	0.407	0.409	0.411	0.406	0.411	0.398	0.400	0.383	0.383	0.387	0.390	0.382	Max V [600]
	0.999	1.000	1.000	1.000	1.000	1.000	1.000	1.000	1.000	1.000	1.000	0.999	R-Squared [600]
	7:00:39	7:00:39	7:00:39	7:00:39	7:00:39	7:00:39	7:00:39	7:00:39	7:00:39	7:00:39	7:00:39	7:00:39	t at Max V [600]
	2:20:38	2:32:09	2:40:14	2:43:57	2:48:37	2:47:33	2:41:16	3:02:56	2:42:11	2:41:05	2:33:04	2:30:11	Lagtime [600]
G	0.407	0.409	0.348	0.407	0.325	0.403	0.391	0.387	0.390	0.385	0.372	0.376	Max V [600]
	1.000	0.999	1.000	1.000	1.000	1.000	1.000	1.000	1.000	1.000	1.000	1.000	R-Squared [600]
	6:00:38	7:00:39	8:00:40	7:00:39	7:00:39	7:00:39	7:00:39	7:00:39	7:00:39	7:00:39	7:00:39	7:00:39	t at Max V [600]
	2:12:00	2:22:01	3:53:09	2:28:34	2:42:34	2:34:31	2:40:06	2:42:45	2:36:03	2:34:48	2:41:40	2:37:53	Lagtime [600]
H	0.417	0.425	0.425	0.414	0.422	0.413	0.408	0.392	0.399	0.382	0.407	0.408	Max V [600]
	0.999	0.999	0.999	0.999	0.999	0.999	0.999	0.999	0.999	1.000	0.999	0.999	R-Squared [600]
	6:00:38	6:00:38	6:00:38	6:00:38	7:00:39	6:00:38	7:00:39	7:00:39	7:00:39	6:00:38	6:00:38	6:00:38	t at Max V [600]
	2:08:51	2:15:38	2:13:27	2:17:13	2:22:00	2:19:56	2:30:59	2:38:11	2:21:05	2:12:16	2:13:13	2:12:31	Lagtime [600]


