

Software Version	3.10.06



Experiment File Path:	C:\Users\patil-group\Desktop\Sweeteners_stacker\251021_NT5019_22_23_Rep1\NT5019_22_23_Rep1.xpt
Protocol File Path:	C:\Users\Public\Documents\Protocols\Screening-protocol.prt



Plate Number	Plate 7
Date	25/10/2021
Time	11:27:55
Reader Type:	Epoch 2
Reader Serial Number:	2103223
Reading Type	Reader

Procedure Details

Plate Type	96 WELL PLATE
Discontinuous Kinetics	Runtime 1:00:00 (D:HH:MM), Interval 0:01:00, 25 Reads
	Pause after each run
Eject plate on completion	
Shake	Linear: 0:00:30 (HH:MM:SS)
	Frequency: 567 cpm (3 mm)
Read	Absorbance Endpoint
	Full Plate
	Wavelengths:  600
	Read Speed: Normal,  Delay: 100 msec,  Measurements/Data Point: 8

600

Time	T° 600	A1	A2	A3	A4	A5	A6	A7	A8	A9	A10	A11	A12	B1	B2	B3	B4	B5	B6	B7	B8	B9	B10	B11	B12	C1	C2	C3	C4	C5	C6	C7	C8	C9	C10	C11	C12	D1	D2	D3	D4	D5	D6	D7	D8	D9	D10	D11	D12	E1	E2	E3	E4	E5	E6	E7	E8	E9	E10	E11	E12	F1	F2	F3	F4	F5	F6	F7	F8	F9	F10	F11	F12	G1	G2	G3	G4	G5	G6	G7	G8	G9	G10	G11	G12	H1	H2	H3	H4	H5	H6	H7	H8	H9	H10	H11	H12
0:00:34	34.6	0.179	0.171	0.167	0.165	0.162	0.162	0.167	0.168	0.162	0.164	0.168	0.181	0.227	0.163	0.173	0.169	0.170	0.165	0.164	0.170	0.164	0.166	0.163	0.173	0.200	0.165	0.169	0.164	0.167	0.165	0.164	0.172	0.168	0.161	0.164	0.171	0.196	0.168	0.167	0.172	0.179	0.171	0.170	0.169	0.164	0.176	0.165	0.166	0.168	0.173	0.167	0.165	0.169	0.167	0.165	0.170	0.164	0.167	0.166	0.175	0.176	0.166	0.167	0.164	0.179	0.177	0.172	0.165	0.164	0.172	0.178	0.176	0.171	0.175	0.176	0.179	0.176	0.180	0.185	0.176	0.188	0.179	0.188	0.174	0.177	0.172	0.168	0.170	0.166	0.171	0.170	0.173	0.162	0.172	0.173	0.177
1:00:33	35.0	0.183	0.175	0.172	0.170	0.166	0.167	0.171	0.173	0.167	0.169	0.173	0.180	0.189	0.167	0.174	0.172	0.173	0.168	0.167	0.173	0.165	0.170	0.168	0.176	0.192	0.169	0.172	0.167	0.169	0.169	0.167	0.174	0.169	0.165	0.168	0.176	0.194	0.171	0.170	0.176	0.179	0.174	0.173	0.170	0.167	0.179	0.169	0.170	0.172	0.177	0.171	0.171	0.172	0.169	0.168	0.172	0.167	0.169	0.170	0.178	0.180	0.171	0.170	0.167	0.180	0.174	0.174	0.169	0.167	0.176	0.177	0.178	0.178	0.180	0.183	0.184	0.181	0.184	0.188	0.179	0.193	0.177	0.181	0.178	0.180	0.176	0.173	0.175	0.170	0.175	0.175	0.177	0.167	0.177	0.175	0.182
2:00:34	34.9	0.196	0.188	0.184	0.183	0.177	0.178	0.183	0.184	0.178	0.181	0.185	0.192	0.196	0.177	0.183	0.182	0.182	0.176	0.176	0.180	0.174	0.179	0.178	0.187	0.203	0.178	0.180	0.175	0.175	0.177	0.176	0.181	0.177	0.173	0.178	0.187	0.202	0.180	0.177	0.184	0.185	0.181	0.180	0.178	0.174	0.186	0.178	0.180	0.183	0.186	0.180	0.180	0.179	0.176	0.176	0.178	0.174	0.175	0.179	0.188	0.190	0.180	0.178	0.174	0.185	0.180	0.181	0.176	0.175	0.184	0.184	0.187	0.183	0.192	0.190	0.190	0.187	0.190	0.190	0.186	0.198	0.180	0.182	0.185	0.193	0.187	0.184	0.186	0.181	0.185	0.184	0.185	0.177	0.185	0.184	0.191
3:00:35	34.9	0.221	0.210	0.208	0.206	0.197	0.198	0.204	0.205	0.199	0.205	0.206	0.216	0.210	0.194	0.200	0.199	0.198	0.192	0.191	0.196	0.191	0.196	0.195	0.206	0.217	0.194	0.195	0.190	0.190	0.190	0.190	0.194	0.193	0.188	0.195	0.205	0.221	0.194	0.191	0.198	0.199	0.193	0.193	0.193	0.188	0.200	0.192	0.198	0.198	0.200	0.196	0.194	0.193	0.189	0.189	0.191	0.188	0.189	0.195	0.206	0.208	0.195	0.193	0.188	0.197	0.193	0.194	0.190	0.188	0.198	0.199	0.205	0.205	0.213	0.199	0.201	0.200	0.202	0.203	0.196	0.206	0.193	0.198	0.201	0.211	0.205	0.202	0.203	0.198	0.202	0.200	0.201	0.194	0.202	0.202	0.210
4:00:35	34.9	0.248	0.240	0.239	0.238	0.226	0.233	0.236	0.236	0.228	0.236	0.238	0.242	0.233	0.222	0.228	0.225	0.225	0.218	0.216	0.222	0.218	0.222	0.222	0.234	0.246	0.223	0.221	0.214	0.214	0.217	0.217	0.222	0.220	0.214	0.224	0.231	0.254	0.221	0.218	0.222	0.218	0.215	0.217	0.217	0.210	0.225	0.222	0.225	0.230	0.229	0.226	0.225	0.217	0.210	0.210	0.211	0.213	0.210	0.222	0.231	0.235	0.224	0.221	0.213	0.215	0.215	0.216	0.211	0.214	0.227	0.226	0.229	0.234	0.249	0.230	0.229	0.224	0.220	0.232	0.222	0.238	0.223	0.224	0.228	0.244	0.236	0.235	0.236	0.227	0.230	0.229	0.227	0.223	0.229	0.229	0.238
5:00:36	34.9	0.251	0.245	0.249	0.247	0.243	0.254	0.247	0.251	0.238	0.244	0.246	0.245	0.241	0.238	0.254	0.245	0.247	0.238	0.239	0.240	0.241	0.240	0.245	0.245	0.258	0.249	0.261	0.242	0.242	0.255	0.249	0.256	0.245	0.238	0.247	0.248	0.263	0.248	0.245	0.250	0.251	0.246	0.241	0.248	0.235	0.247	0.247	0.241	0.255	0.263	0.255	0.264	0.245	0.236	0.233	0.235	0.237	0.231	0.248	0.245	0.262	0.261	0.246	0.237	0.251	0.240	0.240	0.241	0.235	0.261	0.254	0.242	0.264	0.294	0.277	0.264	0.257	0.258	0.271	0.255	0.289	0.250	0.249	0.241	0.271	0.251	0.268	0.271	0.254	0.258	0.254	0.250	0.246	0.245	0.242	0.243
6:00:37	34.9	0.249	0.242	0.244	0.243	0.243	0.247	0.241	0.247	0.234	0.237	0.245	0.247	0.237	0.234	0.252	0.240	0.240	0.233	0.236	0.232	0.234	0.234	0.252	0.242	0.253	0.248	0.274	0.242	0.246	0.276	0.253	0.265	0.241	0.239	0.242	0.247	0.259	0.244	0.247	0.253	0.261	0.257	0.244	0.247	0.234	0.243	0.247	0.239	0.246	0.263	0.256	0.302	0.252	0.245	0.241	0.242	0.240	0.233	0.243	0.240	0.248	0.262	0.253	0.244	0.267	0.247	0.242	0.249	0.237	0.262	0.253	0.242	0.243	0.292	0.288	0.270	0.259	0.268	0.287	0.260	0.308	0.247	0.244	0.237	0.260	0.242	0.268	0.270	0.249	0.252	0.248	0.244	0.243	0.239	0.237	0.241
7:00:37	34.9	0.252	0.242	0.243	0.242	0.239	0.242	0.241	0.245	0.235	0.236	0.245	0.247	0.237	0.234	0.249	0.241	0.239	0.233	0.237	0.233	0.234	0.234	0.253	0.244	0.259	0.247	0.276	0.245	0.246	0.281	0.248	0.266	0.243	0.241	0.241	0.246	0.249	0.245	0.246	0.252	0.261	0.263	0.244	0.244	0.236	0.244	0.249	0.238	0.250	0.261	0.258	0.316	0.252	0.245	0.237	0.240	0.241	0.230	0.245	0.242	0.257	0.258	0.252	0.242	0.274	0.247	0.242	0.253	0.237	0.261	0.253	0.244	0.256	0.280	0.293	0.272	0.259	0.270	0.297	0.265	0.320	0.251	0.245	0.237	0.269	0.242	0.265	0.273	0.250	0.251	0.250	0.247	0.242	0.241	0.238	0.243
8:00:38	34.9	0.252	0.242	0.243	0.242	0.235	0.241	0.242	0.241	0.236	0.236	0.244	0.247	0.235	0.234	0.245	0.239	0.238	0.233	0.234	0.233	0.232	0.233	0.252	0.244	0.256	0.245	0.272	0.242	0.243	0.278	0.245	0.262	0.243	0.240	0.241	0.247	0.256	0.245	0.244	0.252	0.260	0.260	0.243	0.242	0.237	0.246	0.245	0.236	0.248	0.260	0.258	0.309	0.250	0.246	0.237	0.242	0.241	0.233	0.245	0.241	0.253	0.256	0.250	0.240	0.271	0.246	0.242	0.252	0.236	0.260	0.247	0.244	0.259	0.271	0.292	0.270	0.258	0.274	0.294	0.266	0.309	0.245	0.240	0.237	0.258	0.240	0.261	0.269	0.249	0.249	0.248	0.244	0.243	0.240	0.238	0.241
9:00:38	34.9	0.252	0.242	0.242	0.242	0.235	0.240	0.242	0.241	0.237	0.237	0.244	0.249	0.235	0.230	0.242	0.239	0.237	0.233	0.233	0.232	0.232	0.234	0.250	0.243	0.253	0.240	0.263	0.240	0.240	0.268	0.242	0.256	0.240	0.239	0.241	0.245	0.256	0.246	0.243	0.249	0.256	0.257	0.243	0.242	0.235	0.245	0.241	0.236	0.246	0.255	0.253	0.295	0.250	0.246	0.238	0.241	0.240	0.231	0.244	0.240	0.248	0.253	0.250	0.238	0.268	0.246	0.240	0.250	0.236	0.255	0.243	0.241	0.244	0.262	0.283	0.268	0.256	0.264	0.285	0.263	0.304	0.243	0.239	0.238	0.255	0.239	0.256	0.260	0.245	0.248	0.246	0.243	0.241	0.239	0.239	0.242
10:00:39	34.9	0.253	0.244	0.243	0.241	0.236	0.239	0.242	0.243	0.238	0.239	0.244	0.250	0.234	0.229	0.240	0.238	0.236	0.233	0.232	0.231	0.232	0.234	0.249	0.244	0.250	0.236	0.256	0.238	0.239	0.261	0.241	0.250	0.238	0.237	0.240	0.244	0.256	0.243	0.242	0.249	0.250	0.254	0.242	0.239	0.236	0.243	0.240	0.236	0.236	0.251	0.251	0.284	0.246	0.244	0.239	0.242	0.237	0.230	0.242	0.240	0.247	0.247	0.247	0.238	0.264	0.244	0.240	0.248	0.236	0.250	0.241	0.241	0.241	0.258	0.279	0.265	0.256	0.261	0.280	0.261	0.292	0.240	0.236	0.236	0.253	0.238	0.249	0.255	0.239	0.246	0.241	0.240	0.236	0.237	0.238	0.242
11:00:40	34.9	0.254	0.245	0.244	0.242	0.236	0.238	0.243	0.243	0.239	0.240	0.244	0.252	0.235	0.229	0.238	0.238	0.235	0.233	0.232	0.230	0.231	0.234	0.255	0.244	0.247	0.235	0.250	0.236	0.236	0.258	0.239	0.248	0.236	0.236	0.239	0.243	0.258	0.243	0.241	0.248	0.248	0.251	0.241	0.238	0.235	0.243	0.238	0.235	0.236	0.248	0.246	0.276	0.243	0.242	0.238	0.241	0.238	0.231	0.240	0.241	0.247	0.246	0.244	0.237	0.257	0.242	0.240	0.245	0.236	0.249	0.240	0.240	0.242	0.255	0.270	0.261	0.253	0.258	0.275	0.255	0.288	0.239	0.237	0.236	0.248	0.238	0.246	0.248	0.237	0.243	0.239	0.238	0.237	0.236	0.236	0.242
12:00:40	34.9	0.255	0.246	0.245	0.243	0.236	0.238	0.244	0.243	0.239	0.241	0.244	0.252	0.235	0.229	0.239	0.237	0.236	0.231	0.232	0.232	0.231	0.234	0.246	0.244	0.250	0.237	0.246	0.235	0.236	0.252	0.238	0.245	0.237	0.235	0.239	0.241	0.264	0.241	0.240	0.246	0.245	0.247	0.242	0.238	0.235	0.243	0.236	0.236	0.242	0.245	0.244	0.270	0.242	0.240	0.237	0.240	0.236	0.231	0.238	0.241	0.248	0.246	0.243	0.236	0.252	0.241	0.239	0.243	0.235	0.245	0.240	0.239	0.240	0.255	0.264	0.256	0.253	0.254	0.268	0.252	0.281	0.237	0.239	0.237	0.246	0.238	0.244	0.245	0.237	0.241	0.239	0.237	0.234	0.235	0.237	0.243
13:00:40	34.9	0.256	0.246	0.246	0.243	0.236	0.237	0.244	0.243	0.241	0.241	0.244	0.253	0.235	0.230	0.237	0.237	0.235	0.231	0.232	0.232	0.230	0.234	0.245	0.243	0.252	0.237	0.244	0.234	0.235	0.246	0.236	0.244	0.237	0.234	0.239	0.240	0.268	0.241	0.238	0.245	0.243	0.246	0.241	0.237	0.234	0.243	0.237	0.236	0.240	0.243	0.245	0.264	0.239	0.239	0.236	0.239	0.235	0.233	0.237	0.241	0.248	0.245	0.243	0.235	0.248	0.239	0.240	0.241	0.235	0.244	0.240	0.240	0.239	0.251	0.258	0.251	0.246	0.250	0.263	0.249	0.277	0.237	0.236	0.237	0.246	0.238	0.243	0.244	0.237	0.241	0.239	0.237	0.234	0.235	0.236	0.244
14:00:41	34.9	0.256	0.247	0.247	0.244	0.237	0.238	0.245	0.244	0.241	0.241	0.245	0.254	0.235	0.231	0.238	0.238	0.235	0.231	0.233	0.234	0.230	0.234	0.244	0.244	0.255	0.237	0.242	0.234	0.236	0.245	0.234	0.244	0.236	0.233	0.238	0.239	0.269	0.242	0.239	0.246	0.242	0.244	0.242	0.237	0.234	0.243	0.237	0.237	0.240	0.242	0.243	0.258	0.239	0.237	0.237	0.238	0.235	0.233	0.237	0.242	0.248	0.243	0.242	0.235	0.245	0.239	0.239	0.241	0.234	0.241	0.239	0.240	0.240	0.248	0.253	0.251	0.245	0.250	0.259	0.247	0.270	0.237	0.236	0.237	0.246	0.238	0.242	0.241	0.236	0.239	0.238	0.237	0.232	0.235	0.237	0.243
15:00:42	34.9	0.258	0.248	0.248	0.245	0.238	0.239	0.245	0.245	0.242	0.242	0.245	0.255	0.236	0.231	0.239	0.237	0.237	0.232	0.232	0.233	0.229	0.234	0.244	0.245	0.258	0.238	0.240	0.235	0.237	0.240	0.233	0.244	0.235	0.233	0.237	0.239	0.270	0.241	0.239	0.246	0.242	0.242	0.241	0.237	0.234	0.244	0.237	0.237	0.241	0.243	0.243	0.256	0.239	0.237	0.236	0.237	0.236	0.234	0.236	0.241	0.248	0.241	0.241	0.234	0.245	0.238	0.240	0.239	0.234	0.242	0.239	0.240	0.239	0.247	0.249	0.248	0.243	0.248	0.254	0.244	0.263	0.235	0.238	0.238	0.247	0.239	0.241	0.241	0.236	0.239	0.238	0.238	0.232	0.236	0.237	0.244
16:00:43	34.9	0.258	0.249	0.248	0.245	0.239	0.240	0.247	0.246	0.243	0.243	0.246	0.255	0.237	0.231	0.239	0.238	0.237	0.232	0.232	0.234	0.230	0.234	0.244	0.246	0.259	0.237	0.240	0.234	0.236	0.238	0.234	0.242	0.236	0.233	0.237	0.240	0.272	0.241	0.237	0.246	0.241	0.241	0.242	0.239	0.234	0.243	0.237	0.238	0.240	0.242	0.243	0.251	0.238	0.236	0.235	0.236	0.234	0.233	0.237	0.242	0.248	0.242	0.241	0.235	0.242	0.238	0.240	0.238	0.234	0.242	0.239	0.240	0.237	0.244	0.244	0.245	0.242	0.246	0.250	0.244	0.257	0.234	0.236	0.237	0.245	0.240	0.240	0.241	0.236	0.239	0.238	0.238	0.232	0.236	0.238	0.244
17:00:43	34.9	0.259	0.249	0.249	0.246	0.240	0.240	0.247	0.247	0.243	0.243	0.247	0.255	0.239	0.231	0.239	0.238	0.238	0.233	0.233	0.234	0.231	0.236	0.244	0.246	0.262	0.238	0.239	0.234	0.235	0.234	0.234	0.241	0.236	0.233	0.236	0.241	0.273	0.242	0.237	0.246	0.242	0.241	0.240	0.239	0.234	0.244	0.238	0.238	0.241	0.242	0.242	0.249	0.237	0.237	0.235	0.235	0.234	0.233	0.237	0.242	0.249	0.242	0.241	0.235	0.243	0.237	0.240	0.237	0.233	0.241	0.239	0.242	0.238	0.245	0.246	0.242	0.240	0.244	0.251	0.242	0.252	0.235	0.236	0.238	0.246	0.240	0.239	0.240	0.236	0.238	0.239	0.237	0.232	0.237	0.238	0.245
18:00:43	34.9	0.261	0.250	0.249	0.247	0.241	0.241	0.248	0.248	0.243	0.244	0.247	0.255	0.239	0.232	0.239	0.238	0.239	0.233	0.234	0.235	0.232	0.236	0.245	0.246	0.262	0.237	0.238	0.233	0.235	0.234	0.234	0.239	0.236	0.234	0.236	0.241	0.274	0.242	0.236	0.245	0.241	0.241	0.241	0.238	0.234	0.245	0.237	0.238	0.241	0.243	0.243	0.245	0.238	0.235	0.234	0.235	0.234	0.234	0.237	0.243	0.250	0.242	0.241	0.235	0.242	0.237	0.241	0.236	0.234	0.243	0.238	0.241	0.239	0.244	0.245	0.241	0.239	0.245	0.247	0.239	0.250	0.234	0.238	0.239	0.247	0.241	0.239	0.239	0.236	0.239	0.239	0.237	0.233	0.237	0.239	0.246
19:00:44	34.9	0.261	0.251	0.249	0.247	0.241	0.242	0.249	0.248	0.244	0.244	0.247	0.255	0.240	0.232	0.238	0.238	0.239	0.233	0.234	0.236	0.232	0.236	0.246	0.247	0.261	0.237	0.239	0.234	0.234	0.234	0.234	0.239	0.236	0.234	0.235	0.241	0.279	0.243	0.237	0.245	0.241	0.241	0.241	0.239	0.236	0.245	0.236	0.239	0.240	0.243	0.241	0.244	0.236	0.234	0.234	0.234	0.234	0.234	0.236	0.243	0.257	0.242	0.240	0.236	0.242	0.236	0.241	0.235	0.234	0.242	0.237	0.241	0.238	0.241	0.242	0.242	0.239	0.241	0.245	0.237	0.248	0.233	0.238	0.237	0.247	0.242	0.239	0.238	0.235	0.239	0.239	0.238	0.232	0.237	0.240	0.246
20:00:45	34.9	0.261	0.251	0.249	0.248	0.242	0.242	0.250	0.249	0.245	0.245	0.249	0.256	0.241	0.232	0.239	0.240	0.240	0.234	0.235	0.237	0.233	0.237	0.246	0.247	0.261	0.238	0.238	0.234	0.236	0.234	0.235	0.239	0.236	0.233	0.235	0.242	0.281	0.243	0.237	0.245	0.240	0.240	0.240	0.238	0.235	0.245	0.237	0.239	0.242	0.242	0.241	0.244	0.236	0.234	0.234	0.234	0.234	0.234	0.237	0.243	0.252	0.242	0.241	0.237	0.241	0.236	0.241	0.235	0.234	0.242	0.237	0.241	0.239	0.242	0.240	0.238	0.238	0.243	0.244	0.237	0.244	0.232	0.238	0.239	0.248	0.242	0.239	0.239	0.236	0.239	0.239	0.238	0.232	0.238	0.240	0.246
21:00:45	34.9	0.262	0.252	0.250	0.248	0.243	0.244	0.250	0.250	0.245	0.246	0.249	0.257	0.243	0.233	0.240	0.240	0.240	0.235	0.235	0.237	0.233	0.237	0.247	0.246	0.263	0.239	0.236	0.235	0.236	0.234	0.233	0.237	0.237	0.234	0.235	0.242	0.281	0.244	0.238	0.244	0.240	0.240	0.241	0.239	0.236	0.246	0.239	0.240	0.242	0.243	0.243	0.243	0.235	0.235	0.233	0.235	0.234	0.235	0.238	0.244	0.253	0.243	0.241	0.237	0.240	0.237	0.243	0.233	0.235	0.241	0.238	0.242	0.240	0.242	0.240	0.238	0.239	0.242	0.243	0.236	0.244	0.233	0.240	0.239	0.249	0.243	0.239	0.240	0.237	0.240	0.242	0.238	0.233	0.239	0.241	0.247
22:00:46	34.9	0.262	0.252	0.250	0.248	0.244	0.244	0.250	0.250	0.245	0.245	0.249	0.256	0.242	0.233	0.240	0.240	0.241	0.235	0.235	0.238	0.234	0.237	0.247	0.247	0.265	0.240	0.236	0.235	0.236	0.233	0.234	0.236	0.237	0.235	0.237	0.242	0.283	0.243	0.238	0.244	0.240	0.239	0.241	0.238	0.237	0.247	0.238	0.240	0.243	0.243	0.242	0.242	0.236	0.235	0.234	0.234	0.235	0.235	0.238	0.244	0.254	0.243	0.241	0.237	0.239	0.237	0.243	0.232	0.235	0.240	0.238	0.242	0.239	0.243	0.239	0.239	0.239	0.242	0.240	0.236	0.243	0.234	0.238	0.238	0.250	0.243	0.240	0.241	0.237	0.240	0.242	0.239	0.233	0.239	0.241	0.247
23:00:47	34.9	0.262	0.253	0.252	0.249	0.245	0.245	0.251	0.251	0.246	0.247	0.250	0.257	0.244	0.233	0.240	0.241	0.241	0.235	0.236	0.238	0.234	0.238	0.247	0.248	0.267	0.240	0.236	0.235	0.236	0.234	0.235	0.235	0.238	0.235	0.238	0.241	0.283	0.245	0.238	0.245	0.241	0.241	0.241	0.239	0.237	0.247	0.239	0.240	0.244	0.243	0.242	0.242	0.235	0.235	0.234	0.237	0.235	0.236	0.238	0.244	0.253	0.243	0.241	0.237	0.239	0.237	0.243	0.232	0.235	0.240	0.239	0.243	0.240	0.242	0.239	0.239	0.241	0.242	0.239	0.238	0.243	0.235	0.242	0.239	0.250	0.244	0.240	0.241	0.239	0.241	0.242	0.240	0.234	0.239	0.241	0.247
0:00:00																																																																																																	

Results
	1	2	3	4	5	6	7	8	9	10	11	12
A	0.314	0.319	0.347	0.350	0.339	0.381	0.341	0.348	0.320	0.339	0.334	0.298	Max V [600]
	0.959	0.963	0.975	0.971	0.981	0.973	0.973	0.977	0.976	0.967	0.967	0.959	R-Squared [600]
	3:00:35	3:00:35	3:00:35	3:00:35	3:00:35	3:00:35	3:00:35	3:00:35	3:00:35	3:00:35	3:00:35	3:00:35	t at Max V [600]
	0:51:12	0:51:43	0:56:07	0:54:50	1:02:51	1:06:20	0:59:58	1:00:30	0:55:48	0:55:01	0:54:34	1:06:35	Lagtime [600]
B	0.236	0.312	0.343	0.313	0.318	0.303	0.305	0.292	0.324	0.307	0.333	0.307	Max V [600]
	0.968	0.977	0.962	0.977	0.965	0.967	0.968	0.971	0.970	0.974	0.975	0.978	R-Squared [600]
	3:00:35	3:00:35	3:00:35	3:00:35	3:00:35	3:00:35	3:00:35	3:00:35	3:00:35	3:00:35	3:00:35	3:00:35	t at Max V [600]
	3:55:38	1:02:25	1:17:39	1:06:14	1:09:21	1:09:08	1:08:42	1:09:20	1:14:44	1:06:05	1:05:25	1:02:34	Lagtime [600]
C	0.292	0.343	0.422	0.312	0.321	0.438	0.354	0.384	0.325	0.311	0.339	0.314	Max V [600]
	0.973	0.959	0.973	0.951	0.964	0.978	0.957	0.970	0.960	0.960	0.971	0.985	R-Squared [600]
	3:00:35	3:00:35	4:00:36	3:00:35	4:00:36	4:00:36	4:00:36	4:00:36	3:00:35	3:00:35	3:00:35	3:00:35	t at Max V [600]
	1:41:41	1:11:21	1:43:52	1:14:02	1:34:36	1:49:23	1:30:25	1:46:46	1:18:44	1:10:23	1:07:38	0:56:55	Lagtime [600]
D	0.319	0.326	0.323	0.318	0.340	0.341	0.294	0.323	0.289	0.291	0.332	0.309	Max V [600]
	0.958	0.955	0.949	0.960	0.973	0.975	0.959	0.945	0.957	0.960	0.957	0.979	R-Squared [600]
	3:00:35	3:00:35	4:00:36	4:00:36	4:00:36	4:00:36	4:00:36	3:00:35	3:00:35	3:00:35	3:00:35	3:00:35	t at Max V [600]
	1:22:21	1:13:00	1:31:01	1:25:58	1:53:03	1:42:31	1:26:55	1:21:24	1:12:28	1:12:55	1:09:20	1:01:24	Lagtime [600]
E	0.353	0.361	0.357	0.535	0.330	0.310	0.290	0.288	0.299	0.264	0.332	0.295	Max V [600]
	0.961	0.938	0.953	0.982	0.974	0.981	0.982	0.976	0.956	0.959	0.963	0.980	R-Squared [600]
	3:00:35	4:00:36	3:00:35	5:00:36	4:00:36	4:00:36	4:00:36	4:00:36	4:00:36	3:00:35	3:00:35	3:00:35	t at Max V [600]
	1:09:06	1:28:14	1:12:53	2:01:37	1:34:05	1:38:20	1:26:48	1:35:34	1:25:42	1:16:02	1:10:47	1:02:47	Lagtime [600]
F	0.348	0.382	0.338	0.314	0.364	0.304	0.281	0.327	0.292	0.365	0.326	0.284	Max V [600]
	0.966	0.946	0.968	0.970	0.967	0.975	0.957	0.974	0.961	0.948	0.947	0.983	R-Squared [600]
	3:00:35	4:00:36	4:00:36	4:00:36	4:00:36	4:00:36	4:00:36	4:00:36	3:00:35	4:00:36	3:00:35	3:00:35	t at Max V [600]
	1:09:38	1:27:55	1:30:35	1:30:31	1:58:29	1:56:37	1:29:43	1:34:05	1:13:23	1:32:07	1:28:37	1:05:42	Lagtime [600]
G	0.373	0.472	0.458	0.373	0.336	0.353	0.437	0.345	0.505	0.317	0.297	0.283	Max V [600]
	0.953	0.946	0.950	0.955	0.952	0.959	0.976	0.954	0.952	0.926	0.919	0.966	R-Squared [600]
	3:00:35	3:00:35	4:00:36	4:00:36	4:00:36	4:00:36	4:00:36	4:00:36	4:00:36	4:00:36	3:00:35	3:00:35	t at Max V [600]
	1:07:54	1:14:32	1:48:20	1:40:55	1:34:57	1:46:28	2:02:10	1:41:47	2:03:01	1:53:49	1:56:16	1:07:34	Lagtime [600]
H	0.387	0.329	0.400	0.405	0.357	0.347	0.338	0.314	0.337	0.298	0.296	0.281	Max V [600]
	0.970	0.974	0.956	0.953	0.967	0.964	0.962	0.967	0.971	0.971	0.975	0.959	R-Squared [600]
	3:00:35	3:00:35	3:00:35	3:00:35	3:00:35	3:00:35	3:00:35	3:00:35	3:00:35	3:00:35	3:00:35	3:00:35	t at Max V [600]
	1:09:58	1:01:46	1:08:12	1:10:20	1:08:41	1:08:09	1:08:14	1:08:54	1:04:00	1:01:50	1:09:32	0:54:26	Lagtime [600]

