
Software Version	3.11.19



Experiment File Path:	C:\Users\patil-group\Desktop\Sweeteners_stacker\181121_NT5026_37_38_Rep3\NT5026_37_38_Rep3.xpt
Protocol File Path:	C:\Users\Public\Documents\Protocols\Screening-protocol.prt



Plate Number	Plate 11
Date	18/11/2021
Time	15:21:02
Reader Type:	Epoch 2
Reader Serial Number:	2103223
Reading Type	Reader

Procedure Details

Plate Type	96 WELL PLATE
Discontinuous Kinetics	Runtime 1:00:00 (D:HH:MM), Interval 0:01:00, 25 Reads
	Pause after each run
Eject plate on completion	
Shake	Linear: 0:00:30 (HH:MM:SS)
	Frequency: 567 cpm (3 mm)
Read	Absorbance Endpoint
	Full Plate
	Wavelengths:  600
	Read Speed: Normal,  Delay: 100 msec,  Measurements/Data Point: 8

600

Time	T° 600	A1	A2	A3	A4	A5	A6	A7	A8	A9	A10	A11	A12	B1	B2	B3	B4	B5	B6	B7	B8	B9	B10	B11	B12	C1	C2	C3	C4	C5	C6	C7	C8	C9	C10	C11	C12	D1	D2	D3	D4	D5	D6	D7	D8	D9	D10	D11	D12	E1	E2	E3	E4	E5	E6	E7	E8	E9	E10	E11	E12	F1	F2	F3	F4	F5	F6	F7	F8	F9	F10	F11	F12	G1	G2	G3	G4	G5	G6	G7	G8	G9	G10	G11	G12	H1	H2	H3	H4	H5	H6	H7	H8	H9	H10	H11	H12
0:00:34	34.7	0.175	0.177	0.174	0.178	0.183	0.172	0.172	0.167	0.169	0.169	0.169	0.169	0.171	0.170	0.171	0.172	0.172	0.167	0.168	0.169	0.177	0.164	0.182	0.166	0.176	0.169	0.171	0.169	0.173	0.172	0.169	0.176	0.167	0.170	0.167	0.169	0.173	0.178	0.174	0.172	0.175	0.183	0.168	0.166	0.178	0.163	0.164	0.169	0.174	0.176	0.170	0.179	0.166	0.165	0.164	0.171	0.164	0.171	0.173	0.171	0.175	0.165	0.170	0.170	0.181	0.173	0.170	0.176	0.170	0.164	0.168	0.168	0.173	0.168	0.166	0.164	0.169	0.164	0.173	0.168	0.165	0.171	0.166	0.214	0.177	0.172	0.167	0.165	0.169	0.167	0.171	0.184	0.173	0.172	0.163	0.176
1:00:34	34.9	0.178	0.180	0.177	0.181	0.186	0.175	0.176	0.171	0.172	0.172	0.173	0.172	0.174	0.174	0.174	0.175	0.175	0.171	0.172	0.170	0.180	0.168	0.181	0.169	0.179	0.173	0.174	0.172	0.175	0.175	0.172	0.179	0.169	0.172	0.171	0.173	0.176	0.181	0.177	0.175	0.177	0.186	0.170	0.170	0.182	0.166	0.168	0.172	0.177	0.178	0.173	0.180	0.169	0.168	0.167	0.174	0.168	0.174	0.176	0.174	0.178	0.168	0.173	0.172	0.183	0.176	0.173	0.177	0.172	0.167	0.172	0.172	0.176	0.172	0.169	0.167	0.172	0.168	0.176	0.171	0.168	0.174	0.170	0.209	0.180	0.176	0.171	0.172	0.172	0.171	0.174	0.187	0.176	0.175	0.167	0.179
2:00:34	34.9	0.177	0.180	0.178	0.182	0.186	0.176	0.176	0.172	0.173	0.172	0.176	0.172	0.175	0.176	0.175	0.177	0.176	0.172	0.174	0.172	0.182	0.169	0.182	0.170	0.180	0.175	0.177	0.174	0.177	0.177	0.174	0.181	0.172	0.173	0.172	0.174	0.177	0.182	0.178	0.178	0.178	0.189	0.173	0.172	0.185	0.169	0.170	0.173	0.178	0.180	0.175	0.182	0.170	0.171	0.169	0.176	0.170	0.176	0.179	0.175	0.180	0.170	0.176	0.175	0.186	0.179	0.175	0.178	0.174	0.169	0.173	0.173	0.177	0.174	0.172	0.169	0.174	0.170	0.177	0.173	0.170	0.175	0.172	0.178	0.181	0.177	0.173	0.171	0.174	0.172	0.175	0.188	0.178	0.177	0.168	0.179
3:00:35	34.9	0.174	0.177	0.175	0.179	0.183	0.173	0.172	0.168	0.170	0.168	0.175	0.168	0.172	0.175	0.172	0.174	0.174	0.170	0.171	0.170	0.179	0.167	0.177	0.167	0.177	0.173	0.175	0.172	0.175	0.174	0.172	0.178	0.169	0.171	0.169	0.170	0.173	0.179	0.176	0.177	0.177	0.187	0.172	0.171	0.184	0.167	0.167	0.171	0.175	0.177	0.173	0.179	0.168	0.169	0.169	0.176	0.168	0.174	0.176	0.171	0.180	0.168	0.173	0.172	0.184	0.178	0.173	0.175	0.172	0.167	0.171	0.170	0.173	0.170	0.169	0.167	0.171	0.168	0.174	0.171	0.167	0.172	0.168	0.177	0.177	0.173	0.169	0.167	0.171	0.169	0.172	0.184	0.175	0.173	0.164	0.175
4:00:35	34.9	0.177	0.179	0.177	0.180	0.185	0.175	0.173	0.169	0.171	0.170	0.175	0.170	0.175	0.175	0.172	0.174	0.174	0.170	0.170	0.169	0.179	0.166	0.176	0.168	0.178	0.173	0.173	0.171	0.174	0.173	0.170	0.177	0.168	0.173	0.169	0.171	0.175	0.179	0.175	0.175	0.175	0.185	0.170	0.169	0.182	0.166	0.167	0.170	0.176	0.177	0.172	0.178	0.167	0.168	0.167	0.173	0.166	0.173	0.175	0.171	0.179	0.167	0.172	0.171	0.183	0.176	0.171	0.174	0.170	0.166	0.171	0.170	0.176	0.170	0.169	0.166	0.170	0.167	0.173	0.171	0.167	0.172	0.168	0.176	0.178	0.174	0.170	0.168	0.171	0.169	0.172	0.184	0.175	0.173	0.165	0.176
5:00:36	34.9	0.187	0.187	0.185	0.189	0.193	0.183	0.183	0.178	0.180	0.178	0.181	0.180	0.184	0.181	0.180	0.182	0.180	0.177	0.177	0.176	0.185	0.173	0.181	0.177	0.186	0.178	0.179	0.176	0.180	0.179	0.176	0.183	0.173	0.180	0.176	0.178	0.183	0.186	0.181	0.179	0.179	0.190	0.175	0.175	0.186	0.172	0.173	0.177	0.185	0.184	0.178	0.184	0.172	0.174	0.170	0.177	0.172	0.178	0.182	0.178	0.184	0.173	0.179	0.179	0.188	0.181	0.177	0.179	0.176	0.172	0.176	0.177	0.184	0.177	0.175	0.174	0.177	0.174	0.179	0.177	0.174	0.178	0.175	0.181	0.187	0.181	0.176	0.176	0.178	0.175	0.180	0.191	0.182	0.180	0.173	0.183
6:00:37	34.9	0.205	0.205	0.199	0.204	0.209	0.200	0.197	0.194	0.194	0.192	0.192	0.196	0.201	0.192	0.195	0.197	0.195	0.192	0.191	0.190	0.199	0.187	0.194	0.191	0.201	0.192	0.192	0.189	0.191	0.191	0.188	0.196	0.186	0.195	0.188	0.191	0.199	0.200	0.193	0.190	0.191	0.202	0.186	0.186	0.198	0.184	0.185	0.190	0.201	0.198	0.191	0.196	0.184	0.186	0.180	0.186	0.184	0.190	0.194	0.192	0.196	0.189	0.193	0.193	0.199	0.193	0.188	0.192	0.188	0.185	0.190	0.191	0.201	0.192	0.190	0.188	0.192	0.188	0.192	0.192	0.187	0.192	0.189	0.194	0.204	0.198	0.192	0.192	0.194	0.190	0.197	0.205	0.196	0.195	0.188	0.197
7:00:37	34.9	0.222	0.223	0.218	0.224	0.228	0.220	0.220	0.212	0.214	0.210	0.209	0.212	0.218	0.213	0.218	0.218	0.218	0.215	0.211	0.211	0.218	0.205	0.213	0.210	0.218	0.212	0.212	0.210	0.211	0.212	0.208	0.216	0.207	0.212	0.209	0.211	0.217	0.220	0.215	0.210	0.210	0.222	0.206	0.206	0.216	0.203	0.202	0.207	0.221	0.219	0.212	0.217	0.206	0.206	0.198	0.204	0.202	0.210	0.214	0.211	0.216	0.209	0.214	0.214	0.219	0.211	0.207	0.212	0.207	0.207	0.208	0.208	0.223	0.214	0.212	0.209	0.213	0.209	0.213	0.213	0.208	0.214	0.209	0.214	0.222	0.219	0.214	0.213	0.215	0.214	0.217	0.222	0.216	0.215	0.208	0.214
8:00:38	34.9	0.236	0.242	0.235	0.243	0.249	0.240	0.240	0.233	0.234	0.227	0.226	0.226	0.233	0.236	0.240	0.240	0.239	0.237	0.234	0.235	0.239	0.227	0.227	0.221	0.237	0.234	0.237	0.236	0.235	0.234	0.231	0.238	0.230	0.220	0.228	0.224	0.237	0.242	0.237	0.235	0.233	0.247	0.228	0.228	0.237	0.223	0.226	0.217	0.239	0.240	0.237	0.238	0.229	0.230	0.217	0.222	0.224	0.232	0.234	0.220	0.233	0.233	0.238	0.236	0.244	0.235	0.230	0.233	0.228	0.225	0.228	0.226	0.242	0.242	0.233	0.231	0.234	0.232	0.233	0.231	0.229	0.232	0.227	0.228	0.239	0.237	0.233	0.234	0.239	0.233	0.236	0.243	0.233	0.235	0.233	0.240
9:00:39	34.9	0.244	0.249	0.248	0.255	0.255	0.251	0.247	0.245	0.246	0.239	0.239	0.237	0.242	0.252	0.249	0.250	0.256	0.251	0.246	0.253	0.253	0.243	0.241	0.234	0.250	0.247	0.251	0.250	0.250	0.249	0.243	0.254	0.241	0.225	0.238	0.236	0.250	0.255	0.254	0.253	0.249	0.263	0.247	0.242	0.261	0.245	0.241	0.229	0.250	0.252	0.246	0.255	0.246	0.245	0.239	0.248	0.241	0.245	0.246	0.231	0.248	0.245	0.251	0.249	0.264	0.252	0.248	0.245	0.242	0.235	0.237	0.229	0.249	0.251	0.243	0.238	0.260	0.241	0.244	0.241	0.240	0.240	0.234	0.237	0.246	0.253	0.243	0.241	0.251	0.243	0.242	0.258	0.244	0.238	0.234	0.239
10:00:39	34.9	0.252	0.254	0.253	0.257	0.258	0.251	0.252	0.250	0.252	0.243	0.247	0.244	0.247	0.258	0.256	0.256	0.258	0.257	0.251	0.255	0.258	0.246	0.245	0.239	0.254	0.254	0.257	0.255	0.258	0.252	0.251	0.259	0.247	0.224	0.245	0.246	0.255	0.293	0.260	0.263	0.255	0.268	0.252	0.247	0.265	0.254	0.242	0.238	0.268	0.263	0.255	0.259	0.258	0.246	0.252	0.256	0.245	0.251	0.250	0.237	0.257	0.268	0.264	0.286	0.271	0.257	0.254	0.251	0.245	0.243	0.247	0.257	0.404	0.314	0.288	0.251	0.259	0.279	0.275	0.248	0.255	0.262	0.245	0.251	0.270	0.324	0.284	0.278	0.265	0.262	0.320	0.298	0.276	0.283	0.273	0.303
11:00:39	34.9	0.261	0.272	0.265	0.274	0.299	0.260	0.261	0.256	0.264	0.254	0.262	0.297	0.259	0.271	0.267	0.282	0.283	0.274	0.267	0.266	0.274	0.260	0.258	0.251	0.269	0.267	0.276	0.275	0.289	0.269	0.268	0.273	0.264	0.240	0.293	0.281	0.314	0.283	0.278	0.266	0.269	0.277	0.271	0.328	0.273	0.267	0.259	0.258	0.281	0.305	0.276	0.307	0.359	0.326	0.253	0.276	0.261	0.289	0.267	0.302	0.349	0.324	0.323	0.272	0.438	0.280	0.345	0.430	0.265	0.289	0.415	0.281	0.339	0.337	0.480	0.433	0.377	0.268	0.294	0.330	0.309	0.345	0.270	0.316	0.513	0.400	0.399	0.446	0.478	0.333	0.404	0.353	0.293	0.426	0.268	0.484
12:00:40	34.9	0.264	0.269	0.265	0.271	0.267	0.258	0.256	0.257	0.259	0.254	0.261	0.256	0.260	0.271	0.277	0.270	0.276	0.267	0.266	0.264	0.268	0.262	0.262	0.253	0.265	0.281	0.270	0.267	0.277	0.271	0.274	0.271	0.267	0.234	0.261	0.268	0.271	0.273	0.281	0.443	0.272	0.382	0.373	0.296	0.377	0.267	0.397	0.268	0.275	0.345	0.384	0.340	0.266	0.268	0.283	0.349	0.268	0.336	0.267	0.375	0.295	0.267	0.339	0.291	0.474	0.375	0.272	0.264	0.276	0.259	0.267	0.337	0.306	0.331	0.350	0.355	0.387	0.326	0.360	0.435	0.280	0.378	0.355	0.263	0.305	0.435	0.316	0.484	0.353	0.283	0.449	0.335	0.270	0.303	0.401	0.336
13:00:41	34.9	0.267	0.262	0.268	0.271	0.261	0.252	0.259	0.255	0.249	0.256	0.262	0.255	0.251	0.264	0.268	0.267	0.278	0.271	0.265	0.263	0.273	0.258	0.262	0.259	0.269	0.267	0.266	0.266	0.286	0.267	0.331	0.280	0.306	0.231	0.261	0.256	0.312	0.273	0.323	0.269	0.324	0.289	0.271	0.278	0.332	0.265	0.277	0.279	0.267	0.294	0.263	0.298	0.256	0.375	0.264	0.282	0.321	0.295	0.264	0.270	0.268	0.312	0.264	0.311	0.296	0.289	0.266	0.268	0.264	0.315	0.265	0.291	0.268	0.367	0.267	0.266	0.417	0.267	0.269	0.272	0.306	0.335	0.318	0.309	0.384	0.398	0.282	0.360	0.281	0.337	0.287	0.281	0.268	0.284	0.366	0.388
14:00:41	34.9	0.267	0.263	0.265	0.273	0.266	0.254	0.260	0.254	0.253	0.260	0.258	0.253	0.252	0.263	0.266	0.263	0.277	0.265	0.257	0.264	0.269	0.256	0.262	0.256	0.266	0.263	0.267	0.320	0.270	0.277	0.255	0.267	0.260	0.235	0.257	0.258	0.273	0.276	0.272	0.274	0.283	0.276	0.280	0.260	0.282	0.264	0.313	0.291	0.267	0.263	0.265	0.281	0.258	0.327	0.257	0.287	0.313	0.293	0.269	0.272	0.275	0.291	0.327	0.264	0.290	0.268	0.285	0.286	0.327	0.282	0.313	0.258	0.284	0.274	0.261	0.261	0.350	0.263	0.272	0.386	0.285	0.271	0.314	0.357	0.358	0.327	0.302	0.317	0.468	0.274	0.300	0.275	0.266	0.292	0.284	0.294
15:00:41	34.9	0.268	0.264	0.263	0.269	0.267	0.255	0.258	0.254	0.252	0.254	0.260	0.252	0.252	0.263	0.263	0.266	0.275	0.266	0.261	0.261	0.268	0.256	0.262	0.256	0.265	0.269	0.266	0.262	0.263	0.263	0.261	0.270	0.255	0.234	0.260	0.258	0.265	0.270	0.266	0.263	0.265	0.272	0.258	0.257	0.277	0.263	0.252	0.271	0.276	0.267	0.265	0.268	0.256	0.255	0.261	0.262	0.256	0.260	0.262	0.254	0.275	0.264	0.266	0.268	0.301	0.316	0.371	0.273	0.263	0.256	0.273	0.255	0.281	0.265	0.282	0.260	0.297	0.294	0.269	0.274	0.285	0.291	0.306	0.296	0.273	0.279	0.302	0.331	0.267	0.286	0.264	0.279	0.317	0.270	0.276	0.314
16:00:41	34.9	0.269	0.263	0.263	0.267	0.266	0.257	0.257	0.257	0.256	0.257	0.259	0.253	0.254	0.259	0.268	0.273	0.275	0.265	0.254	0.258	0.271	0.252	0.263	0.258	0.265	0.265	0.267	0.264	0.260	0.265	0.260	0.269	0.271	0.235	0.256	0.258	0.259	0.266	0.266	0.279	0.265	0.273	0.258	0.263	0.275	0.262	0.247	0.253	0.260	0.267	0.261	0.264	0.254	0.254	0.260	0.258	0.256	0.261	0.259	0.262	0.266	0.263	0.280	0.261	0.275	0.265	0.257	0.262	0.260	0.256	0.289	0.259	0.265	0.264	0.259	0.256	0.274	0.277	0.258	0.253	0.254	0.260	0.257	0.256	0.272	0.264	0.262	0.258	0.270	0.263	0.264	0.279	0.257	0.260	0.267	0.260
17:00:42	34.9	0.270	0.267	0.262	0.269	0.265	0.258	0.259	0.260	0.261	0.261	0.262	0.257	0.255	0.258	0.263	0.267	0.274	0.262	0.257	0.261	0.269	0.253	0.262	0.256	0.266	0.265	0.267	0.262	0.262	0.264	0.257	0.270	0.255	0.234	0.258	0.260	0.260	0.268	0.259	0.262	0.262	0.271	0.254	0.259	0.276	0.261	0.248	0.255	0.267	0.267	0.262	0.267	0.253	0.256	0.258	0.262	0.260	0.260	0.263	0.253	0.265	0.261	0.265	0.260	0.272	0.262	0.258	0.280	0.261	0.256	0.256	0.256	0.266	0.266	0.258	0.256	0.258	0.256	0.269	0.272	0.254	0.258	0.255	0.304	0.264	0.268	0.261	0.260	0.281	0.260	0.274	0.265	0.257	0.269	0.248	0.264
18:00:43	34.9	0.271	0.268	0.265	0.273	0.269	0.260	0.264	0.262	0.261	0.258	0.259	0.259	0.259	0.262	0.266	0.269	0.273	0.269	0.260	0.258	0.272	0.258	0.263	0.260	0.267	0.267	0.269	0.267	0.266	0.265	0.260	0.273	0.252	0.236	0.259	0.260	0.262	0.267	0.265	0.264	0.262	0.275	0.258	0.255	0.275	0.259	0.254	0.259	0.263	0.269	0.262	0.268	0.251	0.259	0.257	0.262	0.257	0.262	0.263	0.255	0.267	0.259	0.264	0.260	0.274	0.266	0.260	0.263	0.262	0.258	0.260	0.258	0.266	0.266	0.259	0.257	0.257	0.255	0.259	0.256	0.253	0.261	0.256	0.264	0.267	0.263	0.260	0.262	0.265	0.261	0.257	0.265	0.260	0.257	0.252	0.263
19:00:43	34.9	0.267	0.267	0.266	0.272	0.270	0.256	0.263	0.256	0.258	0.257	0.258	0.256	0.260	0.261	0.266	0.269	0.271	0.269	0.264	0.263	0.271	0.259	0.263	0.258	0.267	0.264	0.267	0.264	0.267	0.267	0.259	0.268	0.259	0.238	0.258	0.257	0.263	0.269	0.266	0.263	0.265	0.278	0.258	0.260	0.271	0.259	0.253	0.258	0.265	0.267	0.264	0.268	0.253	0.257	0.258	0.262	0.271	0.263	0.263	0.256	0.270	0.261	0.265	0.261	0.286	0.270	0.263	0.263	0.263	0.259	0.259	0.257	0.266	0.265	0.260	0.258	0.259	0.254	0.256	0.257	0.255	0.259	0.256	0.258	0.267	0.263	0.261	0.259	0.267	0.260	0.258	0.263	0.262	0.258	0.252	0.262
20:00:44	34.9	0.266	0.266	0.265	0.271	0.269	0.257	0.262	0.258	0.260	0.257	0.256	0.256	0.258	0.260	0.265	0.267	0.272	0.265	0.261	0.259	0.270	0.257	0.263	0.257	0.266	0.263	0.267	0.265	0.267	0.267	0.262	0.268	0.260	0.240	0.259	0.257	0.263	0.266	0.267	0.265	0.266	0.276	0.257	0.259	0.274	0.262	0.252	0.259	0.265	0.266	0.263	0.266	0.258	0.258	0.258	0.263	0.258	0.263	0.263	0.257	0.267	0.262	0.263	0.263	0.276	0.269	0.263	0.263	0.262	0.259	0.259	0.257	0.265	0.264	0.261	0.257	0.260	0.256	0.258	0.256	0.255	0.258	0.255	0.264	0.265	0.264	0.261	0.260	0.266	0.259	0.258	0.265	0.260	0.257	0.251	0.261
21:00:44	34.9	0.263	0.266	0.262	0.269	0.264	0.253	0.260	0.257	0.258	0.256	0.255	0.253	0.256	0.259	0.263	0.264	0.270	0.266	0.260	0.257	0.269	0.259	0.260	0.255	0.264	0.264	0.263	0.262	0.268	0.264	0.260	0.268	0.259	0.240	0.257	0.256	0.262	0.267	0.265	0.262	0.264	0.276	0.257	0.258	0.275	0.262	0.251	0.257	0.265	0.265	0.261	0.265	0.255	0.258	0.256	0.260	0.259	0.262	0.261	0.256	0.265	0.262	0.261	0.261	0.275	0.267	0.263	0.262	0.261	0.257	0.257	0.254	0.263	0.264	0.259	0.257	0.259	0.254	0.258	0.255	0.256	0.256	0.255	0.256	0.265	0.261	0.258	0.259	0.264	0.261	0.256	0.264	0.259	0.256	0.249	0.259
22:00:45	34.9	0.262	0.263	0.261	0.267	0.265	0.254	0.259	0.255	0.257	0.256	0.255	0.252	0.257	0.260	0.263	0.266	0.268	0.264	0.262	0.257	0.270	0.259	0.259	0.254	0.263	0.262	0.263	0.262	0.267	0.265	0.259	0.267	0.257	0.240	0.256	0.256	0.261	0.266	0.265	0.263	0.264	0.274	0.257	0.258	0.273	0.259	0.251	0.256	0.263	0.266	0.260	0.265	0.255	0.257	0.254	0.259	0.257	0.261	0.261	0.254	0.265	0.267	0.261	0.261	0.275	0.267	0.261	0.262	0.260	0.257	0.256	0.254	0.263	0.263	0.260	0.255	0.257	0.252	0.257	0.256	0.252	0.256	0.255	0.272	0.264	0.260	0.259	0.258	0.263	0.259	0.255	0.263	0.258	0.256	0.249	0.259
23:00:45	35.1	0.261	0.263	0.261	0.268	0.266	0.256	0.260	0.256	0.258	0.256	0.255	0.253	0.257	0.260	0.264	0.267	0.270	0.264	0.263	0.261	0.271	0.260	0.260	0.256	0.264	0.263	0.263	0.263	0.265	0.265	0.260	0.267	0.259	0.241	0.257	0.257	0.262	0.265	0.266	0.265	0.264	0.274	0.256	0.259	0.274	0.261	0.253	0.257	0.263	0.266	0.261	0.266	0.254	0.258	0.254	0.259	0.257	0.260	0.260	0.254	0.265	0.261	0.262	0.262	0.274	0.267	0.261	0.261	0.259	0.256	0.257	0.254	0.262	0.263	0.260	0.255	0.259	0.254	0.257	0.255	0.253	0.257	0.255	0.256	0.263	0.261	0.259	0.259	0.264	0.259	0.255	0.263	0.258	0.257	0.249	0.259
0:00:00																																																																																																	

Results
	1	2	3	4	5	6	7	8	9	10	11	12
A	0.253	0.270	0.269	0.287	0.272	0.293	0.288	0.289	0.287	0.262	0.250	0.312	Max V [600]
	0.993	0.985	0.996	0.994	0.976	0.992	0.977	0.995	0.994	0.995	0.996	0.841	R-Squared [600]
	6:00:37	6:00:37	7:00:38	7:00:38	7:00:38	7:00:38	7:00:38	7:00:38	7:00:38	7:00:38	7:00:38	9:00:38	t at Max V [600]
	4:00:12	4:07:42	4:20:01	4:23:41	4:19:04	4:20:41	4:22:27	4:23:27	4:24:25	4:25:27	4:20:40	5:03:29	Lagtime [600]
B	0.250	0.312	0.308	0.301	0.327	0.323	0.303	0.331	0.292	0.300	0.252	0.243	Max V [600]
	0.992	0.990	0.985	0.988	0.995	0.993	0.990	0.994	0.994	0.995	0.997	0.994	R-Squared [600]
	6:00:37	7:00:38	7:00:38	7:00:38	7:00:38	7:00:38	7:00:38	7:00:38	7:00:38	7:00:38	7:00:38	7:00:38	t at Max V [600]
	3:56:07	4:37:49	4:31:57	4:28:58	4:40:52	4:33:38	4:37:07	4:46:21	4:37:54	4:38:48	5:04:05	4:13:52	Lagtime [600]
C	0.273	0.299	0.312	0.325	0.307	0.305	0.330	0.306	0.299	0.210	0.307	0.270	Max V [600]
	0.997	0.991	0.990	0.987	0.987	0.992	0.826	0.993	0.988	0.982	0.879	0.935	R-Squared [600]
	7:00:38	7:00:38	7:00:38	7:00:38	7:00:38	7:00:38	11:00:40	7:00:38	7:00:38	6:00:37	9:00:38	9:00:38	t at Max V [600]
	4:26:52	4:35:53	4:42:04	4:47:11	4:47:46	4:46:10	5:43:41	4:43:14	4:43:20	3:56:52	4:54:45	4:40:00	Lagtime [600]
D	0.354	0.371	0.313	0.714	0.302	0.472	0.520	0.439	0.487	0.311	0.597	0.217	Max V [600]
	0.851	0.971	0.991	0.630	0.991	0.692	0.746	0.806	0.715	0.990	0.654	0.982	R-Squared [600]
	9:00:38	8:00:38	7:00:38	10:00:39	7:00:38	10:00:39	10:00:39	9:00:38	10:00:39	7:00:38	10:00:39	10:00:39	t at Max V [600]
	5:10:25	5:08:23	4:45:29	7:12:32	4:55:19	6:18:34	6:35:46	5:50:03	6:25:27	4:44:46	6:58:53	4:25:16	Lagtime [600]
E	0.283	0.438	0.542	0.428	0.560	-0.518	0.305	0.468	0.325	0.422	0.279	0.635	Max V [600]
	0.992	0.918	0.726	0.916	0.807	0.791	0.995	0.854	0.859	0.890	0.993	0.849	R-Squared [600]
	7:00:38	10:00:39	10:00:39	10:00:39	9:00:38	15:00:42	8:00:38	10:00:39	12:00:40	10:00:39	7:00:38	10:00:39	t at Max V [600]
	4:19:39	6:00:18	6:38:26	6:05:43	6:13:05	19:08:30	5:06:03	6:29:15	5:59:12	6:05:39	4:34:22	7:18:49	Lagtime [600]
F	0.483	0.441	0.457	0.367	1.057	0.514	0.500	0.757	0.290	0.304	0.723	0.457	Max V [600]
	0.782	0.921	0.920	0.975	0.850	0.766	0.813	0.659	0.992	0.881	0.665	0.900	R-Squared [600]
	9:00:38	9:00:38	10:00:39	8:00:38	10:00:39	10:00:39	9:00:38	9:00:38	7:00:38	9:00:38	9:00:38	10:00:39	t at Max V [600]
	6:03:45	5:34:14	5:53:19	5:00:52	7:31:35	6:32:47	6:06:48	6:50:06	4:47:18	4:52:03	6:43:33	6:26:57	Lagtime [600]
G	0.721	0.529	0.985	0.779	0.739	0.359	0.508	0.827	0.381	0.663	0.487	0.377	Max V [600]
	0.719	0.944	0.735	0.659	0.870	0.969	0.915	0.822	0.896	0.906	0.782	0.817	R-Squared [600]
	8:00:38	9:00:38	9:00:38	9:00:38	11:00:40	8:00:38	10:00:39	10:00:39	9:00:38	10:00:39	10:00:39	9:00:38	t at Max V [600]
	5:54:34	5:44:52	6:53:53	6:40:55	7:09:12	4:58:14	6:28:57	7:24:49	5:21:34	6:58:47	6:34:07	7:28:09	Lagtime [600]
H	1.020	0.905	0.701	1.174	0.920	0.444	0.984	0.529	0.331	0.785	0.655	1.006	Max V [600]
	0.636	0.966	0.806	0.875	0.665	0.843	0.952	0.937	0.975	0.753	0.757	0.750	R-Squared [600]
	9:00:38	10:00:39	9:00:38	10:00:39	9:00:38	9:00:38	10:00:39	9:00:38	9:00:38	9:00:38	11:00:40	9:00:38	t at Max V [600]
	7:02:02	7:06:37	6:27:27	7:34:37	6:49:37	5:38:48	7:18:22	6:09:06	5:00:33	6:43:52	7:19:23	7:01:15	Lagtime [600]


