Time	A1	A2	A3	A4	A5	A6	A7	A8	A9	A10	A11	A12	B1	B2	B3	B4	B5	B6	B7	B8	B9	B10	B11	B12	C1	C2	C3	C4	C5	C6	C7	C8	C9	C10	C11	C12	D1	D2	D3	D4	D5	D6	D7	D8	D9	D10	D11	D12	E1	E2	E3	E4	E5	E6	E7	E8	E9	E10	E11	E12	F1	F2	F3	F4	F5	F6	F7	F8	F9	F10	F11	F12	G1	G2	G3	G4	G5	G6	G7	G8	G9	G10	G11	G12	H1	H2	H3	H4	H5	H6	H7	H8	H9	H10	H11	H12
0	0.158	0.153	0.166	0.157	0.152	0.158	0.151	0.160	0.158	0.160	0.150	0.153	0.154	0.153	0.168	0.165	0.158	0.154	0.152	0.158	0.157	0.152	0.151	0.161	0.152	0.154	0.155	0.154	0.168	0.160	0.158	0.157	0.159	0.170	0.152	0.158	0.170	0.171	0.173	0.173	0.155	0.159	0.151	0.158	0.167	0.168	0.170	0.166	0.158	0.154	0.154	0.160	0.159	0.157	0.160	0.156	0.159	0.161	0.161	0.160	0.168	0.182	0.164	0.161	0.157	0.164	0.157	0.159	0.157	0.159	0.155	0.153	0.156	0.160	0.161	0.163	0.157	0.158	0.159	0.156	0.168	0.161	0.160	0.157	0.159	0.161	0.159	0.160	0.158	0.163	0.154	0.161	0.165	0.160	0.155	0.164
1	0.154	0.152	0.166	0.156	0.153	0.158	0.151	0.159	0.157	0.160	0.150	0.154	0.154	0.153	0.167	0.165	0.157	0.153	0.152	0.158	0.157	0.152	0.152	0.162	0.152	0.155	0.155	0.154	0.168	0.160	0.158	0.157	0.157	0.163	0.153	0.157	0.174	0.176	0.177	0.178	0.155	0.158	0.151	0.158	0.171	0.172	0.171	0.169	0.158	0.154	0.153	0.160	0.159	0.156	0.159	0.157	0.158	0.161	0.161	0.161	0.171	0.185	0.167	0.161	0.157	0.163	0.157	0.159	0.157	0.158	0.154	0.153	0.156	0.159	0.160	0.162	0.157	0.156	0.158	0.155	0.161	0.161	0.160	0.157	0.159	0.160	0.159	0.160	0.158	0.161	0.154	0.159	0.164	0.160	0.155	0.165
2	0.157	0.154	0.164	0.158	0.154	0.158	0.152	0.161	0.158	0.160	0.152	0.156	0.155	0.154	0.166	0.165	0.158	0.154	0.153	0.159	0.158	0.153	0.153	0.162	0.153	0.156	0.156	0.155	0.168	0.161	0.159	0.158	0.157	0.164	0.154	0.158	0.176	0.178	0.179	0.181	0.155	0.158	0.152	0.159	0.172	0.174	0.171	0.169	0.158	0.155	0.154	0.161	0.159	0.156	0.160	0.157	0.159	0.162	0.162	0.162	0.173	0.186	0.168	0.162	0.157	0.163	0.157	0.159	0.158	0.160	0.155	0.155	0.158	0.159	0.161	0.160	0.157	0.156	0.159	0.157	0.161	0.162	0.162	0.159	0.163	0.161	0.160	0.162	0.159	0.163	0.155	0.160	0.166	0.162	0.157	0.168
3	0.179	0.171	0.178	0.171	0.167	0.169	0.164	0.173	0.170	0.172	0.168	0.178	0.169	0.165	0.174	0.172	0.166	0.161	0.159	0.164	0.163	0.160	0.160	0.172	0.166	0.163	0.163	0.161	0.173	0.167	0.164	0.163	0.164	0.171	0.162	0.172	0.177	0.179	0.180	0.182	0.161	0.162	0.157	0.164	0.172	0.173	0.171	0.170	0.164	0.159	0.158	0.164	0.164	0.161	0.163	0.162	0.163	0.167	0.170	0.175	0.174	0.187	0.169	0.168	0.163	0.168	0.160	0.162	0.161	0.166	0.164	0.168	0.175	0.169	0.172	0.165	0.163	0.162	0.165	0.163	0.168	0.172	0.173	0.175	0.188	0.177	0.175	0.174	0.171	0.176	0.166	0.172	0.179	0.174	0.172	0.188
4	0.299	0.268	0.266	0.258	0.248	0.244	0.238	0.249	0.251	0.258	0.264	0.289	0.250	0.227	0.229	0.215	0.213	0.206	0.197	0.204	0.190	0.200	0.202	0.223	0.246	0.214	0.211	0.198	0.209	0.204	0.195	0.195	0.210	0.221	0.215	0.248	0.178	0.181	0.181	0.184	0.201	0.202	0.190	0.199	0.174	0.175	0.171	0.171	0.207	0.192	0.181	0.183	0.196	0.194	0.194	0.192	0.198	0.204	0.223	0.254	0.176	0.189	0.170	0.209	0.201	0.201	0.175	0.182	0.183	0.206	0.219	0.244	0.269	0.226	0.236	0.204	0.204	0.202	0.210	0.205	0.212	0.221	0.235	0.267	0.306	0.277	0.261	0.257	0.247	0.261	0.243	0.250	0.259	0.254	0.259	0.295
5	0.557	0.496	0.494	0.465	0.449	0.442	0.423	0.442	0.449	0.462	0.471	0.515	0.448	0.410	0.393	0.367	0.387	0.371	0.344	0.356	0.297	0.331	0.332	0.342	0.432	0.373	0.366	0.345	0.355	0.347	0.328	0.330	0.378	0.410	0.381	0.429	0.180	0.183	0.183	0.185	0.350	0.370	0.322	0.345	0.175	0.176	0.174	0.172	0.343	0.318	0.289	0.282	0.327	0.373	0.337	0.321	0.325	0.349	0.381	0.429	0.178	0.190	0.173	0.353	0.344	0.344	0.258	0.280	0.283	0.458	0.377	0.432	0.472	0.398	0.442	0.317	0.335	0.323	0.364	0.371	0.377	0.403	0.416	0.467	0.560	0.493	0.473	0.472	0.432	0.511	0.454	0.448	0.500	0.456	0.465	0.520
6	0.822	0.770	0.751	0.747	0.711	0.733	0.670	0.697	0.722	0.722	0.741	0.791	0.729	0.676	0.637	0.572	0.624	0.589	0.552	0.577	0.392	0.435	0.449	0.413	0.656	0.578	0.571	0.532	0.544	0.552	0.490	0.521	0.604	0.627	0.631	0.738	0.183	0.186	0.185	0.189	0.588	0.578	0.544	0.612	0.179	0.178	0.178	0.176	0.506	0.479	0.431	0.418	0.535	0.612	0.555	0.536	0.546	0.577	0.656	0.724	0.182	0.194	0.177	0.580	0.580	0.582	0.414	0.446	0.437	0.644	0.676	0.724	0.775	0.644	0.679	0.429	0.455	0.432	0.547	0.611	0.612	0.673	0.708	0.759	0.874	0.787	0.790	0.777	0.770	0.768	0.751	0.815	0.831	0.796	0.774	0.809
7	0.954	0.913	0.910	0.917	0.941	0.971	0.888	0.922	0.892	0.993	0.846	0.868	0.944	0.996	0.898	0.801	0.870	0.949	0.831	0.804	0.401	0.495	0.468	0.500	0.918	0.754	0.782	0.748	0.783	0.904	0.701	0.817	0.959	0.977	0.894	0.985	0.189	0.192	0.190	0.193	0.924	0.857	0.850	0.988	0.185	0.185	0.184	0.184	0.746	0.697	0.628	0.661	0.849	0.957	0.931	0.900	0.841	0.897	0.953	0.994	0.188	0.200	0.186	0.936	0.894	0.957	0.685	0.757	0.725	0.948	0.965	0.965	0.971	0.873	0.989	0.521	0.614	0.545	0.803	0.928	0.902	0.998	1.011	1.007	0.977	0.986	1.050	0.976	0.946	1.081	1.022	0.984	1.081	1.018	0.953	1.006
8	0.809	0.831	0.797	0.807	0.911	0.806	0.814	0.813	0.888	0.798	0.821	0.767	0.860	0.860	0.827	0.819	0.835	0.865	0.792	0.804	0.469	0.628	0.666	0.587	0.795	0.834	0.827	0.843	0.890	0.908	0.860	0.880	0.838	0.813	0.845	0.835	0.198	0.200	0.200	0.200	0.942	0.992	0.982	0.901	0.199	0.196	0.197	0.197	0.977	0.946	0.875	0.895	0.918	0.903	1.052	0.946	0.966	0.922	0.847	0.821	0.200	0.212	0.202	0.942	0.926	0.976	0.846	0.877	0.917	0.925	0.911	0.876	0.911	0.839	0.889	0.681	0.741	0.710	0.937	0.905	0.869	0.849	0.875	0.839	0.861	0.926	0.860	0.927	0.873	0.809	0.814	0.912	0.896	0.874	0.875	0.832
9	0.799	0.803	0.802	0.782	0.793	0.786	0.787	0.789	0.789	0.797	0.783	0.777	0.817	0.827	0.830	0.815	0.831	0.818	0.822	0.815	0.603	0.745	0.761	0.698	0.778	0.797	0.806	0.829	0.797	0.769	0.827	0.817	0.822	0.867	0.808	0.806	0.228	0.225	0.223	0.220	0.880	0.821	0.811	0.822	0.231	0.228	0.230	0.228	0.819	0.852	0.896	0.890	0.885	0.880	0.831	0.919	0.859	0.847	0.809	0.795	0.231	0.243	0.235	0.850	0.855	0.860	0.941	0.942	0.904	0.814	0.818	0.776	0.807	0.818	0.821	0.762	0.803	0.795	0.852	0.864	0.819	0.830	0.822	0.796	0.786	0.813	0.807	0.796	0.802	0.802	0.802	0.786	0.856	0.812	0.793	0.802
10	0.773	0.787	0.781	0.779	0.778	0.768	0.777	0.768	0.762	0.779	0.774	0.753	0.797	0.791	0.804	0.785	0.787	0.794	0.798	0.802	0.688	0.716	0.724	0.713	0.783	0.789	0.772	0.760	0.812	0.763	0.793	0.776	0.796	0.792	0.798	0.799	0.244	0.243	0.245	0.244	0.795	0.824	0.781	0.792	0.248	0.244	0.243	0.242	0.800	0.804	0.824	0.854	0.819	0.806	0.811	0.839	0.795	0.817	0.811	0.793	0.246	0.259	0.252	0.813	0.800	0.807	0.849	0.845	0.816	0.796	0.785	0.770	0.771	0.801	0.782	0.780	0.781	0.749	0.761	0.785	0.784	0.794	0.786	0.780	0.773	0.790	0.781	0.788	0.773	0.787	0.791	0.770	0.794	0.761	0.768	0.790
11	0.762	0.764	0.780	0.756	0.765	0.756	0.763	0.761	0.754	0.763	0.756	0.745	0.795	0.774	0.807	0.768	0.776	0.774	0.778	0.788	0.690	0.703	0.711	0.730	0.750	0.771	0.750	0.751	0.799	0.757	0.770	0.765	0.789	0.778	0.788	0.790	0.290	0.265	0.261	0.263	0.783	0.783	0.774	0.788	0.301	0.302	0.280	0.263	0.777	0.794	0.796	0.813	0.801	0.781	0.786	0.813	0.777	0.792	0.794	0.780	0.299	0.278	0.324	0.790	0.793	0.786	0.836	0.819	0.807	0.790	0.773	0.762	0.771	0.797	0.768	0.748	0.739	0.712	0.753	0.789	0.757	0.788	0.777	0.779	0.757	0.780	0.759	0.772	0.758	0.776	0.779	0.776	0.777	0.750	0.754	0.779
12	0.755	0.746	0.768	0.749	0.750	0.748	0.753	0.751	0.744	0.757	0.742	0.740	0.789	0.772	0.789	0.750	0.772	0.768	0.781	0.780	0.716	0.707	0.714	0.726	0.745	0.762	0.754	0.745	0.789	0.752	0.765	0.757	0.778	0.771	0.783	0.779	0.290	0.312	0.298	0.280	0.775	0.782	0.764	0.775	0.285	0.293	0.271	0.272	0.779	0.781	0.801	0.802	0.798	0.775	0.777	0.797	0.764	0.779	0.787	0.774	0.309	0.324	0.283	0.780	0.761	0.776	0.818	0.795	0.791	0.788	0.762	0.757	0.742	0.786	0.764	0.709	0.726	0.709	0.751	0.770	0.758	0.772	0.770	0.773	0.745	0.770	0.750	0.765	0.752	0.769	0.780	0.758	0.783	0.745	0.750	0.769
13	0.736	0.744	0.760	0.741	0.741	0.741	0.743	0.744	0.739	0.748	0.746	0.735	0.775	0.755	0.782	0.761	0.767	0.760	0.770	0.778	0.706	0.704	0.716	0.717	0.744	0.748	0.735	0.745	0.781	0.741	0.756	0.749	0.769	0.768	0.776	0.769	0.282	0.280	0.283	0.283	0.764	0.773	0.769	0.760	0.272	0.273	0.266	0.265	0.759	0.775	0.795	0.796	0.774	0.768	0.778	0.787	0.769	0.775	0.781	0.767	0.277	0.289	0.271	0.773	0.771	0.776	0.815	0.799	0.783	0.779	0.759	0.747	0.736	0.782	0.758	0.700	0.719	0.707	0.737	0.749	0.740	0.768	0.766	0.760	0.733	0.759	0.745	0.758	0.745	0.764	0.773	0.757	0.787	0.737	0.740	0.760
14	0.726	0.735	0.749	0.735	0.731	0.734	0.735	0.735	0.735	0.739	0.733	0.724	0.760	0.753	0.776	0.775	0.763	0.757	0.761	0.766	0.687	0.698	0.707	0.711	0.738	0.737	0.731	0.736	0.769	0.737	0.750	0.743	0.769	0.752	0.772	0.766	0.264	0.265	0.270	0.275	0.761	0.760	0.759	0.758	0.258	0.257	0.254	0.254	0.769	0.767	0.784	0.792	0.780	0.763	0.773	0.774	0.755	0.769	0.767	0.760	0.263	0.283	0.291	0.766	0.772	0.762	0.804	0.793	0.772	0.772	0.755	0.742	0.726	0.777	0.749	0.691	0.709	0.700	0.735	0.738	0.732	0.762	0.761	0.760	0.718	0.752	0.737	0.749	0.735	0.758	0.765	0.754	0.760	0.733	0.731	0.750
15	0.722	0.726	0.743	0.725	0.728	0.727	0.731	0.725	0.727	0.732	0.730	0.716	0.752	0.747	0.769	0.759	0.755	0.749	0.758	0.766	0.678	0.686	0.694	0.699	0.736	0.731	0.745	0.729	0.767	0.733	0.744	0.739	0.765	0.754	0.767	0.759	0.260	0.272	0.268	0.263	0.751	0.753	0.758	0.752	0.273	0.305	0.260	0.256	0.754	0.768	0.791	0.789	0.767	0.757	0.773	0.763	0.749	0.765	0.765	0.754	0.317	0.283	0.262	0.759	0.761	0.755	0.789	0.782	0.755	0.769	0.754	0.733	0.719	0.769	0.739	0.683	0.703	0.691	0.731	0.740	0.725	0.756	0.754	0.751	0.710	0.745	0.727	0.744	0.736	0.755	0.757	0.734	0.757	0.728	0.733	0.739
16	0.710	0.715	0.732	0.714	0.721	0.717	0.723	0.725	0.716	0.724	0.719	0.708	0.752	0.740	0.762	0.753	0.751	0.750	0.750	0.753	0.674	0.678	0.689	0.686	0.723	0.725	0.731	0.727	0.760	0.727	0.741	0.734	0.758	0.748	0.758	0.749	0.266	0.264	0.263	0.276	0.745	0.748	0.752	0.748	0.279	0.333	0.258	0.287	0.752	0.762	0.779	0.773	0.765	0.754	0.764	0.764	0.748	0.760	0.756	0.749	0.315	0.276	0.301	0.754	0.754	0.754	0.779	0.778	0.746	0.765	0.745	0.721	0.729	0.765	0.734	0.674	0.692	0.681	0.723	0.736	0.721	0.751	0.749	0.743	0.710	0.739	0.724	0.737	0.725	0.749	0.754	0.731	0.750	0.721	0.726	0.733
17	0.703	0.710	0.726	0.708	0.711	0.712	0.713	0.712	0.713	0.717	0.709	0.701	0.734	0.733	0.756	0.749	0.745	0.743	0.746	0.746	0.664	0.676	0.686	0.681	0.711	0.721	0.732	0.721	0.753	0.723	0.735	0.732	0.754	0.744	0.746	0.744	0.309	0.281	0.300	0.274	0.750	0.752	0.745	0.748	0.296	0.314	0.275	0.336	0.739	0.757	0.748	0.779	0.765	0.748	0.763	0.759	0.742	0.759	0.753	0.742	0.359	0.326	0.301	0.748	0.756	0.742	0.786	0.772	0.741	0.756	0.741	0.715	0.716	0.761	0.731	0.665	0.686	0.671	0.720	0.729	0.714	0.741	0.739	0.737	0.712	0.735	0.741	0.729	0.735	0.743	0.747	0.715	0.742	0.715	0.727	0.726
18	0.694	0.703	0.721	0.699	0.704	0.705	0.705	0.708	0.712	0.708	0.706	0.690	0.735	0.724	0.749	0.736	0.739	0.735	0.736	0.739	0.662	0.666	0.680	0.671	0.706	0.715	0.725	0.717	0.751	0.721	0.729	0.729	0.749	0.735	0.741	0.736	0.298	0.332	0.281	0.326	0.741	0.747	0.743	0.745	0.345	0.331	0.329	0.359	0.735	0.750	0.754	0.778	0.760	0.744	0.760	0.750	0.731	0.747	0.753	0.731	0.366	0.391	0.340	0.745	0.748	0.740	0.775	0.757	0.744	0.751	0.731	0.706	0.716	0.753	0.725	0.659	0.678	0.662	0.715	0.726	0.715	0.738	0.735	0.733	0.707	0.726	0.715	0.722	0.725	0.736	0.743	0.710	0.735	0.709	0.719	0.720
19	0.681	0.696	0.715	0.693	0.695	0.697	0.698	0.701	0.697	0.700	0.698	0.679	0.726	0.716	0.741	0.731	0.733	0.730	0.726	0.734	0.656	0.659	0.670	0.662	0.695	0.711	0.716	0.716	0.740	0.715	0.725	0.714	0.740	0.731	0.735	0.730	0.335	0.316	0.317	0.316	0.737	0.743	0.735	0.738	0.342	0.376	0.366	0.351	0.732	0.746	0.751	0.772	0.755	0.733	0.755	0.744	0.729	0.747	0.747	0.726	0.444	0.327	0.351	0.741	0.742	0.740	0.763	0.751	0.731	0.745	0.733	0.703	0.720	0.745	0.719	0.648	0.666	0.652	0.715	0.717	0.716	0.734	0.731	0.729	0.700	0.724	0.724	0.720	0.723	0.733	0.739	0.710	0.731	0.708	0.716	0.710
20	0.674	0.685	0.707	0.688	0.690	0.690	0.692	0.694	0.696	0.693	0.691	0.672	0.720	0.708	0.734	0.725	0.727	0.721	0.724	0.722	0.649	0.652	0.661	0.652	0.683	0.709	0.713	0.708	0.734	0.711	0.717	0.711	0.739	0.727	0.728	0.722	0.409	0.410	0.346	0.354	0.735	0.734	0.728	0.731	0.409	0.397	0.406	0.494	0.725	0.737	0.744	0.751	0.748	0.728	0.748	0.745	0.726	0.738	0.742	0.719	0.360	0.435	0.376	0.732	0.741	0.733	0.754	0.746	0.734	0.738	0.727	0.696	0.692	0.743	0.714	0.643	0.661	0.647	0.706	0.712	0.704	0.731	0.730	0.717	0.681	0.716	0.716	0.709	0.721	0.722	0.738	0.701	0.720	0.709	0.708	0.701
21	0.659	0.677	0.699	0.680	0.680	0.684	0.684	0.688	0.691	0.684	0.682	0.662	0.711	0.696	0.732	0.723	0.723	0.708	0.722	0.718	0.642	0.644	0.654	0.648	0.675	0.704	0.708	0.704	0.727	0.706	0.719	0.710	0.730	0.723	0.727	0.718	0.491	0.400	0.370	0.412	0.728	0.726	0.717	0.726	0.407	0.442	0.413	0.552	0.725	0.727	0.734	0.761	0.743	0.728	0.742	0.739	0.720	0.736	0.737	0.716	0.516	0.426	0.517	0.729	0.737	0.729	0.746	0.750	0.738	0.731	0.722	0.690	0.689	0.734	0.710	0.642	0.663	0.640	0.704	0.709	0.706	0.726	0.724	0.709	0.684	0.711	0.713	0.703	0.721	0.721	0.729	0.707	0.715	0.704	0.702	0.694
22	0.652	0.670	0.689	0.670	0.681	0.677	0.674	0.685	0.682	0.673	0.678	0.659	0.699	0.688	0.725	0.714	0.716	0.701	0.711	0.714	0.636	0.636	0.649	0.641	0.670	0.691	0.703	0.702	0.724	0.702	0.710	0.708	0.729	0.719	0.721	0.711	0.470	0.576	0.426	0.425	0.722	0.726	0.721	0.723	0.472	0.506	0.486	0.571	0.714	0.725	0.723	0.756	0.741	0.724	0.738	0.733	0.710	0.727	0.729	0.708	0.645	0.516	0.482	0.733	0.731	0.721	0.736	0.753	0.737	0.723	0.716	0.680	0.689	0.727	0.704	0.635	0.662	0.634	0.698	0.701	0.705	0.719	0.717	0.705	0.676	0.705	0.709	0.700	0.717	0.713	0.723	0.711	0.709	0.698	0.696	0.691
