

Software Version	3.11.19



Experiment File Path:	C:\Users\patil-group\Desktop\Sweeteners_stacker\081221_NT5031_31_31_Rep1-3\NT5031_31_31_Rep1-3.xpt
Protocol File Path:	C:\Users\Public\Documents\Protocols\Screening-protocol.prt



Plate Number	Plate 12
Date	08/12/2021
Time	13:59:10
Reader Type:	Epoch 2
Reader Serial Number:	2103223
Reading Type	Reader

Procedure Details

Plate Type	96 WELL PLATE
Discontinuous Kinetics	Runtime 1:00:00 (D:HH:MM), Interval 0:01:00, 25 Reads
	Pause after each run
Eject plate on completion	
Shake	Linear: 0:00:30 (HH:MM:SS)
	Frequency: 567 cpm (3 mm)
Read	Absorbance Endpoint
	Full Plate
	Wavelengths:  600
	Read Speed: Normal,  Delay: 100 msec,  Measurements/Data Point: 8

600

Time	T° 600	A1	A2	A3	A4	A5	A6	A7	A8	A9	A10	A11	A12	B1	B2	B3	B4	B5	B6	B7	B8	B9	B10	B11	B12	C1	C2	C3	C4	C5	C6	C7	C8	C9	C10	C11	C12	D1	D2	D3	D4	D5	D6	D7	D8	D9	D10	D11	D12	E1	E2	E3	E4	E5	E6	E7	E8	E9	E10	E11	E12	F1	F2	F3	F4	F5	F6	F7	F8	F9	F10	F11	F12	G1	G2	G3	G4	G5	G6	G7	G8	G9	G10	G11	G12	H1	H2	H3	H4	H5	H6	H7	H8	H9	H10	H11	H12
0:00:34	32.9	0.164	0.158	0.158	0.158	0.157	0.157	0.155	0.156	0.156	0.159	0.158	0.163	0.154	0.183	0.168	0.170	0.161	0.157	0.159	0.155	0.171	0.167	0.155	0.159	0.158	0.158	0.164	0.160	0.167	0.157	0.158	0.167	0.164	0.161	0.161	0.159	0.176	0.177	0.175	0.175	0.161	0.161	0.158	0.160	0.171	0.174	0.185	0.167	0.160	0.159	0.160	0.159	0.160	0.161	0.156	0.164	0.154	0.158	0.167	0.161	0.176	0.171	0.175	0.165	0.172	0.170	0.161	0.155	0.161	0.157	0.168	0.165	0.159	0.158	0.161	0.159	0.161	0.160	0.156	0.161	0.158	0.157	0.155	0.159	0.160	0.158	0.162	0.158	0.170	0.158	0.160	0.155	0.157	0.184	0.169	0.159
1:00:33	33.8	0.164	0.158	0.157	0.158	0.157	0.156	0.155	0.157	0.156	0.161	0.159	0.164	0.154	0.182	0.168	0.168	0.161	0.156	0.159	0.156	0.171	0.166	0.155	0.160	0.158	0.158	0.164	0.160	0.166	0.157	0.158	0.167	0.164	0.160	0.161	0.159	0.179	0.181	0.179	0.180	0.162	0.161	0.157	0.160	0.174	0.178	0.188	0.169	0.160	0.159	0.159	0.159	0.160	0.161	0.156	0.163	0.154	0.158	0.167	0.161	0.178	0.173	0.177	0.165	0.171	0.172	0.160	0.155	0.160	0.157	0.167	0.164	0.158	0.158	0.162	0.158	0.161	0.160	0.156	0.161	0.157	0.157	0.155	0.159	0.160	0.158	0.163	0.159	0.170	0.158	0.160	0.156	0.158	0.178	0.169	0.159
2:00:34	34.1	0.167	0.161	0.160	0.160	0.160	0.159	0.158	0.159	0.159	0.163	0.161	0.167	0.157	0.184	0.169	0.169	0.163	0.158	0.160	0.157	0.171	0.167	0.157	0.161	0.159	0.160	0.166	0.160	0.167	0.158	0.159	0.168	0.165	0.161	0.163	0.161	0.180	0.183	0.180	0.181	0.163	0.161	0.158	0.161	0.175	0.180	0.189	0.171	0.162	0.160	0.160	0.159	0.161	0.162	0.157	0.164	0.155	0.159	0.169	0.163	0.180	0.175	0.178	0.165	0.172	0.172	0.161	0.155	0.161	0.158	0.168	0.166	0.160	0.159	0.163	0.158	0.162	0.161	0.158	0.162	0.158	0.159	0.156	0.161	0.164	0.161	0.165	0.162	0.172	0.160	0.162	0.158	0.160	0.177	0.174	0.163
3:00:34	34.1	0.193	0.184	0.181	0.180	0.177	0.178	0.175	0.176	0.178	0.183	0.185	0.192	0.174	0.198	0.180	0.179	0.172	0.168	0.169	0.167	0.178	0.175	0.168	0.173	0.176	0.170	0.173	0.168	0.173	0.166	0.166	0.175	0.173	0.170	0.172	0.178	0.181	0.184	0.181	0.182	0.169	0.168	0.165	0.166	0.176	0.181	0.190	0.171	0.169	0.165	0.163	0.163	0.167	0.169	0.164	0.170	0.163	0.167	0.179	0.177	0.180	0.176	0.179	0.172	0.178	0.178	0.164	0.159	0.165	0.166	0.176	0.181	0.181	0.171	0.172	0.165	0.168	0.167	0.166	0.170	0.168	0.170	0.167	0.180	0.195	0.185	0.183	0.178	0.187	0.176	0.178	0.175	0.177	0.190	0.210	0.192
4:00:34	34.1	0.330	0.307	0.292	0.292	0.280	0.286	0.279	0.277	0.285	0.292	0.304	0.316	0.272	0.273	0.241	0.242	0.228	0.232	0.231	0.227	0.214	0.221	0.230	0.234	0.268	0.237	0.223	0.220	0.216	0.216	0.212	0.224	0.225	0.226	0.235	0.271	0.182	0.186	0.182	0.186	0.211	0.214	0.208	0.206	0.177	0.182	0.191	0.172	0.215	0.201	0.187	0.184	0.207	0.213	0.206	0.213	0.212	0.216	0.244	0.261	0.182	0.177	0.179	0.217	0.221	0.223	0.187	0.184	0.188	0.217	0.225	0.272	0.285	0.242	0.230	0.202	0.208	0.208	0.217	0.223	0.226	0.237	0.228	0.281	0.334	0.309	0.291	0.277	0.278	0.269	0.270	0.268	0.270	0.303	0.359	0.319
5:00:35	34.1	0.581	0.540	0.524	0.523	0.493	0.495	0.478	0.480	0.505	0.502	0.523	0.552	0.496	0.562	0.534	0.513	0.516	0.591	0.513	0.472	0.342	0.361	0.369	0.363	0.451	0.518	0.451	0.478	0.433	0.495	0.401	0.413	0.443	0.426	0.413	0.467	0.185	0.187	0.185	0.186	0.389	0.461	0.384	0.370	0.179	0.183	0.193	0.175	0.359	0.344	0.301	0.284	0.393	0.423	0.396	0.380	0.392	0.410	0.429	0.453	0.184	0.179	0.182	0.493	0.452	0.450	0.295	0.302	0.299	0.385	0.384	0.477	0.496	0.488	0.504	0.331	0.347	0.345	0.402	0.437	0.440	0.458	0.404	0.497	0.594	0.531	0.496	0.506	0.518	0.542	0.489	0.472	0.478	0.546	0.646	0.569
6:00:36	34.1	0.804	0.793	0.773	0.771	0.741	0.737	0.739	0.770	0.790	0.773	0.780	0.812	0.736	0.729	0.659	0.647	0.637	0.628	0.622	0.636	0.425	0.471	0.466	0.450	0.693	0.608	0.594	0.566	0.567	0.581	0.563	0.582	0.639	0.645	0.658	0.740	0.188	0.191	0.188	0.189	0.593	0.636	0.566	0.576	0.183	0.187	0.196	0.178	0.538	0.509	0.432	0.531	0.571	0.594	0.579	0.588	0.618	0.639	0.692	0.722	0.188	0.183	0.186	0.640	0.675	0.640	0.480	0.458	0.442	0.621	0.643	0.753	0.821	0.667	0.703	0.414	0.456	0.440	0.579	0.637	0.619	0.735	0.687	0.784	0.904	0.913	0.819	0.822	0.852	0.896	0.850	0.807	0.769	0.844	1.011	0.867
7:00:37	34.1	0.779	0.915	0.957	0.949	0.801	0.885	0.849	0.912	0.952	0.871	0.848	0.887	0.962	1.043	0.972	0.947	0.937	0.905	0.894	0.980	0.416	0.520	0.552	0.466	1.037	0.849	0.867	0.915	0.891	0.898	0.881	0.952	0.955	0.919	1.011	0.928	0.194	0.196	0.194	0.195	0.981	0.952	0.932	0.942	0.190	0.193	0.203	0.185	0.829	0.704	0.628	0.735	0.954	1.016	1.029	0.993	0.944	0.967	1.034	1.021	0.196	0.192	0.194	0.992	0.996	1.018	0.678	0.686	0.739	0.941	0.968	0.945	0.946	0.993	1.016	0.558	0.581	0.625	0.888	0.950	0.956	1.030	1.001	0.982	0.989	1.089	1.070	1.002	1.083	1.080	1.065	0.957	0.984	0.971	0.973	0.971
8:00:38	34.1	0.837	0.850	0.842	0.869	0.835	0.787	0.834	0.812	0.831	0.827	0.786	0.801	0.865	0.847	0.858	0.907	0.814	0.924	0.838	0.836	0.517	0.626	0.750	0.723	0.866	0.815	0.886	0.846	0.930	0.844	0.867	0.864	0.927	0.843	0.904	0.821	0.204	0.206	0.203	0.206	1.066	1.100	0.934	0.918	0.203	0.205	0.215	0.201	0.896	0.966	0.891	0.980	1.112	1.016	1.011	0.962	0.935	0.941	0.907	0.892	0.208	0.207	0.210	0.997	0.971	0.998	0.923	0.923	0.935	0.915	0.917	0.911	0.908	0.914	0.918	0.575	0.800	0.650	0.900	0.911	0.911	0.849	0.896	0.867	0.909	0.935	0.906	0.931	0.964	0.921	0.897	0.929	0.851	0.901	0.922	0.887
9:00:38	34.1	0.831	0.832	0.803	0.811	0.818	0.818	0.815	0.802	0.799	0.802	0.780	0.793	0.842	0.831	0.819	0.825	0.838	0.846	0.860	0.856	0.691	0.763	0.738	0.702	0.838	0.811	0.817	0.878	0.852	0.835	0.840	0.854	0.848	0.825	0.810	0.806	0.234	0.234	0.233	0.234	0.917	0.867	0.861	0.865	0.238	0.239	0.246	0.231	0.856	0.870	0.916	0.962	0.975	0.892	1.014	0.904	0.872	0.885	0.829	0.819	0.240	0.241	0.246	0.894	0.932	0.913	0.924	0.902	0.923	0.842	0.839	0.828	0.817	0.841	0.881	0.725	0.846	0.751	0.844	0.835	0.819	0.806	0.807	0.805	0.816	0.854	0.841	0.824	0.850	0.871	0.828	0.822	0.812	0.813	0.843	0.810
10:00:39	34.1	0.814	0.821	0.795	0.804	0.797	0.800	0.796	0.773	0.797	0.794	0.781	0.782	0.831	0.833	0.826	0.816	0.820	0.800	0.808	0.818	0.757	0.739	0.723	0.708	0.794	0.801	0.823	0.812	0.811	0.825	0.825	0.782	0.817	0.800	0.789	0.779	0.251	0.253	0.252	0.254	0.871	0.886	0.852	0.809	0.254	0.253	0.263	0.249	0.821	0.836	0.868	0.843	0.854	0.812	0.870	0.832	0.794	0.821	0.811	0.808	0.259	0.259	0.263	0.859	0.850	0.833	0.851	0.831	0.846	0.809	0.795	0.799	0.794	0.813	0.825	0.731	0.786	0.744	0.786	0.789	0.777	0.781	0.788	0.799	0.804	0.813	0.813	0.800	0.818	0.806	0.792	0.797	0.795	0.787	0.833	0.800
11:00:39	34.1	0.803	0.822	0.787	0.791	0.795	0.780	0.798	0.782	0.782	0.793	0.766	0.772	0.821	0.826	0.817	0.793	0.821	0.799	0.807	0.798	0.725	0.744	0.718	0.705	0.787	0.801	0.791	0.804	0.798	0.761	0.782	0.763	0.801	0.794	0.778	0.766	0.272	0.273	0.274	0.274	0.827	0.810	0.819	0.803	0.312	0.274	0.283	0.306	0.823	0.823	0.856	0.848	0.829	0.812	0.821	0.815	0.779	0.798	0.809	0.794	0.278	0.281	0.286	0.854	0.834	0.820	0.823	0.823	0.822	0.802	0.784	0.791	0.786	0.806	0.812	0.715	0.758	0.728	0.772	0.772	0.770	0.766	0.774	0.786	0.798	0.798	0.797	0.798	0.812	0.798	0.785	0.785	0.782	0.773	0.822	0.788
12:00:40	34.1	0.793	0.806	0.778	0.776	0.783	0.779	0.791	0.781	0.781	0.779	0.764	0.766	0.812	0.814	0.806	0.771	0.811	0.778	0.793	0.797	0.724	0.736	0.704	0.706	0.779	0.791	0.772	0.764	0.779	0.760	0.761	0.775	0.795	0.784	0.770	0.755	0.290	0.289	0.289	0.305	0.815	0.803	0.810	0.774	0.293	0.298	0.298	0.282	0.797	0.828	0.831	0.827	0.822	0.819	0.806	0.805	0.769	0.791	0.791	0.789	0.301	0.297	0.302	0.861	0.823	0.811	0.821	0.810	0.824	0.785	0.771	0.780	0.775	0.797	0.806	0.713	0.732	0.722	0.762	0.755	0.758	0.758	0.766	0.776	0.785	0.787	0.786	0.784	0.797	0.787	0.774	0.773	0.776	0.766	0.811	0.776
13:00:41	34.1	0.788	0.794	0.768	0.765	0.776	0.777	0.777	0.776	0.769	0.770	0.761	0.758	0.806	0.810	0.799	0.770	0.806	0.769	0.793	0.785	0.722	0.725	0.704	0.700	0.772	0.780	0.763	0.764	0.774	0.756	0.745	0.765	0.789	0.779	0.770	0.745	0.286	0.292	0.292	0.291	0.798	0.789	0.811	0.764	0.282	0.284	0.289	0.274	0.815	0.820	0.823	0.824	0.815	0.802	0.809	0.798	0.765	0.782	0.789	0.781	0.288	0.282	0.284	0.820	0.809	0.808	0.816	0.802	0.807	0.787	0.772	0.775	0.768	0.787	0.798	0.708	0.727	0.720	0.752	0.753	0.752	0.750	0.761	0.771	0.771	0.781	0.779	0.773	0.782	0.779	0.767	0.765	0.764	0.755	0.798	0.772
14:00:41	34.1	0.775	0.781	0.758	0.761	0.765	0.766	0.765	0.770	0.751	0.753	0.749	0.749	0.797	0.789	0.788	0.757	0.800	0.772	0.786	0.771	0.718	0.720	0.695	0.697	0.768	0.776	0.753	0.756	0.765	0.740	0.740	0.762	0.780	0.771	0.764	0.742	0.268	0.273	0.272	0.274	0.798	0.781	0.813	0.793	0.266	0.266	0.274	0.265	0.788	0.814	0.813	0.811	0.808	0.798	0.781	0.793	0.768	0.777	0.783	0.783	0.274	0.270	0.271	0.827	0.811	0.804	0.800	0.796	0.792	0.775	0.767	0.763	0.761	0.777	0.788	0.700	0.726	0.715	0.746	0.747	0.748	0.740	0.751	0.762	0.774	0.773	0.781	0.762	0.788	0.770	0.761	0.758	0.761	0.752	0.788	0.758
15:00:42	34.1	0.770	0.768	0.753	0.759	0.758	0.759	0.761	0.756	0.739	0.743	0.743	0.743	0.792	0.793	0.785	0.751	0.788	0.772	0.773	0.770	0.700	0.704	0.685	0.687	0.758	0.769	0.746	0.756	0.758	0.744	0.740	0.754	0.780	0.762	0.757	0.744	0.266	0.269	0.267	0.266	0.772	0.779	0.780	0.760	0.263	0.269	0.272	0.269	0.776	0.806	0.805	0.805	0.794	0.791	0.776	0.783	0.748	0.774	0.780	0.770	0.274	0.268	0.272	0.793	0.810	0.795	0.796	0.785	0.782	0.768	0.760	0.763	0.747	0.767	0.783	0.687	0.724	0.707	0.740	0.747	0.743	0.735	0.746	0.755	0.761	0.765	0.768	0.756	0.778	0.766	0.760	0.750	0.756	0.744	0.782	0.746
16:00:43	34.1	0.760	0.757	0.747	0.749	0.756	0.754	0.759	0.755	0.739	0.744	0.736	0.736	0.785	0.793	0.776	0.758	0.778	0.762	0.771	0.768	0.698	0.701	0.679	0.679	0.751	0.761	0.748	0.753	0.752	0.734	0.736	0.731	0.767	0.757	0.755	0.731	0.274	0.304	0.277	0.271	0.781	0.786	0.786	0.746	0.282	0.271	0.289	0.279	0.792	0.797	0.807	0.805	0.788	0.781	0.772	0.770	0.746	0.770	0.779	0.763	0.303	0.296	0.281	0.783	0.806	0.788	0.793	0.777	0.774	0.762	0.753	0.756	0.735	0.763	0.774	0.678	0.715	0.695	0.739	0.734	0.740	0.733	0.739	0.747	0.755	0.757	0.756	0.749	0.764	0.760	0.746	0.748	0.747	0.738	0.773	0.738
17:00:43	34.1	0.756	0.757	0.739	0.744	0.743	0.752	0.741	0.742	0.730	0.731	0.729	0.725	0.778	0.777	0.773	0.742	0.773	0.760	0.763	0.764	0.691	0.689	0.670	0.667	0.745	0.750	0.749	0.750	0.755	0.734	0.741	0.741	0.760	0.757	0.735	0.718	0.284	0.308	0.289	0.315	0.775	0.773	0.777	0.749	0.288	0.326	0.333	0.296	0.781	0.800	0.799	0.794	0.785	0.784	0.764	0.770	0.749	0.765	0.763	0.759	0.301	0.317	0.311	0.764	0.790	0.769	0.788	0.772	0.776	0.757	0.747	0.747	0.733	0.759	0.768	0.669	0.704	0.688	0.730	0.729	0.733	0.726	0.734	0.739	0.748	0.746	0.749	0.739	0.759	0.752	0.743	0.737	0.741	0.735	0.766	0.734
18:00:43	34.1	0.752	0.744	0.732	0.734	0.742	0.741	0.744	0.737	0.721	0.726	0.724	0.726	0.769	0.781	0.762	0.757	0.770	0.758	0.761	0.755	0.678	0.676	0.667	0.663	0.740	0.748	0.740	0.738	0.746	0.720	0.727	0.739	0.760	0.748	0.731	0.714	0.318	0.303	0.311	0.379	0.764	0.760	0.758	0.750	0.370	0.324	0.362	0.324	0.784	0.796	0.789	0.793	0.773	0.784	0.768	0.761	0.742	0.757	0.765	0.753	0.317	0.363	0.325	0.763	0.772	0.763	0.777	0.770	0.771	0.749	0.735	0.732	0.731	0.757	0.765	0.656	0.699	0.681	0.724	0.730	0.726	0.723	0.730	0.734	0.741	0.744	0.744	0.736	0.752	0.746	0.741	0.731	0.738	0.725	0.761	0.726
19:00:44	34.1	0.744	0.740	0.722	0.729	0.739	0.741	0.740	0.732	0.717	0.714	0.716	0.718	0.762	0.778	0.761	0.753	0.765	0.747	0.752	0.753	0.667	0.667	0.659	0.654	0.736	0.745	0.738	0.736	0.735	0.726	0.731	0.727	0.756	0.744	0.735	0.711	0.384	0.359	0.316	0.426	0.757	0.763	0.753	0.747	0.338	0.358	0.333	0.424	0.779	0.795	0.781	0.791	0.762	0.757	0.746	0.757	0.735	0.746	0.761	0.748	0.354	0.393	0.351	0.749	0.753	0.759	0.770	0.760	0.763	0.749	0.730	0.737	0.720	0.746	0.761	0.649	0.692	0.675	0.721	0.717	0.721	0.717	0.724	0.728	0.735	0.736	0.731	0.727	0.745	0.741	0.733	0.724	0.731	0.720	0.756	0.722
20:00:45	34.1	0.739	0.738	0.720	0.720	0.736	0.731	0.736	0.729	0.713	0.705	0.713	0.708	0.755	0.770	0.756	0.761	0.766	0.735	0.740	0.749	0.660	0.664	0.652	0.644	0.730	0.735	0.738	0.733	0.738	0.714	0.727	0.730	0.751	0.741	0.727	0.702	0.435	0.387	0.389	0.377	0.756	0.761	0.749	0.736	0.348	0.402	0.371	0.467	0.778	0.786	0.772	0.784	0.753	0.744	0.748	0.751	0.732	0.748	0.760	0.739	0.410	0.462	0.376	0.748	0.754	0.753	0.763	0.750	0.762	0.747	0.727	0.731	0.717	0.740	0.751	0.642	0.688	0.665	0.716	0.713	0.717	0.714	0.718	0.721	0.730	0.725	0.732	0.724	0.738	0.741	0.723	0.724	0.728	0.716	0.750	0.712
21:00:45	34.1	0.727	0.735	0.708	0.711	0.727	0.727	0.731	0.723	0.708	0.696	0.705	0.703	0.746	0.763	0.748	0.759	0.763	0.744	0.732	0.747	0.655	0.658	0.643	0.638	0.724	0.734	0.732	0.722	0.736	0.709	0.715	0.728	0.748	0.738	0.719	0.694	0.435	0.368	0.394	0.378	0.746	0.758	0.745	0.727	0.386	0.413	0.440	0.607	0.761	0.783	0.765	0.779	0.752	0.735	0.728	0.762	0.728	0.746	0.756	0.735	0.472	0.445	0.442	0.743	0.756	0.744	0.756	0.750	0.757	0.741	0.724	0.723	0.714	0.736	0.743	0.639	0.684	0.656	0.716	0.707	0.713	0.706	0.712	0.715	0.722	0.722	0.730	0.716	0.733	0.734	0.721	0.717	0.721	0.711	0.748	0.717
22:00:46	34.1	0.722	0.729	0.703	0.714	0.721	0.717	0.728	0.714	0.705	0.693	0.701	0.697	0.739	0.761	0.740	0.745	0.758	0.734	0.734	0.741	0.648	0.653	0.639	0.628	0.714	0.731	0.728	0.713	0.733	0.698	0.715	0.722	0.747	0.735	0.728	0.693	0.483	0.471	0.392	0.407	0.742	0.747	0.738	0.735	0.412	0.487	0.504	0.730	0.762	0.779	0.770	0.776	0.739	0.740	0.736	0.746	0.726	0.743	0.749	0.728	0.512	0.533	0.553	0.730	0.755	0.737	0.749	0.751	0.749	0.726	0.717	0.717	0.711	0.732	0.743	0.634	0.679	0.651	0.709	0.711	0.698	0.710	0.704	0.705	0.716	0.717	0.730	0.716	0.724	0.739	0.715	0.718	0.717	0.703	0.741	0.707
0:00:00																																																																																																	
0:00:00																																																																																																	

Results
	1	2	3	4	5	6	7	8	9	10	11	12
A	2.767	3.246	3.388	3.359	2.846	3.110	3.010	3.274	3.418	3.095	3.003	3.145	Max V [600]
	0.930	0.985	0.987	0.987	0.969	0.987	0.979	0.977	0.981	0.977	0.973	0.974	R-Squared [600]
	4:00:35	5:00:36	5:00:36	5:00:36	5:00:36	5:00:36	5:00:36	5:00:36	5:00:36	5:00:36	5:00:36	5:00:36	t at Max V [600]
	2:29:53	3:00:36	3:06:17	3:05:57	3:00:45	3:04:53	3:04:34	3:08:29	3:07:44	3:02:42	2:57:23	2:56:53	Lagtime [600]
B	3.397	3.578	3.335	3.235	3.230	3.114	3.065	3.394	1.564	1.617	2.042	1.801	Max V [600]
	0.983	0.969	0.961	0.963	0.960	0.944	0.965	0.952	0.911	0.976	0.979	0.906	R-Squared [600]
	5:00:36	5:00:36	5:00:36	5:00:36	5:00:36	5:00:36	5:00:36	5:00:36	8:00:38	6:00:36	6:00:36	6:00:36	t at Max V [600]
	3:10:20	3:14:52	3:15:47	3:16:42	3:16:21	3:09:02	3:13:53	3:20:07	3:51:09	3:11:41	3:24:52	3:20:43	Lagtime [600]
C	3.578	2.879	2.932	3.065	3.144	3.049	2.984	3.186	3.296	3.196	3.500	3.281	Max V [600]
	0.953	0.967	0.960	0.937	0.962	0.947	0.941	0.924	0.951	0.959	0.936	0.978	R-Squared [600]
	5:00:36	5:00:36	5:00:36	5:00:36	6:00:36	5:00:36	6:00:36	5:00:36	5:00:36	5:00:36	5:00:36	5:00:36	t at Max V [600]
	3:18:01	3:09:51	3:19:09	3:19:39	3:40:26	3:17:26	3:37:38	3:25:49	3:22:44	3:21:31	3:24:17	3:11:36	Lagtime [600]
D	0.702	0.576	0.478	0.713	3.834	3.772	3.331	3.324	0.492	0.635	0.652	1.659	Max V [600]
	0.942	0.807	0.889	0.942	0.969	0.990	0.945	0.933	0.939	0.952	0.798	0.974	R-Squared [600]
	18:00:44	20:00:45	19:00:44	17:00:43	6:00:36	6:00:36	6:00:36	6:00:36	9:00:38	20:00:45	20:00:45	20:00:45	t at Max V [600]
	14:08:35	14:12:45	13:15:44	13:21:34	3:53:43	3:44:58	3:46:27	3:47:32	6:41:18	14:09:07	14:27:24	16:34:06	Lagtime [600]
E	3.051	3.148	2.892	3.402	3.951	3.664	3.737	3.518	3.330	3.369	3.594	3.581	Max V [600]
	0.973	0.985	0.969	0.985	0.979	0.942	0.931	0.928	0.944	0.941	0.942	0.961	R-Squared [600]
	6:00:36	6:00:36	6:00:36	6:00:36	6:00:36	6:00:36	6:00:36	6:00:36	6:00:36	5:00:36	5:00:36	5:00:36	t at Max V [600]
	3:47:15	3:57:56	4:07:15	4:07:38	3:57:17	3:46:34	3:49:59	3:48:52	3:40:44	3:25:06	3:23:39	3:18:30	Lagtime [600]
F	0.847	0.677	0.913	3.436	3.482	3.526	3.093	3.100	3.222	3.258	3.336	3.344	Max V [600]
	0.993	0.965	0.897	0.947	0.949	0.939	0.983	0.980	0.971	0.935	0.929	0.977	R-Squared [600]
	20:00:45	18:00:44	20:00:45	5:00:36	5:00:36	6:00:36	6:00:36	6:00:36	6:00:36	5:00:36	5:00:36	5:00:36	t at Max V [600]
	15:20:52	13:12:22	15:43:32	3:22:11	3:25:03	3:39:55	4:06:50	4:05:48	4:08:54	3:25:39	3:27:21	3:12:39	Lagtime [600]
G	3.443	3.447	3.601	1.665	2.360	1.937	3.083	3.288	3.279	3.695	3.547	3.512	Max V [600]
	0.971	0.962	0.963	0.971	0.982	0.966	0.955	0.952	0.947	0.960	0.943	0.979	R-Squared [600]
	5:00:36	5:00:36	5:00:36	5:00:36	6:00:36	6:00:36	6:00:36	5:00:36	5:00:36	5:00:36	5:00:36	5:00:36	t at Max V [600]
	3:08:14	3:17:42	3:19:34	3:15:18	3:46:01	3:28:55	3:37:32	3:22:24	3:21:46	3:20:43	3:24:03	3:10:46	Lagtime [600]
H	3.596	4.021	3.833	3.652	3.941	4.057	3.923	3.505	3.522	3.503	3.628	3.512	Max V [600]
	0.973	0.972	0.972	0.975	0.971	0.971	0.966	0.968	0.975	0.978	0.926	0.977	R-Squared [600]
	5:00:36	5:00:36	5:00:36	5:00:36	5:00:36	5:00:36	5:00:36	5:00:36	5:00:36	5:00:36	5:00:36	5:00:36	t at Max V [600]
	2:57:09	3:09:10	3:13:43	3:11:27	3:15:33	3:13:27	3:15:54	3:12:06	3:13:12	3:10:03	2:50:46	2:59:45	Lagtime [600]

