
Software Version	3.11.19



Experiment File Path:	C:\Users\patil-group\Desktop\Sweeteners_stacker\131221_NT5007_24_24\NT5007_24_24_Rep3.xpt
Protocol File Path:	C:\Users\Public\Documents\Protocols\Screening-protocol.prt



Plate Number	Plate 2
Date	13/12/2021
Time	14:51:55
Reader Type:	Epoch 2
Reader Serial Number:	2103223
Reading Type	Reader

Procedure Details

Plate Type	96 WELL PLATE
Discontinuous Kinetics	Runtime 1:00:00 (D:HH:MM), Interval 0:01:00, 25 Reads
	Pause after each run
Eject plate on completion	
Shake	Linear: 0:00:30 (HH:MM:SS)
	Frequency: 567 cpm (3 mm)
Read	Absorbance Endpoint
	Full Plate
	Wavelengths:  600
	Read Speed: Normal,  Delay: 100 msec,  Measurements/Data Point: 8

600

Time	T° 600	A1	A2	A3	A4	A5	A6	A7	A8	A9	A10	A11	A12	B1	B2	B3	B4	B5	B6	B7	B8	B9	B10	B11	B12	C1	C2	C3	C4	C5	C6	C7	C8	C9	C10	C11	C12	D1	D2	D3	D4	D5	D6	D7	D8	D9	D10	D11	D12	E1	E2	E3	E4	E5	E6	E7	E8	E9	E10	E11	E12	F1	F2	F3	F4	F5	F6	F7	F8	F9	F10	F11	F12	G1	G2	G3	G4	G5	G6	G7	G8	G9	G10	G11	G12	H1	H2	H3	H4	H5	H6	H7	H8	H9	H10	H11	H12
0:00:34	34.5	0.184	0.195	0.199	0.195	0.201	0.192	0.183	0.188	0.197	0.190	0.186	0.189	0.185	0.184	0.183	0.197	0.179	0.183	0.184	0.194	0.187	0.189	0.185	0.186	0.182	0.185	0.185	0.189	0.184	0.191	0.207	0.198	0.192	0.193	0.182	0.188	0.184	0.198	0.188	0.184	0.187	0.182	0.186	0.185	0.186	0.188	0.188	0.188	0.188	0.184	0.191	0.183	0.184	0.187	0.199	0.191	0.184	0.191	0.184	0.192	0.182	0.182	0.188	0.183	0.188	0.189	0.187	0.184	0.188	0.194	0.192	0.185	0.188	0.182	0.183	0.186	0.184	0.193	0.185	0.188	0.188	0.195	0.215	0.194	0.183	0.191	0.188	0.186	0.185	0.190	0.193	0.191	0.191	0.195	0.185	0.195
1:00:34	34.7	0.192	0.202	0.203	0.201	0.206	0.198	0.191	0.194	0.205	0.197	0.192	0.195	0.193	0.192	0.190	0.198	0.185	0.189	0.191	0.200	0.193	0.193	0.192	0.195	0.190	0.192	0.188	0.195	0.190	0.196	0.203	0.202	0.196	0.195	0.188	0.194	0.192	0.202	0.195	0.190	0.191	0.187	0.192	0.190	0.191	0.193	0.194	0.193	0.196	0.191	0.197	0.189	0.189	0.189	0.201	0.195	0.189	0.196	0.192	0.196	0.189	0.188	0.192	0.187	0.193	0.192	0.191	0.189	0.192	0.198	0.197	0.190	0.199	0.192	0.189	0.192	0.194	0.199	0.190	0.192	0.194	0.200	0.217	0.201	0.190	0.198	0.194	0.192	0.192	0.195	0.200	0.199	0.199	0.199	0.192	0.202
2:00:35	34.7	0.214	0.223	0.221	0.219	0.222	0.215	0.207	0.211	0.220	0.214	0.210	0.215	0.214	0.210	0.205	0.212	0.199	0.204	0.205	0.213	0.205	0.206	0.208	0.213	0.208	0.206	0.203	0.207	0.204	0.207	0.215	0.216	0.209	0.209	0.203	0.210	0.210	0.214	0.209	0.204	0.203	0.199	0.204	0.202	0.204	0.208	0.208	0.208	0.213	0.205	0.209	0.202	0.201	0.200	0.210	0.205	0.201	0.209	0.206	0.211	0.205	0.201	0.205	0.199	0.206	0.203	0.202	0.201	0.204	0.210	0.212	0.206	0.218	0.209	0.203	0.206	0.205	0.212	0.202	0.205	0.209	0.215	0.227	0.218	0.210	0.214	0.213	0.212	0.207	0.211	0.216	0.215	0.213	0.215	0.208	0.219
3:00:36	34.7	0.259	0.264	0.262	0.261	0.262	0.256	0.246	0.249	0.259	0.255	0.254	0.262	0.259	0.251	0.243	0.247	0.232	0.238	0.237	0.248	0.238	0.239	0.249	0.257	0.250	0.242	0.234	0.243	0.239	0.237	0.246	0.246	0.241	0.241	0.240	0.249	0.252	0.247	0.242	0.237	0.233	0.229	0.236	0.232	0.235	0.241	0.243	0.245	0.252	0.239	0.240	0.233	0.229	0.228	0.238	0.234	0.232	0.240	0.243	0.249	0.243	0.235	0.238	0.230	0.237	0.231	0.231	0.231	0.234	0.240	0.249	0.243	0.263	0.254	0.241	0.240	0.240	0.245	0.234	0.235	0.246	0.251	0.265	0.260	0.254	0.258	0.256	0.243	0.248	0.247	0.254	0.254	0.253	0.257	0.250	0.263
4:00:36	34.7	0.284	0.288	0.289	0.291	0.294	0.288	0.278	0.281	0.288	0.286	0.284	0.288	0.286	0.283	0.276	0.282	0.273	0.278	0.274	0.285	0.276	0.277	0.278	0.286	0.284	0.279	0.275	0.289	0.284	0.285	0.291	0.290	0.288	0.285	0.279	0.284	0.287	0.286	0.290	0.289	0.281	0.278	0.285	0.279	0.282	0.282	0.282	0.283	0.288	0.282	0.286	0.284	0.277	0.277	0.286	0.280	0.280	0.283	0.283	0.285	0.281	0.276	0.282	0.278	0.285	0.280	0.279	0.281	0.281	0.283	0.288	0.279	0.293	0.294	0.283	0.285	0.285	0.289	0.280	0.282	0.291	0.290	0.301	0.292	0.291	0.293	0.294	0.283	0.283	0.285	0.294	0.292	0.289	0.293	0.282	0.294
5:00:37	34.7	0.297	0.303	0.307	0.305	0.308	0.303	0.299	0.294	0.303	0.305	0.303	0.303	0.309	0.297	0.292	0.297	0.288	0.293	0.290	0.300	0.294	0.295	0.301	0.305	0.299	0.295	0.291	0.296	0.297	0.298	0.303	0.303	0.301	0.300	0.293	0.313	0.301	0.305	0.301	0.293	0.295	0.292	0.294	0.294	0.295	0.298	0.304	0.303	0.302	0.298	0.301	0.297	0.291	0.294	0.296	0.291	0.297	0.301	0.298	0.299	0.302	0.295	0.296	0.295	0.295	0.297	0.291	0.292	0.294	0.297	0.302	0.294	0.312	0.307	0.302	0.300	0.299	0.304	0.295	0.296	0.301	0.309	0.310	0.310	0.315	0.310	0.316	0.297	0.306	0.299	0.308	0.303	0.303	0.309	0.299	0.307
6:00:38	34.7	0.319	0.320	0.316	0.326	0.327	0.318	0.312	0.311	0.317	0.314	0.328	0.307	0.329	0.311	0.308	0.312	0.306	0.309	0.308	0.319	0.314	0.314	0.314	0.313	0.318	0.312	0.312	0.314	0.312	0.316	0.322	0.328	0.319	0.318	0.313	0.314	0.319	0.321	0.321	0.315	0.313	0.311	0.314	0.312	0.314	0.313	0.320	0.321	0.316	0.317	0.318	0.312	0.312	0.311	0.316	0.317	0.312	0.315	0.312	0.329	0.312	0.313	0.311	0.314	0.314	0.311	0.310	0.309	0.309	0.314	0.318	0.306	0.318	0.328	0.315	0.318	0.311	0.323	0.315	0.314	0.314	0.316	0.323	0.322	0.314	0.315	0.316	0.310	0.311	0.313	0.320	0.317	0.314	0.317	0.309	0.321
7:00:38	34.7	0.305	0.316	0.317	0.319	0.325	0.320	0.320	0.311	0.317	0.318	0.310	0.306	0.315	0.316	0.310	0.311	0.305	0.306	0.307	0.317	0.314	0.311	0.308	0.310	0.316	0.314	0.315	0.320	0.318	0.321	0.331	0.326	0.324	0.315	0.311	0.314	0.321	0.324	0.330	0.329	0.318	0.316	0.320	0.314	0.317	0.318	0.317	0.314	0.322	0.325	0.323	0.323	0.314	0.315	0.309	0.309	0.317	0.316	0.312	0.308	0.314	0.316	0.316	0.319	0.319	0.316	0.315	0.322	0.313	0.315	0.318	0.312	0.322	0.343	0.333	0.324	0.322	0.328	0.317	0.320	0.317	0.319	0.322	0.318	0.308	0.313	0.317	0.316	0.314	0.313	0.320	0.319	0.315	0.327	0.320	0.331
8:00:38	34.7	0.305	0.317	0.326	0.322	0.329	0.321	0.315	0.311	0.322	0.313	0.307	0.305	0.315	0.315	0.313	0.312	0.307	0.310	0.309	0.320	0.317	0.311	0.310	0.311	0.314	0.315	0.313	0.321	0.320	0.319	0.319	0.326	0.330	0.318	0.315	0.317	0.311	0.323	0.327	0.334	0.315	0.316	0.316	0.317	0.319	0.320	0.317	0.316	0.317	0.322	0.321	0.327	0.315	0.315	0.317	0.304	0.315	0.320	0.317	0.313	0.310	0.314	0.316	0.317	0.321	0.314	0.314	0.314	0.312	0.315	0.316	0.310	0.321	0.344	0.322	0.320	0.318	0.321	0.314	0.315	0.319	0.320	0.321	0.319	0.318	0.313	0.311	0.316	0.312	0.312	0.319	0.326	0.318	0.315	0.308	0.318
9:00:39	34.7	0.304	0.312	0.317	0.320	0.325	0.316	0.306	0.310	0.314	0.311	0.305	0.307	0.311	0.306	0.307	0.307	0.297	0.302	0.305	0.312	0.312	0.310	0.306	0.309	0.312	0.309	0.308	0.313	0.313	0.314	0.316	0.320	0.318	0.310	0.317	0.309	0.313	0.319	0.323	0.327	0.311	0.312	0.310	0.310	0.314	0.314	0.311	0.308	0.317	0.319	0.319	0.326	0.311	0.310	0.308	0.306	0.311	0.310	0.308	0.313	0.310	0.311	0.320	0.319	0.318	0.313	0.312	0.310	0.310	0.310	0.312	0.306	0.316	0.326	0.322	0.320	0.316	0.317	0.309	0.313	0.316	0.312	0.318	0.315	0.308	0.309	0.313	0.305	0.309	0.308	0.314	0.316	0.316	0.315	0.307	0.327
10:00:39	34.7	0.303	0.310	0.315	0.316	0.320	0.311	0.306	0.309	0.315	0.310	0.304	0.334	0.306	0.303	0.304	0.307	0.298	0.301	0.300	0.308	0.307	0.309	0.307	0.307	0.308	0.304	0.305	0.310	0.305	0.310	0.315	0.316	0.313	0.307	0.305	0.309	0.313	0.313	0.320	0.316	0.306	0.308	0.305	0.312	0.311	0.313	0.311	0.308	0.313	0.313	0.313	0.315	0.305	0.306	0.314	0.308	0.309	0.311	0.309	0.311	0.305	0.307	0.311	0.315	0.313	0.310	0.307	0.305	0.306	0.307	0.310	0.304	0.314	0.320	0.317	0.316	0.314	0.313	0.308	0.310	0.315	0.314	0.315	0.313	0.307	0.313	0.316	0.305	0.309	0.307	0.316	0.314	0.313	0.309	0.304	0.315
11:00:40	34.7	0.301	0.312	0.315	0.315	0.319	0.312	0.305	0.307	0.312	0.310	0.306	0.302	0.303	0.301	0.303	0.304	0.295	0.299	0.300	0.307	0.306	0.311	0.305	0.307	0.306	0.303	0.302	0.305	0.304	0.309	0.315	0.315	0.314	0.308	0.307	0.308	0.309	0.309	0.313	0.310	0.304	0.305	0.304	0.310	0.313	0.313	0.311	0.305	0.308	0.307	0.308	0.311	0.301	0.301	0.312	0.307	0.308	0.308	0.309	0.309	0.305	0.304	0.308	0.310	0.310	0.304	0.303	0.303	0.304	0.306	0.309	0.302	0.310	0.311	0.313	0.314	0.314	0.310	0.307	0.308	0.314	0.313	0.317	0.308	0.305	0.309	0.311	0.303	0.304	0.304	0.312	0.314	0.309	0.307	0.302	0.311
12:00:40	34.7	0.298	0.310	0.314	0.316	0.316	0.314	0.303	0.306	0.312	0.307	0.305	0.344	0.301	0.300	0.302	0.303	0.290	0.296	0.296	0.308	0.306	0.311	0.304	0.304	0.305	0.304	0.300	0.303	0.301	0.307	0.314	0.313	0.315	0.310	0.309	0.309	0.307	0.306	0.310	0.309	0.303	0.302	0.306	0.307	0.312	0.310	0.308	0.305	0.306	0.303	0.305	0.310	0.299	0.301	0.313	0.308	0.307	0.308	0.307	0.306	0.302	0.302	0.306	0.308	0.308	0.302	0.304	0.303	0.305	0.305	0.308	0.301	0.306	0.306	0.309	0.314	0.312	0.308	0.304	0.305	0.310	0.309	0.310	0.306	0.304	0.306	0.312	0.303	0.303	0.301	0.311	0.308	0.306	0.305	0.299	0.309
13:00:41	34.7	0.296	0.307	0.311	0.313	0.314	0.312	0.306	0.302	0.313	0.309	0.300	0.302	0.304	0.296	0.297	0.299	0.293	0.293	0.293	0.304	0.301	0.306	0.296	0.299	0.309	0.303	0.300	0.302	0.299	0.304	0.309	0.313	0.309	0.305	0.307	0.311	0.308	0.307	0.308	0.306	0.300	0.299	0.300	0.302	0.307	0.304	0.303	0.305	0.306	0.301	0.304	0.313	0.296	0.299	0.308	0.306	0.300	0.304	0.304	0.303	0.304	0.299	0.306	0.309	0.309	0.302	0.302	0.300	0.304	0.302	0.304	0.298	0.306	0.305	0.305	0.310	0.312	0.310	0.300	0.300	0.306	0.305	0.305	0.303	0.302	0.303	0.310	0.306	0.307	0.296	0.309	0.305	0.300	0.303	0.295	0.304
14:00:42	34.7	0.293	0.306	0.311	0.308	0.309	0.312	0.304	0.300	0.308	0.304	0.297	0.296	0.300	0.297	0.293	0.295	0.295	0.298	0.288	0.295	0.294	0.301	0.291	0.293	0.303	0.301	0.301	0.303	0.298	0.299	0.304	0.310	0.301	0.302	0.299	0.307	0.306	0.303	0.305	0.304	0.296	0.295	0.298	0.296	0.302	0.299	0.301	0.306	0.305	0.301	0.298	0.307	0.298	0.297	0.306	0.304	0.294	0.300	0.301	0.300	0.308	0.298	0.305	0.305	0.309	0.299	0.299	0.297	0.302	0.299	0.300	0.293	0.307	0.305	0.307	0.308	0.306	0.308	0.296	0.298	0.304	0.301	0.305	0.299	0.300	0.304	0.305	0.297	0.307	0.302	0.305	0.303	0.297	0.299	0.292	0.301
15:00:43	34.7	0.295	0.307	0.310	0.310	0.309	0.312	0.305	0.302	0.308	0.302	0.299	0.296	0.295	0.299	0.300	0.297	0.297	0.298	0.292	0.297	0.289	0.295	0.290	0.289	0.300	0.300	0.299	0.305	0.299	0.301	0.305	0.309	0.301	0.299	0.296	0.303	0.303	0.304	0.301	0.301	0.298	0.294	0.301	0.297	0.303	0.299	0.303	0.301	0.301	0.297	0.298	0.307	0.303	0.297	0.303	0.305	0.295	0.300	0.301	0.299	0.303	0.299	0.306	0.302	0.309	0.303	0.301	0.297	0.302	0.303	0.298	0.290	0.308	0.303	0.303	0.305	0.307	0.310	0.298	0.298	0.306	0.302	0.303	0.298	0.299	0.305	0.306	0.295	0.300	0.299	0.308	0.302	0.295	0.297	0.293	0.299
16:00:43	34.7	0.296	0.309	0.312	0.309	0.310	0.310	0.304	0.299	0.306	0.300	0.300	0.297	0.293	0.298	0.294	0.299	0.293	0.296	0.292	0.292	0.286	0.292	0.291	0.291	0.297	0.299	0.298	0.305	0.299	0.302	0.304	0.303	0.302	0.296	0.288	0.302	0.300	0.301	0.301	0.301	0.301	0.297	0.299	0.300	0.301	0.298	0.298	0.295	0.297	0.298	0.299	0.306	0.301	0.295	0.303	0.303	0.297	0.299	0.296	0.298	0.300	0.300	0.300	0.302	0.308	0.300	0.300	0.300	0.299	0.300	0.296	0.289	0.306	0.303	0.303	0.303	0.305	0.306	0.298	0.297	0.303	0.306	0.302	0.296	0.299	0.304	0.305	0.295	0.299	0.300	0.303	0.304	0.292	0.296	0.291	0.299
17:00:43	34.7	0.299	0.304	0.306	0.308	0.306	0.308	0.302	0.300	0.306	0.306	0.301	0.298	0.295	0.296	0.295	0.298	0.289	0.293	0.292	0.296	0.286	0.290	0.286	0.294	0.299	0.295	0.300	0.304	0.300	0.300	0.302	0.306	0.300	0.295	0.291	0.302	0.301	0.299	0.300	0.299	0.298	0.296	0.297	0.299	0.299	0.297	0.303	0.295	0.299	0.294	0.297	0.304	0.299	0.292	0.304	0.303	0.297	0.300	0.298	0.298	0.300	0.295	0.300	0.301	0.306	0.300	0.300	0.301	0.298	0.299	0.296	0.291	0.303	0.304	0.300	0.300	0.307	0.305	0.297	0.298	0.304	0.303	0.298	0.297	0.299	0.302	0.301	0.299	0.297	0.295	0.303	0.305	0.293	0.294	0.289	0.298
18:00:44	34.7	0.301	0.306	0.311	0.312	0.311	0.315	0.306	0.301	0.313	0.308	0.302	0.301	0.295	0.296	0.295	0.298	0.290	0.296	0.291	0.299	0.292	0.296	0.292	0.293	0.299	0.297	0.300	0.300	0.301	0.300	0.303	0.310	0.298	0.295	0.296	0.299	0.300	0.301	0.295	0.300	0.295	0.296	0.296	0.297	0.298	0.297	0.300	0.296	0.299	0.293	0.298	0.301	0.297	0.291	0.303	0.302	0.298	0.300	0.298	0.299	0.300	0.293	0.302	0.300	0.304	0.298	0.300	0.299	0.301	0.298	0.297	0.290	0.305	0.303	0.298	0.297	0.302	0.304	0.300	0.300	0.304	0.305	0.297	0.299	0.299	0.299	0.302	0.299	0.300	0.290	0.307	0.297	0.295	0.293	0.290	0.300
19:00:44	34.6	0.304	0.308	0.312	0.310	0.312	0.314	0.305	0.302	0.312	0.308	0.302	0.303	0.291	0.296	0.289	0.292	0.292	0.296	0.296	0.293	0.287	0.298	0.294	0.293	0.297	0.300	0.298	0.299	0.298	0.301	0.302	0.307	0.298	0.301	0.291	0.301	0.294	0.301	0.297	0.298	0.294	0.295	0.297	0.297	0.299	0.297	0.300	0.295	0.297	0.291	0.302	0.300	0.294	0.297	0.300	0.302	0.297	0.300	0.301	0.300	0.299	0.295	0.305	0.299	0.303	0.299	0.301	0.298	0.302	0.295	0.298	0.290	0.306	0.304	0.300	0.297	0.304	0.303	0.299	0.300	0.304	0.300	0.298	0.299	0.299	0.301	0.303	0.297	0.295	0.292	0.299	0.298	0.294	0.295	0.291	0.302
20:00:45	34.6	0.308	0.311	0.314	0.311	0.312	0.312	0.303	0.305	0.313	0.309	0.306	0.303	0.298	0.294	0.291	0.293	0.290	0.294	0.292	0.303	0.296	0.295	0.295	0.294	0.300	0.296	0.300	0.303	0.301	0.305	0.306	0.303	0.301	0.296	0.299	0.304	0.297	0.299	0.297	0.296	0.298	0.293	0.299	0.300	0.303	0.301	0.298	0.298	0.299	0.298	0.301	0.299	0.298	0.296	0.303	0.304	0.299	0.299	0.295	0.299	0.302	0.299	0.301	0.303	0.306	0.304	0.296	0.305	0.299	0.295	0.297	0.295	0.306	0.306	0.301	0.301	0.308	0.297	0.302	0.298	0.305	0.295	0.299	0.300	0.299	0.299	0.306	0.299	0.295	0.293	0.299	0.298	0.296	0.296	0.294	0.302
21:00:45	34.7	0.310	0.311	0.318	0.315	0.314	0.312	0.304	0.305	0.315	0.312	0.306	0.305	0.297	0.297	0.295	0.296	0.296	0.299	0.294	0.302	0.298	0.298	0.295	0.296	0.298	0.301	0.300	0.296	0.297	0.302	0.302	0.307	0.302	0.305	0.299	0.303	0.297	0.302	0.300	0.304	0.294	0.296	0.300	0.296	0.298	0.300	0.299	0.298	0.296	0.301	0.299	0.301	0.294	0.299	0.305	0.297	0.300	0.300	0.296	0.301	0.302	0.301	0.301	0.304	0.308	0.301	0.298	0.296	0.297	0.298	0.299	0.296	0.303	0.305	0.301	0.303	0.306	0.300	0.297	0.297	0.297	0.296	0.301	0.300	0.299	0.299	0.305	0.296	0.295	0.294	0.300	0.301	0.297	0.297	0.294	0.303
22:00:46	34.6	0.312	0.315	0.323	0.318	0.316	0.314	0.307	0.307	0.314	0.314	0.309	0.308	0.299	0.298	0.294	0.297	0.293	0.296	0.295	0.299	0.296	0.298	0.297	0.297	0.300	0.300	0.301	0.300	0.299	0.302	0.304	0.305	0.304	0.301	0.298	0.306	0.297	0.301	0.298	0.300	0.297	0.292	0.299	0.296	0.299	0.298	0.299	0.298	0.296	0.302	0.300	0.304	0.296	0.298	0.301	0.296	0.294	0.302	0.297	0.301	0.303	0.300	0.301	0.302	0.305	0.299	0.298	0.297	0.296	0.299	0.298	0.297	0.306	0.305	0.303	0.302	0.297	0.301	0.299	0.297	0.297	0.299	0.301	0.300	0.301	0.300	0.304	0.295	0.296	0.295	0.301	0.302	0.298	0.298	0.294	0.305
23:00:46	34.7	0.313	0.318	0.321	0.318	0.317	0.317	0.309	0.308	0.315	0.314	0.309	0.309	0.302	0.300	0.298	0.301	0.294	0.297	0.296	0.303	0.298	0.298	0.298	0.298	0.303	0.302	0.302	0.302	0.301	0.306	0.306	0.307	0.301	0.301	0.300	0.304	0.298	0.303	0.301	0.303	0.299	0.296	0.299	0.295	0.297	0.300	0.300	0.298	0.297	0.301	0.300	0.302	0.298	0.299	0.302	0.297	0.294	0.301	0.298	0.303	0.308	0.301	0.303	0.300	0.304	0.300	0.298	0.298	0.298	0.301	0.300	0.297	0.306	0.305	0.301	0.300	0.299	0.301	0.298	0.299	0.298	0.299	0.301	0.301	0.301	0.300	0.307	0.302	0.298	0.298	0.300	0.304	0.298	0.300	0.295	0.306
0:00:00																																																																																																	

Results
	1	2	3	4	5	6	7	8	9	10	11	12
A	0.469	0.449	0.459	0.468	0.459	0.472	0.479	0.448	0.442	0.479	0.494	0.480	Max V [600]
	0.967	0.976	0.983	0.976	0.976	0.976	0.985	0.975	0.978	0.982	0.981	0.969	R-Squared [600]
	3:00:36	3:00:36	3:00:36	3:00:36	3:00:36	3:00:36	3:00:36	3:00:36	3:00:36	3:00:36	3:00:36	3:00:36	t at Max V [600]
	0:40:52	0:43:46	0:55:55	0:51:05	0:55:41	0:52:49	0:53:28	0:51:38	0:49:40	0:52:56	0:53:05	0:46:54	Lagtime [600]
B	0.505	0.472	0.459	0.448	0.465	0.469	0.448	0.453	0.458	0.458	0.480	0.491	Max V [600]
	0.985	0.976	0.979	0.977	0.973	0.976	0.978	0.974	0.978	0.978	0.986	0.980	R-Squared [600]
	3:00:36	3:00:36	3:00:36	3:00:36	3:00:36	3:00:36	3:00:36	3:00:36	4:00:37	3:00:36	3:00:36	3:00:36	t at Max V [600]
	0:46:50	0:47:13	0:53:23	1:07:40	0:59:30	0:57:22	0:56:39	0:58:38	1:09:34	1:03:59	0:53:42	0:48:41	Lagtime [600]
C	0.491	0.466	0.464	0.476	0.490	0.471	0.461	0.469	0.481	0.477	0.476	0.518	Max V [600]
	0.976	0.978	0.975	0.954	0.966	0.957	0.959	0.970	0.962	0.969	0.973	0.987	R-Squared [600]
	3:00:36	3:00:36	3:00:36	3:00:36	3:00:36	3:00:36	3:00:36	4:00:37	3:00:36	3:00:36	3:00:36	3:00:36	t at Max V [600]
	0:51:00	0:57:34	1:05:19	1:01:40	1:01:35	1:06:56	1:24:02	1:12:57	1:06:28	1:09:30	0:58:46	1:01:16	Lagtime [600]
D	0.491	0.464	0.487	0.487	0.475	0.482	0.476	0.476	0.476	0.475	0.491	0.493	Max V [600]
	0.976	0.977	0.960	0.944	0.960	0.960	0.954	0.962	0.963	0.974	0.981	0.981	R-Squared [600]
	3:00:36	3:00:36	3:00:36	3:00:36	3:00:36	3:00:36	3:00:36	3:00:36	3:00:36	3:00:36	3:00:36	3:00:36	t at Max V [600]
	0:49:29	1:06:49	0:59:23	0:59:33	1:06:43	1:06:18	1:02:40	1:07:25	1:04:41	1:01:27	1:02:34	1:02:48	Lagtime [600]
E	0.479	0.485	0.473	0.497	0.474	0.482	0.449	0.468	0.494	0.474	0.483	0.474	Max V [600]
	0.976	0.973	0.966	0.958	0.961	0.959	0.952	0.969	0.965	0.972	0.972	0.979	R-Squared [600]
	3:00:36	3:00:36	3:00:36	3:00:36	4:00:37	4:00:37	4:00:37	4:00:37	3:00:36	3:00:36	3:00:36	4:00:37	t at Max V [600]
	0:49:58	0:59:03	1:03:47	1:04:31	1:16:21	1:24:38	1:23:49	1:21:32	1:08:08	1:05:43	0:57:01	1:06:32	Lagtime [600]
F	0.507	0.481	0.473	0.494	0.473	0.477	0.462	0.479	0.466	0.455	0.474	0.469	Max V [600]
	0.983	0.975	0.965	0.964	0.955	0.959	0.957	0.952	0.958	0.967	0.973	0.978	R-Squared [600]
	3:00:36	3:00:36	3:00:36	3:00:36	3:00:36	3:00:36	3:00:36	3:00:36	3:00:36	3:00:36	3:00:36	3:00:36	t at Max V [600]
	0:58:19	1:03:16	1:05:44	1:09:58	1:03:34	1:12:31	1:07:40	1:07:07	1:06:45	1:05:59	0:58:38	0:58:54	Lagtime [600]
G	0.502	0.526	0.510	0.493	0.484	0.478	0.481	0.475	0.496	0.487	0.436	0.487	Max V [600]
	0.981	0.971	0.976	0.969	0.962	0.969	0.965	0.964	0.963	0.979	0.960	0.981	R-Squared [600]
	3:00:36	3:00:36	3:00:36	3:00:36	3:00:36	3:00:36	3:00:36	3:00:36	3:00:36	3:00:36	3:00:36	3:00:36	t at Max V [600]
	0:43:23	0:48:10	1:00:51	1:00:51	0:56:19	1:00:44	1:06:43	1:06:23	0:58:28	1:00:22	1:06:54	0:52:54	Lagtime [600]
H	0.551	0.507	0.538	0.467	0.508	0.469	0.491	0.476	0.477	0.496	0.481	0.473	Max V [600]
	0.986	0.977	0.984	0.981	0.983	0.975	0.975	0.970	0.972	0.977	0.980	0.970	R-Squared [600]
	3:00:36	3:00:36	3:00:36	3:00:36	3:00:36	3:00:36	3:00:36	3:00:36	3:00:36	3:00:36	3:00:36	3:00:36	t at Max V [600]
	0:56:26	0:55:48	0:56:29	0:54:12	0:58:29	0:56:49	0:54:03	0:50:32	0:54:14	1:00:29	0:53:15	0:50:23	Lagtime [600]


