
Software Version	3.11.19



Experiment File Path:	C:\Users\patil-group\Desktop\Sweeteners_stacker\031221_NT5076_83_24007_Rep3\NT5076_83_24007_Rep3.xpt
Protocol File Path:	C:\Users\Public\Documents\Protocols\Screening-protocol.prt



Plate Number	Plate 4
Date	03/12/2021
Time	12:22:32
Reader Type:	Epoch 2
Reader Serial Number:	2103223
Reading Type	Reader

Procedure Details

Plate Type	96 WELL PLATE
Discontinuous Kinetics	Runtime 1:00:00 (D:HH:MM), Interval 0:01:00, 25 Reads
	Pause after each run
Eject plate on completion	
Shake	Linear: 0:00:30 (HH:MM:SS)
	Frequency: 567 cpm (3 mm)
Read	Absorbance Endpoint
	Full Plate
	Wavelengths:  600
	Read Speed: Normal,  Delay: 100 msec,  Measurements/Data Point: 8

600

Time	T° 600	A1	A2	A3	A4	A5	A6	A7	A8	A9	A10	A11	A12	B1	B2	B3	B4	B5	B6	B7	B8	B9	B10	B11	B12	C1	C2	C3	C4	C5	C6	C7	C8	C9	C10	C11	C12	D1	D2	D3	D4	D5	D6	D7	D8	D9	D10	D11	D12	E1	E2	E3	E4	E5	E6	E7	E8	E9	E10	E11	E12	F1	F2	F3	F4	F5	F6	F7	F8	F9	F10	F11	F12	G1	G2	G3	G4	G5	G6	G7	G8	G9	G10	G11	G12	H1	H2	H3	H4	H5	H6	H7	H8	H9	H10	H11	H12
0:00:34	34.2	0.171	0.174	0.172	0.181	0.182	0.185	0.181	0.172	0.176	0.175	0.181	0.179	0.179	0.178	0.176	0.172	0.181	0.175	0.176	0.173	0.174	0.175	0.176	0.177	0.180	0.176	0.176	0.176	0.174	0.176	0.176	0.178	0.184	0.175	0.177	0.174	0.171	0.175	0.175	0.172	0.174	0.175	0.173	0.173	0.163	0.179	0.174	0.186	0.170	0.196	0.175	0.181	0.181	0.175	0.172	0.178	0.178	0.175	0.174	0.174	0.172	0.171	0.177	0.174	0.175	0.179	0.171	0.177	0.177	0.183	0.171	0.191	0.175	0.175	0.176	0.175	0.175	0.180	0.172	0.175	0.177	0.174	0.192	0.181	0.180	0.175	0.180	0.179	0.178	0.182	0.178	0.184	0.182	0.176	0.172	0.178
1:00:33	34.6	0.171	0.174	0.173	0.180	0.182	0.184	0.178	0.173	0.176	0.175	0.181	0.179	0.179	0.179	0.176	0.173	0.180	0.176	0.176	0.174	0.174	0.175	0.176	0.176	0.180	0.176	0.176	0.176	0.173	0.177	0.177	0.177	0.185	0.175	0.178	0.175	0.171	0.175	0.175	0.172	0.174	0.175	0.173	0.173	0.196	0.179	0.174	0.240	0.169	0.190	0.175	0.180	0.181	0.175	0.172	0.177	0.178	0.175	0.173	0.174	0.172	0.171	0.176	0.174	0.176	0.178	0.171	0.176	0.175	0.182	0.180	0.190	0.175	0.174	0.175	0.174	0.175	0.180	0.174	0.175	0.177	0.174	0.191	0.181	0.181	0.175	0.181	0.179	0.179	0.199	0.182	0.183	0.185	0.176	0.301	0.178
2:00:33	34.7	0.171	0.174	0.173	0.180	0.181	0.183	0.177	0.173	0.176	0.175	0.181	0.179	0.179	0.178	0.175	0.172	0.179	0.175	0.175	0.173	0.174	0.174	0.176	0.203	0.180	0.176	0.176	0.176	0.173	0.177	0.176	0.176	0.183	0.175	0.177	0.175	0.171	0.175	0.175	0.172	0.174	0.175	0.173	0.173	0.190	0.179	0.174	0.243	0.170	0.186	0.175	0.180	0.181	0.175	0.172	0.177	0.178	0.176	0.174	0.174	0.172	0.171	0.176	0.173	0.174	0.178	0.171	0.176	0.175	0.183	0.180	0.190	0.175	0.173	0.176	0.174	0.175	0.179	0.179	0.174	0.177	0.173	0.190	0.181	0.181	0.175	0.180	0.178	0.180	0.194	0.189	0.181	0.184	0.175	0.463	0.179
3:00:34	34.7	0.171	0.174	0.172	0.179	0.181	0.183	0.176	0.172	0.175	0.175	0.180	0.179	0.181	0.178	0.175	0.172	0.179	0.175	0.174	0.173	0.174	0.174	0.175	0.214	0.180	0.175	0.175	0.175	0.173	0.177	0.176	0.175	0.182	0.174	0.177	0.175	0.171	0.175	0.175	0.172	0.174	0.174	0.173	0.172	0.191	0.178	0.174	0.239	0.170	0.184	0.175	0.180	0.180	0.174	0.172	0.177	0.178	0.179	0.176	0.173	0.173	0.171	0.176	0.174	0.174	0.177	0.170	0.176	0.174	0.183	0.180	0.189	0.175	0.173	0.176	0.174	0.175	0.179	0.210	0.174	0.176	0.173	0.190	0.181	0.181	0.175	0.180	0.178	0.177	0.197	0.187	0.181	0.183	0.175	0.305	0.179
4:00:34	34.7	0.171	0.173	0.172	0.179	0.181	0.183	0.176	0.171	0.175	0.175	0.179	0.179	0.178	0.178	0.175	0.172	0.178	0.174	0.174	0.173	0.173	0.173	0.175	0.218	0.180	0.175	0.176	0.175	0.173	0.177	0.175	0.175	0.179	0.174	0.176	0.174	0.171	0.174	0.175	0.172	0.174	0.174	0.172	0.172	0.193	0.178	0.173	0.237	0.170	0.184	0.175	0.180	0.180	0.174	0.172	0.176	0.177	0.177	0.230	0.173	0.173	0.171	0.176	0.174	0.174	0.177	0.171	0.175	0.174	0.184	0.180	0.188	0.175	0.174	0.175	0.174	0.175	0.178	0.215	0.174	0.176	0.173	0.188	0.181	0.180	0.175	0.180	0.177	0.180	0.193	0.193	0.180	0.183	0.175	0.282	0.179
5:00:35	34.7	0.171	0.173	0.172	0.179	0.180	0.182	0.175	0.171	0.175	0.174	0.178	0.179	0.178	0.178	0.176	0.172	0.178	0.174	0.173	0.173	0.173	0.173	0.175	0.220	0.180	0.175	0.175	0.175	0.173	0.177	0.175	0.175	0.179	0.174	0.176	0.174	0.171	0.174	0.174	0.172	0.173	0.174	0.172	0.172	0.195	0.177	0.173	0.234	0.170	0.183	0.175	0.180	0.180	0.174	0.172	0.176	0.177	0.177	0.178	0.173	0.172	0.171	0.175	0.173	0.173	0.177	0.171	0.175	0.174	0.183	0.180	0.187	0.175	0.173	0.175	0.174	0.174	0.178	0.215	0.174	0.176	0.172	0.187	0.180	0.181	0.174	0.179	0.177	0.178	0.196	0.200	0.179	0.183	0.174	0.259	0.178
6:00:36	34.7	0.170	0.174	0.172	0.177	0.180	0.182	0.175	0.172	0.175	0.174	0.177	0.178	0.184	0.178	0.175	0.172	0.178	0.174	0.173	0.172	0.173	0.173	0.175	0.221	0.180	0.174	0.175	0.175	0.173	0.176	0.174	0.174	0.179	0.174	0.176	0.174	0.171	0.174	0.174	0.171	0.173	0.174	0.171	0.171	0.197	0.177	0.173	0.233	0.169	0.182	0.174	0.179	0.179	0.174	0.172	0.176	0.177	0.177	0.245	0.172	0.172	0.171	0.175	0.173	0.174	0.176	0.170	0.174	0.173	0.183	0.180	0.185	0.174	0.173	0.175	0.174	0.174	0.178	0.188	0.173	0.175	0.172	0.186	0.180	0.181	0.174	0.179	0.176	0.176	0.199	0.218	0.179	0.184	0.174	0.234	0.178
7:00:36	34.7	0.170	0.173	0.172	0.176	0.179	0.180	0.175	0.171	0.175	0.174	0.177	0.178	0.178	0.177	0.174	0.172	0.178	0.174	0.173	0.172	0.173	0.173	0.174	0.222	0.179	0.174	0.175	0.174	0.173	0.176	0.174	0.174	0.178	0.173	0.175	0.174	0.171	0.173	0.174	0.171	0.173	0.173	0.171	0.171	0.198	0.176	0.173	0.233	0.169	0.181	0.175	0.179	0.179	0.174	0.172	0.176	0.176	0.178	0.180	0.174	0.172	0.170	0.175	0.173	0.174	0.176	0.170	0.174	0.173	0.184	0.181	0.184	0.174	0.173	0.175	0.174	0.174	0.178	0.189	0.173	0.175	0.172	0.186	0.180	0.181	0.173	0.179	0.176	0.178	0.208	0.231	0.178	0.186	0.175	0.235	0.178
8:00:37	34.7	0.170	0.173	0.172	0.176	0.178	0.180	0.175	0.171	0.175	0.173	0.176	0.178	0.177	0.178	0.174	0.171	0.177	0.173	0.173	0.172	0.172	0.172	0.174	0.222	0.179	0.173	0.175	0.174	0.173	0.176	0.174	0.174	0.177	0.173	0.175	0.173	0.170	0.173	0.173	0.171	0.172	0.173	0.171	0.171	0.199	0.175	0.172	0.231	0.169	0.180	0.174	0.179	0.178	0.173	0.171	0.175	0.176	0.177	0.180	0.172	0.172	0.170	0.174	0.173	0.173	0.175	0.170	0.174	0.172	0.184	0.181	0.183	0.174	0.173	0.174	0.173	0.174	0.177	0.189	0.173	0.175	0.172	0.186	0.180	0.181	0.172	0.178	0.175	0.176	0.220	0.260	0.178	0.186	0.174	0.233	0.177
9:00:37	34.7	0.169	0.172	0.171	0.175	0.178	0.179	0.174	0.171	0.174	0.173	0.176	0.177	0.180	0.177	0.174	0.171	0.177	0.173	0.172	0.172	0.172	0.171	0.174	0.221	0.178	0.172	0.174	0.174	0.172	0.175	0.173	0.173	0.176	0.173	0.174	0.172	0.170	0.173	0.173	0.171	0.172	0.173	0.170	0.170	0.201	0.175	0.172	0.232	0.168	0.179	0.174	0.178	0.178	0.173	0.171	0.175	0.176	0.177	0.180	0.171	0.171	0.170	0.175	0.172	0.173	0.175	0.170	0.173	0.172	0.184	0.184	0.182	0.174	0.172	0.174	0.173	0.173	0.177	0.189	0.172	0.174	0.171	0.185	0.179	0.180	0.172	0.178	0.175	0.175	0.218	0.262	0.177	0.187	0.173	0.231	0.177
10:00:38	34.7	0.168	0.171	0.171	0.174	0.177	0.179	0.174	0.170	0.173	0.172	0.175	0.176	0.176	0.176	0.173	0.170	0.176	0.172	0.172	0.171	0.171	0.171	0.173	0.221	0.178	0.172	0.174	0.173	0.172	0.174	0.173	0.172	0.175	0.173	0.174	0.172	0.169	0.172	0.173	0.170	0.171	0.172	0.170	0.169	0.201	0.174	0.172	0.230	0.168	0.177	0.173	0.178	0.177	0.173	0.170	0.174	0.175	0.177	0.179	0.171	0.171	0.169	0.174	0.172	0.172	0.174	0.169	0.173	0.172	0.183	0.181	0.181	0.173	0.171	0.173	0.172	0.173	0.176	0.189	0.171	0.174	0.171	0.184	0.178	0.179	0.172	0.178	0.174	0.175	0.240	0.232	0.177	0.187	0.173	0.228	0.176
11:00:38	34.7	0.168	0.171	0.170	0.174	0.176	0.178	0.172	0.169	0.172	0.172	0.174	0.176	0.175	0.176	0.172	0.170	0.176	0.172	0.171	0.170	0.171	0.170	0.172	0.220	0.177	0.171	0.173	0.172	0.171	0.174	0.173	0.172	0.174	0.172	0.173	0.171	0.169	0.172	0.172	0.170	0.171	0.172	0.169	0.169	0.202	0.173	0.171	0.230	0.168	0.176	0.172	0.178	0.176	0.172	0.169	0.174	0.175	0.182	0.179	0.170	0.170	0.169	0.173	0.171	0.172	0.174	0.169	0.172	0.171	0.182	0.180	0.180	0.172	0.171	0.173	0.172	0.172	0.175	0.190	0.171	0.173	0.170	0.183	0.178	0.179	0.171	0.177	0.174	0.175	0.274	0.180	0.177	0.188	0.172	0.229	0.175
12:00:39	34.7	0.167	0.170	0.169	0.173	0.176	0.178	0.172	0.169	0.172	0.171	0.173	0.175	0.180	0.175	0.172	0.169	0.175	0.171	0.170	0.170	0.170	0.170	0.171	0.220	0.177	0.170	0.173	0.172	0.171	0.173	0.172	0.172	0.174	0.171	0.173	0.171	0.168	0.171	0.171	0.169	0.171	0.171	0.169	0.169	0.203	0.173	0.172	0.230	0.167	0.175	0.172	0.177	0.175	0.171	0.169	0.173	0.174	0.177	0.179	0.170	0.170	0.168	0.173	0.171	0.172	0.173	0.168	0.172	0.171	0.182	0.180	0.179	0.172	0.170	0.172	0.171	0.172	0.175	0.190	0.170	0.173	0.170	0.183	0.178	0.178	0.171	0.177	0.175	0.175	0.231	0.179	0.175	0.187	0.172	0.227	0.175
13:00:39	34.7	0.167	0.170	0.169	0.172	0.175	0.177	0.171	0.167	0.171	0.171	0.173	0.174	0.179	0.174	0.171	0.169	0.174	0.171	0.170	0.169	0.170	0.169	0.171	0.219	0.176	0.169	0.172	0.172	0.170	0.172	0.171	0.171	0.174	0.171	0.172	0.170	0.168	0.170	0.171	0.168	0.170	0.170	0.168	0.168	0.203	0.172	0.170	0.229	0.166	0.174	0.171	0.176	0.173	0.171	0.169	0.172	0.173	0.177	0.179	0.169	0.169	0.167	0.172	0.171	0.171	0.173	0.167	0.171	0.170	0.181	0.180	0.179	0.171	0.170	0.172	0.171	0.171	0.174	0.189	0.169	0.172	0.169	0.182	0.177	0.179	0.172	0.177	0.174	0.176	0.187	0.178	0.175	0.187	0.171	0.226	0.174
14:00:39	34.7	0.166	0.169	0.169	0.172	0.174	0.176	0.171	0.167	0.170	0.170	0.172	0.174	0.182	0.174	0.171	0.168	0.173	0.170	0.169	0.169	0.169	0.168	0.170	0.219	0.175	0.169	0.171	0.171	0.169	0.173	0.170	0.170	0.172	0.170	0.171	0.170	0.167	0.170	0.170	0.168	0.169	0.169	0.167	0.167	0.203	0.171	0.169	0.227	0.166	0.173	0.171	0.176	0.172	0.170	0.168	0.172	0.172	0.176	0.178	0.169	0.170	0.167	0.172	0.170	0.171	0.172	0.167	0.170	0.170	0.180	0.180	0.178	0.171	0.169	0.171	0.170	0.171	0.174	0.189	0.168	0.172	0.168	0.181	0.176	0.178	0.171	0.177	0.174	0.175	0.186	0.177	0.174	0.187	0.171	0.224	0.174
15:00:39	34.7	0.168	0.169	0.168	0.171	0.173	0.176	0.171	0.167	0.170	0.170	0.172	0.173	0.173	0.174	0.170	0.167	0.173	0.169	0.168	0.168	0.168	0.168	0.169	0.218	0.175	0.168	0.170	0.170	0.168	0.171	0.169	0.169	0.172	0.169	0.171	0.169	0.167	0.169	0.170	0.167	0.169	0.169	0.166	0.166	0.204	0.170	0.168	0.227	0.165	0.171	0.171	0.175	0.172	0.170	0.167	0.171	0.172	0.176	0.178	0.168	0.168	0.166	0.171	0.169	0.170	0.171	0.166	0.169	0.169	0.180	0.179	0.177	0.170	0.169	0.171	0.170	0.170	0.173	0.189	0.168	0.171	0.168	0.180	0.176	0.182	0.172	0.177	0.175	0.178	0.274	0.177	0.174	0.187	0.171	0.223	0.173
16:00:40	34.7	0.176	0.169	0.167	0.170	0.173	0.175	0.170	0.166	0.169	0.170	0.172	0.176	0.173	0.173	0.170	0.167	0.173	0.169	0.167	0.167	0.167	0.167	0.169	0.218	0.174	0.167	0.170	0.170	0.168	0.170	0.169	0.169	0.171	0.169	0.170	0.169	0.167	0.169	0.169	0.167	0.168	0.168	0.166	0.166	0.204	0.170	0.168	0.226	0.165	0.171	0.170	0.174	0.171	0.169	0.166	0.171	0.171	0.175	0.178	0.167	0.168	0.166	0.170	0.169	0.169	0.170	0.166	0.171	0.168	0.180	0.179	0.177	0.170	0.168	0.170	0.169	0.170	0.173	0.189	0.168	0.170	0.167	0.179	0.176	0.195	0.187	0.186	0.181	0.195	0.277	0.176	0.174	0.186	0.170	0.222	0.174
17:00:40	34.6	0.189	0.173	0.169	0.173	0.176	0.177	0.172	0.169	0.173	0.174	0.176	0.185	0.179	0.173	0.169	0.166	0.171	0.168	0.167	0.167	0.167	0.167	0.169	0.222	0.177	0.168	0.170	0.169	0.167	0.170	0.168	0.168	0.170	0.168	0.170	0.173	0.170	0.169	0.169	0.167	0.168	0.168	0.166	0.165	0.205	0.169	0.168	0.229	0.166	0.171	0.170	0.174	0.172	0.169	0.166	0.170	0.171	0.176	0.177	0.169	0.170	0.165	0.170	0.168	0.170	0.170	0.166	0.169	0.168	0.180	0.178	0.180	0.172	0.168	0.170	0.169	0.170	0.172	0.189	0.167	0.170	0.167	0.180	0.175	0.218	0.193	0.224	0.213	0.248	0.218	0.179	0.177	0.191	0.171	0.224	0.181
18:00:41	34.7	0.194	0.185	0.177	0.181	0.184	0.184	0.180	0.178	0.182	0.185	0.187	0.197	0.193	0.178	0.170	0.166	0.173	0.169	0.168	0.168	0.168	0.170	0.173	0.232	0.187	0.172	0.170	0.170	0.169	0.172	0.168	0.168	0.170	0.168	0.171	0.181	0.180	0.173	0.171	0.167	0.168	0.169	0.166	0.166	0.205	0.170	0.169	0.239	0.172	0.173	0.172	0.176	0.174	0.175	0.167	0.171	0.171	0.176	0.180	0.176	0.180	0.169	0.171	0.170	0.173	0.176	0.167	0.169	0.168	0.180	0.181	0.189	0.181	0.172	0.176	0.173	0.175	0.177	0.194	0.171	0.171	0.171	0.186	0.179	0.230	0.205	0.236	0.215	0.232	0.325	0.190	0.189	0.201	0.180	0.231	0.194
19:00:42	34.7	0.206	0.194	0.191	0.195	0.196	0.198	0.193	0.190	0.194	0.193	0.194	0.199	0.197	0.189	0.179	0.172	0.183	0.174	0.170	0.175	0.172	0.178	0.182	0.241	0.200	0.184	0.174	0.178	0.177	0.178	0.170	0.172	0.172	0.171	0.176	0.192	0.191	0.181	0.181	0.172	0.172	0.174	0.171	0.169	0.206	0.174	0.177	0.250	0.185	0.181	0.182	0.182	0.185	0.188	0.170	0.177	0.173	0.179	0.188	0.189	0.192	0.179	0.178	0.176	0.185	0.188	0.173	0.174	0.172	0.184	0.188	0.205	0.193	0.184	0.190	0.187	0.190	0.189	0.207	0.182	0.180	0.184	0.200	0.188	0.260	0.240	0.323	0.350	0.256	0.279	0.200	0.198	0.212	0.192	0.244	0.196
20:00:43	34.7	0.229	0.199	0.195	0.200	0.201	0.202	0.198	0.195	0.199	0.198	0.197	0.208	0.204	0.197	0.193	0.186	0.194	0.184	0.179	0.188	0.182	0.191	0.194	0.244	0.203	0.192	0.186	0.190	0.191	0.191	0.176	0.184	0.180	0.181	0.189	0.193	0.197	0.192	0.194	0.185	0.182	0.186	0.181	0.179	0.208	0.185	0.192	0.254	0.193	0.194	0.195	0.195	0.196	0.195	0.179	0.191	0.183	0.188	0.201	0.192	0.198	0.189	0.193	0.192	0.194	0.196	0.187	0.186	0.181	0.196	0.202	0.208	0.198	0.193	0.196	0.194	0.194	0.198	0.215	0.193	0.194	0.191	0.205	0.198	0.281	0.259	0.292	0.263	0.279	0.293	0.203	0.204	0.217	0.196	0.245	0.203
21:00:43	34.7	0.256	0.213	0.205	0.212	0.213	0.213	0.209	0.210	0.212	0.210	0.203	0.221	0.218	0.201	0.197	0.191	0.198	0.195	0.194	0.194	0.193	0.195	0.198	0.251	0.214	0.197	0.197	0.194	0.195	0.197	0.188	0.194	0.194	0.192	0.196	0.197	0.210	0.196	0.197	0.194	0.193	0.194	0.192	0.190	0.215	0.195	0.197	0.266	0.199	0.198	0.199	0.200	0.200	0.203	0.193	0.198	0.196	0.202	0.206	0.199	0.209	0.193	0.196	0.196	0.200	0.203	0.193	0.193	0.193	0.206	0.206	0.213	0.204	0.201	0.205	0.203	0.203	0.206	0.223	0.199	0.199	0.199	0.213	0.199	0.295	0.283	0.320	0.285	0.293	0.298	0.214	0.216	0.230	0.204	0.251	0.210
22:00:44	34.7	0.265	0.234	0.224	0.233	0.235	0.228	0.228	0.233	0.231	0.226	0.210	0.238	0.240	0.211	0.205	0.200	0.210	0.200	0.197	0.201	0.198	0.204	0.207	0.262	0.234	0.210	0.201	0.201	0.205	0.205	0.195	0.200	0.199	0.196	0.203	0.202	0.230	0.207	0.207	0.201	0.197	0.201	0.197	0.195	0.227	0.202	0.207	0.287	0.210	0.205	0.210	0.210	0.212	0.218	0.197	0.206	0.200	0.206	0.215	0.210	0.229	0.206	0.205	0.206	0.215	0.216	0.201	0.199	0.198	0.212	0.216	0.221	0.218	0.213	0.223	0.219	0.220	0.222	0.239	0.212	0.211	0.217	0.229	0.201	0.290	0.281	0.287	0.288	0.284	0.295	0.231	0.237	0.252	0.218	0.258	0.220
23:00:45	34.7	0.265	0.262	0.253	0.263	0.269	0.253	0.256	0.261	0.259	0.250	0.220	0.257	0.257	0.225	0.220	0.214	0.230	0.209	0.205	0.214	0.206	0.220	0.221	0.275	0.258	0.231	0.213	0.216	0.222	0.218	0.201	0.213	0.206	0.205	0.213	0.210	0.254	0.225	0.225	0.214	0.209	0.215	0.207	0.205	0.236	0.215	0.224	0.316	0.230	0.219	0.229	0.228	0.230	0.239	0.206	0.222	0.212	0.216	0.227	0.229	0.259	0.226	0.221	0.224	0.237	0.235	0.214	0.212	0.207	0.226	0.228	0.232	0.238	0.236	0.251	0.246	0.247	0.246	0.265	0.235	0.231	0.244	0.253	0.201	0.281	0.277	0.283	0.288	0.278	0.291	0.252	0.259	0.280	0.237	0.269	0.234
24:00:45	34.7	0.242	0.267	0.269	0.274	0.277	0.270	0.264	0.274	0.266	0.260	0.235	0.263	0.282	0.245	0.245	0.237	0.258	0.222	0.217	0.233	0.219	0.241	0.242	0.292	0.272	0.258	0.231	0.239	0.247	0.240	0.212	0.234	0.218	0.222	0.230	0.219	0.264	0.250	0.252	0.237	0.228	0.236	0.224	0.221	0.239	0.236	0.250	0.325	0.253	0.240	0.256	0.252	0.253	0.261	0.220	0.245	0.229	0.229	0.246	0.251	0.266	0.253	0.245	0.250	0.261	0.256	0.232	0.232	0.220	0.246	0.248	0.247	0.250	0.259	0.268	0.268	0.267	0.268	0.286	0.261	0.258	0.265	0.271	0.203	0.276	0.271	0.277	0.281	0.273	0.286	0.268	0.269	0.292	0.251	0.285	0.247

Results
	1	2	3	4	5	6	7	8	9	10	11	12
A	0.320	0.309	0.329	0.330	0.347	0.294	0.297	0.349	0.302	0.271	0.156	0.243	Max V [600]
	0.976	0.970	0.979	0.975	0.968	0.983	0.972	0.987	0.976	0.983	0.968	0.983	R-Squared [600]
	20:00:43	22:00:44	22:00:44	22:00:44	22:00:44	22:00:44	22:00:44	22:00:44	22:00:44	22:00:44	22:00:44	22:00:44	t at Max V [600]
	16:57:44	18:42:37	19:07:41	19:12:03	19:17:46	19:16:45	19:14:23	19:01:18	18:51:53	18:43:36	18:39:17	18:01:56	Lagtime [600]
B	0.324	0.200	0.215	0.208	0.268	0.149	0.149	0.183	0.144	0.207	0.202	0.203	Max V [600]
	0.992	0.942	0.909	0.926	0.924	0.983	0.968	0.941	0.980	0.924	0.933	0.909	R-Squared [600]
	22:00:44	22:00:44	22:00:44	22:00:44	22:00:44	22:00:44	21:00:44	22:00:44	22:00:44	22:00:44	22:00:44	2:00:34	t at Max V [600]
	18:52:05	18:55:46	19:12:49	19:23:18	19:40:22	19:02:39	19:30:58	19:03:53	19:05:50	19:08:49	19:00:01	0:16:32	Lagtime [600]
C	0.301	0.273	0.178	0.198	0.230	0.198	0.144	0.200	0.146	0.159	0.165	0.112	Max V [600]
	0.985	0.931	0.955	0.902	0.920	0.938	0.985	0.950	0.967	0.954	0.956	0.952	R-Squared [600]
	22:00:44	22:00:44	22:00:44	22:00:44	22:00:44	22:00:44	22:00:44	22:00:44	22:00:44	22:00:44	22:00:44	18:00:42	t at Max V [600]
	18:56:11	19:30:08	19:15:07	19:20:08	19:15:04	19:09:47	19:53:03	19:43:50	20:19:41	19:30:07	19:03:15	16:56:35	Lagtime [600]
D	0.300	0.244	0.242	0.208	0.180	0.199	0.167	0.165	0.139	0.206	0.240	0.318	Max V [600]
	0.985	0.926	0.905	0.941	0.957	0.943	0.962	0.966	0.974	0.952	0.926	0.974	R-Squared [600]
	22:00:44	22:00:44	22:00:44	22:00:44	22:00:44	22:00:44	22:00:44	22:00:44	22:00:44	22:00:44	22:00:44	22:00:44	t at Max V [600]
	18:42:21	19:19:29	19:16:07	19:16:10	19:26:08	19:22:29	19:15:50	19:30:44	14:35:09	19:48:11	19:16:05	16:36:01	Lagtime [600]
E	0.252	0.191	0.254	0.235	0.240	0.281	0.154	0.222	0.179	0.162	0.240	0.246	Max V [600]
	0.949	0.913	0.919	0.933	0.937	0.970	0.970	0.939	0.968	0.978	0.449	0.955	R-Squared [600]
	22:00:44	22:00:44	22:00:44	22:00:44	22:00:44	22:00:44	22:00:44	22:00:44	22:00:44	22:00:44	4:00:35	22:00:44	t at Max V [600]
	18:54:45	20:38:04	19:13:33	19:26:42	19:28:12	19:09:57	19:09:03	19:23:25	19:38:15	18:36:05	2:07:44	19:07:49	Lagtime [600]
F	0.309	0.270	0.214	0.241	0.283	0.251	0.183	0.185	0.154	0.198	0.191	0.165	Max V [600]
	0.969	0.928	0.911	0.915	0.952	0.964	0.949	0.939	0.979	0.956	0.943	0.964	R-Squared [600]
	22:00:44	22:00:44	22:00:44	22:00:44	22:00:44	22:00:44	22:00:44	22:00:44	22:00:44	22:00:44	22:00:44	22:00:44	t at Max V [600]
	18:46:15	19:24:07	19:20:03	19:17:48	19:16:04	19:12:17	18:55:14	19:30:02	19:31:41	19:09:38	17:44:38	18:41:21	Lagtime [600]
G	0.232	0.279	0.317	0.319	0.317	0.300	0.307	0.286	0.268	0.322	0.284	0.109	Max V [600]
	0.978	0.959	0.975	0.969	0.974	0.967	0.967	0.944	0.929	0.968	0.976	0.947	R-Squared [600]
	22:00:44	22:00:44	22:00:44	22:00:44	22:00:44	22:00:44	22:00:44	22:00:44	22:00:44	22:00:44	22:00:44	19:00:42	t at Max V [600]
	18:41:41	19:18:45	19:15:18	19:21:25	19:20:21	19:22:46	18:02:27	19:24:37	19:26:36	19:27:03	19:30:43	17:58:51	Lagtime [600]
H	0.357	0.389	0.568	0.641	0.321	0.371	-0.407	0.290	0.331	0.240	-0.838	0.187	Max V [600]
	0.986	0.983	0.869	0.728	0.809	0.417	0.887	0.985	0.983	0.982	0.779	0.985	R-Squared [600]
	18:00:42	19:00:42	17:00:41	17:00:41	17:00:41	16:00:40	10:00:38	22:00:44	22:00:44	22:00:44	4:00:35	22:00:44	t at Max V [600]
	15:22:43	16:23:23	15:34:22	15:46:20	14:43:45	12:41:54	11:50:28	18:56:57	18:23:29	18:53:33	6:43:50	18:02:18	Lagtime [600]

