

Software Version	3.11.19



Experiment File Path:	C:\Users\patil-group\Desktop\Sweeteners_stacker\051121_NT5001_02_03_Rep4\NT5001_02_03_Rep4.xpt
Protocol File Path:	C:\Users\Public\Documents\Protocols\Screening-protocol.prt



Plate Number	Plate 1
Date	05/11/2021
Time	16:10:34
Reader Type:	Epoch 2
Reader Serial Number:	2103223
Reading Type	Reader

Procedure Details

Plate Type	96 WELL PLATE
Discontinuous Kinetics	Runtime 1:00:00 (D:HH:MM), Interval 0:01:00, 25 Reads
	Pause after each run
Eject plate on completion	
Shake	Linear: 0:00:30 (HH:MM:SS)
	Frequency: 567 cpm (3 mm)
Read	Absorbance Endpoint
	Full Plate
	Wavelengths:  600
	Read Speed: Normal,  Delay: 100 msec,  Measurements/Data Point: 8

600

Time	T° 600	A1	A2	A3	A4	A5	A6	A7	A8	A9	A10	A11	A12	B1	B2	B3	B4	B5	B6	B7	B8	B9	B10	B11	B12	C1	C2	C3	C4	C5	C6	C7	C8	C9	C10	C11	C12	D1	D2	D3	D4	D5	D6	D7	D8	D9	D10	D11	D12	E1	E2	E3	E4	E5	E6	E7	E8	E9	E10	E11	E12	F1	F2	F3	F4	F5	F6	F7	F8	F9	F10	F11	F12	G1	G2	G3	G4	G5	G6	G7	G8	G9	G10	G11	G12	H1	H2	H3	H4	H5	H6	H7	H8	H9	H10	H11	H12
0:00:34	34.9	0.178	0.185	0.180	0.178	0.184	0.181	0.176	0.181	0.179	0.179	0.199	0.188	0.170	0.182	0.178	0.174	0.177	0.175	0.184	0.185	0.175	0.174	0.180	0.186	0.192	0.182	0.177	0.187	0.185	0.191	0.184	0.184	0.214	0.191	0.182	0.193	0.178	0.185	0.183	0.184	0.189	0.188	0.199	0.195	0.195	0.184	0.189	0.187	0.186	0.186	0.180	0.187	0.179	0.178	0.180	0.173	0.181	0.181	0.186	0.180	0.181	0.186	0.184	0.185	0.196	0.185	0.195	0.180	0.183	0.201	0.178	0.178	0.177	0.188	0.192	0.191	0.184	0.180	0.184	0.200	0.190	0.192	0.186	0.181	0.186	0.188	0.181	0.182	0.187	0.186	0.185	0.190	0.186	0.180	0.183	0.185
1:00:33	35.1	0.184	0.189	0.186	0.184	0.188	0.185	0.184	0.185	0.187	0.188	0.200	0.194	0.179	0.192	0.184	0.182	0.183	0.182	0.190	0.188	0.182	0.181	0.187	0.194	0.200	0.192	0.198	0.213	0.211	0.205	0.211	0.207	0.210	0.196	0.192	0.198	0.187	0.219	0.224	0.227	0.247	0.229	0.241	0.232	0.240	0.222	0.220	0.195	0.192	0.208	0.206	0.239	0.234	0.242	0.240	0.232	0.221	0.216	0.218	0.185	0.188	0.196	0.223	0.225	0.230	0.221	0.240	0.223	0.233	0.250	0.209	0.185	0.183	0.191	0.227	0.222	0.234	0.223	0.229	0.227	0.226	0.215	0.194	0.189	0.194	0.194	0.191	0.198	0.204	0.201	0.194	0.199	0.194	0.189	0.192	0.194
2:00:34	35.2	0.196	0.201	0.198	0.196	0.197	0.195	0.197	0.196	0.201	0.201	0.211	0.206	0.191	0.198	0.194	0.192	0.194	0.193	0.202	0.199	0.193	0.192	0.199	0.205	0.206	0.198	0.197	0.211	0.210	0.206	0.200	0.203	0.220	0.201	0.201	0.209	0.197	0.205	0.204	0.205	0.208	0.209	0.211	0.205	0.209	0.202	0.209	0.208	0.199	0.202	0.198	0.201	0.198	0.196	0.198	0.191	0.200	0.199	0.204	0.196	0.196	0.200	0.202	0.200	0.206	0.199	0.204	0.195	0.200	0.213	0.196	0.195	0.194	0.202	0.208	0.206	0.204	0.199	0.202	0.208	0.208	0.208	0.202	0.199	0.206	0.206	0.203	0.203	0.207	0.204	0.206	0.208	0.205	0.202	0.205	0.205
3:00:34	35.2	0.220	0.224	0.219	0.217	0.216	0.215	0.218	0.216	0.223	0.223	0.232	0.227	0.213	0.217	0.213	0.211	0.213	0.213	0.221	0.218	0.211	0.211	0.219	0.226	0.226	0.217	0.214	0.231	0.231	0.222	0.215	0.223	0.237	0.219	0.221	0.229	0.219	0.228	0.226	0.224	0.226	0.230	0.229	0.225	0.227	0.222	0.230	0.230	0.224	0.223	0.219	0.219	0.217	0.216	0.217	0.208	0.219	0.218	0.224	0.216	0.215	0.217	0.221	0.215	0.222	0.216	0.218	0.213	0.217	0.229	0.217	0.214	0.216	0.224	0.227	0.227	0.221	0.220	0.223	0.226	0.228	0.229	0.223	0.221	0.230	0.230	0.225	0.226	0.229	0.225	0.227	0.229	0.226	0.224	0.225	0.225
4:00:35	35.2	0.259	0.260	0.254	0.253	0.249	0.247	0.254	0.249	0.258	0.257	0.264	0.260	0.249	0.252	0.245	0.243	0.245	0.244	0.251	0.248	0.241	0.241	0.251	0.258	0.260	0.250	0.243	0.264	0.259	0.252	0.243	0.256	0.267	0.248	0.255	0.260	0.255	0.268	0.261	0.257	0.257	0.262	0.261	0.257	0.258	0.254	0.264	0.265	0.259	0.260	0.254	0.252	0.249	0.247	0.249	0.237	0.249	0.251	0.257	0.249	0.250	0.250	0.252	0.243	0.251	0.243	0.245	0.243	0.246	0.259	0.250	0.246	0.253	0.262	0.262	0.261	0.256	0.254	0.257	0.260	0.262	0.253	0.259	0.254	0.270	0.268	0.262	0.261	0.265	0.260	0.263	0.264	0.261	0.258	0.259	0.257
5:00:36	35.2	0.320	0.318	0.308	0.307	0.301	0.297	0.306	0.299	0.311	0.308	0.314	0.311	0.305	0.303	0.295	0.291	0.293	0.291	0.298	0.293	0.284	0.285	0.299	0.304	0.312	0.298	0.288	0.312	0.306	0.297	0.287	0.305	0.315	0.294	0.304	0.306	0.309	0.326	0.314	0.306	0.304	0.311	0.309	0.307	0.304	0.301	0.312	0.316	0.309	0.309	0.305	0.299	0.297	0.294	0.296	0.277	0.296	0.296	0.303	0.294	0.301	0.297	0.297	0.286	0.293	0.286	0.282	0.287	0.291	0.303	0.300	0.292	0.307	0.317	0.312	0.315	0.307	0.306	0.309	0.310	0.312	0.303	0.309	0.301	0.330	0.325	0.318	0.316	0.319	0.311	0.312	0.316	0.313	0.311	0.310	0.304
6:00:37	35.2	0.403	0.395	0.382	0.382	0.374	0.369	0.381	0.370	0.386	0.382	0.385	0.383	0.379	0.375	0.363	0.359	0.359	0.357	0.363	0.361	0.347	0.351	0.370	0.370	0.380	0.364	0.347	0.380	0.369	0.359	0.349	0.372	0.378	0.355	0.372	0.368	0.379	0.401	0.386	0.373	0.371	0.380	0.377	0.376	0.369	0.368	0.382	0.387	0.379	0.377	0.372	0.362	0.361	0.355	0.354	0.324	0.358	0.359	0.362	0.353	0.369	0.359	0.358	0.344	0.352	0.346	0.333	0.347	0.353	0.365	0.364	0.350	0.376	0.392	0.381	0.384	0.377	0.376	0.380	0.380	0.383	0.377	0.372	0.359	0.405	0.396	0.390	0.388	0.390	0.379	0.381	0.386	0.383	0.380	0.378	0.368
7:00:37	35.2	0.480	0.477	0.463	0.465	0.455	0.451	0.465	0.451	0.473	0.465	0.468	0.464	0.459	0.454	0.441	0.438	0.436	0.434	0.441	0.438	0.424	0.429	0.452	0.448	0.451	0.435	0.418	0.456	0.445	0.435	0.420	0.449	0.453	0.427	0.445	0.439	0.453	0.476	0.464	0.450	0.448	0.455	0.454	0.454	0.445	0.445	0.459	0.464	0.450	0.452	0.443	0.435	0.435	0.428	0.417	0.369	0.430	0.431	0.428	0.415	0.436	0.428	0.430	0.414	0.421	0.416	0.396	0.415	0.424	0.436	0.436	0.415	0.450	0.474	0.458	0.462	0.456	0.454	0.458	0.458	0.462	0.447	0.441	0.422	0.477	0.474	0.468	0.465	0.467	0.453	0.456	0.461	0.458	0.457	0.454	0.439
8:00:38	35.2	0.528	0.527	0.519	0.521	0.509	0.506	0.518	0.509	0.528	0.522	0.521	0.514	0.510	0.508	0.500	0.496	0.495	0.496	0.501	0.500	0.491	0.495	0.513	0.508	0.501	0.491	0.476	0.514	0.504	0.495	0.481	0.505	0.513	0.485	0.500	0.493	0.500	0.526	0.521	0.510	0.508	0.510	0.512	0.509	0.505	0.504	0.515	0.513	0.498	0.500	0.498	0.492	0.496	0.485	0.466	0.400	0.487	0.487	0.473	0.458	0.483	0.479	0.490	0.475	0.482	0.477	0.455	0.473	0.484	0.493	0.488	0.463	0.495	0.522	0.512	0.517	0.512	0.509	0.514	0.512	0.520	0.508	0.489	0.469	0.519	0.523	0.521	0.515	0.519	0.504	0.511	0.513	0.511	0.512	0.508	0.491
9:00:38	35.2	0.551	0.554	0.551	0.552	0.538	0.538	0.549	0.539	0.559	0.553	0.552	0.542	0.535	0.536	0.531	0.532	0.528	0.531	0.535	0.533	0.527	0.529	0.546	0.539	0.529	0.521	0.511	0.544	0.539	0.530	0.517	0.538	0.550	0.520	0.534	0.528	0.528	0.554	0.548	0.542	0.543	0.542	0.544	0.539	0.538	0.538	0.547	0.544	0.525	0.530	0.529	0.526	0.529	0.518	0.490	0.408	0.518	0.519	0.501	0.486	0.514	0.511	0.523	0.510	0.517	0.513	0.493	0.506	0.519	0.526	0.519	0.492	0.525	0.551	0.542	0.548	0.542	0.541	0.545	0.543	0.548	0.532	0.517	0.496	0.544	0.552	0.549	0.545	0.548	0.534	0.540	0.542	0.538	0.542	0.538	0.520
10:00:39	35.2	0.567	0.569	0.568	0.568	0.554	0.557	0.568	0.558	0.577	0.572	0.573	0.562	0.550	0.550	0.549	0.548	0.548	0.550	0.555	0.552	0.547	0.549	0.569	0.560	0.544	0.538	0.531	0.561	0.556	0.549	0.537	0.556	0.565	0.539	0.553	0.546	0.542	0.569	0.564	0.561	0.562	0.559	0.562	0.555	0.558	0.558	0.566	0.564	0.539	0.550	0.547	0.546	0.548	0.537	0.499	0.413	0.538	0.539	0.518	0.502	0.531	0.529	0.542	0.531	0.537	0.532	0.514	0.525	0.536	0.543	0.536	0.510	0.541	0.567	0.559	0.564	0.562	0.558	0.560	0.560	0.567	0.549	0.533	0.515	0.559	0.568	0.566	0.560	0.564	0.552	0.557	0.559	0.556	0.561	0.555	0.538
11:00:40	35.2	0.574	0.577	0.577	0.578	0.565	0.567	0.580	0.569	0.589	0.583	0.583	0.573	0.559	0.559	0.558	0.558	0.560	0.562	0.566	0.563	0.560	0.562	0.579	0.573	0.551	0.547	0.543	0.570	0.566	0.557	0.549	0.567	0.579	0.550	0.566	0.557	0.551	0.576	0.572	0.573	0.573	0.570	0.573	0.567	0.570	0.569	0.575	0.572	0.548	0.555	0.556	0.557	0.559	0.548	0.503	0.424	0.549	0.551	0.525	0.511	0.540	0.539	0.553	0.543	0.549	0.545	0.525	0.537	0.548	0.555	0.546	0.519	0.550	0.577	0.570	0.575	0.572	0.570	0.571	0.571	0.578	0.563	0.543	0.523	0.569	0.577	0.577	0.572	0.575	0.563	0.567	0.570	0.567	0.569	0.567	0.550
12:00:40	35.2	0.577	0.580	0.581	0.582	0.570	0.572	0.584	0.574	0.595	0.589	0.588	0.579	0.562	0.562	0.562	0.562	0.565	0.569	0.571	0.569	0.566	0.568	0.585	0.578	0.555	0.550	0.547	0.574	0.571	0.563	0.555	0.573	0.582	0.554	0.571	0.562	0.554	0.579	0.575	0.578	0.578	0.577	0.577	0.572	0.575	0.573	0.581	0.577	0.551	0.558	0.559	0.563	0.566	0.554	0.509	0.440	0.555	0.557	0.532	0.516	0.545	0.544	0.559	0.549	0.556	0.551	0.532	0.543	0.554	0.560	0.551	0.524	0.554	0.582	0.576	0.581	0.578	0.576	0.575	0.576	0.583	0.581	0.548	0.528	0.571	0.583	0.581	0.576	0.581	0.567	0.573	0.574	0.572	0.574	0.571	0.555
13:00:41	35.2	0.577	0.581	0.581	0.584	0.573	0.574	0.585	0.574	0.595	0.590	0.589	0.579	0.563	0.562	0.562	0.563	0.566	0.571	0.573	0.571	0.567	0.568	0.586	0.579	0.556	0.550	0.547	0.574	0.571	0.563	0.558	0.575	0.584	0.557	0.574	0.564	0.554	0.579	0.576	0.581	0.582	0.579	0.579	0.573	0.577	0.575	0.583	0.579	0.556	0.558	0.559	0.567	0.569	0.558	0.515	0.456	0.557	0.559	0.539	0.522	0.546	0.544	0.563	0.552	0.560	0.555	0.537	0.546	0.557	0.563	0.553	0.528	0.555	0.582	0.578	0.583	0.581	0.579	0.579	0.579	0.586	0.569	0.551	0.531	0.572	0.584	0.583	0.578	0.581	0.569	0.574	0.576	0.573	0.576	0.572	0.556
14:00:41	35.2	0.577	0.580	0.581	0.585	0.573	0.574	0.585	0.574	0.596	0.589	0.589	0.578	0.561	0.562	0.562	0.563	0.567	0.570	0.573	0.570	0.567	0.568	0.585	0.577	0.555	0.550	0.547	0.574	0.571	0.563	0.561	0.577	0.585	0.558	0.576	0.565	0.554	0.577	0.575	0.583	0.583	0.579	0.581	0.574	0.579	0.576	0.582	0.578	0.555	0.557	0.559	0.570	0.571	0.560	0.522	0.468	0.559	0.561	0.545	0.529	0.546	0.543	0.565	0.555	0.561	0.558	0.541	0.549	0.559	0.564	0.557	0.532	0.554	0.582	0.580	0.584	0.582	0.581	0.580	0.580	0.587	0.570	0.554	0.534	0.571	0.585	0.583	0.579	0.584	0.571	0.577	0.577	0.573	0.577	0.572	0.555
15:00:42	35.2	0.576	0.581	0.581	0.584	0.573	0.574	0.585	0.573	0.596	0.589	0.587	0.577	0.562	0.561	0.562	0.563	0.566	0.569	0.573	0.570	0.567	0.568	0.584	0.576	0.554	0.549	0.546	0.573	0.571	0.563	0.563	0.580	0.588	0.560	0.579	0.566	0.554	0.578	0.574	0.584	0.584	0.581	0.582	0.575	0.580	0.577	0.584	0.577	0.556	0.556	0.559	0.572	0.574	0.562	0.528	0.479	0.561	0.563	0.553	0.535	0.545	0.542	0.568	0.558	0.564	0.559	0.544	0.551	0.561	0.566	0.560	0.537	0.553	0.582	0.582	0.586	0.584	0.582	0.583	0.581	0.588	0.583	0.557	0.537	0.571	0.586	0.584	0.580	0.585	0.571	0.579	0.578	0.574	0.577	0.572	0.555
16:00:43	35.2	0.577	0.581	0.580	0.584	0.573	0.575	0.585	0.574	0.595	0.589	0.586	0.575	0.561	0.561	0.562	0.562	0.567	0.569	0.573	0.571	0.567	0.567	0.584	0.574	0.554	0.548	0.546	0.573	0.571	0.563	0.566	0.583	0.590	0.563	0.581	0.567	0.553	0.576	0.575	0.586	0.586	0.583	0.583	0.575	0.581	0.578	0.585	0.577	0.551	0.556	0.559	0.576	0.577	0.567	0.534	0.487	0.564	0.565	0.561	0.542	0.545	0.542	0.571	0.561	0.567	0.563	0.549	0.555	0.564	0.568	0.565	0.544	0.553	0.582	0.584	0.587	0.586	0.584	0.584	0.583	0.590	0.574	0.560	0.540	0.571	0.588	0.585	0.581	0.586	0.572	0.580	0.580	0.575	0.578	0.572	0.555
17:00:44	35.2	0.577	0.581	0.581	0.585	0.574	0.575	0.585	0.575	0.596	0.590	0.585	0.574	0.561	0.561	0.561	0.562	0.569	0.572	0.575	0.571	0.567	0.568	0.585	0.575	0.554	0.548	0.546	0.574	0.572	0.564	0.570	0.587	0.595	0.567	0.584	0.569	0.553	0.577	0.575	0.590	0.589	0.586	0.585	0.577	0.583	0.581	0.587	0.578	0.552	0.556	0.560	0.581	0.581	0.571	0.542	0.493	0.568	0.568	0.570	0.550	0.546	0.542	0.575	0.564	0.571	0.565	0.553	0.559	0.568	0.570	0.571	0.553	0.553	0.582	0.587	0.591	0.590	0.587	0.586	0.586	0.592	0.576	0.567	0.546	0.573	0.590	0.588	0.584	0.589	0.575	0.584	0.583	0.579	0.581	0.574	0.556
18:00:44	35.2	0.578	0.581	0.581	0.586	0.575	0.576	0.585	0.574	0.597	0.589	0.586	0.574	0.561	0.561	0.561	0.562	0.571	0.573	0.576	0.574	0.569	0.568	0.587	0.575	0.554	0.549	0.546	0.574	0.573	0.565	0.574	0.592	0.599	0.572	0.590	0.573	0.554	0.577	0.576	0.593	0.593	0.588	0.588	0.580	0.586	0.583	0.590	0.580	0.565	0.556	0.562	0.585	0.586	0.576	0.551	0.497	0.571	0.573	0.580	0.559	0.547	0.542	0.580	0.570	0.575	0.570	0.559	0.564	0.572	0.574	0.580	0.564	0.554	0.583	0.592	0.593	0.594	0.590	0.590	0.589	0.595	0.579	0.573	0.551	0.573	0.594	0.591	0.588	0.593	0.579	0.588	0.587	0.583	0.584	0.576	0.558
19:00:45	35.2	0.579	0.582	0.583	0.587	0.576	0.577	0.587	0.575	0.599	0.591	0.586	0.574	0.561	0.561	0.562	0.563	0.575	0.575	0.580	0.576	0.570	0.570	0.589	0.576	0.556	0.550	0.548	0.576	0.575	0.568	0.579	0.597	0.605	0.577	0.597	0.577	0.554	0.578	0.576	0.599	0.597	0.591	0.592	0.583	0.590	0.588	0.594	0.583	0.562	0.557	0.564	0.591	0.592	0.583	0.558	0.501	0.577	0.578	0.589	0.569	0.549	0.544	0.586	0.575	0.580	0.574	0.566	0.569	0.579	0.579	0.589	0.574	0.555	0.585	0.597	0.598	0.598	0.594	0.594	0.593	0.600	0.585	0.579	0.559	0.575	0.598	0.595	0.593	0.597	0.583	0.596	0.592	0.588	0.589	0.580	0.562
20:00:46	35.2	0.579	0.584	0.583	0.588	0.578	0.579	0.589	0.577	0.601	0.593	0.587	0.575	0.562	0.563	0.563	0.564	0.579	0.578	0.582	0.579	0.574	0.571	0.593	0.580	0.558	0.551	0.550	0.577	0.578	0.570	0.585	0.603	0.612	0.583	0.604	0.581	0.556	0.579	0.578	0.605	0.602	0.596	0.597	0.587	0.595	0.592	0.598	0.587	0.557	0.557	0.567	0.599	0.598	0.588	0.564	0.502	0.584	0.586	0.599	0.580	0.552	0.548	0.593	0.582	0.586	0.580	0.573	0.576	0.584	0.585	0.598	0.583	0.557	0.586	0.603	0.601	0.605	0.599	0.600	0.598	0.604	0.601	0.587	0.568	0.576	0.604	0.601	0.598	0.603	0.588	0.600	0.598	0.593	0.593	0.584	0.566
21:00:47	35.2	0.581	0.585	0.586	0.590	0.581	0.581	0.591	0.579	0.604	0.596	0.588	0.577	0.564	0.564	0.565	0.565	0.583	0.583	0.587	0.584	0.576	0.575	0.596	0.581	0.562	0.554	0.553	0.579	0.582	0.573	0.593	0.610	0.620	0.590	0.612	0.588	0.559	0.580	0.579	0.611	0.608	0.601	0.604	0.591	0.601	0.598	0.605	0.591	0.559	0.560	0.571	0.606	0.607	0.598	0.568	0.503	0.590	0.593	0.609	0.589	0.555	0.556	0.600	0.589	0.593	0.586	0.583	0.583	0.592	0.591	0.609	0.591	0.559	0.588	0.610	0.607	0.612	0.606	0.606	0.604	0.610	0.603	0.596	0.576	0.579	0.611	0.607	0.606	0.610	0.595	0.608	0.604	0.600	0.598	0.588	0.570
22:00:48	35.2	0.583	0.587	0.588	0.593	0.583	0.583	0.591	0.580	0.607	0.599	0.591	0.578	0.566	0.566	0.567	0.568	0.588	0.588	0.592	0.588	0.581	0.578	0.600	0.584	0.565	0.556	0.556	0.582	0.586	0.577	0.600	0.618	0.628	0.596	0.620	0.595	0.561	0.582	0.581	0.619	0.615	0.607	0.609	0.596	0.607	0.604	0.610	0.596	0.574	0.563	0.575	0.614	0.613	0.605	0.570	0.504	0.596	0.599	0.616	0.594	0.559	0.555	0.608	0.597	0.600	0.594	0.590	0.591	0.600	0.599	0.617	0.595	0.561	0.591	0.618	0.614	0.619	0.612	0.612	0.609	0.616	0.611	0.604	0.588	0.581	0.617	0.613	0.613	0.617	0.602	0.616	0.610	0.607	0.604	0.593	0.576
23:00:48	35.2	0.583	0.589	0.590	0.594	0.585	0.585	0.593	0.582	0.610	0.603	0.594	0.581	0.568	0.568	0.569	0.570	0.594	0.591	0.598	0.594	0.585	0.582	0.605	0.589	0.570	0.560	0.560	0.585	0.590	0.581	0.608	0.625	0.637	0.605	0.628	0.604	0.564	0.584	0.583	0.627	0.622	0.613	0.616	0.601	0.613	0.611	0.617	0.601	0.565	0.566	0.579	0.622	0.622	0.613	0.570	0.505	0.604	0.608	0.618	0.592	0.562	0.558	0.616	0.605	0.608	0.602	0.597	0.599	0.608	0.606	0.624	0.600	0.564	0.593	0.625	0.621	0.627	0.620	0.620	0.616	0.623	0.610	0.613	0.596	0.583	0.625	0.621	0.620	0.624	0.609	0.625	0.618	0.615	0.611	0.599	0.582
0:00:00																																																																																																	

Results
	1	2	3	4	5	6	7	8	9	10	11	12
A	1.163	1.153	1.140	1.154	1.123	1.119	1.145	1.121	1.168	1.145	1.115	1.102	Max V [600]
	0.993	0.994	0.996	0.995	0.995	0.994	0.994	0.995	0.994	0.994	0.993	0.993	R-Squared [600]
	6:00:37	6:00:37	6:00:37	6:00:37	6:00:37	6:00:37	6:00:37	6:00:37	6:00:37	6:00:37	6:00:37	6:00:37	t at Max V [600]
	2:51:18	2:57:58	3:00:33	3:01:05	3:07:56	3:07:54	2:58:36	3:07:19	2:59:27	2:59:23	3:08:45	3:00:05	Lagtime [600]
B	1.123	1.104	1.090	1.086	1.068	1.076	1.069	1.082	1.067	1.087	1.127	1.075	Max V [600]
	0.995	0.995	0.995	0.994	0.995	0.994	0.994	0.994	0.991	0.992	0.994	0.994	R-Squared [600]
	6:00:37	6:00:37	6:00:37	6:00:37	6:00:37	6:00:37	6:00:37	6:00:37	6:00:37	6:00:37	6:00:37	6:00:37	t at Max V [600]
	2:53:45	3:03:00	3:05:35	3:04:48	3:03:45	3:04:44	3:05:46	3:11:15	3:10:03	3:09:09	3:05:53	3:02:29	Lagtime [600]
C	1.033	1.032	0.990	1.073	1.051	1.038	1.015	1.068	1.050	1.012	1.052	0.997	Max V [600]
	0.996	0.996	0.995	0.995	0.994	0.994	0.994	0.995	0.995	0.995	0.996	0.996	R-Squared [600]
	6:00:37	6:00:37	6:00:37	6:00:37	6:00:37	6:00:37	6:00:37	6:00:37	6:00:37	6:00:37	6:00:37	6:00:37	t at Max V [600]
	2:57:41	3:01:09	3:01:54	2:56:07	2:58:35	3:10:20	3:11:04	2:59:10	3:17:56	3:11:31	2:57:09	2:59:13	Lagtime [600]
D	1.059	1.112	1.118	1.084	1.073	1.067	1.076	1.083	1.057	1.073	1.083	1.076	Max V [600]
	0.995	0.996	0.996	0.995	0.995	0.996	0.995	0.995	0.994	0.995	0.995	0.995	R-Squared [600]
	6:00:37	6:00:37	6:00:37	6:00:37	6:00:37	6:00:37	6:00:37	6:00:37	6:00:37	6:00:37	6:00:37	6:00:37	t at Max V [600]
	2:50:31	2:47:40	2:56:06	3:00:57	3:04:30	2:57:26	3:09:46	3:09:16	3:09:09	3:03:03	2:58:51	2:52:40	Lagtime [600]
E	1.030	1.037	1.041	1.026	1.050	1.018	0.926	0.696	1.013	1.011	0.927	0.896	Max V [600]
	0.995	0.994	0.997	0.996	0.995	0.995	0.998	0.996	0.996	0.995	0.996	0.996	R-Squared [600]
	6:00:37	6:00:37	6:00:37	6:00:37	6:00:37	6:00:37	6:00:37	6:00:37	6:00:37	6:00:37	6:00:37	6:00:37	t at Max V [600]
	2:53:00	2:53:55	2:54:02	3:04:15	3:01:05	3:00:02	2:49:44	2:27:56	2:59:50	2:58:33	2:47:28	2:46:18	Lagtime [600]
F	1.001	0.982	1.016	0.988	0.986	0.996	0.904	0.982	1.015	1.004	1.020	0.928	Max V [600]
	0.996	0.996	0.995	0.993	0.993	0.993	0.994	0.995	0.995	0.994	0.997	0.997	R-Squared [600]
	6:00:37	6:00:37	6:00:37	6:00:37	6:00:37	6:00:37	7:00:37	6:00:37	6:00:37	6:00:37	6:00:37	6:00:37	t at Max V [600]
	2:53:29	3:00:43	3:02:27	3:10:56	3:14:36	3:11:05	3:22:11	3:04:55	3:06:27	3:11:02	2:54:31	2:51:10	Lagtime [600]
G	1.048	1.129	1.078	1.102	1.102	1.099	1.103	1.085	1.108	1.092	0.988	0.920	Max V [600]
	0.995	0.994	0.996	0.996	0.995	0.996	0.996	0.995	0.995	0.997	0.997	0.997	R-Squared [600]
	6:00:37	6:00:37	6:00:37	6:00:37	6:00:37	6:00:37	6:00:37	6:00:37	6:00:37	6:00:37	6:00:37	6:00:37	t at Max V [600]
	2:50:15	2:58:46	3:01:21	3:01:44	3:01:31	2:59:15	2:59:22	3:10:43	3:02:02	3:10:15	2:50:06	2:45:04	Lagtime [600]
H	1.075	1.096	1.113	1.094	1.092	1.049	1.067	1.073	1.074	1.090	1.068	1.004	Max V [600]
	0.992	0.995	0.996	0.995	0.996	0.996	0.996	0.996	0.996	0.996	0.996	0.996	R-Squared [600]
	6:00:37	6:00:37	6:00:37	6:00:37	6:00:37	6:00:37	6:00:37	6:00:37	6:00:37	6:00:37	6:00:37	6:00:37	t at Max V [600]
	2:41:48	2:49:34	2:51:36	2:51:17	2:53:05	2:54:19	2:53:14	2:56:18	2:54:58	2:54:30	2:54:51	2:54:48	Lagtime [600]

