

Software Version	3.11.19



Experiment File Path:	C:\Users\patil-group\Desktop\Sweeteners_stacker\171121_NT5026_37_38_Rep2\NT5026_37_38_Rep2.xpt
Protocol File Path:	C:\Users\Public\Documents\Protocols\Screening-protocol.prt



Plate Number	Plate 15
Date	17/11/2021
Time	15:42:18
Reader Type:	Epoch 2
Reader Serial Number:	2103223
Reading Type	Reader

Procedure Details

Plate Type	96 WELL PLATE
Discontinuous Kinetics	Runtime 1:00:00 (D:HH:MM), Interval 0:01:00, 25 Reads
	Pause after each run
Eject plate on completion	
Shake	Linear: 0:00:30 (HH:MM:SS)
	Frequency: 567 cpm (3 mm)
Read	Absorbance Endpoint
	Full Plate
	Wavelengths:  600
	Read Speed: Normal,  Delay: 100 msec,  Measurements/Data Point: 8

600

Time	T° 600	A1	A2	A3	A4	A5	A6	A7	A8	A9	A10	A11	A12	B1	B2	B3	B4	B5	B6	B7	B8	B9	B10	B11	B12	C1	C2	C3	C4	C5	C6	C7	C8	C9	C10	C11	C12	D1	D2	D3	D4	D5	D6	D7	D8	D9	D10	D11	D12	E1	E2	E3	E4	E5	E6	E7	E8	E9	E10	E11	E12	F1	F2	F3	F4	F5	F6	F7	F8	F9	F10	F11	F12	G1	G2	G3	G4	G5	G6	G7	G8	G9	G10	G11	G12	H1	H2	H3	H4	H5	H6	H7	H8	H9	H10	H11	H12
0:00:34	34.9	0.166	0.167	0.167	0.162	0.173	0.168	0.162	0.178	0.162	0.163	0.158	0.162	0.165	0.167	0.166	0.160	0.168	0.164	0.171	0.162	0.174	0.160	0.161	0.163	0.168	0.168	0.165	0.166	0.167	0.166	0.164	0.186	0.164	0.159	0.165	0.165	0.168	0.167	0.164	0.166	0.161	0.170	0.170	0.172	0.167	0.168	0.162	0.171	0.168	0.166	0.168	0.162	0.170	0.164	0.167	0.177	0.161	0.160	0.163	0.166	0.169	0.166	0.168	0.172	0.168	0.162	0.164	0.169	0.164	0.168	0.172	0.164	0.175	0.170	0.163	0.163	0.163	0.159	0.163	0.163	0.171	0.162	0.164	0.162	0.166	0.168	0.168	0.165	0.164	0.164	0.167	0.158	0.162	0.161	0.164	0.163
1:00:31	34.9	0.182	0.182	0.182	0.176	0.188	0.181	0.177	0.191	0.176	0.179	0.174	0.180	0.182	0.183	0.180	0.173	0.181	0.176	0.182	0.175	0.186	0.173	0.176	0.180	0.182	0.181	0.176	0.178	0.178	0.177	0.175	0.196	0.174	0.171	0.177	0.179	0.183	0.179	0.176	0.177	0.172	0.180	0.178	0.182	0.178	0.179	0.174	0.192	0.182	0.178	0.179	0.173	0.178	0.175	0.178	0.186	0.171	0.170	0.181	0.180	0.181	0.176	0.179	0.180	0.178	0.173	0.177	0.180	0.175	0.179	0.184	0.177	0.187	0.182	0.174	0.174	0.173	0.170	0.174	0.174	0.183	0.174	0.177	0.176	0.182	0.183	0.182	0.177	0.176	0.177	0.180	0.171	0.175	0.188	0.178	0.179
2:00:32	34.9	0.253	0.251	0.241	0.230	0.244	0.236	0.237	0.248	0.235	0.246	0.242	0.256	0.255	0.241	0.236	0.224	0.228	0.227	0.235	0.227	0.242	0.231	0.239	0.251	0.242	0.231	0.223	0.221	0.224	0.223	0.220	0.236	0.220	0.223	0.231	0.242	0.244	0.231	0.225	0.222	0.216	0.223	0.218	0.224	0.224	0.227	0.225	0.246	0.240	0.229	0.226	0.217	0.217	0.215	0.219	0.225	0.218	0.213	0.237	0.242	0.238	0.226	0.223	0.222	0.221	0.217	0.219	0.225	0.221	0.228	0.241	0.241	0.247	0.233	0.222	0.218	0.215	0.216	0.221	0.225	0.233	0.227	0.235	0.236	0.253	0.247	0.243	0.234	0.233	0.233	0.236	0.228	0.235	0.302	0.239	0.251
3:00:32	34.9	0.279	0.281	0.277	0.271	0.280	0.273	0.273	0.283	0.269	0.276	0.270	0.276	0.281	0.273	0.273	0.265	0.264	0.271	0.278	0.270	0.281	0.270	0.273	0.279	0.282	0.277	0.272	0.275	0.278	0.279	0.279	0.287	0.266	0.271	0.274	0.275	0.282	0.278	0.277	0.277	0.276	0.284	0.279	0.284	0.282	0.280	0.273	0.284	0.283	0.276	0.283	0.276	0.272	0.277	0.279	0.287	0.276	0.264	0.293	0.278	0.277	0.273	0.276	0.281	0.280	0.276	0.277	0.283	0.279	0.279	0.284	0.276	0.281	0.274	0.270	0.270	0.268	0.277	0.272	0.280	0.287	0.279	0.276	0.271	0.278	0.280	0.281	0.275	0.275	0.276	0.274	0.268	0.272	0.334	0.271	0.277
4:00:33	34.9	0.285	0.287	0.285	0.278	0.286	0.282	0.280	0.300	0.288	0.327	0.275	0.281	0.289	0.282	0.281	0.275	0.275	0.280	0.283	0.278	0.288	0.277	0.279	0.285	0.290	0.286	0.282	0.286	0.292	0.291	0.290	0.298	0.277	0.284	0.285	0.284	0.288	0.288	0.288	0.290	0.289	0.298	0.292	0.296	0.297	0.296	0.285	0.330	0.290	0.286	0.297	0.288	0.287	0.290	0.292	0.299	0.289	0.279	0.305	0.287	0.287	0.284	0.290	0.295	0.291	0.289	0.287	0.295	0.290	0.289	0.294	0.286	0.291	0.285	0.284	0.283	0.282	0.288	0.283	0.292	0.298	0.289	0.285	0.279	0.286	0.289	0.290	0.284	0.284	0.285	0.283	0.278	0.282	0.338	0.281	0.285
5:00:34	34.9	0.287	0.290	0.288	0.281	0.290	0.284	0.284	0.292	0.280	0.288	0.277	0.283	0.293	0.286	0.286	0.280	0.278	0.284	0.287	0.282	0.293	0.282	0.284	0.288	0.293	0.292	0.286	0.290	0.297	0.293	0.295	0.303	0.284	0.290	0.290	0.288	0.294	0.294	0.291	0.295	0.292	0.303	0.298	0.301	0.300	0.302	0.292	0.384	0.292	0.289	0.300	0.293	0.293	0.295	0.296	0.304	0.294	0.284	0.310	0.292	0.292	0.289	0.297	0.299	0.296	0.293	0.292	0.299	0.294	0.293	0.298	0.290	0.296	0.290	0.290	0.289	0.286	0.290	0.287	0.296	0.300	0.293	0.288	0.282	0.289	0.293	0.294	0.287	0.290	0.290	0.286	0.283	0.286	0.341	0.286	0.288
6:00:34	34.9	0.288	0.291	0.288	0.282	0.293	0.288	0.286	0.293	0.283	0.290	0.280	0.285	0.294	0.286	0.287	0.284	0.282	0.286	0.291	0.284	0.295	0.282	0.283	0.289	0.294	0.294	0.289	0.292	0.297	0.296	0.295	0.307	0.287	0.290	0.292	0.291	0.295	0.297	0.294	0.298	0.295	0.305	0.299	0.302	0.300	0.303	0.295	0.451	0.299	0.292	0.300	0.295	0.297	0.298	0.298	0.306	0.297	0.287	0.313	0.292	0.296	0.290	0.298	0.300	0.299	0.295	0.293	0.300	0.295	0.295	0.299	0.297	0.299	0.293	0.293	0.291	0.289	0.290	0.287	0.297	0.302	0.293	0.291	0.284	0.291	0.295	0.296	0.290	0.292	0.292	0.290	0.287	0.289	0.341	0.288	0.291
7:00:35	34.9	0.288	0.290	0.289	0.325	0.293	0.286	0.286	0.295	0.284	0.291	0.280	0.286	0.293	0.286	0.286	0.284	0.283	0.287	0.291	0.285	0.294	0.282	0.303	0.290	0.295	0.294	0.291	0.293	0.298	0.295	0.295	0.309	0.289	0.290	0.294	0.292	0.296	0.298	0.296	0.299	0.296	0.305	0.299	0.302	0.300	0.303	0.296	0.507	0.302	0.294	0.301	0.295	0.298	0.297	0.299	0.306	0.297	0.290	0.315	0.293	0.297	0.291	0.300	0.300	0.300	0.295	0.293	0.301	0.296	0.296	0.300	0.293	0.300	0.295	0.295	0.293	0.291	0.289	0.289	0.297	0.302	0.294	0.292	0.286	0.291	0.296	0.297	0.290	0.292	0.295	0.316	0.287	0.290	0.343	0.289	0.291
8:00:36	34.9	0.288	0.291	0.289	0.285	0.294	0.287	0.286	0.295	0.285	0.291	0.281	0.287	0.294	0.286	0.286	0.284	0.282	0.286	0.291	0.285	0.295	0.284	0.284	0.291	0.296	0.295	0.291	0.294	0.299	0.296	0.296	0.309	0.290	0.290	0.296	0.294	0.296	0.298	0.297	0.299	0.296	0.304	0.300	0.303	0.301	0.302	0.297	0.517	0.296	0.295	0.302	0.296	0.299	0.298	0.299	0.305	0.297	0.291	0.317	0.292	0.297	0.292	0.301	0.301	0.300	0.296	0.295	0.302	0.296	0.296	0.300	0.293	0.300	0.295	0.295	0.296	0.293	0.289	0.291	0.297	0.302	0.293	0.292	0.287	0.292	0.296	0.298	0.292	0.293	0.292	0.362	0.288	0.292	0.342	0.290	0.291
9:00:37	34.9	0.288	0.292	0.290	0.290	0.294	0.287	0.288	0.295	0.286	0.292	0.281	0.288	0.296	0.287	0.288	0.285	0.284	0.286	0.293	0.286	0.297	0.285	0.285	0.292	0.296	0.295	0.292	0.294	0.299	0.296	0.296	0.311	0.291	0.290	0.296	0.295	0.297	0.299	0.296	0.300	0.297	0.305	0.300	0.303	0.302	0.303	0.297	0.536	0.297	0.295	0.302	0.296	0.300	0.298	0.299	0.305	0.298	0.292	0.317	0.293	0.297	0.292	0.300	0.300	0.299	0.297	0.294	0.301	0.297	0.297	0.299	0.299	0.301	0.296	0.295	0.296	0.293	0.288	0.293	0.297	0.303	0.294	0.293	0.289	0.293	0.298	0.299	0.293	0.296	0.293	0.439	0.289	0.293	0.341	0.291	0.292
10:00:37	34.9	0.288	0.293	0.292	0.296	0.294	0.288	0.289	0.296	0.286	0.292	0.282	0.288	0.296	0.287	0.288	0.286	0.283	0.287	0.292	0.287	0.298	0.287	0.287	0.293	0.297	0.296	0.292	0.294	0.299	0.296	0.295	0.310	0.292	0.290	0.295	0.295	0.297	0.300	0.297	0.300	0.297	0.305	0.303	0.303	0.302	0.302	0.297	0.549	0.296	0.295	0.301	0.296	0.301	0.298	0.300	0.306	0.298	0.293	0.319	0.294	0.298	0.293	0.300	0.300	0.301	0.297	0.295	0.301	0.296	0.296	0.299	0.295	0.303	0.296	0.295	0.296	0.293	0.290	0.293	0.298	0.303	0.293	0.294	0.290	0.294	0.299	0.300	0.294	0.296	0.295	0.475	0.290	0.293	0.341	0.292	0.292
11:00:38	34.9	0.289	0.294	0.292	0.306	0.296	0.288	0.290	0.297	0.287	0.293	0.284	0.289	0.297	0.289	0.289	0.286	0.286	0.288	0.293	0.288	0.299	0.288	0.287	0.294	0.298	0.298	0.294	0.295	0.299	0.296	0.296	0.310	0.293	0.290	0.295	0.295	0.298	0.301	0.298	0.301	0.297	0.304	0.299	0.304	0.302	0.302	0.296	0.556	0.296	0.296	0.301	0.296	0.301	0.298	0.299	0.306	0.298	0.293	0.320	0.294	0.299	0.295	0.300	0.300	0.301	0.297	0.294	0.301	0.296	0.296	0.300	0.295	0.303	0.298	0.294	0.296	0.294	0.289	0.294	0.297	0.302	0.294	0.294	0.290	0.293	0.299	0.300	0.294	0.296	0.294	0.488	0.291	0.293	0.342	0.293	0.294
12:00:38	34.9	0.288	0.294	0.292	0.328	0.297	0.289	0.290	0.298	0.288	0.294	0.283	0.290	0.296	0.289	0.290	0.287	0.287	0.289	0.295	0.289	0.300	0.289	0.288	0.294	0.298	0.299	0.295	0.292	0.294	0.289	0.292	0.309	0.294	0.292	0.296	0.296	0.298	0.302	0.298	0.302	0.297	0.305	0.300	0.304	0.302	0.303	0.299	0.558	0.298	0.296	0.302	0.297	0.303	0.298	0.299	0.306	0.298	0.293	0.320	0.296	0.299	0.295	0.300	0.301	0.302	0.296	0.295	0.301	0.297	0.296	0.301	0.296	0.303	0.299	0.295	0.297	0.295	0.290	0.295	0.297	0.303	0.294	0.295	0.290	0.293	0.298	0.300	0.294	0.297	0.296	0.482	0.291	0.293	0.343	0.294	0.293
13:00:39	34.9	0.288	0.293	0.292	0.360	0.298	0.289	0.291	0.297	0.288	0.293	0.283	0.288	0.295	0.290	0.291	0.289	0.288	0.290	0.295	0.290	0.300	0.289	0.287	0.294	0.297	0.299	0.296	0.294	0.296	0.291	0.293	0.309	0.295	0.292	0.295	0.295	0.297	0.303	0.300	0.304	0.298	0.305	0.301	0.306	0.302	0.304	0.298	0.555	0.298	0.297	0.302	0.297	0.304	0.299	0.301	0.307	0.297	0.294	0.321	0.296	0.298	0.295	0.300	0.301	0.303	0.297	0.296	0.300	0.297	0.296	0.301	0.296	0.303	0.299	0.296	0.298	0.296	0.291	0.295	0.297	0.303	0.294	0.295	0.289	0.292	0.297	0.299	0.294	0.296	0.295	0.440	0.291	0.294	0.342	0.293	0.293
14:00:39	34.9	0.288	0.293	0.292	0.375	0.298	0.290	0.291	0.297	0.288	0.293	0.283	0.288	0.294	0.289	0.290	0.290	0.288	0.290	0.295	0.291	0.301	0.289	0.288	0.293	0.297	0.301	0.297	0.295	0.297	0.292	0.294	0.310	0.294	0.292	0.296	0.294	0.296	0.304	0.301	0.304	0.298	0.304	0.300	0.305	0.302	0.303	0.297	0.555	0.298	0.298	0.303	0.297	0.305	0.298	0.300	0.306	0.298	0.294	0.320	0.295	0.299	0.295	0.301	0.301	0.303	0.299	0.296	0.302	0.296	0.296	0.301	0.295	0.302	0.299	0.296	0.298	0.297	0.291	0.296	0.297	0.303	0.294	0.294	0.289	0.291	0.296	0.299	0.295	0.296	0.296	0.464	0.291	0.294	0.340	0.293	0.292
15:00:40	34.9	0.287	0.293	0.291	0.386	0.297	0.289	0.291	0.297	0.288	0.292	0.281	0.287	0.293	0.288	0.290	0.289	0.288	0.289	0.294	0.291	0.301	0.288	0.286	0.291	0.297	0.300	0.297	0.294	0.297	0.292	0.294	0.310	0.295	0.291	0.294	0.294	0.294	0.303	0.300	0.304	0.298	0.304	0.301	0.305	0.300	0.302	0.296	0.554	0.297	0.298	0.303	0.298	0.306	0.299	0.300	0.306	0.297	0.294	0.320	0.294	0.297	0.294	0.300	0.301	0.302	0.298	0.295	0.300	0.297	0.296	0.300	0.294	0.302	0.299	0.296	0.299	0.297	0.293	0.296	0.296	0.303	0.295	0.294	0.288	0.290	0.294	0.298	0.293	0.294	0.295	0.475	0.290	0.293	0.339	0.292	0.291
16:00:40	34.9	0.285	0.291	0.291	0.398	0.297	0.289	0.290	0.296	0.287	0.292	0.284	0.286	0.292	0.288	0.289	0.288	0.288	0.289	0.294	0.290	0.300	0.287	0.285	0.290	0.296	0.300	0.296	0.295	0.297	0.293	0.294	0.310	0.294	0.291	0.295	0.292	0.293	0.303	0.301	0.303	0.298	0.303	0.300	0.305	0.300	0.302	0.296	0.551	0.302	0.298	0.303	0.298	0.305	0.299	0.300	0.305	0.296	0.293	0.320	0.293	0.296	0.294	0.299	0.300	0.302	0.298	0.295	0.300	0.296	0.295	0.300	0.293	0.301	0.298	0.296	0.298	0.297	0.292	0.297	0.296	0.303	0.295	0.293	0.287	0.289	0.294	0.296	0.292	0.294	0.295	0.485	0.291	0.292	0.338	0.292	0.290
17:00:41	34.9	0.284	0.291	0.291	0.408	0.296	0.288	0.290	0.296	0.287	0.291	0.283	0.285	0.292	0.287	0.289	0.288	0.288	0.288	0.295	0.290	0.298	0.286	0.285	0.290	0.295	0.300	0.296	0.295	0.298	0.293	0.295	0.310	0.294	0.291	0.295	0.291	0.292	0.302	0.299	0.303	0.298	0.303	0.300	0.305	0.299	0.301	0.296	0.550	0.295	0.297	0.304	0.298	0.304	0.299	0.300	0.305	0.295	0.293	0.319	0.292	0.295	0.294	0.298	0.300	0.301	0.297	0.294	0.299	0.295	0.295	0.299	0.292	0.300	0.298	0.296	0.298	0.297	0.292	0.295	0.295	0.302	0.295	0.292	0.286	0.287	0.293	0.295	0.291	0.293	0.294	0.471	0.291	0.291	0.338	0.291	0.289
18:00:41	34.9	0.282	0.290	0.290	0.420	0.296	0.288	0.290	0.295	0.286	0.290	0.282	0.284	0.291	0.285	0.287	0.287	0.287	0.287	0.293	0.287	0.297	0.285	0.284	0.288	0.294	0.299	0.296	0.294	0.298	0.292	0.294	0.309	0.293	0.289	0.293	0.289	0.291	0.302	0.299	0.302	0.297	0.303	0.300	0.304	0.298	0.300	0.294	0.548	0.294	0.298	0.303	0.297	0.304	0.299	0.299	0.304	0.294	0.293	0.319	0.290	0.294	0.292	0.298	0.300	0.301	0.297	0.293	0.297	0.295	0.294	0.299	0.293	0.299	0.298	0.295	0.298	0.297	0.292	0.295	0.294	0.301	0.294	0.290	0.284	0.286	0.291	0.294	0.290	0.292	0.293	0.465	0.290	0.290	0.335	0.290	0.287
19:00:42	34.9	0.281	0.289	0.289	0.428	0.295	0.287	0.290	0.294	0.285	0.289	0.280	0.281	0.289	0.285	0.286	0.286	0.286	0.285	0.292	0.286	0.296	0.284	0.283	0.287	0.293	0.298	0.295	0.294	0.296	0.292	0.294	0.308	0.292	0.289	0.293	0.288	0.290	0.300	0.298	0.302	0.297	0.303	0.299	0.304	0.298	0.299	0.292	0.541	0.293	0.298	0.302	0.296	0.302	0.299	0.297	0.303	0.293	0.291	0.318	0.289	0.294	0.292	0.298	0.298	0.300	0.296	0.293	0.296	0.293	0.293	0.297	0.291	0.297	0.297	0.294	0.298	0.297	0.292	0.295	0.294	0.301	0.294	0.289	0.283	0.285	0.289	0.292	0.289	0.291	0.292	0.472	0.289	0.289	0.334	0.288	0.285
20:00:42	35.0	0.283	0.290	0.290	0.439	0.296	0.288	0.290	0.295	0.286	0.289	0.281	0.283	0.290	0.285	0.287	0.287	0.288	0.287	0.293	0.288	0.297	0.285	0.283	0.287	0.294	0.299	0.296	0.296	0.298	0.293	0.295	0.310	0.293	0.290	0.294	0.288	0.291	0.301	0.299	0.302	0.297	0.303	0.300	0.304	0.299	0.299	0.293	0.541	0.295	0.298	0.304	0.298	0.304	0.301	0.298	0.305	0.294	0.292	0.319	0.290	0.295	0.292	0.298	0.299	0.301	0.297	0.294	0.297	0.294	0.294	0.298	0.290	0.298	0.298	0.296	0.299	0.297	0.293	0.297	0.294	0.302	0.295	0.289	0.284	0.287	0.290	0.293	0.290	0.292	0.294	0.473	0.290	0.289	0.336	0.289	0.285
21:00:43	34.9	0.280	0.287	0.287	0.446	0.295	0.286	0.288	0.293	0.284	0.287	0.279	0.280	0.288	0.283	0.286	0.292	0.286	0.285	0.291	0.286	0.295	0.284	0.281	0.285	0.292	0.297	0.294	0.294	0.296	0.292	0.292	0.308	0.292	0.288	0.291	0.286	0.288	0.300	0.298	0.300	0.296	0.301	0.298	0.303	0.297	0.298	0.291	0.539	0.292	0.297	0.301	0.297	0.302	0.299	0.297	0.303	0.292	0.291	0.316	0.288	0.293	0.290	0.296	0.297	0.299	0.295	0.292	0.295	0.292	0.292	0.295	0.289	0.295	0.296	0.294	0.297	0.296	0.292	0.295	0.293	0.300	0.293	0.288	0.281	0.284	0.288	0.291	0.289	0.290	0.292	0.452	0.288	0.287	0.332	0.287	0.283
22:00:43	34.9	0.277	0.285	0.285	0.453	0.293	0.285	0.286	0.292	0.283	0.286	0.277	0.279	0.287	0.281	0.284	0.284	0.285	0.284	0.290	0.285	0.294	0.282	0.280	0.284	0.290	0.296	0.293	0.293	0.295	0.290	0.292	0.307	0.291	0.286	0.289	0.284	0.286	0.298	0.296	0.299	0.294	0.300	0.296	0.301	0.295	0.296	0.289	0.539	0.290	0.296	0.301	0.295	0.300	0.298	0.296	0.302	0.290	0.289	0.316	0.287	0.291	0.289	0.295	0.296	0.298	0.294	0.291	0.293	0.292	0.290	0.294	0.286	0.295	0.295	0.292	0.296	0.295	0.291	0.294	0.292	0.298	0.292	0.286	0.280	0.283	0.286	0.289	0.286	0.288	0.289	0.441	0.286	0.286	0.329	0.285	0.281
23:00:44	35.0	0.279	0.286	0.286	0.463	0.294	0.285	0.286	0.292	0.284	0.286	0.277	0.279	0.289	0.281	0.285	0.285	0.285	0.284	0.291	0.285	0.295	0.283	0.280	0.284	0.291	0.297	0.293	0.291	0.293	0.288	0.290	0.306	0.290	0.286	0.289	0.284	0.286	0.298	0.296	0.301	0.295	0.300	0.297	0.301	0.296	0.297	0.289	0.535	0.290	0.296	0.301	0.296	0.301	0.298	0.296	0.302	0.290	0.288	0.316	0.287	0.292	0.289	0.295	0.297	0.298	0.293	0.291	0.294	0.291	0.289	0.293	0.287	0.295	0.296	0.292	0.297	0.296	0.292	0.294	0.292	0.300	0.293	0.286	0.280	0.285	0.287	0.289	0.287	0.289	0.291	0.452	0.287	0.286	0.330	0.286	0.281
0:00:00																																																																																																	

Results
	1	2	3	4	5	6	7	8	9	10	11	12
A	0.559	0.566	0.553	0.544	0.530	0.533	0.552	0.558	0.577	0.710	0.548	0.555	Max V [600]
	0.913	0.923	0.941	0.945	0.940	0.946	0.938	0.960	0.963	0.976	0.915	0.891	R-Squared [600]
	2:00:34	2:00:34	2:00:34	2:00:34	2:00:34	2:00:34	2:00:34	2:00:34	2:00:34	2:00:34	2:00:34	2:00:34	t at Max V [600]
	?????	0:02:29	0:05:26	0:07:43	0:05:34	0:08:07	0:05:13	0:09:59	0:08:48	0:13:59	0:01:05	?????	Lagtime [600]
B	0.580	0.531	0.538	0.536	0.493	0.546	0.536	0.543	0.540	0.552	0.556	0.572	Max V [600]
	0.919	0.943	0.945	0.955	0.957	0.953	0.937	0.946	0.943	0.940	0.932	0.918	R-Squared [600]
	2:00:34	2:00:34	2:00:34	2:00:34	2:00:34	2:00:34	2:00:34	2:00:34	2:00:34	2:00:34	2:00:34	2:00:34	t at Max V [600]
	?????	0:04:07	0:07:09	0:09:34	0:09:09	0:10:35	0:10:10	0:09:56	0:08:08	0:07:39	0:04:39	0:01:08	Lagtime [600]
C	0.570	0.555	0.550	0.561	0.584	0.586	0.591	0.527	0.532	0.584	0.562	0.556	Max V [600]
	0.942	0.951	0.953	0.952	0.954	0.950	0.947	0.950	0.953	0.956	0.952	0.936	R-Squared [600]
	2:00:34	2:00:34	2:00:34	2:00:34	2:00:34	2:00:34	2:00:34	2:00:34	2:00:34	2:00:34	2:00:34	2:00:34	t at Max V [600]
	0:07:25	0:10:49	0:13:34	0:15:46	0:16:16	0:16:05	0:16:53	0:16:50	0:14:48	0:13:05	0:10:58	0:05:28	Lagtime [600]
D	0.567	0.571	0.580	0.577	0.600	0.602	0.576	0.583	0.608	0.594	0.575	0.945	Max V [600]
	0.937	0.953	0.953	0.953	0.948	0.948	0.941	0.944	0.953	0.955	0.954	0.996	R-Squared [600]
	2:00:34	2:00:34	2:00:34	2:00:34	2:00:34	2:00:34	2:00:34	2:00:34	2:00:34	2:00:34	2:00:34	5:00:34	t at Max V [600]
	0:05:27	0:11:39	0:13:55	0:16:07	0:17:31	0:18:34	0:20:27	0:18:24	0:17:13	0:16:36	0:13:29	1:07:09	Lagtime [600]
E	0.573	0.563	0.603	0.594	0.550	0.590	0.585	0.576	0.604	0.551	0.660	0.565	Max V [600]
	0.941	0.951	0.953	0.948	0.948	0.947	0.948	0.942	0.950	0.957	0.958	0.941	R-Squared [600]
	2:00:34	2:00:34	2:00:34	2:00:34	2:00:34	2:00:34	2:00:34	2:00:34	2:00:34	2:00:34	2:00:34	2:00:34	t at Max V [600]
	0:08:28	0:12:22	0:16:34	0:17:05	0:20:08	0:18:47	0:18:10	0:19:52	0:17:08	0:17:04	0:10:27	0:06:04	Lagtime [600]
F	0.552	0.556	0.569	0.578	0.581	0.594	0.578	0.590	0.593	0.571	0.572	0.571	Max V [600]
	0.949	0.952	0.955	0.944	0.943	0.949	0.952	0.949	0.947	0.949	0.949	0.939	R-Squared [600]
	2:00:34	2:00:34	2:00:34	2:00:34	2:00:34	2:00:34	2:00:34	2:00:34	2:00:34	2:00:34	2:00:34	2:00:34	t at Max V [600]
	0:09:45	0:14:19	0:17:04	0:20:11	0:17:58	0:17:42	0:14:34	0:16:45	0:16:40	0:13:54	0:09:57	0:06:26	Lagtime [600]
G	0.547	0.535	0.563	0.562	0.557	0.609	0.566	0.608	0.599	0.599	0.572	0.548	Max V [600]
	0.943	0.956	0.958	0.954	0.953	0.947	0.951	0.950	0.951	0.949	0.946	0.940	R-Squared [600]
	2:00:34	2:00:34	2:00:34	2:00:34	2:00:34	2:00:34	2:00:34	2:00:34	2:00:34	2:00:34	2:00:34	2:00:34	t at Max V [600]
	0:07:34	0:10:41	0:14:46	0:16:23	0:17:12	0:16:58	0:14:43	0:15:05	0:14:09	0:13:21	0:08:56	0:06:07	Lagtime [600]
H	0.558	0.566	0.571	0.560	0.566	0.568	0.821	0.562	0.563	0.833	0.545	0.571	Max V [600]
	0.915	0.935	0.943	0.946	0.947	0.948	0.974	0.949	0.945	0.889	0.940	0.919	R-Squared [600]
	2:00:34	2:00:34	2:00:34	2:00:34	2:00:34	2:00:34	8:00:36	2:00:34	2:00:34	2:00:34	2:00:34	2:00:34	t at Max V [600]
	?????	0:05:08	0:06:55	0:09:24	0:09:40	0:09:59	3:46:09	0:09:18	0:07:54	?????	0:05:57	0:01:06	Lagtime [600]


