

Software Version	3.11.19



Experiment File Path:	C:\Users\patil-group\Desktop\Sweeteners_stacker\191121_NT5022_23_78_Rep4\NT5022_23_78_Rep4.xpt
Protocol File Path:	C:\Users\Public\Documents\Protocols\Screening-protocol.prt



Plate Number	Plate 12
Date	19/11/2021
Time	15:03:32
Reader Type:	Epoch 2
Reader Serial Number:	2103223
Reading Type	Reader

Procedure Details

Plate Type	96 WELL PLATE
Discontinuous Kinetics	Runtime 1:00:00 (D:HH:MM), Interval 0:01:00, 25 Reads
	Pause after each run
Eject plate on completion	
Shake	Linear: 0:00:30 (HH:MM:SS)
	Frequency: 567 cpm (3 mm)
Read	Absorbance Endpoint
	Full Plate
	Wavelengths:  600
	Read Speed: Normal,  Delay: 100 msec,  Measurements/Data Point: 8

600

Time	T° 600	A1	A2	A3	A4	A5	A6	A7	A8	A9	A10	A11	A12	B1	B2	B3	B4	B5	B6	B7	B8	B9	B10	B11	B12	C1	C2	C3	C4	C5	C6	C7	C8	C9	C10	C11	C12	D1	D2	D3	D4	D5	D6	D7	D8	D9	D10	D11	D12	E1	E2	E3	E4	E5	E6	E7	E8	E9	E10	E11	E12	F1	F2	F3	F4	F5	F6	F7	F8	F9	F10	F11	F12	G1	G2	G3	G4	G5	G6	G7	G8	G9	G10	G11	G12	H1	H2	H3	H4	H5	H6	H7	H8	H9	H10	H11	H12
0:00:34	34.9	0.166	0.172	0.174	0.171	0.171	0.171	0.167	0.172	0.167	0.165	0.165	0.166	0.175	0.165	0.167	0.171	0.165	0.166	0.166	0.166	0.180	0.171	0.172	0.162	0.178	0.176	0.181	0.172	0.171	0.165	0.164	0.183	0.165	0.169	0.176	0.165	0.181	0.182	0.174	0.180	0.168	0.170	0.167	0.165	0.177	0.176	0.170	0.170	0.168	0.175	0.171	0.172	0.165	0.199	0.163	0.178	0.163	0.167	0.166	0.166	0.180	0.179	0.182	0.169	0.172	0.172	0.164	0.178	0.176	0.165	0.165	0.164	0.177	0.169	0.172	0.167	0.168	0.165	0.166	0.168	0.170	0.170	0.168	0.169	0.165	0.183	0.178	0.169	0.175	0.166	0.170	0.164	0.164	0.167	0.163	0.165
1:00:35	35.0	0.173	0.177	0.181	0.177	0.177	0.177	0.176	0.177	0.178	0.174	0.173	0.173	0.181	0.171	0.174	0.177	0.172	0.171	0.171	0.176	0.187	0.180	0.173	0.168	0.183	0.182	0.180	0.177	0.177	0.171	0.171	0.190	0.171	0.175	0.176	0.172	0.189	0.185	0.177	0.182	0.174	0.177	0.171	0.171	0.182	0.180	0.175	0.175	0.171	0.178	0.174	0.174	0.170	0.191	0.169	0.183	0.171	0.174	0.172	0.171	0.183	0.183	0.186	0.173	0.182	0.177	0.167	0.183	0.178	0.170	0.171	0.170	0.180	0.174	0.177	0.172	0.172	0.170	0.171	0.174	0.177	0.176	0.174	0.174	0.172	0.181	0.184	0.176	0.180	0.172	0.174	0.170	0.171	0.172	0.169	0.171
2:00:35	35.0	0.184	0.189	0.191	0.187	0.185	0.186	0.188	0.187	0.186	0.184	0.185	0.186	0.191	0.179	0.182	0.186	0.180	0.177	0.179	0.184	0.197	0.184	0.181	0.177	0.207	0.190	0.189	0.184	0.185	0.179	0.178	0.197	0.178	0.184	0.183	0.184	0.193	0.188	0.182	0.186	0.182	0.187	0.179	0.178	0.184	0.184	0.180	0.179	0.174	0.182	0.179	0.177	0.178	0.184	0.175	0.190	0.180	0.182	0.182	0.180	0.187	0.186	0.190	0.181	0.185	0.182	0.171	0.187	0.181	0.178	0.178	0.178	0.189	0.182	0.184	0.178	0.178	0.178	0.177	0.182	0.184	0.186	0.182	0.184	0.183	0.192	0.192	0.186	0.189	0.179	0.182	0.178	0.181	0.181	0.178	0.181
3:00:36	35.1	0.206	0.208	0.207	0.206	0.200	0.199	0.197	0.205	0.206	0.199	0.199	0.208	0.211	0.198	0.196	0.196	0.191	0.187	0.187	0.196	0.214	0.198	0.197	0.193	0.221	0.202	0.200	0.199	0.195	0.191	0.189	0.209	0.194	0.199	0.200	0.206	0.202	0.195	0.189	0.194	0.195	0.200	0.190	0.190	0.195	0.193	0.188	0.189	0.180	0.188	0.184	0.181	0.192	0.205	0.184	0.200	0.193	0.196	0.195	0.211	0.195	0.193	0.194	0.193	0.198	0.192	0.178	0.195	0.187	0.196	0.194	0.195	0.207	0.198	0.199	0.190	0.188	0.189	0.188	0.193	0.199	0.201	0.198	0.204	0.204	0.211	0.209	0.205	0.208	0.194	0.196	0.195	0.199	0.200	0.197	0.200
4:00:36	35.1	0.230	0.229	0.230	0.229	0.217	0.221	0.219	0.231	0.226	0.224	0.218	0.232	0.232	0.220	0.216	0.215	0.214	0.210	0.208	0.218	0.226	0.216	0.216	0.213	0.235	0.222	0.220	0.217	0.213	0.206	0.208	0.224	0.207	0.217	0.223	0.232	0.216	0.206	0.203	0.208	0.213	0.220	0.206	0.207	0.206	0.204	0.201	0.201	0.190	0.198	0.192	0.186	0.210	0.235	0.199	0.214	0.217	0.218	0.216	0.228	0.208	0.206	0.205	0.221	0.220	0.211	0.185	0.200	0.192	0.220	0.214	0.217	0.233	0.225	0.225	0.209	0.207	0.204	0.207	0.212	0.223	0.231	0.224	0.227	0.229	0.244	0.238	0.237	0.231	0.222	0.222	0.217	0.223	0.223	0.220	0.225
5:00:37	35.0	0.238	0.241	0.245	0.242	0.238	0.234	0.244	0.243	0.240	0.239	0.231	0.239	0.249	0.239	0.233	0.234	0.234	0.236	0.231	0.248	0.242	0.233	0.235	0.231	0.250	0.237	0.233	0.234	0.235	0.231	0.228	0.249	0.230	0.237	0.244	0.243	0.232	0.221	0.215	0.223	0.242	0.257	0.240	0.226	0.222	0.219	0.212	0.216	0.201	0.213	0.204	0.195	0.233	0.267	0.228	0.233	0.241	0.237	0.233	0.243	0.223	0.220	0.217	0.247	0.236	0.232	0.197	0.211	0.200	0.235	0.233	0.231	0.251	0.243	0.247	0.233	0.226	0.223	0.231	0.234	0.249	0.253	0.238	0.239	0.243	0.251	0.259	0.259	0.250	0.241	0.240	0.236	0.242	0.237	0.233	0.236
6:00:37	35.1	0.239	0.244	0.245	0.241	0.236	0.239	0.243	0.244	0.241	0.239	0.233	0.240	0.251	0.240	0.241	0.243	0.246	0.246	0.261	0.280	0.260	0.244	0.244	0.237	0.251	0.246	0.251	0.249	0.264	0.253	0.252	0.262	0.256	0.251	0.247	0.241	0.244	0.233	0.228	0.237	0.256	0.291	0.280	0.258	0.236	0.231	0.224	0.227	0.215	0.229	0.216	0.206	0.257	0.267	0.253	0.270	0.250	0.256	0.240	0.246	0.235	0.232	0.231	0.270	0.262	0.255	0.211	0.229	0.211	0.241	0.238	0.234	0.249	0.244	0.243	0.247	0.240	0.238	0.241	0.243	0.257	0.255	0.245	0.240	0.242	0.253	0.259	0.257	0.248	0.244	0.241	0.239	0.243	0.239	0.236	0.238
7:00:38	35.1	0.241	0.246	0.247	0.244	0.237	0.240	0.242	0.247	0.247	0.241	0.237	0.241	0.250	0.242	0.243	0.245	0.243	0.244	0.253	0.267	0.268	0.250	0.246	0.239	0.253	0.248	0.254	0.255	0.260	0.252	0.247	0.266	0.255	0.251	0.247	0.238	0.249	0.243	0.239	0.248	0.255	0.293	0.271	0.257	0.246	0.239	0.232	0.232	0.230	0.245	0.235	0.219	0.254	0.275	0.244	0.261	0.255	0.254	0.239	0.247	0.241	0.241	0.241	0.254	0.251	0.247	0.227	0.253	0.224	0.238	0.238	0.233	0.245	0.243	0.245	0.246	0.245	0.241	0.240	0.243	0.258	0.259	0.243	0.241	0.240	0.253	0.260	0.249	0.248	0.243	0.241	0.239	0.241	0.239	0.237	0.239
8:00:39	35.0	0.241	0.245	0.247	0.246	0.240	0.241	0.243	0.246	0.246	0.240	0.236	0.241	0.250	0.244	0.246	0.245	0.245	0.242	0.246	0.262	0.268	0.250	0.247	0.240	0.256	0.250	0.252	0.256	0.258	0.252	0.249	0.270	0.256	0.251	0.251	0.237	0.251	0.244	0.242	0.250	0.254	0.276	0.250	0.252	0.248	0.241	0.233	0.233	0.235	0.247	0.246	0.234	0.252	0.276	0.241	0.253	0.257	0.253	0.241	0.240	0.243	0.242	0.246	0.247	0.253	0.247	0.238	0.258	0.237	0.240	0.240	0.235	0.247	0.243	0.246	0.245	0.244	0.241	0.240	0.243	0.256	0.256	0.243	0.242	0.242	0.256	0.257	0.249	0.247	0.244	0.241	0.240	0.240	0.243	0.238	0.240
9:00:38	35.0	0.242	0.246	0.247	0.247	0.243	0.242	0.243	0.246	0.248	0.241	0.237	0.241	0.251	0.243	0.245	0.249	0.245	0.246	0.247	0.259	0.265	0.252	0.247	0.239	0.253	0.252	0.252	0.256	0.260	0.256	0.254	0.269	0.257	0.249	0.247	0.242	0.250	0.246	0.243	0.248	0.253	0.267	0.244	0.246	0.250	0.241	0.234	0.234	0.235	0.248	0.248	0.243	0.249	0.254	0.239	0.251	0.256	0.253	0.241	0.241	0.243	0.243	0.246	0.246	0.250	0.246	0.243	0.266	0.246	0.240	0.240	0.236	0.250	0.243	0.246	0.244	0.245	0.240	0.241	0.245	0.257	0.256	0.244	0.243	0.241	0.263	0.256	0.248	0.247	0.243	0.241	0.240	0.241	0.245	0.239	0.241
10:00:39	35.0	0.243	0.247	0.247	0.246	0.243	0.243	0.243	0.247	0.249	0.242	0.237	0.242	0.251	0.244	0.246	0.249	0.244	0.244	0.247	0.259	0.265	0.252	0.249	0.240	0.256	0.252	0.252	0.254	0.259	0.253	0.255	0.269	0.255	0.251	0.246	0.239	0.250	0.246	0.242	0.247	0.254	0.263	0.246	0.251	0.248	0.240	0.234	0.235	0.237	0.246	0.241	0.248	0.249	0.263	0.239	0.252	0.254	0.248	0.242	0.241	0.245	0.244	0.246	0.242	0.249	0.243	0.243	0.266	0.246	0.241	0.241	0.236	0.250	0.243	0.246	0.244	0.244	0.240	0.240	0.244	0.254	0.253	0.244	0.243	0.244	0.293	0.255	0.249	0.247	0.243	0.241	0.241	0.240	0.242	0.240	0.240
11:00:40	35.1	0.243	0.246	0.247	0.245	0.245	0.245	0.243	0.246	0.248	0.241	0.237	0.241	0.252	0.244	0.247	0.249	0.246	0.244	0.246	0.260	0.266	0.250	0.245	0.239	0.248	0.252	0.251	0.252	0.257	0.254	0.255	0.265	0.259	0.250	0.247	0.238	0.251	0.246	0.242	0.245	0.254	0.263	0.248	0.249	0.249	0.240	0.234	0.235	0.235	0.246	0.241	0.246	0.247	0.264	0.239	0.253	0.255	0.249	0.241	0.241	0.245	0.244	0.246	0.243	0.249	0.243	0.242	0.263	0.248	0.240	0.240	0.236	0.249	0.243	0.246	0.243	0.243	0.239	0.240	0.244	0.252	0.249	0.244	0.244	0.242	0.290	0.255	0.247	0.247	0.243	0.241	0.242	0.241	0.242	0.240	0.241
12:00:41	35.1	0.244	0.246	0.247	0.247	0.244	0.245	0.243	0.246	0.249	0.242	0.237	0.244	0.251	0.244	0.245	0.249	0.245	0.243	0.247	0.259	0.266	0.252	0.247	0.239	0.248	0.252	0.252	0.253	0.258	0.254	0.260	0.272	0.256	0.252	0.247	0.240	0.250	0.246	0.242	0.244	0.252	0.258	0.249	0.250	0.248	0.240	0.235	0.236	0.234	0.244	0.241	0.243	0.251	0.252	0.240	0.252	0.254	0.249	0.244	0.241	0.246	0.245	0.247	0.243	0.249	0.243	0.242	0.263	0.247	0.241	0.240	0.236	0.250	0.244	0.246	0.242	0.244	0.240	0.240	0.244	0.253	0.250	0.245	0.244	0.242	0.280	0.256	0.246	0.247	0.243	0.242	0.242	0.240	0.242	0.240	0.242
13:00:41	35.1	0.244	0.247	0.248	0.247	0.245	0.246	0.242	0.246	0.250	0.241	0.237	0.242	0.253	0.244	0.245	0.249	0.244	0.243	0.247	0.259	0.266	0.251	0.245	0.239	0.247	0.251	0.252	0.252	0.256	0.255	0.257	0.266	0.258	0.249	0.246	0.239	0.249	0.245	0.241	0.244	0.251	0.259	0.246	0.247	0.246	0.240	0.234	0.236	0.234	0.243	0.240	0.241	0.248	0.259	0.240	0.252	0.251	0.248	0.244	0.243	0.247	0.245	0.247	0.242	0.249	0.245	0.241	0.262	0.247	0.241	0.240	0.237	0.249	0.244	0.246	0.241	0.244	0.239	0.239	0.244	0.250	0.247	0.244	0.244	0.242	0.271	0.256	0.246	0.247	0.242	0.241	0.241	0.239	0.242	0.240	0.242
14:00:41	35.0	0.244	0.247	0.249	0.247	0.245	0.246	0.243	0.246	0.249	0.242	0.237	0.242	0.253	0.244	0.246	0.248	0.244	0.244	0.247	0.256	0.264	0.251	0.244	0.239	0.247	0.250	0.252	0.252	0.256	0.252	0.256	0.264	0.257	0.248	0.246	0.239	0.250	0.245	0.241	0.242	0.251	0.259	0.245	0.245	0.245	0.239	0.234	0.237	0.234	0.243	0.239	0.239	0.248	0.287	0.240	0.253	0.250	0.246	0.241	0.243	0.246	0.245	0.248	0.242	0.249	0.244	0.241	0.260	0.246	0.243	0.240	0.237	0.249	0.244	0.246	0.241	0.243	0.239	0.240	0.245	0.250	0.246	0.244	0.245	0.242	0.269	0.256	0.246	0.247	0.243	0.241	0.241	0.239	0.242	0.241	0.242
15:00:43	35.1	0.244	0.247	0.248	0.246	0.244	0.245	0.243	0.246	0.248	0.240	0.237	0.241	0.253	0.244	0.246	0.247	0.244	0.244	0.245	0.255	0.263	0.249	0.245	0.239	0.247	0.250	0.251	0.250	0.253	0.252	0.255	0.264	0.253	0.248	0.245	0.238	0.249	0.245	0.241	0.242	0.250	0.257	0.246	0.247	0.244	0.239	0.235	0.238	0.234	0.242	0.238	0.237	0.247	0.280	0.241	0.252	0.247	0.247	0.241	0.243	0.246	0.245	0.247	0.243	0.249	0.244	0.241	0.260	0.244	0.241	0.240	0.238	0.249	0.244	0.245	0.241	0.241	0.239	0.239	0.244	0.249	0.245	0.244	0.245	0.243	0.265	0.255	0.246	0.247	0.242	0.240	0.240	0.239	0.243	0.240	0.242
16:00:43	35.0	0.244	0.247	0.248	0.246	0.245	0.245	0.242	0.246	0.246	0.241	0.237	0.241	0.253	0.243	0.245	0.247	0.243	0.243	0.244	0.253	0.263	0.248	0.244	0.239	0.247	0.250	0.251	0.249	0.253	0.251	0.253	0.264	0.257	0.247	0.244	0.237	0.248	0.243	0.241	0.241	0.249	0.257	0.244	0.245	0.243	0.239	0.234	0.237	0.240	0.241	0.237	0.237	0.247	0.280	0.239	0.252	0.245	0.244	0.240	0.242	0.246	0.245	0.247	0.242	0.248	0.243	0.240	0.260	0.243	0.245	0.240	0.238	0.249	0.243	0.245	0.241	0.241	0.238	0.239	0.244	0.246	0.244	0.243	0.244	0.242	0.270	0.255	0.245	0.246	0.243	0.241	0.240	0.240	0.242	0.240	0.242
17:00:44	35.0	0.243	0.247	0.248	0.245	0.244	0.245	0.243	0.245	0.246	0.240	0.237	0.241	0.253	0.244	0.244	0.246	0.244	0.243	0.244	0.253	0.261	0.246	0.243	0.239	0.246	0.249	0.249	0.247	0.252	0.248	0.250	0.260	0.252	0.247	0.243	0.236	0.248	0.243	0.240	0.241	0.248	0.256	0.245	0.247	0.243	0.238	0.234	0.237	0.234	0.240	0.236	0.236	0.245	0.260	0.239	0.251	0.244	0.245	0.241	0.242	0.246	0.245	0.247	0.241	0.247	0.244	0.239	0.256	0.241	0.240	0.240	0.238	0.249	0.243	0.244	0.240	0.240	0.238	0.239	0.246	0.246	0.244	0.243	0.244	0.242	0.266	0.256	0.245	0.246	0.242	0.242	0.241	0.239	0.243	0.240	0.242
18:00:44	35.0	0.244	0.247	0.249	0.245	0.243	0.245	0.242	0.245	0.245	0.241	0.237	0.241	0.252	0.243	0.244	0.245	0.243	0.242	0.243	0.251	0.260	0.245	0.242	0.239	0.246	0.248	0.248	0.247	0.250	0.247	0.248	0.259	0.249	0.245	0.241	0.236	0.247	0.243	0.238	0.240	0.245	0.254	0.245	0.245	0.242	0.237	0.235	0.237	0.234	0.238	0.235	0.235	0.244	0.274	0.238	0.250	0.243	0.242	0.239	0.242	0.246	0.252	0.246	0.241	0.247	0.242	0.238	0.255	0.241	0.239	0.240	0.237	0.249	0.242	0.244	0.239	0.240	0.237	0.238	0.245	0.245	0.242	0.243	0.246	0.241	0.262	0.256	0.245	0.246	0.241	0.240	0.239	0.239	0.242	0.240	0.243
19:00:46	35.0	0.243	0.247	0.249	0.244	0.242	0.245	0.241	0.244	0.243	0.240	0.237	0.241	0.252	0.243	0.243	0.245	0.241	0.241	0.242	0.250	0.258	0.243	0.242	0.238	0.246	0.248	0.249	0.247	0.249	0.244	0.246	0.258	0.248	0.244	0.240	0.236	0.246	0.242	0.238	0.239	0.246	0.252	0.243	0.244	0.240	0.237	0.233	0.236	0.233	0.238	0.234	0.233	0.243	0.278	0.237	0.251	0.241	0.240	0.239	0.241	0.245	0.245	0.246	0.241	0.247	0.242	0.236	0.253	0.240	0.240	0.239	0.238	0.249	0.242	0.243	0.239	0.239	0.236	0.237	0.242	0.244	0.241	0.242	0.244	0.241	0.250	0.255	0.244	0.245	0.242	0.241	0.239	0.238	0.242	0.240	0.242
20:00:46	35.0	0.243	0.246	0.248	0.244	0.242	0.244	0.242	0.244	0.242	0.240	0.237	0.241	0.252	0.242	0.242	0.244	0.241	0.240	0.241	0.249	0.257	0.242	0.241	0.238	0.244	0.248	0.247	0.245	0.248	0.244	0.244	0.256	0.247	0.243	0.239	0.236	0.246	0.241	0.237	0.238	0.244	0.251	0.242	0.244	0.239	0.236	0.233	0.236	0.233	0.237	0.233	0.232	0.241	0.253	0.237	0.249	0.240	0.239	0.239	0.241	0.245	0.245	0.245	0.239	0.245	0.240	0.235	0.250	0.240	0.238	0.238	0.237	0.248	0.242	0.243	0.239	0.238	0.235	0.236	0.241	0.243	0.241	0.241	0.245	0.241	0.249	0.255	0.244	0.245	0.242	0.240	0.239	0.238	0.242	0.239	0.242
21:00:46	35.0	0.242	0.245	0.248	0.245	0.241	0.243	0.240	0.248	0.241	0.239	0.237	0.240	0.251	0.242	0.243	0.243	0.240	0.239	0.239	0.247	0.255	0.241	0.240	0.238	0.244	0.248	0.247	0.244	0.247	0.242	0.244	0.254	0.246	0.242	0.238	0.235	0.245	0.240	0.236	0.236	0.244	0.249	0.242	0.241	0.240	0.235	0.232	0.234	0.232	0.237	0.232	0.231	0.240	0.278	0.237	0.247	0.238	0.238	0.239	0.240	0.244	0.245	0.245	0.239	0.245	0.240	0.234	0.249	0.238	0.237	0.238	0.236	0.248	0.241	0.243	0.239	0.238	0.236	0.235	0.240	0.242	0.240	0.240	0.244	0.241	0.249	0.254	0.243	0.244	0.241	0.240	0.238	0.238	0.241	0.239	0.241
22:00:47	35.0	0.242	0.245	0.248	0.244	0.241	0.243	0.239	0.243	0.240	0.239	0.237	0.241	0.251	0.241	0.243	0.243	0.239	0.237	0.240	0.245	0.253	0.241	0.240	0.238	0.244	0.249	0.247	0.244	0.247	0.241	0.243	0.254	0.245	0.241	0.238	0.234	0.245	0.240	0.236	0.236	0.241	0.248	0.241	0.241	0.238	0.235	0.233	0.235	0.232	0.236	0.231	0.230	0.238	0.251	0.237	0.249	0.237	0.237	0.238	0.240	0.244	0.244	0.245	0.238	0.247	0.239	0.233	0.247	0.236	0.237	0.237	0.237	0.247	0.241	0.242	0.238	0.238	0.235	0.236	0.242	0.242	0.240	0.240	0.243	0.242	0.248	0.253	0.243	0.243	0.240	0.240	0.238	0.237	0.241	0.239	0.241
23:00:48	35.0	0.242	0.245	0.247	0.245	0.239	0.243	0.239	0.243	0.240	0.239	0.237	0.240	0.251	0.241	0.242	0.242	0.238	0.237	0.240	0.245	0.253	0.241	0.239	0.238	0.244	0.247	0.246	0.244	0.246	0.241	0.242	0.253	0.243	0.239	0.236	0.234	0.244	0.239	0.234	0.235	0.240	0.246	0.240	0.241	0.237	0.234	0.230	0.234	0.231	0.235	0.231	0.229	0.237	0.243	0.236	0.246	0.236	0.236	0.237	0.240	0.243	0.244	0.244	0.237	0.243	0.240	0.231	0.246	0.236	0.236	0.237	0.236	0.246	0.240	0.241	0.238	0.237	0.234	0.236	0.239	0.241	0.240	0.243	0.243	0.239	0.247	0.253	0.242	0.243	0.240	0.239	0.238	0.236	0.241	0.238	0.240
0:00:00																																																																																																	

Results
	1	2	3	4	5	6	7	8	9	10	11	12
A	0.295	0.280	0.279	0.287	0.256	0.249	0.277	0.291	0.271	0.283	0.248	0.295	Max V [600]
	0.978	0.989	0.985	0.986	0.978	0.981	0.952	0.980	0.985	0.982	0.994	0.975	R-Squared [600]
	3:00:36	3:00:36	3:00:36	3:00:36	3:00:36	3:00:36	3:00:36	3:00:36	3:00:36	3:00:36	3:00:36	3:00:36	t at Max V [600]
	0:45:24	0:48:09	0:49:49	0:51:10	0:52:14	0:49:14	0:44:15	0:54:00	0:33:26	0:44:07	0:35:47	0:39:30	Lagtime [600]
B	0.294	0.295	0.256	0.255	0.291	0.313	0.349	0.407	0.256	0.256	0.271	0.269	Max V [600]
	0.987	0.981	0.983	0.987	0.987	0.978	0.963	0.972	0.996	0.993	0.987	0.983	R-Squared [600]
	3:00:36	3:00:36	4:00:36	4:00:36	4:00:36	4:00:36	4:00:36	4:00:36	4:00:36	4:00:36	4:00:36	3:00:36	t at Max V [600]
	0:52:50	0:58:13	0:59:43	1:09:12	1:15:32	1:34:43	1:44:21	1:34:52	0:52:56	1:06:48	1:25:18	0:53:04	Lagtime [600]
C	0.267	0.246	0.262	0.276	0.329	0.313	0.313	0.282	0.317	0.285	0.292	0.316	Max V [600]
	0.985	0.986	0.994	0.999	0.968	0.980	0.985	0.985	0.980	0.998	0.971	0.983	R-Squared [600]
	3:00:36	4:00:36	4:00:36	4:00:36	4:00:36	4:00:36	4:00:36	4:00:36	4:00:36	4:00:36	3:00:36	3:00:36	t at Max V [600]
	0:24:57	1:03:18	1:39:10	1:19:44	1:37:41	1:30:44	1:30:57	1:21:00	1:28:50	1:08:20	1:20:20	0:47:25	Lagtime [600]
D	0.220	0.206	0.210	0.229	0.327	0.443	0.419	0.326	0.222	0.200	0.186	0.205	Max V [600]
	0.994	0.998	0.998	0.996	0.983	0.964	0.936	0.968	0.994	0.992	0.996	0.995	R-Squared [600]
	4:00:36	5:00:37	5:00:37	5:00:37	4:00:36	4:00:36	4:00:36	4:00:36	5:00:37	4:00:36	4:00:36	4:00:36	t at Max V [600]
	1:17:15	1:59:52	1:46:56	1:55:34	1:29:35	1:44:07	1:56:26	1:34:33	1:43:32	1:28:05	1:13:38	1:19:31	Lagtime [600]
E	0.207	0.241	0.232	0.205	0.333	0.378	0.330	0.322	0.313	0.314	0.261	0.319	Max V [600]
	0.993	0.993	0.991	0.994	0.989	0.944	0.960	0.932	0.978	0.995	0.983	0.973	R-Squared [600]
	5:00:37	5:00:37	6:00:38	7:00:38	4:00:36	4:00:36	4:00:36	4:00:36	4:00:36	4:00:36	3:00:36	3:00:36	t at Max V [600]
	2:08:33	2:17:24	2:33:05	3:10:14	1:32:12	2:33:52	1:44:32	1:44:15	1:12:05	1:17:39	0:51:10	0:52:37	Lagtime [600]
F	0.207	0.207	0.202	0.387	0.321	0.311	0.227	0.262	0.196	0.285	0.266	0.268	Max V [600]
	0.991	0.994	0.997	0.989	0.988	0.982	0.996	0.971	0.994	0.979	0.976	0.978	R-Squared [600]
	4:00:36	5:00:37	5:00:37	4:00:36	4:00:36	4:00:36	6:00:38	6:00:38	7:00:38	3:00:36	3:00:36	3:00:36	t at Max V [600]
	1:36:21	1:50:25	2:06:02	1:41:55	1:30:27	1:45:10	2:29:50	2:43:12	2:57:14	0:58:45	0:57:21	0:53:51	Lagtime [600]
G	0.308	0.300	0.300	0.298	0.269	0.256	0.285	0.269	0.325	0.332	0.285	0.289	Max V [600]
	0.977	0.970	0.958	0.989	0.990	0.993	0.984	0.984	0.979	0.968	0.972	0.983	R-Squared [600]
	3:00:36	3:00:36	3:00:36	4:00:36	4:00:36	4:00:36	4:00:36	4:00:36	4:00:36	3:00:36	3:00:36	3:00:36	t at Max V [600]
	1:06:17	1:02:31	1:06:51	1:30:55	1:34:41	1:19:32	1:27:54	1:14:17	1:18:08	1:01:07	0:56:35	0:52:08	Lagtime [600]
H	0.313	0.318	0.325	0.359	0.304	0.303	0.288	0.283	0.308	0.286	0.285	0.289	Max V [600]
	0.985	0.961	0.964	0.973	0.981	0.960	0.969	0.976	0.982	0.982	0.983	0.983	R-Squared [600]
	3:00:36	3:00:36	3:00:36	3:00:36	3:00:36	3:00:36	3:00:36	3:00:36	3:00:36	3:00:36	3:00:36	3:00:36	t at Max V [600]
	0:49:28	1:16:24	1:03:06	0:59:45	0:59:55	1:03:37	1:04:49	0:56:50	0:54:36	0:54:34	0:51:18	0:50:00	Lagtime [600]


