
Software Version	3.11.19



Experiment File Path:	C:\Users\patil-group\Desktop\Sweeteners_stacker\NT5007_07_24_76_Rep1.xpt
Protocol File Path:	C:\Users\Public\Documents\Protocols\Screening-protocol.prt



Plate Number	Plate 15
Date	12/12/2021
Time	15:22:06
Reader Type:	Epoch 2
Reader Serial Number:	2103223
Reading Type	Reader

Procedure Details

Plate Type	96 WELL PLATE
Discontinuous Kinetics	Runtime 1:00:00 (D:HH:MM), Interval 0:01:00, 25 Reads
	Pause after each run
Eject plate on completion	
Shake	Linear: 0:00:30 (HH:MM:SS)
	Frequency: 567 cpm (3 mm)
Read	Absorbance Endpoint
	Full Plate
	Wavelengths:  600
	Read Speed: Normal,  Delay: 100 msec,  Measurements/Data Point: 8

600

Time	T° 600	A1	A2	A3	A4	A5	A6	A7	A8	A9	A10	A11	A12	B1	B2	B3	B4	B5	B6	B7	B8	B9	B10	B11	B12	C1	C2	C3	C4	C5	C6	C7	C8	C9	C10	C11	C12	D1	D2	D3	D4	D5	D6	D7	D8	D9	D10	D11	D12	E1	E2	E3	E4	E5	E6	E7	E8	E9	E10	E11	E12	F1	F2	F3	F4	F5	F6	F7	F8	F9	F10	F11	F12	G1	G2	G3	G4	G5	G6	G7	G8	G9	G10	G11	G12	H1	H2	H3	H4	H5	H6	H7	H8	H9	H10	H11	H12
0:00:34	34.2	0.183	0.176	0.180	0.179	0.176	0.175	0.175	0.175	0.179	0.180	0.177	0.179	0.180	0.179	0.185	0.179	0.175	0.181	0.176	0.178	0.191	0.176	0.174	0.185	0.185	0.181	0.184	0.184	0.180	0.179	0.182	0.184	0.174	0.179	0.175	0.183	0.177	0.183	0.184	0.178	0.174	0.180	0.173	0.171	0.174	0.178	0.177	0.183	0.176	0.192	0.182	0.177	0.176	0.176	0.174	0.179	0.177	0.175	0.181	0.178	0.183	0.177	0.178	0.176	0.189	0.177	0.176	0.174	0.178	0.188	0.180	0.178	0.178	0.179	0.176	0.180	0.177	0.179	0.176	0.179	0.180	0.176	0.179	0.173	0.175	0.174	0.176	0.174	0.175	0.175	0.176	0.175	0.176	0.180	0.175	0.178
1:00:34	34.4	0.186	0.178	0.181	0.181	0.178	0.177	0.176	0.176	0.180	0.181	0.179	0.181	0.182	0.181	0.187	0.181	0.177	0.182	0.178	0.179	0.194	0.177	0.176	0.186	0.185	0.183	0.185	0.185	0.182	0.180	0.184	0.186	0.176	0.181	0.177	0.185	0.179	0.185	0.186	0.179	0.175	0.181	0.174	0.172	0.176	0.179	0.179	0.184	0.177	0.193	0.183	0.179	0.177	0.177	0.176	0.180	0.178	0.177	0.182	0.180	0.185	0.178	0.178	0.177	0.190	0.179	0.178	0.175	0.179	0.189	0.181	0.180	0.179	0.181	0.177	0.181	0.179	0.180	0.177	0.181	0.181	0.178	0.181	0.175	0.177	0.177	0.178	0.176	0.177	0.177	0.177	0.176	0.178	0.181	0.177	0.180
2:00:34	34.4	0.188	0.179	0.183	0.182	0.180	0.178	0.178	0.178	0.182	0.182	0.181	0.183	0.184	0.183	0.188	0.182	0.178	0.183	0.179	0.181	0.195	0.179	0.177	0.188	0.186	0.185	0.186	0.186	0.182	0.181	0.185	0.186	0.177	0.182	0.178	0.186	0.180	0.186	0.187	0.181	0.177	0.182	0.175	0.174	0.177	0.177	0.180	0.185	0.179	0.196	0.185	0.180	0.178	0.178	0.177	0.181	0.180	0.179	0.184	0.181	0.187	0.179	0.181	0.178	0.191	0.179	0.179	0.177	0.181	0.190	0.183	0.181	0.181	0.182	0.179	0.182	0.180	0.180	0.179	0.182	0.182	0.179	0.182	0.177	0.179	0.179	0.179	0.178	0.179	0.179	0.179	0.176	0.180	0.183	0.178	0.181
3:00:35	34.5	0.190	0.182	0.185	0.185	0.182	0.181	0.180	0.180	0.184	0.185	0.183	0.185	0.187	0.185	0.190	0.184	0.180	0.185	0.181	0.182	0.197	0.181	0.180	0.191	0.188	0.186	0.188	0.188	0.184	0.183	0.186	0.188	0.179	0.184	0.180	0.189	0.182	0.188	0.189	0.182	0.178	0.184	0.176	0.175	0.179	0.179	0.182	0.187	0.181	0.197	0.186	0.181	0.180	0.180	0.179	0.184	0.181	0.180	0.185	0.183	0.188	0.181	0.183	0.180	0.193	0.181	0.181	0.178	0.183	0.191	0.184	0.183	0.183	0.184	0.180	0.184	0.182	0.181	0.181	0.183	0.184	0.181	0.184	0.179	0.182	0.181	0.181	0.180	0.181	0.181	0.181	0.179	0.181	0.185	0.181	0.184
4:00:35	34.4	0.193	0.185	0.188	0.188	0.185	0.183	0.183	0.183	0.187	0.187	0.186	0.188	0.190	0.187	0.193	0.186	0.182	0.187	0.184	0.185	0.200	0.183	0.182	0.193	0.191	0.189	0.191	0.190	0.186	0.185	0.188	0.190	0.182	0.186	0.183	0.191	0.185	0.190	0.191	0.184	0.180	0.186	0.179	0.177	0.181	0.181	0.185	0.190	0.183	0.199	0.189	0.183	0.182	0.182	0.181	0.185	0.184	0.182	0.188	0.186	0.191	0.184	0.184	0.182	0.195	0.183	0.183	0.180	0.185	0.193	0.187	0.185	0.186	0.188	0.183	0.186	0.184	0.183	0.183	0.186	0.186	0.183	0.187	0.182	0.184	0.184	0.183	0.183	0.183	0.183	0.183	0.181	0.183	0.187	0.184	0.186
5:00:36	34.4	0.197	0.188	0.192	0.191	0.188	0.186	0.186	0.186	0.191	0.191	0.189	0.192	0.193	0.191	0.195	0.189	0.184	0.190	0.186	0.187	0.199	0.186	0.186	0.196	0.194	0.192	0.193	0.192	0.190	0.187	0.190	0.193	0.184	0.189	0.186	0.194	0.188	0.192	0.193	0.187	0.183	0.189	0.181	0.180	0.184	0.183	0.188	0.193	0.187	0.202	0.191	0.186	0.185	0.185	0.183	0.188	0.186	0.185	0.190	0.188	0.194	0.186	0.186	0.184	0.197	0.186	0.185	0.183	0.187	0.196	0.189	0.188	0.189	0.189	0.185	0.189	0.186	0.186	0.186	0.188	0.188	0.186	0.189	0.184	0.188	0.187	0.187	0.186	0.186	0.186	0.186	0.184	0.186	0.190	0.187	0.189
6:00:36	34.5	0.200	0.191	0.195	0.194	0.190	0.189	0.189	0.189	0.193	0.193	0.192	0.195	0.195	0.193	0.198	0.192	0.188	0.193	0.189	0.190	0.201	0.188	0.187	0.198	0.197	0.195	0.196	0.196	0.192	0.190	0.193	0.196	0.187	0.192	0.188	0.197	0.191	0.195	0.197	0.190	0.186	0.191	0.184	0.183	0.187	0.187	0.191	0.195	0.189	0.205	0.194	0.189	0.188	0.188	0.187	0.191	0.189	0.188	0.193	0.191	0.197	0.189	0.190	0.187	0.200	0.189	0.188	0.186	0.190	0.198	0.192	0.191	0.192	0.192	0.189	0.192	0.189	0.189	0.189	0.191	0.192	0.189	0.193	0.188	0.191	0.190	0.189	0.188	0.189	0.189	0.189	0.187	0.189	0.193	0.189	0.192
7:00:36	34.5	0.207	0.197	0.200	0.199	0.197	0.194	0.194	0.194	0.199	0.198	0.198	0.201	0.201	0.198	0.201	0.195	0.190	0.196	0.192	0.193	0.205	0.192	0.192	0.204	0.201	0.197	0.198	0.197	0.193	0.192	0.194	0.198	0.189	0.193	0.192	0.202	0.195	0.197	0.198	0.192	0.187	0.193	0.186	0.184	0.188	0.188	0.193	0.199	0.194	0.207	0.196	0.190	0.189	0.189	0.188	0.192	0.190	0.190	0.195	0.194	0.201	0.191	0.191	0.189	0.201	0.190	0.190	0.187	0.192	0.199	0.194	0.194	0.195	0.194	0.190	0.193	0.191	0.190	0.190	0.193	0.193	0.190	0.195	0.190	0.200	0.195	0.195	0.193	0.194	0.194	0.192	0.191	0.193	0.196	0.193	0.196
8:00:36	34.5	0.215	0.204	0.208	0.206	0.204	0.201	0.201	0.201	0.206	0.205	0.205	0.208	0.209	0.205	0.208	0.202	0.197	0.202	0.198	0.199	0.211	0.198	0.199	0.211	0.209	0.205	0.205	0.203	0.200	0.198	0.200	0.204	0.195	0.200	0.198	0.208	0.203	0.203	0.204	0.198	0.193	0.198	0.192	0.190	0.195	0.194	0.200	0.206	0.201	0.214	0.202	0.197	0.196	0.195	0.194	0.198	0.196	0.196	0.202	0.200	0.208	0.198	0.197	0.194	0.206	0.196	0.195	0.193	0.198	0.205	0.201	0.201	0.202	0.201	0.197	0.199	0.196	0.196	0.196	0.199	0.199	0.196	0.201	0.198	0.205	0.202	0.202	0.200	0.201	0.201	0.199	0.198	0.199	0.203	0.200	0.203
9:00:37	34.5	0.223	0.213	0.216	0.214	0.212	0.209	0.208	0.209	0.214	0.213	0.212	0.216	0.217	0.212	0.216	0.209	0.204	0.209	0.205	0.206	0.218	0.205	0.207	0.219	0.216	0.212	0.212	0.210	0.207	0.205	0.207	0.211	0.202	0.207	0.205	0.216	0.210	0.210	0.212	0.205	0.200	0.205	0.198	0.196	0.201	0.201	0.206	0.213	0.209	0.221	0.209	0.203	0.203	0.202	0.201	0.205	0.203	0.203	0.207	0.206	0.215	0.205	0.204	0.201	0.213	0.202	0.201	0.199	0.204	0.212	0.208	0.208	0.209	0.208	0.204	0.206	0.203	0.203	0.202	0.205	0.206	0.203	0.209	0.205	0.214	0.210	0.210	0.207	0.209	0.208	0.206	0.204	0.207	0.209	0.207	0.210
10:00:37	34.4	0.233	0.222	0.225	0.223	0.221	0.218	0.217	0.218	0.223	0.222	0.221	0.225	0.226	0.221	0.224	0.217	0.212	0.217	0.213	0.214	0.226	0.213	0.215	0.228	0.225	0.221	0.219	0.217	0.214	0.212	0.214	0.218	0.209	0.214	0.213	0.224	0.219	0.218	0.219	0.213	0.207	0.212	0.205	0.203	0.208	0.209	0.214	0.222	0.218	0.228	0.216	0.211	0.210	0.209	0.209	0.213	0.210	0.210	0.214	0.213	0.224	0.213	0.211	0.208	0.220	0.209	0.208	0.206	0.212	0.219	0.215	0.216	0.218	0.216	0.210	0.213	0.210	0.210	0.209	0.212	0.213	0.210	0.217	0.213	0.222	0.219	0.219	0.216	0.217	0.217	0.215	0.213	0.215	0.218	0.216	0.219
11:00:38	34.5	0.242	0.232	0.235	0.233	0.231	0.227	0.227	0.228	0.232	0.231	0.231	0.234	0.235	0.230	0.233	0.226	0.221	0.226	0.222	0.223	0.235	0.222	0.224	0.236	0.235	0.230	0.228	0.226	0.222	0.221	0.223	0.227	0.218	0.223	0.222	0.232	0.228	0.227	0.227	0.220	0.215	0.220	0.214	0.211	0.216	0.217	0.223	0.230	0.226	0.237	0.225	0.219	0.219	0.217	0.218	0.223	0.218	0.219	0.221	0.220	0.233	0.222	0.220	0.217	0.228	0.218	0.216	0.214	0.220	0.227	0.224	0.225	0.227	0.225	0.219	0.221	0.218	0.218	0.218	0.221	0.222	0.219	0.226	0.222	0.232	0.228	0.228	0.225	0.226	0.226	0.224	0.222	0.224	0.227	0.225	0.227
12:00:38	34.4	0.245	0.236	0.239	0.238	0.236	0.234	0.233	0.232	0.236	0.236	0.235	0.236	0.241	0.238	0.242	0.235	0.230	0.235	0.231	0.232	0.243	0.230	0.230	0.241	0.243	0.239	0.237	0.235	0.231	0.231	0.232	0.236	0.227	0.232	0.230	0.239	0.237	0.236	0.236	0.229	0.223	0.228	0.222	0.219	0.225	0.226	0.232	0.238	0.235	0.247	0.235	0.229	0.228	0.226	0.228	0.232	0.227	0.229	0.229	0.228	0.241	0.231	0.229	0.225	0.237	0.226	0.224	0.223	0.229	0.236	0.232	0.233	0.236	0.234	0.229	0.230	0.227	0.227	0.227	0.230	0.231	0.227	0.233	0.230	0.236	0.235	0.235	0.233	0.233	0.234	0.233	0.230	0.233	0.236	0.232	0.235
13:00:38	34.4	0.248	0.240	0.241	0.241	0.239	0.237	0.235	0.235	0.239	0.239	0.237	0.239	0.244	0.242	0.245	0.239	0.234	0.238	0.234	0.236	0.247	0.234	0.233	0.243	0.246	0.243	0.242	0.241	0.237	0.236	0.237	0.241	0.231	0.236	0.234	0.242	0.240	0.241	0.242	0.236	0.231	0.237	0.230	0.228	0.232	0.231	0.235	0.240	0.238	0.251	0.241	0.236	0.235	0.234	0.233	0.237	0.233	0.233	0.233	0.231	0.244	0.236	0.236	0.233	0.244	0.233	0.233	0.229	0.233	0.240	0.236	0.236	0.239	0.238	0.234	0.236	0.233	0.233	0.233	0.235	0.235	0.232	0.237	0.233	0.240	0.239	0.240	0.237	0.237	0.238	0.236	0.234	0.236	0.239	0.235	0.238
14:00:39	34.4	0.252	0.243	0.244	0.243	0.243	0.239	0.238	0.239	0.243	0.242	0.241	0.242	0.248	0.246	0.249	0.243	0.237	0.243	0.238	0.239	0.252	0.237	0.237	0.246	0.250	0.247	0.246	0.244	0.240	0.239	0.240	0.245	0.235	0.240	0.238	0.244	0.243	0.245	0.246	0.240	0.234	0.240	0.233	0.230	0.235	0.235	0.239	0.243	0.242	0.255	0.245	0.240	0.238	0.237	0.237	0.240	0.237	0.237	0.236	0.233	0.247	0.240	0.240	0.237	0.248	0.237	0.236	0.233	0.237	0.244	0.240	0.238	0.243	0.243	0.238	0.240	0.237	0.237	0.236	0.239	0.239	0.236	0.241	0.236	0.244	0.243	0.242	0.241	0.242	0.242	0.239	0.237	0.240	0.242	0.238	0.240
15:00:40	34.4	0.256	0.247	0.247	0.247	0.247	0.243	0.242	0.243	0.247	0.246	0.245	0.246	0.252	0.251	0.254	0.248	0.242	0.247	0.243	0.243	0.255	0.242	0.242	0.250	0.254	0.252	0.249	0.248	0.245	0.243	0.244	0.249	0.239	0.244	0.242	0.248	0.247	0.249	0.250	0.243	0.238	0.244	0.237	0.234	0.239	0.239	0.243	0.247	0.247	0.260	0.249	0.244	0.243	0.242	0.241	0.244	0.241	0.242	0.240	0.236	0.252	0.245	0.244	0.241	0.252	0.241	0.241	0.237	0.241	0.248	0.245	0.242	0.247	0.247	0.242	0.244	0.241	0.241	0.241	0.243	0.243	0.241	0.245	0.239	0.249	0.247	0.247	0.245	0.246	0.246	0.242	0.241	0.244	0.246	0.243	0.245
16:00:40	34.5	0.260	0.252	0.251	0.250	0.251	0.248	0.246	0.247	0.251	0.250	0.249	0.250	0.257	0.255	0.259	0.252	0.247	0.251	0.247	0.248	0.260	0.246	0.246	0.254	0.259	0.256	0.254	0.253	0.249	0.248	0.249	0.253	0.244	0.249	0.247	0.253	0.252	0.253	0.254	0.248	0.243	0.248	0.242	0.238	0.244	0.243	0.248	0.251	0.251	0.264	0.254	0.249	0.247	0.246	0.245	0.249	0.246	0.247	0.245	0.240	0.256	0.249	0.248	0.245	0.256	0.246	0.245	0.242	0.246	0.254	0.249	0.246	0.251	0.252	0.247	0.249	0.246	0.246	0.246	0.248	0.248	0.245	0.249	0.243	0.254	0.252	0.251	0.250	0.251	0.251	0.247	0.246	0.249	0.250	0.247	0.248
17:00:40	34.4	0.264	0.256	0.255	0.254	0.256	0.252	0.250	0.251	0.256	0.254	0.254	0.255	0.262	0.260	0.263	0.257	0.251	0.256	0.252	0.253	0.263	0.251	0.251	0.258	0.264	0.261	0.259	0.257	0.254	0.252	0.253	0.258	0.248	0.253	0.251	0.258	0.256	0.258	0.259	0.254	0.247	0.253	0.246	0.243	0.248	0.248	0.252	0.255	0.256	0.269	0.258	0.253	0.252	0.251	0.249	0.253	0.250	0.251	0.249	0.244	0.261	0.254	0.253	0.250	0.261	0.250	0.250	0.246	0.251	0.258	0.253	0.250	0.257	0.257	0.252	0.254	0.250	0.250	0.250	0.252	0.253	0.250	0.253	0.247	0.258	0.257	0.256	0.255	0.256	0.256	0.252	0.251	0.253	0.255	0.252	0.256
18:00:41	34.4	0.268	0.260	0.259	0.258	0.260	0.256	0.254	0.256	0.260	0.259	0.258	0.258	0.265	0.264	0.267	0.261	0.255	0.260	0.255	0.257	0.268	0.256	0.255	0.262	0.268	0.266	0.263	0.261	0.258	0.256	0.257	0.262	0.252	0.258	0.255	0.262	0.260	0.262	0.263	0.257	0.251	0.257	0.250	0.247	0.252	0.252	0.256	0.259	0.260	0.273	0.263	0.257	0.256	0.255	0.253	0.257	0.254	0.255	0.253	0.247	0.265	0.258	0.257	0.254	0.265	0.255	0.254	0.251	0.255	0.262	0.257	0.254	0.260	0.261	0.256	0.258	0.255	0.255	0.254	0.256	0.257	0.254	0.257	0.250	0.262	0.261	0.260	0.259	0.260	0.260	0.256	0.255	0.257	0.259	0.256	0.257
19:00:42	34.4	0.271	0.264	0.263	0.262	0.264	0.260	0.258	0.259	0.264	0.262	0.261	0.262	0.269	0.268	0.271	0.264	0.259	0.264	0.260	0.261	0.271	0.259	0.259	0.266	0.272	0.270	0.267	0.265	0.262	0.260	0.261	0.266	0.256	0.262	0.259	0.266	0.265	0.266	0.267	0.261	0.256	0.261	0.255	0.251	0.256	0.256	0.260	0.263	0.264	0.278	0.267	0.262	0.261	0.259	0.257	0.261	0.258	0.259	0.257	0.251	0.268	0.262	0.261	0.258	0.270	0.259	0.258	0.255	0.259	0.266	0.261	0.257	0.263	0.265	0.260	0.262	0.259	0.258	0.259	0.261	0.261	0.258	0.261	0.254	0.266	0.265	0.264	0.263	0.264	0.264	0.260	0.259	0.261	0.263	0.259	0.262
20:00:42	34.5	0.274	0.267	0.266	0.265	0.267	0.263	0.261	0.263	0.267	0.266	0.264	0.265	0.272	0.271	0.274	0.268	0.262	0.267	0.263	0.264	0.276	0.263	0.262	0.269	0.275	0.273	0.270	0.268	0.265	0.264	0.264	0.270	0.260	0.265	0.263	0.268	0.267	0.270	0.270	0.265	0.259	0.264	0.258	0.255	0.260	0.260	0.264	0.266	0.268	0.281	0.270	0.265	0.264	0.263	0.261	0.265	0.261	0.262	0.260	0.254	0.271	0.265	0.265	0.262	0.273	0.262	0.262	0.258	0.262	0.269	0.264	0.260	0.266	0.269	0.264	0.266	0.262	0.262	0.262	0.264	0.264	0.261	0.264	0.257	0.269	0.268	0.267	0.266	0.268	0.267	0.263	0.262	0.264	0.266	0.262	0.264
21:00:43	34.6	0.276	0.270	0.268	0.268	0.270	0.266	0.264	0.265	0.269	0.268	0.267	0.267	0.274	0.274	0.277	0.271	0.266	0.270	0.266	0.268	0.277	0.265	0.265	0.272	0.278	0.276	0.273	0.271	0.268	0.267	0.267	0.273	0.263	0.268	0.265	0.271	0.270	0.272	0.273	0.268	0.262	0.267	0.261	0.258	0.263	0.263	0.266	0.269	0.270	0.285	0.273	0.269	0.267	0.266	0.264	0.268	0.265	0.265	0.263	0.257	0.274	0.268	0.267	0.265	0.277	0.264	0.264	0.261	0.265	0.272	0.267	0.263	0.269	0.273	0.267	0.269	0.265	0.264	0.265	0.267	0.267	0.264	0.266	0.259	0.271	0.271	0.269	0.270	0.271	0.270	0.266	0.265	0.267	0.269	0.265	0.267
22:00:43	34.6	0.277	0.271	0.270	0.270	0.272	0.268	0.265	0.267	0.271	0.270	0.269	0.269	0.276	0.275	0.279	0.272	0.268	0.273	0.268	0.269	0.279	0.267	0.266	0.273	0.280	0.279	0.275	0.274	0.270	0.269	0.270	0.275	0.265	0.271	0.268	0.272	0.272	0.275	0.276	0.271	0.265	0.270	0.264	0.261	0.266	0.265	0.269	0.271	0.273	0.286	0.276	0.271	0.270	0.269	0.267	0.271	0.268	0.269	0.265	0.259	0.276	0.271	0.271	0.267	0.279	0.267	0.267	0.264	0.268	0.274	0.269	0.267	0.271	0.272	0.269	0.272	0.267	0.269	0.268	0.269	0.270	0.267	0.268	0.262	0.273	0.273	0.272	0.272	0.273	0.272	0.268	0.267	0.269	0.271	0.267	0.273
23:00:45	34.6	0.279	0.271	0.272	0.272	0.273	0.269	0.267	0.268	0.272	0.271	0.270	0.270	0.276	0.276	0.281	0.274	0.269	0.274	0.269	0.271	0.280	0.269	0.269	0.280	0.281	0.280	0.277	0.276	0.272	0.272	0.272	0.276	0.267	0.273	0.269	0.274	0.274	0.277	0.278	0.273	0.267	0.273	0.266	0.262	0.268	0.268	0.270	0.273	0.274	0.288	0.278	0.274	0.272	0.271	0.269	0.273	0.270	0.270	0.267	0.261	0.277	0.273	0.273	0.270	0.281	0.270	0.270	0.266	0.271	0.276	0.272	0.267	0.273	0.274	0.271	0.274	0.270	0.269	0.270	0.271	0.272	0.268	0.270	0.263	0.274	0.274	0.273	0.274	0.275	0.274	0.269	0.268	0.271	0.274	0.269	0.270
0:00:00																																																																																																	

Results
	1	2	3	4	5	6	7	8	9	10	11	12
A	0.148	0.146	0.146	0.144	0.144	0.138	0.134	0.138	0.136	0.138	0.138	0.137	Max V [600]
	0.999	0.998	0.997	0.997	0.995	0.998	0.996	0.995	0.997	0.998	0.995	0.998	R-Squared [600]
	9:00:37	9:00:37	9:00:37	9:00:37	9:00:37	10:00:37	10:00:37	9:00:37	9:00:37	9:00:37	9:00:37	9:00:37	t at Max V [600]
	4:24:29	4:46:28	4:48:57	4:51:07	4:45:42	4:53:00	4:44:00	4:45:47	4:38:10	4:51:43	4:37:13	4:27:48	Lagtime [600]
B	0.142	0.142	0.141	0.142	0.137	0.139	0.135	0.138	0.133	0.133	0.130	0.135	Max V [600]
	0.998	0.999	0.998	0.997	0.997	0.998	0.998	0.997	0.999	0.998	0.999	0.997	R-Squared [600]
	9:00:37	10:00:37	10:00:37	10:00:37	10:00:37	10:00:37	10:00:37	10:00:37	10:00:37	10:00:37	9:00:37	9:00:37	t at Max V [600]
	4:39:13	5:03:37	5:22:03	5:27:54	5:26:03	5:36:04	5:20:35	5:28:07	5:30:06	5:14:30	4:46:25	4:42:45	Lagtime [600]
C	0.144	0.144	0.136	0.132	0.132	0.135	0.131	0.134	0.132	0.134	0.132	0.128	Max V [600]
	0.999	0.997	0.995	0.995	0.997	0.996	0.994	0.996	0.996	0.996	0.999	0.999	R-Squared [600]
	10:00:37	10:00:37	10:00:37	10:00:37	10:00:37	10:00:37	10:00:37	10:00:37	10:00:37	10:00:37	10:00:37	10:00:37	t at Max V [600]
	5:20:04	5:22:01	5:36:54	5:42:54	5:39:46	5:47:42	5:49:54	5:32:11	5:27:10	5:30:17	5:08:08	4:45:03	Lagtime [600]
D	0.145	0.137	0.132	0.132	0.131	0.134	0.132	0.131	0.130	0.133	0.135	0.133	Max V [600]
	0.998	0.995	0.996	0.999	0.999	0.998	0.999	0.998	0.998	0.997	0.997	0.999	R-Squared [600]
	10:00:37	10:00:37	10:00:37	11:00:38	11:00:38	11:00:38	11:00:38	11:00:38	11:00:38	10:00:37	10:00:37	10:00:37	t at Max V [600]
	5:09:58	5:40:26	5:34:55	5:37:58	5:43:37	5:53:43	5:49:11	5:51:04	5:37:10	6:02:32	5:20:56	5:07:16	Lagtime [600]
E	0.145	0.139	0.138	0.140	0.137	0.134	0.144	0.144	0.128	0.135	0.111	0.115	Max V [600]
	0.999	0.995	0.995	0.999	0.997	0.999	0.995	0.997	0.998	0.994	0.995	0.998	R-Squared [600]
	10:00:37	10:00:37	11:00:38	11:00:38	11:00:38	11:00:38	10:00:37	10:00:37	11:00:38	10:00:37	10:00:37	10:00:37	t at Max V [600]
	5:14:08	5:31:20	5:47:58	5:52:45	5:46:42	5:48:40	5:51:57	5:54:29	5:36:26	5:34:08	4:58:03	4:54:45	Lagtime [600]
F	0.139	0.140	0.137	0.135	0.131	0.130	0.132	0.128	0.128	0.128	0.132	0.134	Max V [600]
	0.999	0.995	0.998	0.999	0.999	0.999	0.998	0.998	0.997	0.996	0.998	0.999	R-Squared [600]
	10:00:37	10:00:37	11:00:38	11:00:38	11:00:38	11:00:38	11:00:38	11:00:38	10:00:37	10:00:37	10:00:37	10:00:37	t at Max V [600]
	5:05:46	5:35:06	5:55:02	5:55:17	5:57:10	5:51:08	5:59:01	5:46:32	5:31:45	5:51:59	5:26:39	5:13:41	Lagtime [600]
G	0.143	0.138	0.133	0.130	0.130	0.131	0.131	0.130	0.130	0.131	0.135	0.137	Max V [600]
	0.998	0.997	0.995	0.997	0.996	0.997	0.996	0.995	0.996	0.997	0.998	0.998	R-Squared [600]
	10:00:37	10:00:37	10:00:37	10:00:37	10:00:37	11:00:38	11:00:38	10:00:37	10:00:37	10:00:37	10:00:37	10:00:37	t at Max V [600]
	5:17:03	5:26:28	5:32:46	5:41:23	5:42:14	5:59:13	5:38:43	5:35:01	5:37:45	5:32:43	5:19:45	5:06:37	Lagtime [600]
H	0.135	0.139	0.138	0.142	0.134	0.141	0.141	0.139	0.141	0.138	0.138	0.134	Max V [600]
	0.991	0.998	0.999	0.999	0.999	0.999	0.999	0.998	0.999	0.997	1.000	0.999	R-Squared [600]
	10:00:37	10:00:37	10:00:37	10:00:37	10:00:37	10:00:37	10:00:37	10:00:37	10:00:37	10:00:37	10:00:37	10:00:37	t at Max V [600]
	4:16:59	4:38:16	4:51:37	5:02:16	4:47:25	4:56:32	5:20:15	5:21:04	5:21:06	5:25:18	5:04:38	4:57:58	Lagtime [600]


