
Software Version	3.11.19



Experiment File Path:	C:\Users\patil-group\Desktop\Sweeteners_stacker\NT5007_07_24_76_Rep1.xpt
Protocol File Path:	C:\Users\Public\Documents\Protocols\Screening-protocol.prt



Plate Number	Plate 14
Date	12/12/2021
Time	15:20:15
Reader Type:	Epoch 2
Reader Serial Number:	2103223
Reading Type	Reader

Procedure Details

Plate Type	96 WELL PLATE
Discontinuous Kinetics	Runtime 1:00:00 (D:HH:MM), Interval 0:01:00, 25 Reads
	Pause after each run
Eject plate on completion	
Shake	Linear: 0:00:30 (HH:MM:SS)
	Frequency: 567 cpm (3 mm)
Read	Absorbance Endpoint
	Full Plate
	Wavelengths:  600
	Read Speed: Normal,  Delay: 100 msec,  Measurements/Data Point: 8

600

Time	T° 600	A1	A2	A3	A4	A5	A6	A7	A8	A9	A10	A11	A12	B1	B2	B3	B4	B5	B6	B7	B8	B9	B10	B11	B12	C1	C2	C3	C4	C5	C6	C7	C8	C9	C10	C11	C12	D1	D2	D3	D4	D5	D6	D7	D8	D9	D10	D11	D12	E1	E2	E3	E4	E5	E6	E7	E8	E9	E10	E11	E12	F1	F2	F3	F4	F5	F6	F7	F8	F9	F10	F11	F12	G1	G2	G3	G4	G5	G6	G7	G8	G9	G10	G11	G12	H1	H2	H3	H4	H5	H6	H7	H8	H9	H10	H11	H12
0:00:34	34.2	0.185	0.188	0.180	0.178	0.179	0.179	0.180	0.175	0.175	0.176	0.179	0.176	0.176	0.178	0.184	0.179	0.177	0.180	0.179	0.177	0.179	0.181	0.179	0.177	0.181	0.202	0.181	0.184	0.175	0.174	0.192	0.175	0.185	0.182	0.180	0.176	0.178	0.178	0.181	0.180	0.180	0.178	0.176	0.177	0.180	0.179	0.177	0.182	0.180	0.179	0.192	0.179	0.185	0.182	0.175	0.185	0.183	0.191	0.178	0.184	0.178	0.183	0.182	0.181	0.177	0.179	0.179	0.176	0.176	0.180	0.182	0.180	0.181	0.179	0.184	0.182	0.178	0.177	0.177	0.181	0.181	0.182	0.182	0.179	0.177	0.183	0.182	0.173	0.181	0.178	0.182	0.179	0.181	0.180	0.177	0.187
1:00:35	34.4	0.188	0.188	0.182	0.179	0.180	0.180	0.181	0.176	0.177	0.183	0.180	0.178	0.178	0.190	0.185	0.179	0.178	0.182	0.180	0.178	0.180	0.183	0.180	0.179	0.182	0.203	0.182	0.185	0.176	0.176	0.192	0.176	0.184	0.183	0.182	0.177	0.179	0.180	0.182	0.181	0.181	0.180	0.178	0.178	0.181	0.181	0.178	0.183	0.181	0.180	0.194	0.180	0.186	0.183	0.177	0.186	0.185	0.192	0.180	0.184	0.180	0.183	0.185	0.182	0.178	0.180	0.180	0.178	0.180	0.181	0.183	0.181	0.182	0.180	0.185	0.183	0.180	0.177	0.179	0.182	0.183	0.183	0.184	0.181	0.179	0.182	0.183	0.175	0.182	0.179	0.183	0.180	0.181	0.181	0.179	0.188
2:00:35	34.5	0.188	0.189	0.183	0.181	0.182	0.181	0.183	0.177	0.178	0.185	0.181	0.180	0.179	0.180	0.186	0.181	0.179	0.183	0.182	0.180	0.182	0.184	0.182	0.181	0.185	0.201	0.183	0.186	0.178	0.177	0.193	0.178	0.185	0.184	0.183	0.180	0.180	0.181	0.184	0.182	0.182	0.180	0.179	0.179	0.183	0.186	0.179	0.184	0.183	0.182	0.192	0.181	0.187	0.185	0.178	0.188	0.186	0.192	0.181	0.185	0.182	0.183	0.185	0.183	0.180	0.181	0.181	0.179	0.179	0.183	0.185	0.183	0.184	0.182	0.186	0.184	0.181	0.179	0.180	0.183	0.184	0.184	0.185	0.182	0.181	0.184	0.185	0.176	0.184	0.181	0.184	0.181	0.182	0.182	0.180	0.189
3:00:36	34.5	0.191	0.191	0.185	0.183	0.184	0.184	0.185	0.180	0.181	0.187	0.183	0.182	0.182	0.184	0.188	0.183	0.181	0.185	0.183	0.182	0.183	0.186	0.184	0.183	0.188	0.202	0.185	0.188	0.179	0.178	0.194	0.179	0.187	0.186	0.185	0.182	0.183	0.183	0.185	0.184	0.184	0.182	0.181	0.181	0.185	0.188	0.181	0.186	0.185	0.183	0.193	0.183	0.188	0.187	0.179	0.189	0.187	0.194	0.183	0.187	0.184	0.185	0.186	0.185	0.181	0.182	0.183	0.181	0.181	0.184	0.186	0.185	0.186	0.183	0.188	0.186	0.183	0.180	0.182	0.184	0.185	0.186	0.187	0.184	0.184	0.186	0.187	0.179	0.186	0.184	0.185	0.183	0.184	0.184	0.182	0.191
4:00:36	34.5	0.194	0.194	0.188	0.186	0.187	0.187	0.188	0.182	0.184	0.190	0.186	0.185	0.185	0.185	0.191	0.185	0.184	0.187	0.186	0.184	0.186	0.189	0.187	0.186	0.190	0.204	0.188	0.191	0.181	0.181	0.196	0.182	0.189	0.188	0.187	0.184	0.185	0.185	0.188	0.186	0.186	0.184	0.183	0.183	0.187	0.191	0.184	0.188	0.188	0.186	0.195	0.185	0.190	0.189	0.182	0.191	0.190	0.196	0.185	0.189	0.186	0.188	0.189	0.186	0.183	0.185	0.185	0.183	0.183	0.186	0.189	0.187	0.188	0.186	0.190	0.189	0.185	0.183	0.184	0.187	0.188	0.188	0.189	0.187	0.187	0.189	0.190	0.181	0.189	0.187	0.189	0.186	0.186	0.187	0.185	0.193
5:00:37	34.4	0.197	0.196	0.191	0.189	0.189	0.189	0.190	0.185	0.187	0.193	0.189	0.189	0.188	0.188	0.193	0.188	0.186	0.190	0.188	0.187	0.192	0.191	0.190	0.189	0.193	0.206	0.190	0.194	0.184	0.183	0.198	0.184	0.191	0.190	0.190	0.187	0.188	0.189	0.190	0.189	0.189	0.187	0.185	0.185	0.190	0.193	0.187	0.191	0.191	0.189	0.200	0.188	0.193	0.191	0.184	0.194	0.192	0.198	0.188	0.192	0.189	0.190	0.191	0.188	0.186	0.187	0.187	0.185	0.186	0.189	0.191	0.190	0.191	0.189	0.190	0.191	0.188	0.185	0.187	0.189	0.191	0.191	0.192	0.190	0.191	0.194	0.194	0.185	0.192	0.190	0.191	0.189	0.189	0.190	0.188	0.196
6:00:37	34.5	0.200	0.199	0.195	0.193	0.193	0.193	0.194	0.189	0.191	0.197	0.193	0.192	0.191	0.191	0.197	0.191	0.190	0.193	0.192	0.190	0.195	0.195	0.193	0.192	0.196	0.208	0.193	0.197	0.187	0.187	0.200	0.187	0.194	0.194	0.193	0.190	0.191	0.192	0.193	0.192	0.191	0.190	0.188	0.188	0.193	0.197	0.190	0.195	0.194	0.192	0.203	0.191	0.195	0.194	0.187	0.197	0.195	0.201	0.191	0.195	0.192	0.193	0.194	0.191	0.190	0.190	0.190	0.188	0.193	0.192	0.194	0.193	0.195	0.192	0.194	0.194	0.191	0.189	0.190	0.192	0.194	0.193	0.195	0.193	0.194	0.194	0.196	0.187	0.194	0.192	0.194	0.192	0.192	0.193	0.190	0.198
7:00:37	34.5	0.205	0.201	0.197	0.194	0.195	0.195	0.196	0.190	0.193	0.199	0.195	0.196	0.195	0.196	0.198	0.192	0.191	0.195	0.193	0.191	0.197	0.196	0.195	0.195	0.199	0.209	0.195	0.198	0.189	0.188	0.201	0.189	0.196	0.195	0.194	0.193	0.193	0.193	0.195	0.193	0.193	0.191	0.189	0.190	0.194	0.197	0.191	0.197	0.197	0.194	0.204	0.192	0.197	0.196	0.189	0.198	0.196	0.202	0.192	0.197	0.196	0.195	0.196	0.192	0.191	0.192	0.192	0.190	0.190	0.193	0.196	0.197	0.199	0.194	0.195	0.195	0.192	0.190	0.191	0.194	0.195	0.195	0.197	0.196	0.201	0.201	0.202	0.193	0.200	0.199	0.196	0.195	0.195	0.196	0.196	0.204
8:00:37	34.5	0.213	0.208	0.203	0.201	0.202	0.202	0.203	0.198	0.200	0.205	0.202	0.203	0.202	0.200	0.205	0.199	0.197	0.201	0.199	0.197	0.203	0.202	0.201	0.203	0.207	0.216	0.201	0.204	0.194	0.193	0.206	0.194	0.201	0.200	0.201	0.200	0.201	0.200	0.200	0.198	0.198	0.196	0.195	0.194	0.200	0.203	0.198	0.204	0.205	0.201	0.210	0.197	0.202	0.201	0.195	0.204	0.202	0.208	0.198	0.203	0.203	0.201	0.202	0.198	0.196	0.197	0.196	0.195	0.196	0.199	0.202	0.204	0.206	0.201	0.202	0.200	0.198	0.197	0.198	0.201	0.202	0.202	0.204	0.203	0.208	0.208	0.209	0.200	0.208	0.207	0.204	0.202	0.202	0.203	0.202	0.211
9:00:38	34.5	0.221	0.216	0.211	0.209	0.209	0.210	0.210	0.204	0.207	0.213	0.209	0.211	0.210	0.207	0.212	0.206	0.204	0.208	0.205	0.204	0.209	0.209	0.208	0.210	0.214	0.223	0.207	0.210	0.200	0.200	0.212	0.201	0.208	0.206	0.207	0.207	0.208	0.206	0.206	0.205	0.204	0.203	0.201	0.201	0.206	0.210	0.205	0.211	0.212	0.208	0.217	0.204	0.209	0.208	0.202	0.211	0.209	0.214	0.203	0.209	0.211	0.208	0.208	0.205	0.202	0.203	0.203	0.202	0.203	0.205	0.209	0.211	0.213	0.208	0.209	0.207	0.205	0.204	0.205	0.207	0.208	0.209	0.212	0.211	0.217	0.216	0.217	0.208	0.215	0.214	0.211	0.210	0.210	0.211	0.210	0.219
10:00:38	34.4	0.230	0.224	0.219	0.217	0.216	0.217	0.217	0.212	0.215	0.221	0.216	0.219	0.219	0.218	0.219	0.213	0.211	0.215	0.213	0.212	0.216	0.216	0.216	0.218	0.222	0.230	0.214	0.218	0.208	0.207	0.219	0.208	0.214	0.213	0.214	0.215	0.216	0.214	0.214	0.212	0.211	0.210	0.208	0.208	0.213	0.216	0.212	0.220	0.220	0.216	0.224	0.211	0.216	0.215	0.211	0.219	0.215	0.221	0.210	0.215	0.219	0.216	0.215	0.212	0.210	0.211	0.210	0.209	0.210	0.212	0.217	0.219	0.222	0.216	0.216	0.214	0.212	0.211	0.212	0.215	0.216	0.216	0.221	0.220	0.226	0.225	0.226	0.217	0.224	0.224	0.219	0.218	0.218	0.219	0.219	0.228
11:00:38	34.5	0.239	0.233	0.228	0.226	0.226	0.226	0.226	0.221	0.224	0.230	0.225	0.227	0.228	0.223	0.228	0.222	0.220	0.224	0.221	0.220	0.225	0.225	0.224	0.227	0.231	0.239	0.223	0.226	0.216	0.215	0.227	0.216	0.223	0.222	0.223	0.223	0.225	0.222	0.222	0.220	0.219	0.218	0.217	0.215	0.222	0.225	0.221	0.227	0.229	0.224	0.232	0.220	0.225	0.224	0.221	0.229	0.224	0.229	0.217	0.223	0.228	0.225	0.224	0.220	0.218	0.219	0.218	0.218	0.218	0.221	0.226	0.228	0.231	0.225	0.225	0.223	0.221	0.220	0.221	0.224	0.225	0.228	0.230	0.229	0.236	0.234	0.234	0.226	0.234	0.235	0.229	0.227	0.227	0.228	0.228	0.237
12:00:39	34.5	0.243	0.240	0.236	0.234	0.234	0.235	0.234	0.229	0.232	0.238	0.233	0.233	0.235	0.232	0.237	0.231	0.229	0.234	0.230	0.230	0.234	0.233	0.233	0.234	0.240	0.248	0.232	0.235	0.225	0.224	0.236	0.225	0.231	0.231	0.232	0.231	0.235	0.232	0.231	0.229	0.227	0.227	0.225	0.224	0.231	0.233	0.230	0.235	0.238	0.234	0.242	0.228	0.234	0.233	0.231	0.238	0.233	0.238	0.225	0.230	0.237	0.235	0.233	0.229	0.226	0.227	0.227	0.226	0.227	0.230	0.234	0.235	0.240	0.235	0.235	0.232	0.230	0.231	0.231	0.234	0.234	0.234	0.236	0.235	0.240	0.239	0.241	0.233	0.240	0.239	0.238	0.235	0.235	0.236	0.234	0.241
13:00:39	34.4	0.245	0.243	0.238	0.236	0.238	0.239	0.237	0.232	0.234	0.241	0.235	0.235	0.238	0.239	0.241	0.236	0.234	0.238	0.235	0.234	0.238	0.237	0.236	0.237	0.243	0.252	0.237	0.241	0.233	0.232	0.243	0.232	0.237	0.237	0.236	0.234	0.238	0.237	0.239	0.237	0.236	0.236	0.234	0.232	0.237	0.239	0.234	0.237	0.241	0.238	0.248	0.237	0.241	0.241	0.235	0.242	0.238	0.243	0.229	0.233	0.240	0.240	0.239	0.237	0.235	0.235	0.235	0.234	0.232	0.234	0.238	0.238	0.242	0.239	0.239	0.239	0.235	0.236	0.236	0.238	0.239	0.238	0.240	0.238	0.243	0.243	0.245	0.237	0.244	0.243	0.241	0.238	0.238	0.239	0.237	0.243
14:00:40	34.5	0.248	0.245	0.240	0.238	0.240	0.241	0.240	0.235	0.237	0.243	0.237	0.238	0.241	0.240	0.244	0.239	0.237	0.241	0.238	0.237	0.241	0.241	0.240	0.240	0.246	0.256	0.241	0.245	0.236	0.235	0.246	0.235	0.241	0.240	0.240	0.237	0.241	0.241	0.243	0.241	0.240	0.239	0.237	0.235	0.240	0.243	0.238	0.241	0.244	0.242	0.252	0.240	0.244	0.244	0.238	0.245	0.242	0.245	0.232	0.235	0.243	0.243	0.243	0.240	0.238	0.239	0.238	0.237	0.235	0.238	0.242	0.241	0.245	0.243	0.243	0.242	0.238	0.239	0.239	0.242	0.243	0.241	0.243	0.240	0.247	0.247	0.249	0.241	0.248	0.247	0.244	0.242	0.241	0.242	0.240	0.246
15:00:40	34.4	0.252	0.248	0.242	0.241	0.244	0.244	0.242	0.238	0.241	0.247	0.241	0.242	0.245	0.245	0.249	0.244	0.242	0.246	0.242	0.242	0.245	0.245	0.244	0.244	0.250	0.261	0.245	0.249	0.240	0.239	0.250	0.239	0.245	0.244	0.245	0.241	0.245	0.245	0.246	0.245	0.243	0.243	0.241	0.239	0.244	0.247	0.242	0.245	0.248	0.247	0.256	0.244	0.248	0.248	0.242	0.249	0.246	0.249	0.237	0.238	0.246	0.248	0.247	0.244	0.242	0.242	0.242	0.240	0.240	0.242	0.246	0.245	0.249	0.248	0.247	0.246	0.243	0.243	0.244	0.246	0.247	0.246	0.247	0.244	0.252	0.251	0.253	0.246	0.253	0.251	0.247	0.246	0.245	0.245	0.244	0.251
16:00:41	34.5	0.256	0.252	0.246	0.244	0.248	0.248	0.247	0.242	0.245	0.251	0.245	0.246	0.249	0.248	0.253	0.248	0.246	0.250	0.246	0.246	0.250	0.249	0.249	0.247	0.255	0.265	0.249	0.253	0.244	0.243	0.254	0.243	0.249	0.249	0.249	0.245	0.249	0.250	0.251	0.249	0.248	0.247	0.245	0.243	0.249	0.251	0.247	0.249	0.253	0.251	0.261	0.248	0.253	0.252	0.246	0.254	0.251	0.253	0.241	0.242	0.251	0.252	0.252	0.249	0.247	0.247	0.246	0.245	0.244	0.247	0.250	0.249	0.253	0.252	0.252	0.251	0.247	0.248	0.248	0.251	0.251	0.251	0.251	0.248	0.257	0.256	0.258	0.250	0.258	0.256	0.252	0.251	0.250	0.250	0.249	0.255
17:00:41	34.4	0.260	0.256	0.250	0.248	0.252	0.252	0.251	0.246	0.249	0.255	0.249	0.250	0.254	0.253	0.257	0.252	0.250	0.254	0.251	0.250	0.255	0.253	0.253	0.252	0.259	0.269	0.254	0.258	0.248	0.248	0.258	0.248	0.254	0.253	0.253	0.250	0.254	0.254	0.255	0.254	0.252	0.251	0.250	0.248	0.254	0.255	0.252	0.253	0.257	0.256	0.265	0.253	0.257	0.257	0.250	0.257	0.255	0.258	0.245	0.246	0.255	0.257	0.256	0.253	0.251	0.251	0.251	0.249	0.249	0.251	0.254	0.253	0.257	0.257	0.256	0.255	0.252	0.253	0.253	0.255	0.255	0.255	0.255	0.251	0.261	0.260	0.263	0.255	0.262	0.260	0.256	0.255	0.254	0.254	0.253	0.260
18:00:42	34.4	0.264	0.260	0.253	0.251	0.256	0.256	0.254	0.250	0.253	0.259	0.253	0.254	0.258	0.260	0.262	0.256	0.254	0.258	0.255	0.255	0.259	0.257	0.257	0.255	0.263	0.273	0.258	0.262	0.252	0.252	0.262	0.252	0.258	0.257	0.257	0.254	0.258	0.258	0.259	0.258	0.256	0.255	0.254	0.252	0.257	0.260	0.256	0.257	0.261	0.260	0.269	0.257	0.261	0.261	0.254	0.262	0.260	0.262	0.249	0.249	0.260	0.261	0.260	0.257	0.255	0.256	0.255	0.254	0.253	0.256	0.258	0.257	0.260	0.261	0.261	0.259	0.256	0.257	0.257	0.259	0.259	0.259	0.259	0.255	0.265	0.264	0.267	0.259	0.266	0.264	0.260	0.258	0.258	0.259	0.259	0.263
19:00:43	34.4	0.267	0.263	0.257	0.255	0.260	0.260	0.258	0.254	0.257	0.263	0.257	0.258	0.261	0.261	0.265	0.259	0.258	0.261	0.258	0.259	0.263	0.261	0.260	0.260	0.267	0.277	0.262	0.265	0.255	0.256	0.266	0.256	0.262	0.261	0.261	0.258	0.261	0.262	0.263	0.262	0.260	0.259	0.257	0.256	0.262	0.264	0.260	0.261	0.265	0.264	0.273	0.261	0.265	0.265	0.258	0.265	0.263	0.265	0.253	0.253	0.263	0.264	0.264	0.260	0.259	0.259	0.259	0.257	0.256	0.260	0.262	0.260	0.264	0.265	0.265	0.263	0.260	0.260	0.260	0.263	0.264	0.263	0.263	0.258	0.269	0.268	0.270	0.263	0.270	0.268	0.263	0.262	0.263	0.262	0.261	0.267
20:00:43	34.5	0.269	0.265	0.261	0.258	0.264	0.263	0.261	0.257	0.260	0.266	0.260	0.261	0.264	0.263	0.269	0.262	0.261	0.264	0.262	0.262	0.266	0.265	0.264	0.263	0.270	0.280	0.265	0.268	0.259	0.259	0.269	0.260	0.266	0.265	0.264	0.261	0.265	0.265	0.266	0.265	0.263	0.263	0.261	0.259	0.265	0.267	0.263	0.263	0.268	0.267	0.276	0.264	0.269	0.268	0.262	0.268	0.266	0.268	0.256	0.256	0.265	0.267	0.267	0.264	0.262	0.262	0.262	0.261	0.260	0.263	0.265	0.263	0.267	0.268	0.268	0.266	0.263	0.264	0.264	0.266	0.267	0.266	0.266	0.262	0.272	0.271	0.274	0.266	0.273	0.271	0.266	0.265	0.265	0.265	0.265	0.273
21:00:44	34.6	0.272	0.268	0.263	0.261	0.266	0.266	0.264	0.260	0.263	0.269	0.263	0.263	0.267	0.266	0.271	0.266	0.264	0.268	0.265	0.265	0.269	0.268	0.266	0.266	0.272	0.282	0.268	0.271	0.262	0.262	0.271	0.263	0.268	0.268	0.268	0.263	0.267	0.268	0.269	0.268	0.266	0.266	0.264	0.262	0.268	0.270	0.266	0.266	0.271	0.269	0.279	0.267	0.271	0.270	0.264	0.271	0.269	0.271	0.259	0.258	0.268	0.270	0.270	0.267	0.266	0.265	0.265	0.264	0.262	0.265	0.267	0.265	0.270	0.270	0.270	0.269	0.266	0.266	0.266	0.269	0.270	0.268	0.267	0.267	0.274	0.274	0.276	0.269	0.276	0.274	0.269	0.268	0.273	0.267	0.269	0.274
22:00:44	34.6	0.273	0.270	0.265	0.263	0.268	0.267	0.266	0.262	0.265	0.271	0.266	0.265	0.268	0.268	0.273	0.268	0.266	0.269	0.267	0.267	0.271	0.270	0.268	0.268	0.274	0.284	0.270	0.274	0.265	0.265	0.273	0.265	0.271	0.270	0.270	0.266	0.269	0.270	0.272	0.270	0.269	0.268	0.267	0.264	0.270	0.273	0.268	0.268	0.273	0.272	0.281	0.270	0.274	0.273	0.267	0.274	0.272	0.274	0.261	0.261	0.270	0.273	0.273	0.270	0.268	0.268	0.268	0.266	0.265	0.268	0.270	0.267	0.271	0.273	0.273	0.271	0.269	0.269	0.269	0.271	0.273	0.271	0.269	0.267	0.276	0.276	0.279	0.271	0.278	0.276	0.271	0.270	0.270	0.269	0.268	0.273
23:00:46	34.5	0.273	0.271	0.267	0.265	0.270	0.269	0.268	0.263	0.265	0.272	0.267	0.267	0.270	0.269	0.274	0.269	0.267	0.272	0.268	0.268	0.272	0.271	0.269	0.270	0.275	0.286	0.272	0.276	0.266	0.266	0.275	0.267	0.271	0.272	0.271	0.267	0.270	0.271	0.274	0.273	0.271	0.271	0.269	0.266	0.272	0.275	0.270	0.270	0.276	0.274	0.284	0.272	0.276	0.275	0.269	0.276	0.274	0.275	0.262	0.262	0.271	0.274	0.275	0.272	0.270	0.269	0.270	0.268	0.267	0.270	0.271	0.269	0.272	0.274	0.275	0.273	0.270	0.271	0.271	0.273	0.274	0.272	0.271	0.266	0.276	0.277	0.280	0.273	0.280	0.277	0.272	0.272	0.270	0.270	0.269	0.275
0:00:00																																																																																																	

Results
	1	2	3	4	5	6	7	8	9	10	11	12
A	0.140	0.133	0.138	0.139	0.137	0.138	0.134	0.132	0.133	0.136	0.129	0.129	Max V [600]
	0.998	0.999	0.999	0.998	0.997	0.997	0.999	0.998	0.999	0.999	0.999	0.999	R-Squared [600]
	9:00:38	10:00:38	10:00:38	10:00:38	10:00:38	10:00:38	10:00:38	10:00:38	10:00:38	10:00:38	10:00:38	9:00:38	t at Max V [600]
	4:42:28	5:30:56	5:16:18	5:12:52	5:17:35	5:13:59	5:14:06	5:13:03	4:56:32	4:29:52	5:06:19	4:32:44	Lagtime [600]
B	0.140	0.132	0.134	0.134	0.132	0.136	0.131	0.134	0.129	0.129	0.130	0.134	Max V [600]
	0.998	0.994	0.997	0.996	0.996	0.992	0.994	0.995	0.996	0.997	0.998	0.999	R-Squared [600]
	10:00:38	10:00:38	10:00:38	10:00:38	10:00:38	10:00:38	10:00:38	10:00:38	10:00:38	10:00:38	10:00:38	10:00:38	t at Max V [600]
	4:53:53	5:10:41	5:33:24	5:34:36	5:37:16	5:32:42	5:36:27	5:36:02	5:03:46	5:24:28	5:15:14	4:53:43	Lagtime [600]
C	0.141	0.134	0.132	0.131	0.136	0.135	0.130	0.133	0.128	0.130	0.132	0.130	Max V [600]
	0.998	0.995	0.994	0.997	0.999	0.999	0.999	0.998	0.997	0.996	0.995	0.999	R-Squared [600]
	10:00:38	10:00:38	11:00:39	11:00:39	11:00:39	11:00:39	11:00:39	11:00:39	11:00:39	11:00:39	10:00:38	10:00:38	t at Max V [600]
	5:03:44	6:24:26	5:45:53	5:41:13	5:56:44	5:56:25	6:30:58	5:49:58	6:05:13	5:53:31	5:35:11	5:00:59	Lagtime [600]
D	0.143	0.136	0.138	0.135	0.135	0.140	0.137	0.131	0.132	0.126	0.135	0.131	Max V [600]
	0.996	0.994	0.999	0.999	0.997	0.996	0.998	0.998	0.997	0.996	0.996	0.998	R-Squared [600]
	10:00:38	10:00:38	11:00:39	11:00:39	11:00:39	11:00:39	11:00:39	11:00:39	11:00:39	11:00:39	10:00:38	10:00:38	t at Max V [600]
	5:24:01	5:29:56	6:03:35	5:59:13	6:06:55	6:13:30	6:05:09	6:02:45	5:44:09	5:02:40	5:29:01	5:15:46	Lagtime [600]
E	0.140	0.140	0.134	0.137	0.135	0.140	0.148	0.144	0.128	0.126	0.110	0.111	Max V [600]
	0.999	0.995	0.998	0.999	0.999	0.998	0.996	0.996	0.996	0.996	0.995	0.997	R-Squared [600]
	10:00:38	10:00:38	11:00:39	11:00:39	11:00:39	11:00:39	10:00:38	10:00:38	10:00:38	10:00:38	10:00:38	10:00:38	t at Max V [600]
	5:06:45	5:34:07	5:56:40	6:01:03	6:04:45	5:57:11	5:51:51	5:59:13	5:42:42	5:58:42	5:06:40	5:13:39	Lagtime [600]
F	0.141	0.141	0.133	0.136	0.135	0.133	0.132	0.134	0.127	0.127	0.134	0.131	Max V [600]
	0.999	0.994	0.995	0.999	0.999	0.999	0.999	0.999	0.996	0.995	0.997	1.000	R-Squared [600]
	10:00:38	10:00:38	11:00:39	11:00:39	11:00:39	11:00:39	11:00:39	11:00:39	10:00:38	10:00:38	10:00:38	10:00:38	t at Max V [600]
	5:10:08	5:58:21	5:43:35	6:13:00	5:55:03	5:58:22	6:04:01	5:51:29	5:30:27	5:39:21	5:35:48	4:57:01	Lagtime [600]
G	0.141	0.143	0.137	0.134	0.133	0.142	0.138	0.139	0.137	0.139	0.135	0.137	Max V [600]
	0.998	0.996	0.996	0.997	0.997	0.992	0.995	0.995	0.996	0.993	0.997	0.997	R-Squared [600]
	10:00:38	10:00:38	10:00:38	11:00:39	10:00:38	10:00:38	10:00:38	10:00:38	10:00:38	10:00:38	10:00:38	9:00:38	t at Max V [600]
	5:08:10	5:37:36	5:56:58	5:55:02	5:40:09	5:49:05	5:39:34	5:48:16	5:40:32	5:42:30	5:16:36	4:57:41	Lagtime [600]
H	0.146	0.139	0.136	0.140	0.139	0.148	0.144	0.138	0.138	0.137	0.137	0.137	Max V [600]
	0.997	0.996	0.999	0.998	0.997	0.994	0.997	0.999	0.999	0.999	0.997	0.997	R-Squared [600]
	9:00:38	9:00:38	9:00:38	10:00:38	9:00:38	9:00:38	10:00:38	10:00:38	10:00:38	10:00:38	10:00:38	9:00:38	t at Max V [600]
	4:23:34	4:55:17	4:35:43	4:43:48	4:45:10	4:47:49	5:35:13	5:11:44	5:30:14	5:10:43	4:54:06	4:59:17	Lagtime [600]


