
Software Version	3.11.19



Experiment File Path:	C:\Users\patil-group\Desktop\Sweeteners_stacker\231121_NT5048_77_81_Rep1\NT5048_77_81_Rep1.xpt
Protocol File Path:	C:\Users\Public\Documents\Protocols\Screening-protocol.prt



Plate Number	Plate 7
Date	23/11/2021
Time	14:37:53
Reader Type:	Epoch 2
Reader Serial Number:	2103223
Reading Type	Reader

Procedure Details

Plate Type	96 WELL PLATE
Discontinuous Kinetics	Runtime 1:00:00 (D:HH:MM), Interval 0:01:00, 25 Reads
	Pause after each run
Eject plate on completion	
Shake	Linear: 0:00:30 (HH:MM:SS)
	Frequency: 567 cpm (3 mm)
Read	Absorbance Endpoint
	Full Plate
	Wavelengths:  600
	Read Speed: Normal,  Delay: 100 msec,  Measurements/Data Point: 8

600

Time	T° 600	A1	A2	A3	A4	A5	A6	A7	A8	A9	A10	A11	A12	B1	B2	B3	B4	B5	B6	B7	B8	B9	B10	B11	B12	C1	C2	C3	C4	C5	C6	C7	C8	C9	C10	C11	C12	D1	D2	D3	D4	D5	D6	D7	D8	D9	D10	D11	D12	E1	E2	E3	E4	E5	E6	E7	E8	E9	E10	E11	E12	F1	F2	F3	F4	F5	F6	F7	F8	F9	F10	F11	F12	G1	G2	G3	G4	G5	G6	G7	G8	G9	G10	G11	G12	H1	H2	H3	H4	H5	H6	H7	H8	H9	H10	H11	H12
0:00:34	34.5	0.185	0.177	0.184	0.180	0.181	0.177	0.175	0.177	0.178	0.182	0.173	0.178	0.184	0.182	0.180	0.178	0.186	0.179	0.173	0.177	0.186	0.182	0.180	0.181	0.179	0.183	0.177	0.177	0.184	0.182	0.177	0.186	0.176	0.186	0.177	0.179	0.189	0.182	0.175	0.176	0.178	0.177	0.177	0.178	0.182	0.174	0.177	0.177	0.182	0.179	0.174	0.177	0.175	0.181	0.175	0.176	0.183	0.206	0.186	0.176	0.183	0.178	0.180	0.178	0.182	0.183	0.180	0.207	0.171	0.191	0.184	0.180	0.186	0.175	0.173	0.184	0.177	0.185	0.175	0.181	0.182	0.175	0.177	0.177	0.194	0.188	0.189	0.178	0.182	0.174	0.178	0.186	0.196	0.181	0.180	0.181
1:00:31	34.8	0.249	0.240	0.241	0.235	0.234	0.232	0.231	0.234	0.234	0.238	0.224	0.240	0.241	0.235	0.230	0.226	0.232	0.225	0.265	0.223	0.233	0.230	0.230	0.237	0.235	0.232	0.224	0.222	0.227	0.223	0.220	0.228	0.219	0.229	0.227	0.231	0.246	0.233	0.219	0.222	0.222	0.218	0.219	0.220	0.223	0.218	0.225	0.228	0.237	0.226	0.218	0.224	0.219	0.222	0.216	0.215	0.222	0.248	0.231	0.226	0.236	0.227	0.226	0.224	0.226	0.224	0.220	0.241	0.212	0.231	0.230	0.228	0.242	0.230	0.224	0.232	0.222	0.229	0.221	0.224	0.226	0.220	0.226	0.230	0.255	0.246	0.242	0.235	0.233	0.225	0.228	0.234	0.242	0.233	0.233	0.237
2:00:32	34.9	0.392	0.379	0.374	0.367	0.371	0.365	0.370	0.368	0.364	0.372	0.349	0.374	0.382	0.369	0.360	0.347	0.354	0.344	0.392	0.343	0.351	0.351	0.354	0.368	0.373	0.365	0.353	0.344	0.349	0.342	0.337	0.344	0.334	0.347	0.350	0.358	0.394	0.372	0.337	0.354	0.344	0.335	0.336	0.332	0.337	0.339	0.348	0.351	0.371	0.363	0.343	0.354	0.338	0.339	0.330	0.327	0.332	0.360	0.353	0.348	0.374	0.364	0.358	0.360	0.350	0.342	0.332	0.349	0.324	0.343	0.348	0.345	0.392	0.387	0.372	0.379	0.346	0.356	0.351	0.345	0.345	0.343	0.350	0.356	0.400	0.404	0.389	0.387	0.363	0.360	0.360	0.359	0.362	0.358	0.362	0.371
3:00:33	34.9	0.471	0.459	0.460	0.455	0.454	0.450	0.456	0.453	0.447	0.455	0.434	0.453	0.477	0.470	0.450	0.441	0.445	0.438	0.471	0.430	0.439	0.442	0.441	0.451	0.462	0.463	0.454	0.450	0.455	0.450	0.445	0.447	0.434	0.447	0.443	0.444	0.485	0.472	0.443	0.464	0.453	0.446	0.442	0.443	0.439	0.438	0.443	0.440	0.458	0.462	0.450	0.465	0.445	0.454	0.441	0.435	0.430	0.458	0.449	0.437	0.461	0.463	0.463	0.477	0.459	0.446	0.440	0.444	0.419	0.436	0.440	0.434	0.483	0.484	0.473	0.481	0.448	0.462	0.456	0.447	0.441	0.438	0.441	0.443	0.482	0.490	0.482	0.475	0.454	0.453	0.452	0.448	0.448	0.445	0.447	0.452
04:00:34	34.7	0.511	0.502	0.504	0.501	0.497	0.496	0.499	0.499	0.495	0.5	0.48	0.493	0.515	0.517	0.492	0.487	0.487	0.484	0.511	0.475	0.489	0.49	0.489	0.49	0.507	0.51	0.502	0.498	0.501	0.496	0.49	0.495	0.486	0.495	0.492	0.492	0.523	0.517	0.491	0.503	0.494	0.491	0.491	0.487	0.488	0.493	0.491	0.484	0.506	0.514	0.501	0.505	0.489	0.495	0.491	0.481	0.479	0.51	0.498	0.482	0.507	0.51	0.499	0.511	0.5	0.491	0.486	0.491	0.468	0.484	0.488	0.478	0.521	0.523	0.513	0.51	0.486	0.503	0.493	0.492	0.49	0.486	0.49	0.486	0.515	0.518	0.518	0.513	0.496	0.496	0.496	0.493	0.492	0.49	0.491	0.492
05:00:34	34.9	0.531	0.522	0.524	0.521	0.518	0.517	0.517	0.518	0.516	0.522	0.504	0.512	0.53	0.532	0.51	0.509	0.507	0.507	0.533	0.496	0.511	0.511	0.511	0.508	0.525	0.529	0.522	0.518	0.521	0.516	0.511	0.517	0.507	0.516	0.514	0.515	0.541	0.537	0.514	0.521	0.512	0.514	0.513	0.508	0.513	0.517	0.512	0.506	0.523	0.533	0.523	0.524	0.51	0.513	0.515	0.499	0.501	0.532	0.517	0.504	0.528	0.529	0.519	0.53	0.52	0.512	0.506	0.513	0.491	0.506	0.508	0.498	0.54	0.542	0.531	0.527	0.503	0.521	0.512	0.512	0.512	0.506	0.51	0.505	0.536	0.536	0.539	0.529	0.516	0.516	0.514	0.513	0.513	0.511	0.511	0.513
06:00:34	34.9	0.549	0.54	0.541	0.538	0.535	0.535	0.534	0.536	0.535	0.541	0.524	0.532	0.547	0.547	0.527	0.528	0.524	0.525	0.547	0.513	0.53	0.531	0.531	0.523	0.543	0.546	0.539	0.536	0.537	0.533	0.529	0.534	0.524	0.534	0.533	0.534	0.559	0.555	0.532	0.537	0.529	0.531	0.53	0.525	0.531	0.536	0.53	0.524	0.542	0.551	0.539	0.54	0.526	0.529	0.532	0.517	0.519	0.549	0.533	0.521	0.545	0.548	0.538	0.546	0.537	0.528	0.522	0.531	0.51	0.525	0.527	0.515	0.557	0.557	0.547	0.542	0.519	0.537	0.529	0.529	0.53	0.524	0.526	0.522	0.551	0.552	0.554	0.544	0.533	0.533	0.531	0.532	0.531	0.53	0.529	0.531
07:00:34	34.9	0.565	0.555	0.555	0.553	0.551	0.551	0.548	0.552	0.551	0.557	0.54	0.547	0.563	0.561	0.542	0.545	0.539	0.541	0.576	0.529	0.547	0.547	0.547	0.538	0.559	0.56	0.554	0.552	0.553	0.549	0.544	0.55	0.54	0.55	0.55	0.551	0.572	0.57	0.549	0.55	0.544	0.546	0.545	0.54	0.548	0.553	0.546	0.541	0.556	0.565	0.555	0.555	0.541	0.544	0.548	0.533	0.536	0.565	0.547	0.536	0.561	0.562	0.553	0.559	0.55	0.543	0.535	0.546	0.526	0.541	0.542	0.53	0.573	0.572	0.561	0.554	0.533	0.551	0.544	0.545	0.546	0.54	0.541	0.538	0.565	0.564	0.568	0.556	0.548	0.548	0.547	0.547	0.547	0.546	0.545	0.546
08:00:34	34.9	0.577	0.568	0.567	0.565	0.565	0.564	0.559	0.565	0.564	0.57	0.553	0.56	0.574	0.573	0.555	0.558	0.552	0.555	0.575	0.543	0.561	0.56	0.56	0.55	0.571	0.572	0.567	0.565	0.566	0.562	0.557	0.564	0.554	0.564	0.563	0.564	0.584	0.582	0.562	0.563	0.557	0.559	0.557	0.552	0.56	0.564	0.559	0.553	0.569	0.577	0.567	0.567	0.554	0.557	0.561	0.547	0.549	0.578	0.559	0.548	0.574	0.573	0.565	0.57	0.562	0.556	0.548	0.559	0.539	0.555	0.555	0.543	0.584	0.583	0.572	0.565	0.545	0.563	0.556	0.557	0.559	0.554	0.554	0.549	0.577	0.574	0.58	0.567	0.561	0.56	0.558	0.56	0.56	0.559	0.558	0.559
09:00:34	34.9	0.587	0.578	0.576	0.574	0.575	0.575	0.568	0.575	0.575	0.58	0.563	0.57	0.584	0.58	0.564	0.569	0.563	0.565	0.595	0.552	0.572	0.572	0.57	0.56	0.581	0.582	0.576	0.574	0.576	0.572	0.567	0.574	0.565	0.574	0.573	0.574	0.592	0.591	0.572	0.571	0.566	0.569	0.567	0.563	0.57	0.574	0.57	0.563	0.578	0.586	0.577	0.574	0.564	0.567	0.571	0.558	0.559	0.588	0.568	0.557	0.583	0.581	0.575	0.579	0.572	0.566	0.558	0.569	0.551	0.565	0.564	0.551	0.592	0.592	0.58	0.573	0.554	0.571	0.566	0.567	0.569	0.564	0.565	0.559	0.585	0.583	0.588	0.576	0.569	0.569	0.568	0.569	0.569	0.569	0.568	0.568
10:00:34	34.9	0.594	0.586	0.582	0.58	0.584	0.582	0.576	0.582	0.583	0.588	0.572	0.579	0.592	0.587	0.572	0.577	0.57	0.573	0.605	0.56	0.58	0.579	0.578	0.567	0.588	0.589	0.584	0.581	0.582	0.579	0.574	0.58	0.572	0.58	0.581	0.582	0.598	0.596	0.579	0.578	0.571	0.576	0.574	0.571	0.576	0.581	0.577	0.572	0.586	0.593	0.584	0.58	0.57	0.574	0.578	0.565	0.567	0.595	0.575	0.565	0.59	0.588	0.581	0.584	0.578	0.573	0.565	0.576	0.558	0.572	0.572	0.559	0.598	0.599	0.586	0.579	0.56	0.578	0.573	0.574	0.577	0.572	0.571	0.566	0.593	0.589	0.595	0.582	0.576	0.576	0.576	0.576	0.576	0.577	0.575	0.576
11:00:34	34.9	0.604	0.595	0.59	0.587	0.592	0.591	0.585	0.592	0.592	0.597	0.581	0.589	0.6	0.596	0.579	0.586	0.578	0.582	0.597	0.569	0.589	0.588	0.588	0.577	0.598	0.597	0.591	0.589	0.59	0.585	0.581	0.589	0.58	0.588	0.59	0.591	0.606	0.605	0.587	0.584	0.578	0.582	0.581	0.577	0.585	0.589	0.586	0.58	0.595	0.6	0.591	0.586	0.577	0.58	0.586	0.573	0.575	0.603	0.582	0.572	0.598	0.597	0.589	0.59	0.585	0.58	0.572	0.584	0.567	0.58	0.58	0.567	0.607	0.605	0.593	0.585	0.568	0.584	0.58	0.582	0.585	0.58	0.579	0.574	0.6	0.597	0.603	0.589	0.585	0.585	0.584	0.585	0.585	0.586	0.585	0.585
12:00:34	34.9	0.615	0.605	0.599	0.596	0.603	0.602	0.596	0.603	0.602	0.607	0.59	0.599	0.61	0.605	0.589	0.596	0.587	0.591	0.623	0.579	0.599	0.598	0.598	0.587	0.607	0.607	0.599	0.598	0.599	0.592	0.589	0.598	0.59	0.597	0.6	0.601	0.615	0.613	0.596	0.592	0.585	0.59	0.59	0.586	0.595	0.599	0.595	0.589	0.604	0.609	0.601	0.594	0.585	0.588	0.594	0.582	0.584	0.613	0.589	0.582	0.609	0.604	0.598	0.599	0.592	0.588	0.58	0.593	0.576	0.59	0.588	0.576	0.617	0.614	0.601	0.592	0.577	0.593	0.59	0.591	0.594	0.589	0.588	0.583	0.611	0.607	0.612	0.598	0.594	0.594	0.593	0.594	0.594	0.596	0.595	0.595
13:00:34	34.9	0.625	0.616	0.608	0.605	0.613	0.612	0.606	0.614	0.612	0.618	0.601	0.609	0.619	0.614	0.599	0.606	0.597	0.601	0.628	0.588	0.609	0.607	0.607	0.596	0.617	0.617	0.608	0.608	0.608	0.602	0.599	0.607	0.599	0.608	0.611	0.611	0.625	0.623	0.605	0.6	0.593	0.596	0.6	0.595	0.605	0.608	0.606	0.6	0.615	0.619	0.61	0.601	0.594	0.597	0.604	0.592	0.593	0.622	0.598	0.591	0.618	0.614	0.607	0.606	0.601	0.596	0.589	0.602	0.585	0.599	0.597	0.585	0.627	0.623	0.61	0.601	0.585	0.601	0.599	0.6	0.604	0.599	0.597	0.592	0.62	0.616	0.621	0.607	0.603	0.604	0.603	0.604	0.604	0.606	0.604	0.605
14:00:34	34.9	0.636	0.626	0.616	0.614	0.622	0.622	0.616	0.623	0.622	0.628	0.612	0.619	0.629	0.622	0.609	0.616	0.606	0.611	0.639	0.597	0.618	0.617	0.618	0.607	0.627	0.626	0.618	0.617	0.617	0.61	0.608	0.617	0.609	0.617	0.62	0.62	0.634	0.631	0.613	0.61	0.602	0.605	0.608	0.603	0.613	0.617	0.615	0.608	0.624	0.628	0.619	0.61	0.602	0.606	0.613	0.601	0.602	0.631	0.606	0.599	0.628	0.622	0.616	0.614	0.608	0.605	0.597	0.611	0.594	0.607	0.606	0.593	0.638	0.631	0.618	0.609	0.594	0.61	0.608	0.609	0.612	0.608	0.606	0.601	0.63	0.626	0.631	0.616	0.613	0.613	0.613	0.613	0.614	0.615	0.613	0.614
15:00:34	34.9	0.646	0.636	0.625	0.622	0.633	0.632	0.626	0.633	0.632	0.638	0.621	0.63	0.638	0.632	0.618	0.625	0.615	0.621	0.651	0.606	0.628	0.626	0.627	0.617	0.637	0.636	0.627	0.627	0.626	0.619	0.617	0.626	0.618	0.627	0.63	0.631	0.643	0.64	0.623	0.618	0.61	0.614	0.617	0.613	0.622	0.626	0.625	0.618	0.634	0.637	0.627	0.618	0.611	0.615	0.622	0.61	0.611	0.64	0.614	0.609	0.638	0.631	0.624	0.622	0.617	0.613	0.606	0.62	0.603	0.616	0.615	0.602	0.647	0.64	0.626	0.617	0.602	0.619	0.617	0.617	0.622	0.617	0.615	0.61	0.64	0.635	0.64	0.626	0.622	0.623	0.622	0.622	0.623	0.625	0.623	0.624
16:00:34	34.9	0.657	0.646	0.633	0.631	0.643	0.642	0.636	0.643	0.642	0.648	0.632	0.639	0.647	0.641	0.627	0.635	0.624	0.63	0.656	0.616	0.637	0.636	0.636	0.626	0.647	0.645	0.636	0.636	0.635	0.63	0.626	0.636	0.627	0.636	0.639	0.64	0.652	0.648	0.632	0.627	0.619	0.623	0.626	0.622	0.63	0.636	0.634	0.628	0.643	0.647	0.636	0.626	0.619	0.624	0.63	0.619	0.62	0.648	0.623	0.617	0.648	0.639	0.633	0.63	0.624	0.622	0.615	0.628	0.612	0.625	0.623	0.61	0.656	0.648	0.635	0.626	0.611	0.627	0.626	0.626	0.631	0.626	0.624	0.618	0.65	0.645	0.649	0.635	0.632	0.632	0.631	0.632	0.631	0.634	0.633	0.634
17:00:34	34.9	0.667	0.656	0.641	0.639	0.654	0.652	0.646	0.654	0.652	0.658	0.642	0.65	0.657	0.65	0.636	0.644	0.634	0.639	0.65	0.625	0.647	0.646	0.646	0.635	0.657	0.654	0.647	0.646	0.645	0.639	0.635	0.646	0.636	0.645	0.649	0.65	0.664	0.658	0.641	0.636	0.628	0.632	0.635	0.631	0.639	0.644	0.643	0.638	0.653	0.656	0.645	0.635	0.628	0.632	0.64	0.628	0.628	0.657	0.631	0.625	0.657	0.648	0.642	0.638	0.633	0.631	0.623	0.636	0.621	0.634	0.632	0.619	0.667	0.658	0.644	0.634	0.62	0.635	0.635	0.635	0.64	0.635	0.633	0.628	0.66	0.654	0.659	0.644	0.641	0.642	0.641	0.641	0.641	0.644	0.643	0.644
18:00:34	34.9	0.678	0.667	0.65	0.648	0.664	0.662	0.656	0.663	0.662	0.668	0.653	0.66	0.666	0.659	0.646	0.654	0.644	0.649	0.668	0.634	0.656	0.655	0.656	0.645	0.667	0.664	0.655	0.654	0.654	0.648	0.644	0.655	0.645	0.655	0.658	0.659	0.671	0.667	0.65	0.645	0.635	0.642	0.643	0.639	0.649	0.654	0.652	0.648	0.662	0.665	0.654	0.643	0.637	0.641	0.649	0.637	0.637	0.666	0.64	0.634	0.667	0.658	0.65	0.647	0.641	0.64	0.632	0.645	0.63	0.643	0.641	0.628	0.677	0.667	0.653	0.643	0.628	0.645	0.645	0.644	0.649	0.645	0.641	0.636	0.67	0.663	0.669	0.654	0.65	0.652	0.649	0.651	0.65	0.653	0.652	0.654
19:00:34	34.9	0.688	0.676	0.658	0.656	0.674	0.672	0.666	0.674	0.671	0.678	0.663	0.671	0.675	0.668	0.655	0.664	0.653	0.659	0.682	0.642	0.665	0.664	0.665	0.654	0.675	0.674	0.665	0.664	0.662	0.656	0.653	0.664	0.654	0.664	0.668	0.669	0.681	0.677	0.659	0.653	0.645	0.652	0.653	0.648	0.657	0.662	0.661	0.657	0.672	0.674	0.662	0.652	0.646	0.65	0.657	0.645	0.645	0.674	0.647	0.642	0.677	0.667	0.659	0.655	0.649	0.648	0.64	0.653	0.639	0.651	0.649	0.637	0.687	0.676	0.662	0.651	0.637	0.653	0.653	0.653	0.658	0.653	0.65	0.645	0.679	0.673	0.677	0.663	0.66	0.661	0.659	0.659	0.659	0.663	0.662	0.663
20:00:34	34.9	0.699	0.686	0.666	0.665	0.684	0.681	0.674	0.684	0.681	0.688	0.674	0.682	0.684	0.677	0.664	0.672	0.662	0.667	0.68	0.651	0.674	0.673	0.673	0.662	0.685	0.683	0.674	0.673	0.671	0.665	0.661	0.671	0.663	0.672	0.677	0.678	0.696	0.685	0.668	0.662	0.653	0.66	0.661	0.657	0.666	0.671	0.67	0.666	0.681	0.683	0.671	0.659	0.653	0.658	0.666	0.654	0.653	0.682	0.655	0.651	0.686	0.675	0.668	0.663	0.658	0.657	0.648	0.662	0.647	0.66	0.658	0.645	0.696	0.685	0.671	0.659	0.645	0.661	0.662	0.662	0.667	0.662	0.658	0.654	0.689	0.682	0.687	0.673	0.669	0.669	0.668	0.668	0.668	0.672	0.672	0.673
21:00:34	34.9	0.71	0.697	0.676	0.674	0.695	0.693	0.685	0.694	0.691	0.699	0.685	0.695	0.695	0.687	0.674	0.683	0.672	0.677	0.692	0.662	0.684	0.683	0.683	0.672	0.694	0.693	0.684	0.683	0.681	0.675	0.672	0.682	0.673	0.682	0.687	0.689	0.701	0.694	0.678	0.671	0.661	0.669	0.67	0.666	0.675	0.679	0.68	0.676	0.69	0.692	0.679	0.669	0.663	0.666	0.673	0.663	0.663	0.691	0.663	0.66	0.697	0.685	0.677	0.673	0.667	0.665	0.657	0.671	0.657	0.669	0.667	0.654	0.706	0.696	0.68	0.669	0.654	0.671	0.671	0.67	0.676	0.671	0.667	0.663	0.7	0.693	0.697	0.682	0.679	0.679	0.677	0.678	0.678	0.683	0.682	0.684
22:00:34	34.9	0.72	0.707	0.684	0.683	0.705	0.703	0.694	0.704	0.702	0.709	0.696	0.703	0.706	0.696	0.683	0.692	0.681	0.687	0.713	0.671	0.693	0.692	0.693	0.682	0.704	0.701	0.692	0.692	0.69	0.683	0.68	0.691	0.681	0.691	0.696	0.698	0.71	0.705	0.686	0.68	0.671	0.679	0.678	0.675	0.683	0.688	0.69	0.686	0.7	0.701	0.689	0.678	0.672	0.675	0.683	0.673	0.672	0.7	0.672	0.668	0.707	0.695	0.686	0.682	0.676	0.674	0.666	0.679	0.665	0.678	0.675	0.663	0.715	0.705	0.689	0.679	0.662	0.68	0.68	0.679	0.685	0.681	0.676	0.672	0.71	0.703	0.707	0.691	0.688	0.689	0.687	0.688	0.688	0.693	0.693	0.694
23:00:34	35	0.733	0.718	0.693	0.692	0.717	0.713	0.705	0.714	0.713	0.72	0.709	0.714	0.716	0.707	0.694	0.703	0.692	0.696	0.705	0.681	0.703	0.702	0.703	0.692	0.714	0.712	0.702	0.701	0.7	0.693	0.69	0.701	0.691	0.701	0.707	0.709	0.721	0.715	0.696	0.69	0.68	0.688	0.683	0.685	0.694	0.697	0.701	0.697	0.71	0.711	0.699	0.688	0.682	0.685	0.692	0.682	0.681	0.709	0.681	0.677	0.717	0.706	0.696	0.691	0.685	0.684	0.675	0.689	0.675	0.687	0.684	0.673	0.726	0.715	0.7	0.689	0.672	0.69	0.689	0.689	0.695	0.691	0.685	0.682	0.721	0.713	0.718	0.702	0.698	0.699	0.698	0.697	0.698	0.704	0.704	0.705
0:00:00																																																																																																	
0:00:00																																																																																																	
0:00:00																																																																																																	
0:00:00																																																																																																	
0:00:00																																																																																																	
0:00:00																																																																																																	
0:00:00																																																																																																	
0:00:00																																																																																																	
0:00:00																																																																																																	
0:00:00																																																																																																	
0:00:00																																																																																																	
0:00:00																																																																																																	
0:00:00																																																																																																	
0:00:00																																																																																																	
0:00:00																																																																																																	
0:00:00																																																																																																	
0:00:00																																																																																																	
0:00:00																																																																																																	
0:00:00																																																																																																	
0:00:00																																																																																																	
0:00:00																																																																																																	

Results
	1	2	3	4	5	6	7	8	9	10	11	12
A	?????	?????	?????	?????	?????	?????	?????	?????	?????	?????	?????	?????	Max V [600]
	?????	?????	?????	?????	?????	?????	?????	?????	?????	?????	?????	?????	R-Squared [600]
	?????	?????	?????	?????	?????	?????	?????	?????	?????	?????	?????	?????	t at Max V [600]
	?????	?????	?????	?????	?????	?????	?????	?????	?????	?????	?????	?????	Lagtime [600]
B	?????	?????	?????	?????	?????	?????	?????	?????	?????	?????	?????	?????	Max V [600]
	?????	?????	?????	?????	?????	?????	?????	?????	?????	?????	?????	?????	R-Squared [600]
	?????	?????	?????	?????	?????	?????	?????	?????	?????	?????	?????	?????	t at Max V [600]
	?????	?????	?????	?????	?????	?????	?????	?????	?????	?????	?????	?????	Lagtime [600]
C	?????	?????	?????	?????	?????	?????	?????	?????	?????	?????	?????	?????	Max V [600]
	?????	?????	?????	?????	?????	?????	?????	?????	?????	?????	?????	?????	R-Squared [600]
	?????	?????	?????	?????	?????	?????	?????	?????	?????	?????	?????	?????	t at Max V [600]
	?????	?????	?????	?????	?????	?????	?????	?????	?????	?????	?????	?????	Lagtime [600]
D	?????	?????	?????	?????	?????	?????	?????	?????	?????	?????	?????	?????	Max V [600]
	?????	?????	?????	?????	?????	?????	?????	?????	?????	?????	?????	?????	R-Squared [600]
	?????	?????	?????	?????	?????	?????	?????	?????	?????	?????	?????	?????	t at Max V [600]
	?????	?????	?????	?????	?????	?????	?????	?????	?????	?????	?????	?????	Lagtime [600]
E	?????	?????	?????	?????	?????	?????	?????	?????	?????	?????	?????	?????	Max V [600]
	?????	?????	?????	?????	?????	?????	?????	?????	?????	?????	?????	?????	R-Squared [600]
	?????	?????	?????	?????	?????	?????	?????	?????	?????	?????	?????	?????	t at Max V [600]
	?????	?????	?????	?????	?????	?????	?????	?????	?????	?????	?????	?????	Lagtime [600]
F	?????	?????	?????	?????	?????	?????	?????	?????	?????	?????	?????	?????	Max V [600]
	?????	?????	?????	?????	?????	?????	?????	?????	?????	?????	?????	?????	R-Squared [600]
	?????	?????	?????	?????	?????	?????	?????	?????	?????	?????	?????	?????	t at Max V [600]
	?????	?????	?????	?????	?????	?????	?????	?????	?????	?????	?????	?????	Lagtime [600]
G	?????	?????	?????	?????	?????	?????	?????	?????	?????	?????	?????	?????	Max V [600]
	?????	?????	?????	?????	?????	?????	?????	?????	?????	?????	?????	?????	R-Squared [600]
	?????	?????	?????	?????	?????	?????	?????	?????	?????	?????	?????	?????	t at Max V [600]
	?????	?????	?????	?????	?????	?????	?????	?????	?????	?????	?????	?????	Lagtime [600]
H	?????	?????	?????	?????	?????	?????	?????	?????	?????	?????	?????	?????	Max V [600]
	?????	?????	?????	?????	?????	?????	?????	?????	?????	?????	?????	?????	R-Squared [600]
	?????	?????	?????	?????	?????	?????	?????	?????	?????	?????	?????	?????	t at Max V [600]
	?????	?????	?????	?????	?????	?????	?????	?????	?????	?????	?????	?????	Lagtime [600]


