
Software Version	3.11.19



Experiment File Path:	C:\Users\patil-group\Desktop\Sweeteners_stacker\281121_NT5025_77_81_Rep4\NT5025_77_81_Rep4.xpt
Protocol File Path:	C:\Users\Public\Documents\Protocols\Screening-protocol.prt



Plate Number	Plate 4
Date	28/11/2021
Time	12:48:35
Reader Type:	Epoch 2
Reader Serial Number:	2103223
Reading Type	Reader

Procedure Details

Plate Type	96 WELL PLATE
Discontinuous Kinetics	Runtime 1:00:00 (D:HH:MM), Interval 0:01:00, 25 Reads
	Pause after each run
Eject plate on completion	
Shake	Linear: 0:00:30 (HH:MM:SS)
	Frequency: 567 cpm (3 mm)
Read	Absorbance Endpoint
	Full Plate
	Wavelengths:  600
	Read Speed: Normal,  Delay: 100 msec,  Measurements/Data Point: 8

600

Time	T° 600	A1	A2	A3	A4	A5	A6	A7	A8	A9	A10	A11	A12	B1	B2	B3	B4	B5	B6	B7	B8	B9	B10	B11	B12	C1	C2	C3	C4	C5	C6	C7	C8	C9	C10	C11	C12	D1	D2	D3	D4	D5	D6	D7	D8	D9	D10	D11	D12	E1	E2	E3	E4	E5	E6	E7	E8	E9	E10	E11	E12	F1	F2	F3	F4	F5	F6	F7	F8	F9	F10	F11	F12	G1	G2	G3	G4	G5	G6	G7	G8	G9	G10	G11	G12	H1	H2	H3	H4	H5	H6	H7	H8	H9	H10	H11	H12
0:00:34	34.7	0.173	0.170	0.171	0.168	0.172	0.170	0.171	0.167	0.167	0.170	0.175	0.182	0.177	0.173	0.178	0.174	0.172	0.173	0.170	0.177	0.173	0.175	0.182	0.184	0.185	0.172	0.177	0.176	0.175	0.163	0.172	0.185	0.170	0.175	0.176	0.189	0.176	0.172	0.171	0.173	0.184	0.182	0.183	0.180	0.181	0.171	0.175	0.178	0.179	0.183	0.173	0.179	0.183	0.180	0.174	0.177	0.178	0.178	0.177	0.178	0.174	0.175	0.177	0.176	0.172	0.170	0.179	0.165	0.171	0.173	0.176	0.189	0.176	0.182	0.171	0.173	0.173	0.169	0.176	0.169	0.171	0.168	0.173	0.172	0.194	0.178	0.174	0.183	0.177	0.174	0.174	0.175	0.175	0.175	0.173	0.180
1:00:32	34.7	0.177	0.172	0.172	0.169	0.174	0.171	0.172	0.170	0.169	0.171	0.177	0.183	0.179	0.175	0.179	0.176	0.174	0.175	0.171	0.179	0.174	0.176	0.183	0.186	0.185	0.173	0.178	0.176	0.176	0.164	0.173	0.179	0.171	0.176	0.177	0.241	0.177	0.173	0.172	0.174	0.184	0.182	0.183	0.192	0.182	0.172	0.177	0.180	0.180	0.184	0.173	0.179	0.183	0.181	0.175	0.177	0.179	0.179	0.179	0.179	0.176	0.176	0.178	0.176	0.173	0.172	0.179	0.166	0.173	0.175	0.177	0.191	0.177	0.183	0.172	0.174	0.174	0.170	0.178	0.171	0.172	0.169	0.174	0.249	0.194	0.180	0.175	0.182	0.179	0.175	0.176	0.176	0.177	0.185	0.175	0.182
2:00:33	34.7	0.180	0.177	0.177	0.173	0.178	0.176	0.177	0.174	0.174	0.176	0.182	0.188	0.183	0.178	0.182	0.178	0.177	0.178	0.175	0.181	0.178	0.179	0.188	0.190	0.188	0.176	0.180	0.179	0.179	0.167	0.175	0.181	0.174	0.181	0.180	0.451	0.181	0.176	0.175	0.176	0.186	0.184	0.186	0.183	0.184	0.175	0.180	0.184	0.183	0.187	0.176	0.181	0.185	0.183	0.176	0.179	0.181	0.181	0.181	0.183	0.179	0.179	0.181	0.180	0.176	0.175	0.182	0.171	0.176	0.178	0.180	0.195	0.181	0.186	0.176	0.177	0.177	0.173	0.180	0.174	0.175	0.172	0.176	0.406	0.199	0.184	0.192	0.185	0.183	0.179	0.179	0.180	0.180	0.194	0.178	0.186
3:00:34	34.6	0.192	0.187	0.188	0.183	0.189	0.187	0.188	0.184	0.185	0.188	0.193	0.200	0.193	0.187	0.192	0.187	0.188	0.188	0.184	0.191	0.188	0.190	0.199	0.201	0.198	0.185	0.189	0.187	0.188	0.175	0.184	0.188	0.183	0.189	0.190	0.506	0.190	0.185	0.184	0.184	0.194	0.192	0.193	0.190	0.192	0.185	0.190	0.195	0.193	0.195	0.185	0.189	0.193	0.189	0.181	0.185	0.191	0.190	0.189	0.192	0.190	0.188	0.190	0.189	0.185	0.186	0.192	0.178	0.185	0.188	0.191	0.205	0.191	0.195	0.185	0.189	0.186	0.181	0.189	0.183	0.185	0.182	0.185	0.373	0.209	0.195	0.205	0.196	0.194	0.190	0.189	0.190	0.190	0.202	0.189	0.198
4:00:35	34.6	0.207	0.202	0.203	0.197	0.204	0.201	0.202	0.200	0.201	0.203	0.209	0.216	0.206	0.200	0.205	0.200	0.201	0.201	0.197	0.203	0.201	0.203	0.213	0.217	0.210	0.197	0.201	0.198	0.200	0.186	0.195	0.199	0.194	0.200	0.203	0.473	0.203	0.197	0.196	0.195	0.206	0.203	0.204	0.200	0.204	0.197	0.203	0.208	0.205	0.207	0.197	0.200	0.205	0.200	0.192	0.195	0.202	0.201	0.201	0.205	0.203	0.200	0.202	0.201	0.196	0.198	0.203	0.190	0.198	0.200	0.203	0.219	0.204	0.208	0.198	0.198	0.198	0.193	0.200	0.195	0.197	0.194	0.197	0.346	0.226	0.211	0.218	0.211	0.209	0.204	0.202	0.204	0.203	0.214	0.203	0.213
5:00:35	34.6	0.226	0.225	0.219	0.212	0.222	0.218	0.218	0.217	0.217	0.220	0.227	0.235	0.225	0.217	0.224	0.216	0.217	0.218	0.213	0.221	0.219	0.222	0.232	0.236	0.228	0.214	0.216	0.214	0.216	0.202	0.210	0.215	0.209	0.215	0.222	0.415	0.221	0.213	0.213	0.211	0.223	0.219	0.220	0.215	0.219	0.211	0.220	0.227	0.223	0.223	0.213	0.214	0.220	0.214	0.206	0.209	0.218	0.216	0.216	0.223	0.222	0.217	0.218	0.218	0.211	0.211	0.219	0.205	0.215	0.218	0.221	0.236	0.223	0.226	0.214	0.214	0.214	0.209	0.217	0.211	0.214	0.211	0.214	0.338	0.247	0.232	0.237	0.230	0.230	0.224	0.221	0.222	0.222	0.233	0.221	0.232
6:00:36	34.6	0.245	0.240	0.236	0.231	0.242	0.238	0.238	0.236	0.236	0.239	0.245	0.253	0.244	0.235	0.240	0.233	0.235	0.235	0.230	0.238	0.236	0.240	0.252	0.256	0.246	0.230	0.232	0.229	0.232	0.216	0.224	0.230	0.225	0.230	0.239	0.413	0.238	0.230	0.229	0.227	0.237	0.235	0.235	0.231	0.235	0.227	0.237	0.246	0.240	0.240	0.229	0.229	0.235	0.230	0.221	0.225	0.234	0.232	0.231	0.240	0.240	0.233	0.234	0.233	0.226	0.227	0.234	0.220	0.231	0.234	0.236	0.255	0.241	0.242	0.230	0.236	0.230	0.225	0.232	0.227	0.230	0.228	0.230	0.348	0.266	0.252	0.255	0.248	0.249	0.243	0.238	0.240	0.239	0.251	0.240	0.252
7:00:36	34.6	0.261	0.260	0.250	0.243	0.257	0.252	0.252	0.251	0.251	0.255	0.262	0.270	0.259	0.252	0.256	0.248	0.248	0.251	0.243	0.253	0.251	0.255	0.266	0.272	0.269	0.247	0.249	0.246	0.248	0.231	0.238	0.247	0.238	0.248	0.255	0.420	0.254	0.246	0.245	0.245	0.256	0.255	0.254	0.249	0.253	0.240	0.253	0.261	0.255	0.257	0.245	0.246	0.254	0.249	0.239	0.243	0.250	0.249	0.248	0.255	0.255	0.249	0.252	0.248	0.239	0.240	0.251	0.235	0.246	0.250	0.252	0.269	0.256	0.258	0.246	0.244	0.246	0.242	0.249	0.243	0.246	0.243	0.246	0.354	0.286	0.270	0.271	0.265	0.266	0.260	0.254	0.255	0.255	0.263	0.255	0.268
8:00:37	34.5	0.284	0.276	0.270	0.261	0.278	0.273	0.273	0.273	0.273	0.276	0.285	0.295	0.279	0.270	0.275	0.265	0.267	0.269	0.261	0.272	0.270	0.274	0.287	0.295	0.281	0.264	0.265	0.261	0.264	0.245	0.253	0.262	0.254	0.263	0.274	0.435	0.273	0.262	0.261	0.260	0.270	0.269	0.268	0.263	0.268	0.256	0.271	0.281	0.274	0.273	0.261	0.260	0.268	0.262	0.252	0.257	0.266	0.264	0.262	0.272	0.275	0.267	0.267	0.265	0.255	0.256	0.266	0.257	0.264	0.268	0.269	0.288	0.276	0.276	0.264	0.260	0.262	0.257	0.265	0.260	0.263	0.261	0.262	0.365	0.313	0.296	0.299	0.289	0.290	0.284	0.273	0.275	0.274	0.283	0.276	0.290
9:00:37	34.5	0.311	0.302	0.294	0.284	0.303	0.297	0.297	0.298	0.297	0.301	0.311	0.322	0.305	0.294	0.299	0.288	0.290	0.292	0.282	0.295	0.294	0.299	0.313	0.322	0.305	0.286	0.286	0.281	0.286	0.265	0.273	0.283	0.274	0.284	0.299	0.459	0.297	0.285	0.283	0.280	0.290	0.290	0.288	0.283	0.288	0.277	0.294	0.307	0.298	0.295	0.283	0.280	0.288	0.280	0.270	0.273	0.287	0.285	0.282	0.294	0.300	0.289	0.290	0.287	0.276	0.277	0.287	0.271	0.286	0.291	0.292	0.312	0.301	0.299	0.286	0.282	0.284	0.279	0.287	0.282	0.286	0.283	0.282	0.391	0.343	0.324	0.327	0.316	0.319	0.313	0.298	0.300	0.299	0.309	0.301	0.317
10:00:37	34.5	0.335	0.328	0.315	0.306	0.328	0.321	0.320	0.322	0.319	0.324	0.334	0.342	0.332	0.321	0.325	0.313	0.313	0.318	0.305	0.321	0.320	0.325	0.339	0.348	0.331	0.313	0.312	0.306	0.310	0.287	0.295	0.308	0.297	0.308	0.325	0.487	0.324	0.310	0.307	0.305	0.316	0.315	0.313	0.311	0.314	0.299	0.321	0.333	0.325	0.321	0.308	0.304	0.313	0.304	0.292	0.296	0.312	0.310	0.306	0.319	0.327	0.314	0.316	0.310	0.298	0.299	0.311	0.293	0.310	0.317	0.317	0.336	0.327	0.325	0.311	0.306	0.309	0.304	0.312	0.306	0.311	0.309	0.307	0.455	0.373	0.355	0.356	0.344	0.349	0.342	0.324	0.326	0.326	0.336	0.327	0.343
11:00:38	34.5	0.350	0.347	0.330	0.322	0.345	0.337	0.336	0.338	0.334	0.339	0.350	0.357	0.351	0.344	0.346	0.335	0.329	0.339	0.322	0.342	0.340	0.344	0.357	0.366	0.350	0.336	0.336	0.330	0.334	0.307	0.315	0.332	0.317	0.334	0.348	0.505	0.345	0.335	0.331	0.331	0.341	0.342	0.338	0.332	0.339	0.318	0.344	0.354	0.346	0.345	0.331	0.328	0.338	0.330	0.317	0.321	0.336	0.335	0.328	0.340	0.347	0.338	0.341	0.332	0.317	0.318	0.336	0.319	0.332	0.341	0.338	0.354	0.346	0.347	0.333	0.326	0.332	0.328	0.336	0.328	0.333	0.330	0.327	0.477	0.395	0.380	0.385	0.366	0.374	0.367	0.345	0.347	0.347	0.356	0.347	0.360
20:00:34	33.2	0.326	0.332	0.306	0.307	0.334	0.323	0.318	0.320	0.314	0.320	0.330	0.330	0.340	0.354	0.352	0.348	0.327	0.359	0.317	0.354	0.348	0.344	0.371	0.350	0.345	0.357	0.369	0.368	0.369	0.327	0.329	0.370	0.327	0.365	0.356	0.406	0.344	0.359	0.361	0.386	0.401	0.418	0.405	0.397	0.389	0.331	0.364	0.344	0.346	0.372	0.368	0.378	0.386	0.397	0.362	0.365	0.374	0.366	0.342	0.332	0.341	0.349	0.368	0.366	0.324	0.326	0.376	0.331	0.367	0.361	0.346	0.339	0.332	0.353	0.341	0.331	0.351	0.353	0.357	0.347	0.353	0.342	0.322	0.501	0.371	0.384	0.400	0.363	0.383	0.396	0.343	0.344	0.343	0.396	0.332	0.335
21:00:32	34.6	0.316	0.317	0.295	0.295	0.317	0.308	0.306	0.309	0.300	0.307	0.319	0.320	0.326	0.334	0.332	0.330	0.311	0.331	0.304	0.333	0.331	0.330	0.350	0.337	0.327	0.334	0.340	0.338	0.338	0.305	0.315	0.340	0.316	0.341	0.341	0.401	0.329	0.336	0.332	0.351	0.362	0.370	0.361	0.354	0.351	0.312	0.340	0.334	0.330	0.345	0.334	0.341	0.357	0.362	0.336	0.342	0.345	0.346	0.325	0.323	0.326	0.331	0.342	0.329	0.308	0.310	0.340	0.312	0.330	0.338	0.328	0.329	0.321	0.330	0.320	0.312	0.326	0.326	0.334	0.322	0.328	0.320	0.311	0.492	0.349	0.344	0.350	0.328	0.347	0.342	0.326	0.324	0.327	0.380	0.321	0.323
22:00:33	34.7	0.310	0.311	0.290	0.290	0.310	0.301	0.299	0.303	0.294	0.301	0.314	0.316	0.319	0.327	0.324	0.322	0.304	0.323	0.298	0.325	0.322	0.322	0.345	0.331	0.320	0.325	0.331	0.330	0.328	0.298	0.307	0.331	0.308	0.331	0.334	0.397	0.322	0.328	0.323	0.342	0.351	0.356	0.349	0.343	0.341	0.305	0.332	0.327	0.325	0.336	0.324	0.330	0.348	0.350	0.327	0.335	0.337	0.338	0.319	0.318	0.319	0.324	0.333	0.319	0.300	0.303	0.329	0.305	0.321	0.329	0.321	0.324	0.314	0.322	0.313	0.305	0.318	0.319	0.326	0.314	0.319	0.312	0.307	0.488	0.342	0.334	0.340	0.320	0.338	0.332	0.319	0.317	0.320	0.373	0.314	0.318

0:00:00																																																																																																	
0:00:00																																																																																																	
0:00:00																																																																																																	
0:00:00																																																																																																	
0:00:00																																																																																																	
0:00:00																																																																																																	
0:00:00																																																																																																	
0:00:00																																																																																																	
0:00:00																																																																																																	
0:00:00																																																																																																	
0:00:00																																																																																																	
0:00:00																																																																																																	
0:00:00																																																																																																	

Results
	1	2	3	4	5	6	7	8	9	10	11	12
A	0.383	0.378	0.339	0.337	0.378	0.364	0.358	0.370	0.355	0.361	0.378	0.383	Max V [600]
	0.993	0.994	0.994	0.996	0.996	0.995	0.995	0.995	0.994	0.995	0.995	0.996	R-Squared [600]
	8:00:37	9:00:37	9:00:37	9:00:37	9:00:37	9:00:37	9:00:37	9:00:37	8:00:37	9:00:37	8:00:37	8:00:37	t at Max V [600]
	3:03:05	3:10:41	3:04:00	3:19:26	3:16:37	3:15:08	3:12:55	3:12:24	2:55:24	3:03:24	3:03:24	3:01:33	Lagtime [600]
B	0.394	0.392	0.384	0.369	0.347	0.376	0.337	0.375	0.378	0.383	0.392	0.403	Max V [600]
	0.997	0.996	0.997	0.996	0.997	0.997	0.997	0.997	0.997	0.997	0.997	0.995	R-Squared [600]
	9:00:37	9:00:37	9:00:37	9:00:37	9:00:37	9:00:37	9:00:37	9:00:37	9:00:37	9:00:37	9:00:37	9:00:37	t at Max V [600]
	3:34:59	3:47:42	3:41:39	3:47:12	3:24:00	3:41:14	3:26:42	3:42:25	3:37:57	3:35:02	3:28:52	3:22:59	Lagtime [600]
C	0.354	0.379	0.368	0.356	0.364	0.323	0.327	0.361	0.333	0.360	0.396	1.390	Max V [600]
	0.987	0.995	0.992	0.992	0.994	0.995	0.995	0.992	0.996	0.990	0.997	0.816	R-Squared [600]
	9:00:37	9:00:37	9:00:37	9:00:37	9:00:37	9:00:37	9:00:37	9:00:37	9:00:37	9:00:37	9:00:37	2:00:35	t at Max V [600]
	3:14:16	3:52:51	3:54:53	3:54:31	3:50:01	3:38:05	3:46:21	4:20:23	3:42:20	3:47:51	3:47:36	?????	Lagtime [600]
D	0.388	0.375	0.362	0.359	0.362	0.366	0.358	0.357	0.363	0.333	0.385	0.398	Max V [600]
	0.997	0.993	0.994	0.988	0.989	0.987	0.988	0.988	0.991	0.997	0.996	0.998	R-Squared [600]
	9:00:37	9:00:37	9:00:37	9:00:37	9:00:37	9:00:37	9:00:37	9:00:37	9:00:37	9:00:37	9:00:37	9:00:37	t at Max V [600]
	3:44:40	3:51:02	3:44:34	3:50:14	3:56:16	3:53:48	3:55:57	3:58:24	3:53:18	3:40:06	3:45:47	3:37:20	Lagtime [600]
E	0.386	0.374	0.365	0.345	0.358	0.342	0.326	0.324	0.365	0.361	0.340	0.362	Max V [600]
	0.996	0.993	0.994	0.990	0.989	0.982	0.985	0.985	0.994	0.992	0.991	0.997	R-Squared [600]
	9:00:37	9:00:37	9:00:37	9:00:37	9:00:37	9:00:37	9:00:37	9:00:37	9:00:37	9:00:37	9:00:37	9:00:37	t at Max V [600]
	3:49:20	3:53:59	3:50:39	3:55:27	3:55:08	3:53:04	3:55:17	3:48:30	3:52:17	3:52:36	3:42:20	3:34:51	Lagtime [600]
F	0.393	0.375	0.381	0.355	0.330	0.331	0.359	0.340	0.366	0.383	0.365	0.365	Max V [600]
	0.997	0.995	0.993	0.997	0.997	0.997	0.993	0.992	0.997	0.996	0.996	0.997	R-Squared [600]
	9:00:37	9:00:37	9:00:37	9:00:37	9:00:37	9:00:37	9:00:37	9:00:37	9:00:37	9:00:37	9:00:37	9:00:37	t at Max V [600]
	3:38:32	3:48:58	3:56:12	3:44:03	3:42:38	3:34:07	3:51:46	3:37:18	3:42:41	3:47:25	3:39:36	3:25:25	Lagtime [600]
G	0.384	0.380	0.371	0.350	0.363	0.365	0.366	0.363	0.370	0.372	0.345	0.786	Max V [600]
	0.997	0.997	0.997	0.997	0.995	0.993	0.994	0.996	0.996	0.996	0.995	0.599	R-Squared [600]
	9:00:37	9:00:37	9:00:37	9:00:37	9:00:37	9:00:37	9:00:37	9:00:37	9:00:37	9:00:37	9:00:37	2:00:35	t at Max V [600]
	3:34:37	3:48:25	3:44:45	3:45:20	3:48:45	3:50:42	3:51:56	3:44:48	3:43:52	3:44:38	3:37:03	?????	Lagtime [600]
H	0.463	0.467	0.476	0.426	0.458	0.454	0.391	0.390	0.392	0.397	0.392	0.395	Max V [600]
	0.998	0.999	1.000	0.999	0.999	0.999	0.998	0.998	0.997	0.996	0.997	0.995	R-Squared [600]
	9:00:37	9:00:37	9:00:37	9:00:37	9:00:37	9:00:37	9:00:37	9:00:37	9:00:37	9:00:37	9:00:37	9:00:37	t at Max V [600]
	3:39:52	3:46:39	3:38:31	3:48:32	3:49:26	3:54:01	3:41:34	3:38:12	3:42:27	3:21:51	3:34:11	3:18:15	Lagtime [600]

