

Software Version	3.11.19



Experiment File Path:	C:\Users\patil-group\Desktop\Sweeteners_stacker\281121_NT5025_77_81_Rep4\NT5025_77_81_Rep4.xpt
Protocol File Path:	C:\Users\Public\Documents\Protocols\Screening-protocol.prt



Plate Number	Plate 1
Date	28/11/2021
Time	12:43:01
Reader Type:	Epoch 2
Reader Serial Number:	2103223
Reading Type	Reader

Procedure Details

Plate Type	96 WELL PLATE
Discontinuous Kinetics	Runtime 1:00:00 (D:HH:MM), Interval 0:01:00, 25 Reads
	Pause after each run
Eject plate on completion	
Shake	Linear: 0:00:30 (HH:MM:SS)
	Frequency: 567 cpm (3 mm)
Read	Absorbance Endpoint
	Full Plate
	Wavelengths:  600
	Read Speed: Normal,  Delay: 100 msec,  Measurements/Data Point: 8

600

Time	T° 600	A1	A2	A3	A4	A5	A6	A7	A8	A9	A10	A11	A12	B1	B2	B3	B4	B5	B6	B7	B8	B9	B10	B11	B12	C1	C2	C3	C4	C5	C6	C7	C8	C9	C10	C11	C12	D1	D2	D3	D4	D5	D6	D7	D8	D9	D10	D11	D12	E1	E2	E3	E4	E5	E6	E7	E8	E9	E10	E11	E12	F1	F2	F3	F4	F5	F6	F7	F8	F9	F10	F11	F12	G1	G2	G3	G4	G5	G6	G7	G8	G9	G10	G11	G12	H1	H2	H3	H4	H5	H6	H7	H8	H9	H10	H11	H12
0:00:34	34.9	0.175	0.172	0.179	0.174	0.180	0.176	0.180	0.169	0.173	0.177	0.172	0.175	0.179	0.180	0.176	0.173	0.175	0.171	0.174	0.181	0.183	0.172	0.175	0.178	0.173	0.175	0.182	0.173	0.180	0.172	0.170	0.180	0.171	0.174	0.173	0.176	0.172	0.177	0.184	0.176	0.180	0.166	0.171	0.180	0.168	0.172	0.176	0.174	0.184	0.178	0.170	0.177	0.177	0.177	0.175	0.179	0.170	0.172	0.176	0.176	0.174	0.171	0.172	0.170	0.183	0.169	0.174	0.178	0.168	0.177	0.178	0.187	0.177	0.177	0.172	0.179	0.184	0.164	0.173	0.177	0.179	0.170	0.176	0.173	0.170	0.167	0.185	0.182	0.167	0.173	0.165	0.178	0.169	0.170	0.187	0.171
1:00:32	34.8	0.177	0.173	0.181	0.175	0.181	0.177	0.181	0.171	0.176	0.178	0.174	0.176	0.181	0.180	0.177	0.174	0.175	0.172	0.175	0.182	0.184	0.174	0.177	0.180	0.174	0.177	0.183	0.174	0.181	0.173	0.170	0.181	0.172	0.176	0.174	0.178	0.174	0.178	0.189	0.206	0.181	0.167	0.205	0.223	0.192	0.216	0.177	0.176	0.183	0.200	0.171	0.177	0.209	0.179	0.200	0.237	0.235	0.217	0.192	0.177	0.175	0.172	0.226	0.223	0.249	0.230	0.210	0.230	0.216	0.224	0.194	0.189	0.179	0.177	0.188	0.205	0.208	0.166	0.174	0.221	0.181	0.180	0.179	0.175	0.172	0.169	0.185	0.183	0.169	0.174	0.166	0.179	0.170	0.172	0.188	0.173
2:00:33	34.7	0.182	0.178	0.185	0.179	0.185	0.181	0.185	0.175	0.180	0.182	0.179	0.181	0.186	0.184	0.181	0.179	0.180	0.177	0.180	0.186	0.189	0.178	0.183	0.186	0.179	0.181	0.187	0.178	0.184	0.177	0.174	0.185	0.176	0.180	0.179	0.183	0.178	0.182	0.188	0.181	0.184	0.171	0.176	0.183	0.173	0.177	0.181	0.181	0.187	0.184	0.175	0.180	0.181	0.182	0.178	0.184	0.175	0.178	0.182	0.181	0.180	0.176	0.177	0.176	0.201	0.175	0.178	0.183	0.173	0.181	0.183	0.194	0.184	0.183	0.178	0.184	0.187	0.171	0.177	0.182	0.184	0.176	0.182	0.180	0.178	0.175	0.192	0.188	0.176	0.179	0.172	0.185	0.176	0.178	0.192	0.179
3:00:33	34.7	0.196	0.191	0.198	0.190	0.197	0.194	0.196	0.187	0.192	0.194	0.192	0.194	0.199	0.197	0.194	0.190	0.193	0.189	0.192	0.198	0.201	0.191	0.195	0.199	0.191	0.192	0.197	0.188	0.196	0.188	0.184	0.196	0.187	0.191	0.190	0.195	0.190	0.193	0.198	0.191	0.195	0.182	0.186	0.193	0.184	0.188	0.194	0.194	0.198	0.195	0.186	0.191	0.192	0.192	0.188	0.194	0.185	0.190	0.194	0.193	0.193	0.187	0.189	0.188	0.215	0.187	0.190	0.194	0.184	0.193	0.195	0.207	0.196	0.194	0.191	0.196	0.199	0.183	0.188	0.194	0.196	0.189	0.194	0.192	0.193	0.189	0.204	0.200	0.189	0.192	0.184	0.198	0.189	0.191	0.205	0.193
4:00:35	34.7	0.215	0.209	0.215	0.206	0.213	0.211	0.212	0.204	0.209	0.211	0.212	0.213	0.218	0.214	0.210	0.206	0.210	0.205	0.209	0.214	0.217	0.208	0.214	0.219	0.208	0.208	0.212	0.203	0.211	0.203	0.200	0.211	0.203	0.207	0.207	0.213	0.207	0.209	0.213	0.206	0.211	0.198	0.201	0.209	0.200	0.204	0.212	0.213	0.215	0.211	0.201	0.207	0.207	0.206	0.203	0.209	0.201	0.207	0.211	0.211	0.210	0.204	0.204	0.204	0.233	0.203	0.206	0.210	0.199	0.209	0.213	0.226	0.214	0.210	0.208	0.212	0.215	0.200	0.204	0.210	0.212	0.207	0.212	0.209	0.212	0.208	0.222	0.218	0.209	0.211	0.203	0.217	0.208	0.210	0.224	0.213
5:00:35	34.7	0.237	0.231	0.237	0.228	0.236	0.234	0.235	0.226	0.230	0.232	0.234	0.235	0.240	0.236	0.232	0.229	0.232	0.227	0.230	0.235	0.239	0.229	0.235	0.241	0.230	0.231	0.233	0.224	0.232	0.224	0.220	0.232	0.224	0.229	0.230	0.236	0.230	0.231	0.234	0.227	0.233	0.216	0.222	0.230	0.221	0.226	0.234	0.236	0.237	0.233	0.223	0.229	0.229	0.226	0.224	0.230	0.222	0.230	0.233	0.233	0.232	0.226	0.226	0.226	0.257	0.224	0.228	0.231	0.221	0.232	0.235	0.248	0.236	0.232	0.230	0.233	0.237	0.218	0.226	0.232	0.234	0.228	0.233	0.230	0.233	0.229	0.243	0.239	0.230	0.233	0.223	0.239	0.229	0.231	0.246	0.235
6:00:35	34.7	0.257	0.251	0.256	0.247	0.255	0.254	0.254	0.245	0.250	0.251	0.255	0.255	0.261	0.255	0.251	0.248	0.251	0.247	0.249	0.255	0.259	0.249	0.256	0.262	0.249	0.251	0.253	0.243	0.252	0.243	0.240	0.252	0.244	0.249	0.250	0.256	0.249	0.251	0.255	0.248	0.254	0.233	0.242	0.251	0.241	0.247	0.255	0.257	0.257	0.254	0.243	0.249	0.249	0.246	0.244	0.251	0.241	0.250	0.253	0.253	0.251	0.245	0.245	0.245	0.280	0.244	0.248	0.251	0.242	0.251	0.256	0.269	0.256	0.252	0.251	0.253	0.256	0.233	0.245	0.251	0.253	0.248	0.254	0.250	0.252	0.248	0.262	0.259	0.248	0.253	0.241	0.260	0.247	0.250	0.265	0.256
7:00:36	34.7	0.281	0.273	0.276	0.265	0.276	0.275	0.275	0.266	0.271	0.272	0.280	0.280	0.283	0.276	0.271	0.267	0.271	0.267	0.269	0.275	0.280	0.270	0.278	0.286	0.271	0.270	0.270	0.261	0.270	0.261	0.257	0.269	0.262	0.268	0.270	0.279	0.270	0.270	0.273	0.266	0.272	0.251	0.260	0.269	0.259	0.266	0.276	0.281	0.277	0.273	0.261	0.268	0.267	0.263	0.262	0.269	0.260	0.271	0.273	0.274	0.273	0.264	0.264	0.266	0.302	0.263	0.268	0.269	0.260	0.272	0.277	0.293	0.278	0.272	0.272	0.273	0.276	0.254	0.265	0.272	0.272	0.270	0.274	0.271	0.276	0.272	0.285	0.282	0.272	0.276	0.263	0.282	0.271	0.274	0.288	0.281
8:00:36	34.6	0.312	0.302	0.304	0.292	0.304	0.304	0.302	0.295	0.299	0.300	0.310	0.311	0.313	0.305	0.298	0.294	0.299	0.293	0.296	0.302	0.307	0.299	0.307	0.316	0.300	0.297	0.296	0.286	0.295	0.286	0.282	0.294	0.288	0.294	0.298	0.309	0.298	0.297	0.298	0.292	0.299	0.275	0.285	0.295	0.285	0.293	0.305	0.311	0.306	0.300	0.288	0.294	0.292	0.288	0.286	0.295	0.286	0.299	0.301	0.302	0.302	0.291	0.292	0.292	0.330	0.289	0.295	0.295	0.287	0.300	0.305	0.322	0.307	0.300	0.301	0.299	0.302	0.278	0.292	0.298	0.299	0.298	0.302	0.298	0.305	0.300	0.315	0.310	0.300	0.305	0.290	0.312	0.298	0.303	0.317	0.312
9:00:37	34.6	0.344	0.335	0.336	0.323	0.336	0.337	0.334	0.327	0.330	0.332	0.343	0.343	0.346	0.336	0.330	0.325	0.329	0.324	0.326	0.333	0.337	0.330	0.340	0.348	0.332	0.328	0.326	0.316	0.325	0.315	0.311	0.324	0.319	0.324	0.330	0.341	0.330	0.328	0.328	0.322	0.330	0.301	0.315	0.326	0.316	0.324	0.337	0.344	0.337	0.331	0.318	0.325	0.323	0.318	0.317	0.324	0.315	0.330	0.333	0.334	0.334	0.322	0.322	0.323	0.364	0.320	0.325	0.325	0.317	0.331	0.337	0.354	0.339	0.331	0.332	0.330	0.333	0.303	0.322	0.329	0.330	0.329	0.333	0.329	0.335	0.332	0.346	0.342	0.330	0.337	0.319	0.344	0.329	0.334	0.348	0.344
10:00:37	34.6	0.373	0.364	0.364	0.353	0.366	0.367	0.365	0.357	0.359	0.361	0.371	0.368	0.373	0.365	0.358	0.354	0.358	0.354	0.355	0.363	0.367	0.358	0.368	0.376	0.360	0.359	0.356	0.345	0.356	0.345	0.342	0.354	0.349	0.354	0.360	0.369	0.360	0.359	0.358	0.353	0.362	0.326	0.346	0.357	0.346	0.355	0.367	0.373	0.365	0.362	0.349	0.355	0.353	0.349	0.346	0.354	0.347	0.360	0.361	0.362	0.362	0.351	0.353	0.353	0.397	0.349	0.355	0.356	0.348	0.360	0.365	0.380	0.366	0.361	0.361	0.360	0.362	0.322	0.352	0.358	0.359	0.357	0.359	0.357	0.357	0.356	0.372	0.370	0.353	0.365	0.343	0.372	0.352	0.358	0.374	0.371
11:00:38	34.6	0.393	0.388	0.386	0.376	0.388	0.391	0.389	0.380	0.381	0.383	0.392	0.386	0.393	0.387	0.381	0.378	0.381	0.378	0.378	0.386	0.390	0.381	0.389	0.394	0.384	0.383	0.380	0.369	0.380	0.369	0.365	0.377	0.374	0.378	0.383	0.390	0.382	0.383	0.382	0.379	0.387	0.345	0.372	0.383	0.369	0.379	0.389	0.393	0.386	0.387	0.373	0.379	0.380	0.375	0.371	0.379	0.370	0.383	0.380	0.383	0.382	0.372	0.378	0.374	0.424	0.371	0.378	0.379	0.372	0.382	0.385	0.398	0.387	0.383	0.384	0.384	0.385	0.334	0.374	0.380	0.382	0.379	0.378	0.375	0.371	0.370	0.392	0.392	0.368	0.386	0.359	0.392	0.367	0.371	0.392	0.389
20:00:34	32.9	0.352	0.359	0.363	0.367	0.379	0.371	0.367	0.345	0.348	0.336	0.345	0.319	0.353	0.361	0.367	0.362	0.365	0.370	0.378	0.351	0.367	0.350	0.346	0.337	0.352	0.366	0.376	0.366	0.380	0.370	0.360	0.366	0.353	0.352	0.350	0.351	0.353	0.364	0.376	0.385	0.392	0.332	0.379	0.388	0.355	0.384	0.376	0.350	0.346	0.373	0.361	0.372	0.383	0.381	0.374	0.379	0.365	0.375	0.369	0.346	0.341	0.344	0.360	0.359	0.378	0.359	0.367	0.381	0.371	0.359	0.357	0.363	0.336	0.350	0.360	0.368	0.375	0.305	0.367	0.371	0.371	0.353	0.346	0.337	0.280	0.296	0.334	0.353	0.328	0.354	0.331	0.367	0.339	0.342	0.360	0.357
21:00:32	34.6	0.334	0.337	0.343	0.342	0.359	0.354	0.347	0.328	0.331	0.324	0.322	0.307	0.332	0.345	0.346	0.346	0.345	0.344	0.357	0.333	0.348	0.332	0.330	0.322	0.330	0.344	0.357	0.348	0.358	0.348	0.345	0.348	0.331	0.332	0.324	0.329	0.331	0.343	0.356	0.362	0.365	0.319	0.358	0.363	0.334	0.360	0.342	0.321	0.325	0.343	0.340	0.351	0.353	0.360	0.352	0.356	0.344	0.348	0.352	0.323	0.321	0.325	0.335	0.339	0.348	0.338	0.349	0.353	0.344	0.346	0.340	0.341	0.321	0.327	0.331	0.341	0.342	0.296	0.341	0.344	0.348	0.338	0.328	0.320	0.270	0.281	0.314	0.330	0.313	0.335	0.315	0.345	0.319	0.320	0.338	0.341
22:00:32	34.7	0.326	0.329	0.335	0.333	0.351	0.346	0.338	0.320	0.324	0.318	0.314	0.300	0.323	0.337	0.338	0.338	0.336	0.335	0.349	0.325	0.340	0.325	0.323	0.314	0.321	0.336	0.349	0.339	0.350	0.339	0.337	0.342	0.324	0.324	0.316	0.320	0.322	0.334	0.347	0.353	0.356	0.311	0.350	0.354	0.326	0.353	0.334	0.313	0.316	0.334	0.332	0.343	0.344	0.352	0.344	0.346	0.335	0.340	0.361	0.315	0.313	0.316	0.327	0.330	0.338	0.330	0.340	0.344	0.337	0.339	0.332	0.336	0.313	0.318	0.321	0.332	0.331	0.289	0.333	0.335	0.340	0.329	0.321	0.314	0.264	0.275	0.305	0.322	0.306	0.328	0.307	0.337	0.313	0.314	0.331	0.334

0:00:00																																																																																																	
0:00:00																																																																																																	
0:00:00																																																																																																	
0:00:00																																																																																																	
0:00:00																																																																																																	
0:00:00																																																																																																	
0:00:00																																																																																																	
0:00:00																																																																																																	
0:00:00																																																																																																	
0:00:00																																																																																																	
0:00:00																																																																																																	
0:00:00																																																																																																	
0:00:00																																																																																																	

Results
	1	2	3	4	5	6	7	8	9	10	11	12
A	0.493	0.487	0.466	0.469	0.480	0.491	0.484	0.481	0.468	0.472	0.492	0.482	Max V [600]
	0.998	0.997	0.996	0.998	0.996	0.997	0.998	0.997	0.997	0.997	0.998	0.998	R-Squared [600]
	8:00:36	9:00:37	9:00:37	9:00:37	9:00:37	9:00:37	9:00:37	9:00:37	9:00:37	9:00:37	8:00:36	8:00:36	t at Max V [600]
	3:21:03	3:30:03	3:30:17	3:46:56	3:39:41	3:35:59	3:43:49	3:36:18	3:30:42	3:36:09	3:16:35	3:17:28	Lagtime [600]
B	0.478	0.470	0.467	0.470	0.464	0.473	0.460	0.472	0.468	0.468	0.477	0.484	Max V [600]
	0.996	0.996	0.997	0.998	0.998	0.998	0.998	0.998	0.998	0.997	0.997	0.998	R-Squared [600]
	8:00:36	9:00:37	9:00:37	9:00:37	9:00:37	9:00:37	9:00:37	9:00:37	9:00:37	9:00:37	8:00:36	8:00:36	t at Max V [600]
	3:16:37	3:33:23	3:35:39	3:40:41	3:30:57	3:38:25	3:32:08	3:41:45	3:33:16	3:28:39	3:19:08	3:13:38	Lagtime [600]
C	0.478	0.480	0.467	0.457	0.468	0.458	0.461	0.459	0.475	0.469	0.477	0.481	Max V [600]
	0.997	0.998	0.999	0.998	0.998	0.999	0.998	0.998	0.999	0.998	0.997	0.997	R-Squared [600]
	9:00:37	9:00:37	9:00:37	9:00:37	9:00:37	9:00:37	9:00:37	9:00:37	9:00:37	9:00:37	9:00:37	8:00:36	t at Max V [600]
	3:33:21	3:44:29	3:54:00	3:48:20	3:51:12	3:47:18	3:54:15	3:46:38	3:50:03	3:42:34	3:34:37	3:20:11	Lagtime [600]
D	0.475	0.479	0.465	0.476	0.486	0.398	0.474	0.482	0.466	0.481	0.478	0.494	Max V [600]
	0.997	0.998	0.999	0.999	0.999	0.996	0.999	0.999	0.998	0.998	0.997	0.997	R-Squared [600]
	9:00:37	9:00:37	9:00:37	9:00:37	9:00:37	9:00:37	9:00:37	9:00:37	9:00:37	9:00:37	9:00:37	8:00:36	t at Max V [600]
	3:32:07	3:47:58	3:51:52	3:53:25	3:52:57	3:23:48	3:55:44	3:57:16	3:44:32	3:45:07	3:28:52	3:18:32	Lagtime [600]
E	0.463	0.484	0.476	0.472	0.477	0.473	0.463	0.467	0.468	0.476	0.457	0.464	Max V [600]
	0.996	0.998	0.999	0.998	0.999	0.999	0.999	0.999	0.998	0.997	0.995	0.996	R-Squared [600]
	9:00:37	9:00:37	9:00:37	9:00:37	9:00:37	9:00:37	9:00:37	9:00:37	9:00:37	9:00:37	8:00:36	8:00:36	t at Max V [600]
	3:36:55	3:44:50	3:49:15	3:50:16	3:53:54	4:02:16	3:54:54	3:50:32	3:49:41	3:32:41	3:20:14	3:21:48	Lagtime [600]
F	0.469	0.460	0.481	0.463	0.519	0.460	0.466	0.470	0.475	0.469	0.461	0.472	Max V [600]
	0.996	0.997	0.998	0.997	0.999	0.998	0.998	0.998	0.998	0.997	0.996	0.998	R-Squared [600]
	8:00:36	9:00:37	9:00:37	9:00:37	9:00:37	9:00:37	9:00:37	9:00:37	9:00:37	9:00:37	8:00:36	8:00:36	t at Max V [600]
	3:22:43	3:36:32	3:48:55	3:33:38	3:14:00	3:36:02	3:39:50	3:48:23	3:47:36	3:36:34	3:19:21	3:11:40	Lagtime [600]
G	0.470	0.469	0.472	0.472	0.463	0.379	0.463	0.460	0.465	0.466	0.449	0.452	Max V [600]
	0.997	0.997	0.997	0.998	0.998	0.998	0.998	0.997	0.998	0.997	0.995	0.995	R-Squared [600]
	8:00:36	9:00:37	9:00:37	9:00:37	9:00:37	8:00:36	9:00:37	9:00:37	9:00:37	8:00:36	8:00:36	8:00:36	t at Max V [600]
	3:19:27	3:35:35	3:26:05	3:43:10	3:41:39	3:00:32	3:40:25	3:34:17	3:40:10	3:20:41	3:16:11	3:18:27	Lagtime [600]
H	0.452	0.459	0.469	0.472	0.449	0.476	0.435	0.479	0.445	0.458	0.463	0.487	Max V [600]
	0.998	0.998	0.997	0.997	0.998	0.998	0.998	0.997	0.998	0.998	0.998	0.998	R-Squared [600]
	8:00:36	8:00:36	8:00:36	8:00:36	8:00:36	8:00:36	8:00:36	8:00:36	8:00:36	8:00:36	8:00:36	8:00:36	t at Max V [600]
	3:02:31	3:07:27	3:21:36	3:24:05	3:04:03	3:19:05	3:09:08	3:17:27	3:07:15	3:09:39	3:17:01	3:10:01	Lagtime [600]


