
Software Version	3.11.19



Experiment File Path:	C:\Users\patil-group\Desktop\Sweeteners_stacker\081221_NT5031_31_31_Rep1-3\NT5031_31_31_Rep1-3.xpt
Protocol File Path:	C:\Users\Public\Documents\Protocols\Screening-protocol.prt



Plate Number	Plate 18
Date	08/12/2021
Time	14:10:17
Reader Type:	Epoch 2
Reader Serial Number:	2103223
Reading Type	Reader

Procedure Details

Plate Type	96 WELL PLATE
Discontinuous Kinetics	Runtime 1:00:00 (D:HH:MM), Interval 0:01:00, 25 Reads
	Pause after each run
Eject plate on completion	
Shake	Linear: 0:00:30 (HH:MM:SS)
	Frequency: 567 cpm (3 mm)
Read	Absorbance Endpoint
	Full Plate
	Wavelengths:  600
	Read Speed: Normal,  Delay: 100 msec,  Measurements/Data Point: 8

600

Time	T° 600	A1	A2	A3	A4	A5	A6	A7	A8	A9	A10	A11	A12	B1	B2	B3	B4	B5	B6	B7	B8	B9	B10	B11	B12	C1	C2	C3	C4	C5	C6	C7	C8	C9	C10	C11	C12	D1	D2	D3	D4	D5	D6	D7	D8	D9	D10	D11	D12	E1	E2	E3	E4	E5	E6	E7	E8	E9	E10	E11	E12	F1	F2	F3	F4	F5	F6	F7	F8	F9	F10	F11	F12	G1	G2	G3	G4	G5	G6	G7	G8	G9	G10	G11	G12	H1	H2	H3	H4	H5	H6	H7	H8	H9	H10	H11	H12
0:00:34	33.0	0.153	0.154	0.160	0.160	0.153	0.155	0.155	0.152	0.155	0.158	0.156	0.159	0.154	0.157	0.166	0.157	0.155	0.155	0.155	0.156	0.153	0.155	0.160	0.160	0.157	0.155	0.166	0.159	0.163	0.156	0.160	0.157	0.155	0.160	0.161	0.157	0.175	0.179	0.177	0.180	0.163	0.157	0.157	0.155	0.179	0.175	0.171	0.174	0.159	0.159	0.161	0.160	0.158	0.157	0.160	0.166	0.158	0.160	0.164	0.159	0.176	0.178	0.173	0.159	0.162	0.163	0.154	0.162	0.156	0.168	0.165	0.158	0.164	0.160	0.160	0.165	0.161	0.165	0.166	0.168	0.165	0.162	0.160	0.161	0.153	0.157	0.159	0.161	0.161	0.159	0.161	0.158	0.162	0.164	0.167	0.162
1:00:33	33.8	0.153	0.155	0.161	0.161	0.154	0.155	0.155	0.153	0.156	0.159	0.157	0.159	0.155	0.158	0.166	0.158	0.155	0.157	0.155	0.156	0.153	0.156	0.161	0.161	0.157	0.156	0.165	0.160	0.163	0.157	0.160	0.158	0.155	0.161	0.161	0.158	0.177	0.182	0.180	0.182	0.163	0.158	0.158	0.155	0.182	0.178	0.173	0.177	0.159	0.160	0.161	0.160	0.160	0.159	0.160	0.166	0.159	0.161	0.165	0.160	0.178	0.181	0.179	0.160	0.163	0.164	0.155	0.163	0.156	0.168	0.166	0.158	0.165	0.161	0.160	0.165	0.161	0.166	0.166	0.168	0.165	0.163	0.161	0.162	0.154	0.158	0.160	0.161	0.162	0.159	0.162	0.159	0.163	0.165	0.168	0.163
2:00:34	34.0	0.160	0.161	0.167	0.167	0.159	0.162	0.161	0.158	0.162	0.165	0.164	0.165	0.161	0.162	0.169	0.162	0.159	0.160	0.158	0.158	0.155	0.159	0.164	0.164	0.162	0.160	0.169	0.164	0.166	0.160	0.163	0.162	0.158	0.165	0.165	0.163	0.178	0.184	0.182	0.184	0.166	0.162	0.161	0.159	0.183	0.179	0.175	0.177	0.162	0.162	0.162	0.162	0.163	0.162	0.163	0.169	0.162	0.164	0.168	0.164	0.180	0.182	0.174	0.164	0.165	0.168	0.157	0.165	0.158	0.171	0.169	0.163	0.170	0.165	0.164	0.167	0.164	0.168	0.169	0.172	0.169	0.166	0.165	0.167	0.162	0.164	0.165	0.167	0.167	0.164	0.166	0.163	0.168	0.169	0.173	0.169
3:00:34	34.1	0.213	0.208	0.211	0.211	0.202	0.207	0.205	0.199	0.210	0.210	0.213	0.214	0.199	0.196	0.189	0.191	0.189	0.188	0.180	0.190	0.175	0.181	0.190	0.188	0.199	0.191	0.196	0.188	0.191	0.185	0.185	0.186	0.187	0.195	0.196	0.201	0.179	0.185	0.183	0.186	0.191	0.188	0.189	0.185	0.184	0.180	0.175	0.178	0.176	0.178	0.174	0.174	0.186	0.186	0.186	0.190	0.187	0.187	0.196	0.199	0.181	0.183	0.175	0.190	0.189	0.196	0.169	0.176	0.171	0.194	0.196	0.200	0.210	0.194	0.196	0.187	0.185	0.187	0.195	0.196	0.195	0.197	0.196	0.204	0.214	0.208	0.204	0.213	0.205	0.203	0.206	0.197	0.202	0.207	0.213	0.213
4:00:34	34.1	0.395	0.362	0.373	0.377	0.357	0.373	0.372	0.348	0.369	0.375	0.389	0.386	0.376	0.351	0.295	0.327	0.345	0.326	0.305	0.339	0.263	0.283	0.305	0.289	0.370	0.337	0.331	0.338	0.311	0.314	0.315	0.314	0.332	0.333	0.347	0.349	0.180	0.187	0.186	0.187	0.317	0.347	0.320	0.313	0.185	0.181	0.177	0.179	0.266	0.270	0.238	0.245	0.306	0.311	0.308	0.307	0.306	0.317	0.331	0.350	0.182	0.184	0.176	0.322	0.318	0.336	0.233	0.238	0.243	0.310	0.332	0.346	0.369	0.335	0.330	0.274	0.292	0.277	0.328	0.326	0.322	0.333	0.343	0.369	0.421	0.371	0.347	0.394	0.357	0.390	0.365	0.350	0.359	0.374	0.383	0.385
5:00:35	34.1	0.679	0.614	0.630	0.611	0.622	0.664	0.604	0.601	0.650	0.618	0.699	0.674	0.571	0.576	0.473	0.500	0.550	0.490	0.471	0.539	0.374	0.403	0.416	0.388	0.548	0.505	0.491	0.506	0.515	0.504	0.459	0.492	0.539	0.544	0.573	0.591	0.183	0.193	0.186	0.189	0.544	0.600	0.528	0.526	0.188	0.184	0.180	0.181	0.420	0.422	0.520	0.450	0.530	0.555	0.542	0.542	0.558	0.520	0.546	0.602	0.185	0.186	0.179	0.574	0.576	0.568	0.439	0.418	0.388	0.482	0.535	0.613	0.644	0.532	0.530	0.399	0.441	0.404	0.492	0.513	0.510	0.536	0.580	0.622	0.750	0.655	0.614	0.692	0.611	0.657	0.635	0.616	0.610	0.652	0.638	0.681
6:00:36	34.1	0.893	0.751	0.994	0.930	0.840	0.970	0.919	0.873	0.940	0.908	0.945	0.961	0.870	0.933	0.706	0.828	0.792	0.837	0.733	0.909	0.439	0.454	0.494	0.451	0.821	0.871	0.858	0.891	0.813	0.859	0.821	0.812	0.793	0.885	0.970	0.916	0.186	0.192	0.190	0.193	0.934	0.983	0.908	0.928	0.192	0.188	0.185	0.186	0.669	0.643	0.716	0.656	0.926	0.916	0.896	0.869	0.921	0.903	0.916	0.978	0.190	0.191	0.185	0.927	0.907	1.016	0.560	0.654	0.627	0.795	0.888	0.959	1.012	0.827	0.924	0.534	0.527	0.459	0.734	0.873	0.784	0.909	0.974	0.978	1.041	1.062	1.008	1.032	1.040	0.988	1.053	1.022	0.975	0.994	1.001	0.913
7:00:37	34.1	0.773	0.890	0.802	0.835	0.872	0.970	0.816	0.854	0.947	0.852	0.829	0.841	0.967	0.991	0.841	0.932	0.939	0.911	0.945	0.896	0.564	0.597	0.561	0.500	0.919	0.935	0.933	0.965	0.961	0.947	0.877	0.901	0.826	0.878	0.925	0.940	0.193	0.199	0.196	0.200	1.004	1.060	0.959	1.007	0.201	0.197	0.192	0.194	0.924	0.890	0.873	0.856	1.032	1.038	1.057	1.077	1.029	1.013	1.002	1.005	0.197	0.199	0.197	1.078	1.141	1.075	0.849	0.842	0.831	0.975	0.962	0.969	1.014	0.868	0.998	0.639	0.747	0.586	0.943	0.986	0.949	0.898	0.988	0.954	0.967	0.977	1.083	1.024	1.067	0.998	1.016	0.984	1.032	0.922	0.950	0.881
8:00:38	34.1	0.780	0.827	0.770	0.802	0.789	0.788	0.795	0.783	0.731	0.786	0.795	0.785	0.910	0.919	0.901	0.866	0.780	0.938	0.886	0.853	0.606	0.712	0.834	0.702	0.899	0.883	0.801	0.865	0.846	0.905	0.894	0.924	0.794	0.817	0.811	0.793	0.205	0.210	0.206	0.212	0.876	0.948	0.846	0.921	0.218	0.218	0.211	0.214	0.944	0.957	0.995	0.981	0.924	0.998	0.959	1.032	0.960	0.890	0.836	0.879	0.216	0.217	0.224	0.991	1.029	0.946	0.960	0.974	0.966	0.947	0.933	0.865	0.835	0.841	0.903	0.713	0.851	0.778	0.841	0.835	0.916	0.889	0.904	0.884	0.828	0.898	0.874	0.906	0.921	0.833	0.893	0.898	0.882	0.886	0.825	0.835
9:00:39	34.0	0.788	0.785	0.780	0.768	0.758	0.765	0.751	0.766	0.758	0.783	0.775	0.767	0.788	0.785	0.812	0.784	0.788	0.779	0.791	0.756	0.660	0.761	0.740	0.728	0.776	0.764	0.804	0.791	0.770	0.766	0.765	0.779	0.811	0.803	0.792	0.796	0.235	0.237	0.235	0.235	0.778	0.795	0.799	0.828	0.243	0.238	0.234	0.238	0.857	0.834	0.894	0.849	0.813	0.826	0.808	0.842	0.839	0.821	0.818	0.800	0.241	0.243	0.241	0.850	0.867	0.827	0.946	0.903	0.880	0.824	0.811	0.791	0.819	0.840	0.867	0.773	0.852	0.796	0.800	0.799	0.791	0.822	0.812	0.803	0.799	0.817	0.822	0.809	0.827	0.818	0.846	0.828	0.808	0.798	0.805	0.788
10:00:39	34.0	0.780	0.790	0.775	0.767	0.749	0.756	0.746	0.760	0.752	0.772	0.764	0.757	0.805	0.807	0.815	0.808	0.795	0.765	0.782	0.779	0.675	0.713	0.736	0.718	0.791	0.762	0.781	0.759	0.766	0.753	0.763	0.735	0.793	0.793	0.792	0.783	0.244	0.252	0.248	0.251	0.795	0.774	0.795	0.798	0.258	0.254	0.248	0.254	0.838	0.830	0.856	0.808	0.807	0.797	0.773	0.819	0.804	0.811	0.809	0.794	0.256	0.260	0.323	0.832	0.829	0.784	0.860	0.862	0.820	0.811	0.811	0.786	0.814	0.835	0.862	0.726	0.730	0.755	0.779	0.785	0.780	0.809	0.801	0.787	0.783	0.814	0.816	0.784	0.813	0.826	0.807	0.801	0.795	0.792	0.787	0.777
11:00:40	34.0	0.776	0.780	0.773	0.764	0.752	0.749	0.737	0.752	0.745	0.763	0.757	0.748	0.807	0.798	0.800	0.807	0.789	0.779	0.778	0.769	0.690	0.715	0.734	0.716	0.782	0.766	0.765	0.750	0.765	0.750	0.752	0.745	0.787	0.789	0.781	0.769	0.268	0.274	0.269	0.277	0.787	0.784	0.794	0.777	0.281	0.279	0.269	0.275	0.826	0.830	0.793	0.812	0.802	0.803	0.783	0.809	0.792	0.806	0.808	0.787	0.279	0.319	0.306	0.824	0.810	0.778	0.802	0.809	0.787	0.803	0.807	0.773	0.806	0.828	0.847	0.720	0.736	0.729	0.770	0.787	0.775	0.793	0.786	0.783	0.779	0.803	0.809	0.783	0.799	0.820	0.793	0.793	0.785	0.787	0.788	0.769
12:00:40	34.0	0.767	0.774	0.769	0.760	0.738	0.741	0.731	0.735	0.738	0.753	0.753	0.741	0.791	0.794	0.794	0.799	0.782	0.782	0.774	0.771	0.690	0.708	0.721	0.713	0.784	0.757	0.760	0.742	0.767	0.734	0.750	0.749	0.778	0.786	0.774	0.766	0.291	0.298	0.290	0.283	0.779	0.774	0.778	0.773	0.289	0.279	0.276	0.283	0.828	0.817	0.797	0.804	0.795	0.784	0.773	0.801	0.783	0.803	0.800	0.784	0.290	0.291	0.276	0.807	0.806	0.766	0.789	0.809	0.799	0.800	0.801	0.763	0.801	0.820	0.812	0.711	0.725	0.729	0.758	0.779	0.767	0.788	0.781	0.776	0.768	0.791	0.798	0.771	0.786	0.789	0.796	0.789	0.777	0.775	0.774	0.764
13:00:41	34.0	0.755	0.763	0.760	0.751	0.736	0.736	0.728	0.735	0.731	0.746	0.746	0.733	0.789	0.788	0.791	0.793	0.778	0.773	0.767	0.766	0.681	0.706	0.707	0.706	0.778	0.755	0.759	0.740	0.757	0.738	0.742	0.741	0.766	0.778	0.762	0.756	0.280	0.281	0.281	0.271	0.770	0.779	0.769	0.764	0.275	0.267	0.267	0.269	0.819	0.811	0.800	0.793	0.798	0.778	0.775	0.803	0.775	0.800	0.796	0.773	0.277	0.278	0.266	0.798	0.793	0.766	0.775	0.814	0.790	0.788	0.793	0.756	0.792	0.815	0.811	0.707	0.721	0.716	0.763	0.788	0.760	0.783	0.773	0.768	0.770	0.779	0.784	0.760	0.783	0.782	0.785	0.780	0.771	0.762	0.777	0.756
14:00:42	34.0	0.752	0.752	0.749	0.746	0.733	0.736	0.715	0.733	0.725	0.737	0.736	0.726	0.782	0.784	0.789	0.785	0.771	0.775	0.765	0.762	0.677	0.689	0.703	0.693	0.771	0.751	0.756	0.723	0.750	0.732	0.729	0.736	0.762	0.772	0.751	0.748	0.271	0.271	0.272	0.261	0.764	0.775	0.765	0.758	0.270	0.264	0.259	0.263	0.800	0.802	0.802	0.795	0.793	0.770	0.769	0.796	0.767	0.788	0.785	0.766	0.270	0.272	0.277	0.782	0.789	0.754	0.785	0.805	0.781	0.785	0.773	0.750	0.785	0.804	0.799	0.698	0.710	0.707	0.763	0.765	0.749	0.777	0.764	0.760	0.748	0.769	0.782	0.758	0.773	0.772	0.772	0.765	0.762	0.753	0.767	0.751
15:00:42	34.0	0.739	0.743	0.741	0.737	0.722	0.729	0.709	0.722	0.717	0.729	0.730	0.720	0.776	0.775	0.777	0.778	0.771	0.767	0.754	0.750	0.670	0.679	0.698	0.687	0.759	0.743	0.743	0.728	0.745	0.726	0.724	0.735	0.753	0.761	0.745	0.749	0.268	0.268	0.267	0.257	0.753	0.765	0.757	0.749	0.270	0.268	0.267	0.270	0.795	0.799	0.787	0.787	0.782	0.765	0.762	0.787	0.766	0.778	0.774	0.752	0.270	0.272	0.359	0.773	0.772	0.747	0.791	0.795	0.778	0.766	0.774	0.742	0.777	0.800	0.796	0.689	0.711	0.704	0.761	0.760	0.743	0.771	0.758	0.751	0.757	0.763	0.774	0.756	0.765	0.770	0.771	0.766	0.750	0.744	0.757	0.740
16:00:43	34.0	0.733	0.734	0.732	0.729	0.714	0.721	0.702	0.715	0.714	0.721	0.720	0.710	0.765	0.755	0.775	0.765	0.759	0.763	0.760	0.743	0.662	0.673	0.688	0.678	0.748	0.744	0.738	0.722	0.739	0.732	0.715	0.727	0.749	0.750	0.740	0.740	0.273	0.279	0.280	0.265	0.750	0.757	0.752	0.747	0.289	0.277	0.274	0.289	0.787	0.792	0.788	0.781	0.779	0.759	0.754	0.775	0.758	0.769	0.767	0.749	0.315	0.334	0.361	0.775	0.763	0.744	0.789	0.791	0.776	0.759	0.759	0.735	0.771	0.794	0.788	0.682	0.698	0.701	0.752	0.756	0.736	0.763	0.751	0.745	0.749	0.760	0.760	0.749	0.754	0.762	0.760	0.756	0.750	0.749	0.752	0.737
17:00:43	34.0	0.722	0.725	0.725	0.723	0.705	0.715	0.695	0.704	0.707	0.710	0.712	0.698	0.757	0.757	0.771	0.755	0.758	0.755	0.752	0.738	0.650	0.660	0.685	0.669	0.741	0.734	0.733	0.711	0.738	0.731	0.713	0.720	0.744	0.743	0.728	0.734	0.317	0.289	0.283	0.296	0.743	0.751	0.744	0.735	0.316	0.309	0.323	0.313	0.786	0.782	0.775	0.778	0.765	0.754	0.746	0.773	0.753	0.760	0.761	0.743	0.394	0.313	0.423	0.771	0.764	0.744	0.771	0.787	0.769	0.752	0.761	0.730	0.766	0.788	0.779	0.674	0.691	0.693	0.744	0.751	0.734	0.757	0.746	0.741	0.736	0.745	0.752	0.745	0.751	0.754	0.761	0.747	0.746	0.744	0.742	0.732
18:00:44	34.0	0.717	0.719	0.717	0.715	0.695	0.705	0.694	0.700	0.702	0.696	0.705	0.685	0.745	0.749	0.770	0.746	0.750	0.747	0.750	0.731	0.643	0.654	0.680	0.660	0.729	0.730	0.719	0.715	0.727	0.723	0.707	0.718	0.730	0.735	0.723	0.725	0.433	0.364	0.309	0.315	0.734	0.747	0.735	0.735	0.395	0.366	0.381	0.346	0.769	0.776	0.755	0.769	0.761	0.745	0.738	0.761	0.743	0.757	0.747	0.735	0.345	0.324	0.474	0.760	0.756	0.735	0.752	0.781	0.759	0.753	0.755	0.720	0.756	0.778	0.771	0.662	0.684	0.684	0.741	0.749	0.726	0.750	0.738	0.735	0.734	0.739	0.753	0.742	0.740	0.750	0.748	0.748	0.735	0.734	0.738	0.724
19:00:45	34.0	0.712	0.711	0.711	0.703	0.690	0.695	0.688	0.691	0.695	0.690	0.698	0.675	0.739	0.739	0.765	0.736	0.742	0.740	0.740	0.721	0.634	0.648	0.668	0.655	0.724	0.723	0.710	0.707	0.720	0.719	0.707	0.715	0.725	0.725	0.720	0.715	0.429	0.447	0.353	0.380	0.724	0.737	0.726	0.727	0.419	0.445	0.445	0.395	0.774	0.769	0.754	0.764	0.752	0.736	0.731	0.762	0.739	0.750	0.742	0.726	0.466	0.393	0.527	0.758	0.755	0.736	0.747	0.778	0.754	0.740	0.742	0.714	0.748	0.771	0.766	0.657	0.676	0.679	0.733	0.740	0.715	0.744	0.735	0.726	0.734	0.735	0.746	0.736	0.738	0.742	0.735	0.735	0.732	0.730	0.727	0.717
20:00:46	34.0	0.701	0.702	0.703	0.700	0.694	0.689	0.679	0.686	0.692	0.681	0.690	0.674	0.731	0.729	0.765	0.730	0.731	0.729	0.734	0.718	0.620	0.638	0.661	0.648	0.714	0.715	0.699	0.703	0.711	0.712	0.710	0.705	0.715	0.719	0.715	0.708	0.592	0.398	0.400	0.417	0.720	0.732	0.721	0.720	0.507	0.565	0.419	0.536	0.769	0.760	0.751	0.758	0.745	0.736	0.725	0.750	0.725	0.739	0.736	0.716	0.726	0.606	0.489	0.755	0.745	0.728	0.744	0.773	0.751	0.734	0.740	0.704	0.743	0.760	0.755	0.650	0.670	0.668	0.725	0.736	0.708	0.735	0.725	0.715	0.718	0.730	0.728	0.734	0.731	0.730	0.729	0.721	0.717	0.719	0.718	0.711
21:00:46	34.1	0.692	0.697	0.694	0.691	0.686	0.685	0.672	0.675	0.685	0.667	0.684	0.657	0.725	0.723	0.756	0.727	0.727	0.721	0.729	0.710	0.613	0.630	0.655	0.639	0.712	0.708	0.692	0.701	0.705	0.705	0.706	0.703	0.708	0.714	0.706	0.694	0.712	0.601	0.464	0.430	0.712	0.725	0.714	0.715	0.595	0.653	0.524	0.469	0.759	0.760	0.746	0.746	0.736	0.726	0.718	0.741	0.725	0.731	0.721	0.709	0.573	0.669	0.652	0.739	0.738	0.724	0.741	0.766	0.746	0.726	0.730	0.698	0.736	0.752	0.750	0.642	0.665	0.664	0.715	0.719	0.703	0.729	0.710	0.704	0.717	0.721	0.730	0.727	0.727	0.722	0.725	0.716	0.711	0.707	0.709	0.705
22:00:46	34.1	0.688	0.693	0.681	0.677	0.679	0.684	0.669	0.671	0.678	0.656	0.673	0.651	0.720	0.717	0.747	0.716	0.719	0.721	0.719	0.704	0.608	0.625	0.647	0.635	0.704	0.700	0.685	0.692	0.700	0.700	0.697	0.695	0.705	0.707	0.698	0.688	0.563	0.560	0.386	0.545	0.712	0.715	0.706	0.706	0.622	0.677	0.700	0.749	0.755	0.746	0.726	0.746	0.723	0.728	0.711	0.734	0.710	0.730	0.722	0.701	0.518	0.688	0.535	0.737	0.739	0.714	0.732	0.762	0.740	0.721	0.719	0.688	0.730	0.748	0.745	0.639	0.660	0.656	0.710	0.720	0.696	0.722	0.709	0.701	0.708	0.723	0.724	0.716	0.727	0.717	0.713	0.707	0.708	0.704	0.704	0.696
0:00:00																																																																																																	
0:00:00																																																																																																	

Results
	1	2	3	4	5	6	7	8	9	10	11	12
A	3.221	2.922	3.455	3.211	3.038	3.538	3.192	3.056	3.407	3.158	3.414	3.421	Max V [600]
	0.956	0.987	0.918	0.931	0.958	0.945	0.932	0.935	0.948	0.939	0.946	0.940	R-Squared [600]
	4:00:35	5:00:36	4:00:35	4:00:35	5:00:36	5:00:36	4:00:35	5:00:36	5:00:36	4:00:35	4:00:35	4:00:35	t at Max V [600]
	2:22:43	2:39:56	2:29:18	2:27:27	2:40:42	2:44:27	2:27:36	2:42:19	2:43:01	2:26:38	2:25:10	2:26:38	Lagtime [600]
B	3.379	3.620	2.858	3.304	3.244	3.261	3.262	3.305	1.590	1.753	2.006	1.565	Max V [600]
	0.983	0.964	0.986	0.973	0.994	0.964	0.983	0.936	0.993	0.984	0.916	0.931	R-Squared [600]
	5:00:36	5:00:36	5:00:36	5:00:36	5:00:36	5:00:36	5:00:36	5:00:36	5:00:36	6:00:36	6:00:36	6:00:36	t at Max V [600]
	2:49:37	2:55:27	3:03:21	3:00:02	2:54:44	2:59:32	3:06:34	2:53:59	2:48:20	2:49:38	3:00:17	2:45:03	Lagtime [600]
C	3.152	3.369	3.335	3.511	3.404	3.449	3.151	3.212	2.898	3.198	3.465	3.409	Max V [600]
	0.985	0.960	0.958	0.960	0.981	0.965	0.952	0.971	0.964	0.940	0.921	0.956	R-Squared [600]
	5:00:36	5:00:36	5:00:36	5:00:36	5:00:36	5:00:36	5:00:36	5:00:36	5:00:36	5:00:36	5:00:36	5:00:36	t at Max V [600]
	2:49:01	2:58:12	3:01:46	3:01:24	3:04:34	3:02:58	3:02:40	3:01:06	2:49:17	2:53:24	2:53:06	2:50:47	Lagtime [600]
D	1.581	1.096	0.752	0.850	3.741	3.966	3.544	3.763	1.116	1.478	1.195	1.466	Max V [600]
	0.935	0.797	0.979	0.918	0.958	0.967	0.954	0.958	0.973	0.985	0.803	0.781	R-Squared [600]
	19:00:45	19:00:45	19:00:45	20:00:45	5:00:36	5:00:36	5:00:36	5:00:36	19:00:45	19:00:45	20:00:45	20:00:45	t at Max V [600]
	15:37:11	15:21:07	14:54:33	15:21:29	3:04:16	2:59:52	3:00:57	3:04:32	15:01:19	15:42:56	15:30:45	16:18:56	Lagtime [600]
E	3.161	3.067	3.127	3.128	3.855	3.849	3.883	3.892	3.831	3.725	3.664	3.733	Max V [600]
	0.964	0.977	0.975	0.993	0.962	0.972	0.976	0.980	0.968	0.966	0.966	0.953	R-Squared [600]
	5:00:36	6:00:36	5:00:36	6:00:36	5:00:36	5:00:36	5:00:36	5:00:36	5:00:36	5:00:36	5:00:36	5:00:36	t at Max V [600]
	3:15:40	3:25:07	3:10:46	3:27:57	3:07:06	3:05:16	3:07:45	3:09:55	3:05:14	3:05:40	3:02:13	2:55:20	Lagtime [600]
F	1.490	1.673	0.787	3.970	4.152	4.063	3.107	3.160	3.147	3.412	3.481	3.583	Max V [600]
	0.735	0.907	0.751	0.978	0.982	0.950	0.983	0.992	0.992	0.975	0.965	0.948	R-Squared [600]
	18:00:45	20:00:45	19:00:45	5:00:36	5:00:36	5:00:36	6:00:36	6:00:36	6:00:36	5:00:36	5:00:36	5:00:36	t at Max V [600]
	14:57:48	16:26:43	11:48:15	3:04:53	3:08:51	3:03:39	3:34:25	3:34:05	3:35:51	3:08:08	3:00:37	2:52:18	Lagtime [600]
G	3.750	3.064	3.662	1.941	2.371	1.971	3.168	3.545	3.284	3.296	3.692	3.514	Max V [600]
	0.945	0.964	0.958	0.996	0.984	0.965	0.988	0.969	0.986	0.934	0.946	0.935	R-Squared [600]
	5:00:36	5:00:36	5:00:36	5:00:36	6:00:36	6:00:36	5:00:36	5:00:36	5:00:36	5:00:36	5:00:36	5:00:36	t at Max V [600]
	2:51:03	2:53:04	3:01:35	2:56:03	3:07:19	3:10:26	3:03:04	3:04:38	3:02:36	2:55:22	2:57:08	2:48:24	Lagtime [600]
H	3.824	3.738	4.029	3.764	4.009	3.645	3.848	3.745	3.791	3.491	3.487	3.262	Max V [600]
	0.947	0.908	0.963	0.943	0.948	0.952	0.927	0.926	0.964	0.922	0.922	0.946	R-Squared [600]
	4:00:35	4:00:35	5:00:36	5:00:36	5:00:36	5:00:36	5:00:36	5:00:36	5:00:36	4:00:35	5:00:36	4:00:35	t at Max V [600]
	2:25:15	2:30:50	2:58:23	2:45:01	2:57:10	2:46:35	2:52:04	2:53:41	2:55:39	2:30:15	2:45:50	2:25:37	Lagtime [600]

