

Software Version	3.10.06



Experiment File Path:	C:\Users\patil-group\Desktop\Sweeteners_stacker\221021_NT5009_11_Rep2\NT5009_11_Rep2_read2.xpt
Protocol File Path:	C:\Users\Public\Documents\Protocols\Screening-protocol.prt



Plate Number	Plate 11
Date	22/10/2021
Time	16:58:00
Reader Type:	Epoch 2
Reader Serial Number:	2103223
Reading Type	Reader

Procedure Details

Plate Type	96 WELL PLATE
Discontinuous Kinetics	Runtime 1:00:00 (D:HH:MM), Interval 0:01:00, 25 Reads
	Pause after each run
Eject plate on completion	
Shake	Linear: 0:00:30 (HH:MM:SS)
	Frequency: 567 cpm (3 mm)
Read	Absorbance Endpoint
	Full Plate
	Wavelengths:  600
	Read Speed: Normal,  Delay: 100 msec,  Measurements/Data Point: 8

600

Time	T° 600	A1	A2	A3	A4	A5	A6	A7	A8	A9	A10	A11	A12	B1	B2	B3	B4	B5	B6	B7	B8	B9	B10	B11	B12	C1	C2	C3	C4	C5	C6	C7	C8	C9	C10	C11	C12	D1	D2	D3	D4	D5	D6	D7	D8	D9	D10	D11	D12	E1	E2	E3	E4	E5	E6	E7	E8	E9	E10	E11	E12	F1	F2	F3	F4	F5	F6	F7	F8	F9	F10	F11	F12	G1	G2	G3	G4	G5	G6	G7	G8	G9	G10	G11	G12	H1	H2	H3	H4	H5	H6	H7	H8	H9	H10	H11	H12
0:00:34	34.3	0.174	0.170	0.160	0.163	0.160	0.160	0.166	0.164	0.164	0.175	0.165	0.170	0.177	0.169	0.168	0.180	0.175	0.168	0.168	0.164	0.169	0.190	0.169	0.168	0.175	0.169	0.161	0.170	0.171	0.167	0.160	0.164	0.161	0.162	0.165	0.167	0.173	0.163	0.168	0.168	0.176	0.169	0.169	0.166	0.163	0.175	0.168	0.171	0.176	0.169	0.166	0.167	0.164	0.169	0.170	0.162	0.169	0.164	0.162	0.168	0.171	0.166	0.163	0.161	0.176	0.164	0.167	0.161	0.162	0.173	0.178	0.185	0.176	0.175	0.168	0.167	0.185	0.178	0.180	0.174	0.170	0.169	0.170	0.175	0.183	0.168	0.168	0.168	0.163	0.165	0.173	0.170	0.172	0.176	0.165	0.163
1:00:31	35.0	0.183	0.178	0.168	0.170	0.167	0.167	0.173	0.171	0.171	0.182	0.174	0.178	0.182	0.173	0.172	0.185	0.176	0.172	0.172	0.167	0.173	0.193	0.172	0.175	0.181	0.174	0.167	0.176	0.177	0.174	0.165	0.167	0.164	0.168	0.171	0.173	0.179	0.167	0.171	0.171	0.177	0.173	0.173	0.168	0.168	0.178	0.172	0.178	0.182	0.173	0.167	0.171	0.168	0.169	0.174	0.166	0.173	0.166	0.165	0.175	0.179	0.171	0.169	0.166	0.179	0.169	0.172	0.165	0.166	0.176	0.179	0.191	0.182	0.177	0.171	0.169	0.186	0.180	0.180	0.179	0.173	0.172	0.172	0.180	0.190	0.174	0.174	0.173	0.169	0.170	0.177	0.175	0.177	0.181	0.171	0.171
2:00:34	34.9	0.215	0.207	0.197	0.197	0.194	0.196	0.204	0.198	0.201	0.209	0.204	0.211	0.212	0.200	0.198	0.213	0.202	0.197	0.198	0.194	0.201	0.218	0.200	0.207	0.208	0.200	0.196	0.200	0.212	0.208	0.199	0.194	0.192	0.197	0.205	0.204	0.205	0.192	0.193	0.194	0.204	0.200	0.195	0.193	0.189	0.205	0.201	0.208	0.208	0.198	0.196	0.197	0.190	0.196	0.199	0.189	0.195	0.190	0.190	0.203	0.207	0.196	0.197	0.189	0.206	0.193	0.195	0.189	0.188	0.203	0.206	0.217	0.211	0.205	0.195	0.194	0.214	0.206	0.207	0.208	0.197	0.197	0.201	0.210	0.226	0.205	0.203	0.201	0.196	0.197	0.205	0.205	0.207	0.211	0.202	0.204
3:00:32	35.0	0.250	0.238	0.227	0.229	0.227	0.233	0.240	0.234	0.233	0.242	0.239	0.246	0.248	0.234	0.231	0.244	0.232	0.227	0.230	0.226	0.234	0.251	0.234	0.246	0.242	0.232	0.230	0.232	0.250	0.250	0.232	0.226	0.224	0.231	0.243	0.240	0.236	0.223	0.220	0.220	0.232	0.230	0.220	0.219	0.216	0.235	0.233	0.243	0.241	0.229	0.228	0.226	0.219	0.227	0.227	0.214	0.225	0.220	0.228	0.237	0.242	0.228	0.228	0.217	0.237	0.222	0.225	0.218	0.216	0.233	0.239	0.249	0.248	0.238	0.226	0.222	0.245	0.237	0.238	0.237	0.227	0.226	0.236	0.244	0.263	0.242	0.239	0.237	0.229	0.229	0.239	0.238	0.242	0.245	0.237	0.242
4:00:32	34.9	0.298	0.285	0.273	0.280	0.271	0.284	0.287	0.274	0.276	0.290	0.286	0.295	0.296	0.283	0.283	0.300	0.283	0.272	0.281	0.271	0.281	0.294	0.278	0.296	0.289	0.280	0.283	0.283	0.305	0.308	0.284	0.281	0.273	0.284	0.300	0.293	0.276	0.266	0.260	0.260	0.278	0.276	0.259	0.259	0.253	0.274	0.279	0.291	0.283	0.276	0.275	0.274	0.267	0.280	0.278	0.255	0.269	0.263	0.265	0.281	0.287	0.274	0.281	0.258	0.288	0.267	0.271	0.261	0.256	0.280	0.288	0.296	0.305	0.294	0.272	0.271	0.294	0.291	0.294	0.289	0.271	0.269	0.284	0.294	0.314	0.289	0.285	0.281	0.275	0.272	0.284	0.287	0.289	0.298	0.287	0.292
5:00:33	34.9	0.349	0.352	0.334	0.347	0.335	0.346	0.353	0.328	0.323	0.352	0.344	0.351	0.354	0.352	0.356	0.372	0.354	0.342	0.354	0.336	0.351	0.358	0.337	0.357	0.350	0.349	0.356	0.353	0.376	0.381	0.360	0.356	0.346	0.358	0.372	0.358	0.331	0.336	0.324	0.323	0.349	0.347	0.323	0.324	0.305	0.339	0.348	0.351	0.347	0.349	0.347	0.348	0.339	0.356	0.352	0.322	0.339	0.329	0.323	0.339	0.349	0.343	0.354	0.326	0.362	0.339	0.349	0.334	0.323	0.357	0.360	0.360	0.375	0.376	0.345	0.342	0.365	0.366	0.369	0.363	0.345	0.338	0.352	0.358	0.372	0.355	0.349	0.346	0.346	0.339	0.351	0.358	0.357	0.368	0.352	0.350
6:00:34	34.9	0.376	0.383	0.375	0.385	0.378	0.383	0.392	0.362	0.358	0.383	0.374	0.369	0.388	0.404	0.419	0.433	0.416	0.404	0.418	0.400	0.414	0.413	0.391	0.390	0.401	0.414	0.420	0.414	0.435	0.442	0.426	0.425	0.412	0.421	0.435	0.398	0.380	0.402	0.389	0.388	0.413	0.414	0.389	0.389	0.364	0.403	0.413	0.392	0.402	0.414	0.412	0.415	0.406	0.421	0.416	0.392	0.408	0.395	0.392	0.388	0.398	0.406	0.418	0.393	0.424	0.408	0.417	0.402	0.389	0.423	0.422	0.396	0.404	0.434	0.409	0.405	0.426	0.427	0.430	0.427	0.408	0.402	0.398	0.383	0.401	0.403	0.405	0.406	0.409	0.407	0.410	0.415	0.410	0.410	0.400	0.380
7:00:35	34.9	0.384	0.388	0.383	0.392	0.382	0.387	0.397	0.372	0.367	0.386	0.381	0.376	0.393	0.406	0.424	0.444	0.429	0.411	0.426	0.405	0.418	0.419	0.400	0.400	0.405	0.428	0.443	0.445	0.461	0.471	0.453	0.444	0.436	0.440	0.441	0.402	0.388	0.421	0.425	0.425	0.449	0.447	0.424	0.423	0.396	0.421	0.423	0.399	0.409	0.430	0.441	0.454	0.443	0.460	0.454	0.438	0.437	0.417	0.407	0.395	0.403	0.421	0.441	0.425	0.453	0.436	0.439	0.430	0.413	0.444	0.429	0.397	0.409	0.440	0.419	0.416	0.440	0.444	0.443	0.439	0.422	0.409	0.407	0.389	0.411	0.410	0.413	0.415	0.415	0.413	0.418	0.422	0.419	0.418	0.410	0.392
8:00:35	34.9	0.396	0.397	0.397	0.403	0.390	0.395	0.404	0.382	0.376	0.392	0.389	0.384	0.400	0.409	0.431	0.449	0.435	0.418	0.432	0.413	0.425	0.427	0.410	0.411	0.412	0.433	0.447	0.446	0.463	0.474	0.458	0.449	0.438	0.445	0.445	0.408	0.398	0.426	0.429	0.428	0.452	0.451	0.428	0.429	0.405	0.430	0.430	0.408	0.416	0.433	0.445	0.456	0.445	0.461	0.456	0.440	0.441	0.424	0.418	0.405	0.410	0.425	0.443	0.427	0.454	0.439	0.442	0.433	0.417	0.447	0.435	0.402	0.418	0.445	0.422	0.416	0.440	0.444	0.440	0.439	0.424	0.413	0.415	0.398	0.423	0.422	0.423	0.423	0.422	0.420	0.427	0.431	0.429	0.426	0.420	0.403
9:00:35	34.9	0.409	0.408	0.412	0.417	0.401	0.407	0.415	0.394	0.388	0.402	0.402	0.396	0.408	0.413	0.441	0.461	0.445	0.430	0.442	0.425	0.436	0.438	0.426	0.427	0.423	0.445	0.457	0.456	0.474	0.484	0.469	0.459	0.449	0.455	0.455	0.419	0.411	0.438	0.439	0.438	0.463	0.461	0.438	0.439	0.417	0.445	0.444	0.423	0.427	0.444	0.455	0.464	0.452	0.467	0.463	0.446	0.451	0.437	0.435	0.418	0.422	0.436	0.450	0.436	0.462	0.446	0.450	0.443	0.425	0.457	0.446	0.413	0.431	0.456	0.428	0.421	0.447	0.450	0.445	0.446	0.432	0.423	0.429	0.411	0.438	0.436	0.437	0.437	0.433	0.434	0.442	0.447	0.444	0.440	0.436	0.421
10:00:35	34.9	0.424	0.422	0.430	0.433	0.413	0.419	0.425	0.408	0.402	0.414	0.416	0.409	0.416	0.422	0.457	0.478	0.460	0.446	0.456	0.441	0.450	0.453	0.444	0.445	0.438	0.460	0.473	0.469	0.489	0.498	0.480	0.473	0.466	0.469	0.469	0.434	0.426	0.454	0.452	0.451	0.479	0.476	0.451	0.452	0.433	0.459	0.461	0.441	0.442	0.458	0.469	0.478	0.465	0.480	0.475	0.455	0.466	0.454	0.453	0.437	0.438	0.450	0.463	0.449	0.474	0.459	0.461	0.458	0.438	0.471	0.463	0.426	0.447	0.469	0.438	0.429	0.458	0.460	0.454	0.456	0.445	0.436	0.444	0.425	0.454	0.453	0.454	0.456	0.451	0.451	0.459	0.466	0.460	0.456	0.455	0.440
11:00:36	34.9	0.440	0.434	0.446	0.451	0.429	0.433	0.439	0.420	0.417	0.426	0.429	0.421	0.426	0.432	0.475	0.497	0.479	0.463	0.472	0.458	0.467	0.469	0.464	0.460	0.455	0.479	0.492	0.488	0.507	0.516	0.500	0.493	0.482	0.486	0.484	0.448	0.442	0.469	0.469	0.469	0.498	0.495	0.467	0.469	0.450	0.476	0.478	0.455	0.457	0.474	0.486	0.496	0.480	0.496	0.490	0.468	0.483	0.472	0.477	0.453	0.452	0.467	0.479	0.466	0.489	0.475	0.476	0.474	0.453	0.486	0.480	0.440	0.461	0.485	0.452	0.441	0.471	0.474	0.466	0.469	0.459	0.452	0.458	0.438	0.468	0.468	0.467	0.472	0.467	0.467	0.476	0.481	0.476	0.470	0.471	0.452
12:00:36	34.9	0.452	0.447	0.460	0.465	0.440	0.443	0.449	0.432	0.429	0.435	0.440	0.431	0.434	0.439	0.487	0.511	0.494	0.478	0.485	0.470	0.479	0.481	0.478	0.473	0.469	0.491	0.506	0.502	0.521	0.530	0.514	0.504	0.496	0.500	0.496	0.459	0.453	0.487	0.485	0.484	0.513	0.510	0.482	0.486	0.467	0.488	0.491	0.467	0.469	0.489	0.496	0.511	0.494	0.509	0.503	0.482	0.497	0.486	0.484	0.467	0.465	0.479	0.492	0.481	0.503	0.488	0.488	0.492	0.468	0.499	0.494	0.451	0.473	0.497	0.464	0.453	0.482	0.486	0.474	0.480	0.470	0.462	0.472	0.449	0.480	0.481	0.481	0.485	0.479	0.480	0.490	0.495	0.490	0.483	0.483	0.465
13:00:36	34.9	0.463	0.457	0.472	0.476	0.453	0.453	0.460	0.442	0.439	0.445	0.450	0.441	0.440	0.444	0.505	0.524	0.507	0.490	0.496	0.480	0.490	0.492	0.492	0.485	0.481	0.504	0.518	0.513	0.531	0.542	0.526	0.515	0.508	0.512	0.507	0.469	0.467	0.496	0.496	0.497	0.525	0.522	0.492	0.497	0.479	0.502	0.503	0.478	0.482	0.500	0.506	0.523	0.508	0.518	0.513	0.492	0.508	0.488	0.489	0.480	0.475	0.492	0.504	0.493	0.513	0.500	0.497	0.504	0.481	0.512	0.505	0.462	0.486	0.509	0.473	0.459	0.491	0.493	0.483	0.490	0.481	0.472	0.482	0.459	0.491	0.491	0.493	0.497	0.491	0.491	0.501	0.507	0.501	0.493	0.495	0.477
14:00:37	34.9	0.473	0.465	0.483	0.485	0.462	0.465	0.469	0.452	0.449	0.454	0.460	0.451	0.446	0.448	0.515	0.536	0.517	0.501	0.507	0.490	0.500	0.502	0.500	0.496	0.493	0.515	0.529	0.523	0.541	0.551	0.535	0.525	0.517	0.526	0.517	0.478	0.477	0.506	0.509	0.509	0.536	0.532	0.505	0.509	0.493	0.514	0.513	0.489	0.494	0.510	0.518	0.534	0.516	0.529	0.525	0.503	0.519	0.499	0.506	0.491	0.485	0.499	0.513	0.503	0.524	0.510	0.506	0.512	0.494	0.520	0.516	0.472	0.496	0.519	0.481	0.465	0.499	0.500	0.492	0.497	0.492	0.482	0.494	0.469	0.501	0.501	0.503	0.508	0.501	0.502	0.510	0.518	0.512	0.504	0.507	0.488
15:00:38	34.9	0.483	0.473	0.493	0.496	0.472	0.472	0.477	0.461	0.459	0.461	0.478	0.459	0.451	0.452	0.523	0.544	0.524	0.508	0.514	0.501	0.509	0.511	0.509	0.506	0.501	0.525	0.537	0.532	0.549	0.559	0.548	0.536	0.527	0.532	0.523	0.486	0.486	0.515	0.519	0.518	0.544	0.540	0.512	0.517	0.501	0.518	0.522	0.498	0.502	0.517	0.526	0.541	0.524	0.535	0.532	0.511	0.528	0.514	0.523	0.500	0.495	0.508	0.523	0.510	0.531	0.519	0.515	0.521	0.502	0.529	0.524	0.480	0.505	0.529	0.488	0.471	0.510	0.507	0.496	0.501	0.500	0.488	0.501	0.478	0.510	0.509	0.511	0.516	0.510	0.510	0.518	0.524	0.518	0.511	0.514	0.498
16:00:39	34.9	0.491	0.481	0.502	0.504	0.481	0.480	0.484	0.470	0.468	0.469	0.487	0.468	0.457	0.456	0.531	0.551	0.532	0.516	0.521	0.508	0.516	0.518	0.517	0.513	0.509	0.531	0.542	0.537	0.554	0.565	0.552	0.542	0.532	0.537	0.529	0.493	0.496	0.522	0.523	0.526	0.551	0.547	0.518	0.526	0.509	0.529	0.528	0.506	0.511	0.525	0.529	0.543	0.532	0.542	0.539	0.518	0.536	0.524	0.529	0.510	0.503	0.515	0.529	0.522	0.536	0.525	0.519	0.529	0.509	0.534	0.530	0.488	0.513	0.538	0.495	0.478	0.520	0.512	0.504	0.508	0.505	0.495	0.508	0.486	0.519	0.517	0.518	0.523	0.517	0.517	0.527	0.531	0.526	0.518	0.522	0.506
17:00:38	34.9	0.499	0.488	0.509	0.510	0.488	0.487	0.490	0.478	0.475	0.475	0.485	0.474	0.462	0.459	0.535	0.556	0.537	0.519	0.526	0.512	0.521	0.523	0.523	0.521	0.516	0.536	0.548	0.543	0.559	0.569	0.554	0.544	0.537	0.542	0.533	0.500	0.502	0.528	0.532	0.530	0.557	0.551	0.526	0.530	0.515	0.529	0.534	0.513	0.518	0.530	0.535	0.549	0.536	0.547	0.544	0.522	0.540	0.530	0.535	0.518	0.510	0.519	0.536	0.525	0.546	0.531	0.523	0.532	0.514	0.541	0.537	0.494	0.519	0.542	0.500	0.481	0.521	0.518	0.507	0.513	0.511	0.502	0.513	0.494	0.526	0.523	0.525	0.530	0.522	0.525	0.532	0.537	0.532	0.524	0.528	0.513
18:00:39	34.9	0.504	0.493	0.515	0.516	0.493	0.491	0.495	0.483	0.481	0.481	0.491	0.480	0.466	0.462	0.539	0.561	0.540	0.528	0.530	0.517	0.526	0.527	0.528	0.528	0.522	0.541	0.554	0.548	0.562	0.573	0.561	0.545	0.544	0.549	0.536	0.506	0.508	0.532	0.535	0.536	0.561	0.556	0.531	0.534	0.522	0.539	0.539	0.519	0.524	0.534	0.537	0.557	0.541	0.551	0.548	0.530	0.546	0.534	0.539	0.524	0.516	0.525	0.537	0.530	0.549	0.535	0.527	0.537	0.516	0.543	0.537	0.501	0.524	0.543	0.505	0.484	0.523	0.523	0.510	0.515	0.514	0.506	0.519	0.500	0.531	0.529	0.531	0.534	0.528	0.529	0.537	0.544	0.537	0.530	0.533	0.520
19:00:40	34.9	0.509	0.497	0.520	0.520	0.499	0.496	0.500	0.489	0.486	0.485	0.495	0.484	0.471	0.466	0.539	0.562	0.542	0.526	0.532	0.521	0.530	0.530	0.532	0.532	0.526	0.544	0.557	0.550	0.563	0.574	0.560	0.550	0.544	0.548	0.538	0.510	0.513	0.534	0.538	0.540	0.562	0.558	0.531	0.537	0.524	0.539	0.543	0.524	0.529	0.538	0.540	0.561	0.542	0.554	0.550	0.534	0.546	0.536	0.541	0.530	0.522	0.528	0.539	0.534	0.549	0.538	0.531	0.538	0.520	0.545	0.542	0.506	0.529	0.545	0.506	0.487	0.524	0.523	0.513	0.519	0.516	0.510	0.522	0.504	0.535	0.533	0.535	0.538	0.531	0.532	0.540	0.546	0.540	0.534	0.537	0.524
20:00:40	34.9	0.513	0.501	0.523	0.523	0.503	0.500	0.503	0.492	0.490	0.489	0.500	0.488	0.474	0.469	0.540	0.566	0.544	0.531	0.535	0.523	0.531	0.532	0.534	0.536	0.528	0.546	0.558	0.553	0.561	0.573	0.561	0.548	0.544	0.549	0.538	0.514	0.518	0.537	0.544	0.543	0.563	0.557	0.534	0.537	0.527	0.540	0.544	0.529	0.533	0.541	0.540	0.561	0.544	0.555	0.553	0.536	0.549	0.539	0.542	0.533	0.526	0.530	0.542	0.535	0.551	0.541	0.532	0.538	0.520	0.547	0.542	0.510	0.533	0.548	0.510	0.490	0.524	0.524	0.514	0.520	0.517	0.512	0.525	0.507	0.539	0.536	0.539	0.541	0.534	0.536	0.542	0.549	0.542	0.536	0.541	0.528
21:00:41	34.9	0.516	0.504	0.526	0.524	0.506	0.503	0.507	0.497	0.493	0.493	0.502	0.491	0.478	0.471	0.541	0.562	0.543	0.532	0.536	0.526	0.532	0.533	0.535	0.539	0.533	0.546	0.558	0.552	0.562	0.571	0.563	0.549	0.545	0.548	0.539	0.516	0.521	0.539	0.541	0.544	0.565	0.559	0.535	0.540	0.528	0.541	0.544	0.532	0.537	0.541	0.539	0.559	0.546	0.556	0.553	0.539	0.548	0.538	0.543	0.536	0.529	0.531	0.541	0.536	0.551	0.542	0.532	0.539	0.522	0.545	0.542	0.513	0.535	0.548	0.512	0.491	0.526	0.525	0.515	0.520	0.518	0.514	0.526	0.510	0.541	0.539	0.542	0.544	0.537	0.536	0.544	0.549	0.544	0.540	0.543	0.531
22:00:42	34.9	0.518	0.506	0.528	0.525	0.509	0.505	0.508	0.499	0.496	0.496	0.505	0.494	0.481	0.471	0.540	0.560	0.546	0.534	0.534	0.527	0.531	0.534	0.535	0.541	0.535	0.546	0.559	0.552	0.561	0.570	0.555	0.548	0.544	0.546	0.539	0.519	0.524	0.540	0.541	0.545	0.563	0.557	0.534	0.540	0.531	0.541	0.544	0.534	0.540	0.542	0.543	0.559	0.544	0.554	0.555	0.541	0.546	0.538	0.543	0.538	0.531	0.532	0.540	0.535	0.548	0.541	0.531	0.539	0.520	0.544	0.541	0.515	0.537	0.547	0.510	0.491	0.524	0.522	0.513	0.520	0.519	0.514	0.527	0.512	0.543	0.540	0.544	0.546	0.538	0.538	0.544	0.549	0.545	0.541	0.545	0.533
23:00:42	35.0	0.519	0.507	0.528	0.526	0.510	0.505	0.509	0.501	0.498	0.498	0.507	0.495	0.484	0.473	0.537	0.556	0.544	0.531	0.532	0.527	0.530	0.533	0.535	0.542	0.537	0.544	0.555	0.551	0.557	0.561	0.553	0.545	0.541	0.544	0.537	0.520	0.526	0.538	0.540	0.544	0.561	0.555	0.533	0.538	0.529	0.539	0.543	0.535	0.541	0.541	0.548	0.556	0.542	0.550	0.554	0.542	0.545	0.537	0.541	0.539	0.534	0.532	0.538	0.535	0.544	0.540	0.531	0.536	0.518	0.541	0.538	0.516	0.537	0.545	0.509	0.489	0.523	0.520	0.510	0.517	0.517	0.513	0.526	0.513	0.544	0.540	0.544	0.547	0.538	0.537	0.545	0.549	0.545	0.542	0.545	0.534
0:00:00																																																																																																	
0:00:00																																																																																																	
0:00:00																																																																																																	

Results
	1	2	3	4	5	6	7	8	9	10	11	12
A	0.700	0.776	0.771	0.823	0.792	0.810	0.814	0.706	0.676	0.765	0.741	0.702	Max V [600]
	0.991	0.984	0.989	0.987	0.989	0.993	0.991	0.995	0.996	0.988	0.991	0.981	R-Squared [600]
	2:00:34	2:00:34	2:00:34	2:00:34	2:00:34	2:00:34	2:00:34	2:00:34	2:00:34	2:00:34	2:00:34	2:00:34	t at Max V [600]
	0:02:38	0:09:22	0:11:25	0:10:35	0:11:05	0:06:49	0:08:33	0:05:19	0:05:45	0:07:41	0:05:27	0:01:26	Lagtime [600]
B	0.766	0.878	0.944	0.945	0.919	0.883	0.941	0.870	0.904	0.827	0.809	0.792	Max V [600]
	0.993	0.988	0.983	0.983	0.981	0.978	0.981	0.982	0.982	0.985	0.989	0.992	R-Squared [600]
	2:00:34	2:00:34	2:00:34	2:00:34	2:00:34	2:00:34	2:00:34	2:00:34	2:00:34	2:00:34	2:00:34	2:00:34	t at Max V [600]
	0:05:38	0:12:33	0:15:19	0:15:33	0:16:09	0:16:43	0:16:00	0:15:01	0:15:26	0:13:45	0:11:54	0:04:37	Lagtime [600]
C	0.822	0.908	0.958	0.927	0.954	0.996	0.971	0.987	0.937	0.957	0.982	0.843	Max V [600]
	0.990	0.980	0.983	0.986	0.990	0.992	0.981	0.980	0.979	0.983	0.989	0.991	R-Squared [600]
	2:00:34	2:00:34	2:00:34	3:00:34	2:00:34	2:00:34	2:00:34	2:00:34	2:00:34	2:00:34	2:00:34	2:00:34	t at Max V [600]
	0:11:36	0:16:07	0:15:03	0:24:05	0:11:51	0:10:44	0:15:54	0:16:44	0:16:24	0:15:16	0:12:47	0:08:33	Lagtime [600]
D	0.744	0.888	0.897	0.897	0.948	0.954	0.895	0.896	0.783	0.836	0.900	0.794	Max V [600]
	0.989	0.975	0.990	0.991	0.989	0.987	0.989	0.989	0.992	0.975	0.979	0.993	R-Squared [600]
	2:00:34	2:00:34	3:00:34	3:00:34	3:00:34	3:00:34	3:00:34	3:00:34	3:00:34	3:00:34	2:00:34	2:00:34	t at Max V [600]
	0:11:55	0:17:24	0:35:40	0:36:31	0:32:42	0:30:32	0:37:28	0:35:24	0:29:56	0:26:05	0:16:14	0:08:30	Lagtime [600]
E	0.823	0.920	0.941	0.997	0.977	1.008	0.985	0.976	0.940	0.876	0.833	0.784	Max V [600]
	0.984	0.978	0.984	0.991	0.990	0.991	0.990	0.993	0.984	0.980	0.980	0.992	R-Squared [600]
	2:00:34	2:00:34	3:00:34	3:00:34	3:00:34	3:00:34	3:00:34	3:00:34	3:00:34	3:00:34	2:00:34	2:00:34	t at Max V [600]
	0:13:45	0:16:49	0:26:31	0:33:15	0:32:47	0:28:42	0:32:14	0:41:41	0:31:27	0:26:40	0:12:30	0:10:33	Lagtime [600]
F	0.817	0.889	0.947	0.918	0.947	0.947	0.956	0.940	0.876	0.940	0.924	0.779	Max V [600]
	0.991	0.979	0.981	0.987	0.984	0.983	0.974	0.982	0.981	0.974	0.982	0.988	R-Squared [600]
	2:00:34	2:00:34	2:00:34	3:00:34	3:00:34	3:00:34	3:00:34	3:00:34	3:00:34	3:00:34	2:00:34	2:00:34	t at Max V [600]
	0:10:44	0:16:04	0:16:08	0:34:04	0:25:59	0:30:50	0:28:55	0:31:29	0:31:00	0:27:18	0:15:26	0:09:45	Lagtime [600]
G	0.854	0.993	0.912	0.904	0.907	0.954	0.961	0.942	0.903	0.866	0.849	0.765	Max V [600]
	0.985	0.981	0.977	0.977	0.981	0.982	0.982	0.977	0.975	0.975	0.989	0.985	R-Squared [600]
	2:00:34	2:00:34	2:00:34	2:00:34	2:00:34	2:00:34	2:00:34	2:00:34	2:00:34	2:00:34	2:00:34	2:00:34	t at Max V [600]
	0:06:30	0:15:28	0:17:05	0:17:38	0:15:57	0:15:50	0:15:51	0:17:50	0:17:22	0:17:45	0:11:01	0:06:17	Lagtime [600]
H	0.767	0.848	0.856	0.866	0.904	0.887	0.871	0.901	0.868	0.871	0.852	0.765	Max V [600]
	0.990	0.992	0.989	0.986	0.980	0.976	0.984	0.985	0.988	0.988	0.991	0.992	R-Squared [600]
	2:00:34	2:00:34	2:00:34	2:00:34	2:00:34	2:00:34	2:00:34	2:00:34	2:00:34	2:00:34	2:00:34	2:00:34	t at Max V [600]
	0:03:47	0:09:42	0:11:53	0:12:58	0:15:43	0:16:46	0:14:05	0:13:59	0:12:21	0:10:46	0:10:17	0:03:36	Lagtime [600]

