
Software Version	3.11.19



Experiment File Path:	C:\Users\patil-group\Desktop\Sweeteners_stacker\181121_NT5026_37_38_Rep3\NT5026_37_38_Rep3.xpt
Protocol File Path:	C:\Users\Public\Documents\Protocols\Screening-protocol.prt



Plate Number	Plate 18
Date	18/11/2021
Time	15:33:59
Reader Type:	Epoch 2
Reader Serial Number:	2103223
Reading Type	Reader

Procedure Details

Plate Type	96 WELL PLATE
Discontinuous Kinetics	Runtime 1:00:00 (D:HH:MM), Interval 0:01:00, 25 Reads
	Pause after each run
Eject plate on completion	
Shake	Linear: 0:00:30 (HH:MM:SS)
	Frequency: 567 cpm (3 mm)
Read	Absorbance Endpoint
	Full Plate
	Wavelengths:  600
	Read Speed: Normal,  Delay: 100 msec,  Measurements/Data Point: 8

600

Time	T° 600	A1	A2	A3	A4	A5	A6	A7	A8	A9	A10	A11	A12	B1	B2	B3	B4	B5	B6	B7	B8	B9	B10	B11	B12	C1	C2	C3	C4	C5	C6	C7	C8	C9	C10	C11	C12	D1	D2	D3	D4	D5	D6	D7	D8	D9	D10	D11	D12	E1	E2	E3	E4	E5	E6	E7	E8	E9	E10	E11	E12	F1	F2	F3	F4	F5	F6	F7	F8	F9	F10	F11	F12	G1	G2	G3	G4	G5	G6	G7	G8	G9	G10	G11	G12	H1	H2	H3	H4	H5	H6	H7	H8	H9	H10	H11	H12
0:00:34	34.7	0.166	0.164	0.168	0.180	0.171	0.168	0.167	0.168	0.173	0.168	0.175	0.169	0.167	0.169	0.170	0.169	0.170	0.169	0.180	0.172	0.167	0.172	0.174	0.174	0.162	0.163	0.167	0.167	0.163	0.169	0.169	0.170	0.167	0.171	0.166	0.165	0.201	0.192	0.202	0.206	0.163	0.168	0.173	0.172	0.213	0.207	0.208	0.247	0.164	0.171	0.174	0.169	0.167	0.167	0.171	0.173	0.175	0.170	0.172	0.166	0.171	0.179	0.188	0.170	0.172	0.170	0.166	0.171	0.170	0.177	0.173	0.168	0.178	0.172	0.170	0.171	0.171	0.175	0.173	0.180	0.171	0.174	0.170	0.175	0.169	0.164	0.169	0.167	0.167	0.167	0.164	0.173	0.169	0.171	0.167	0.175
1:00:35	34.9	0.183	0.180	0.183	0.193	0.185	0.182	0.184	0.183	0.189	0.184	0.190	0.186	0.184	0.183	0.185	0.183	0.184	0.183	0.194	0.186	0.178	0.184	0.205	0.187	0.178	0.178	0.181	0.180	0.177	0.181	0.182	0.182	0.180	0.185	0.181	0.182	0.210	0.199	0.209	0.212	0.175	0.179	0.185	0.183	0.218	0.213	0.214	0.254	0.176	0.179	0.182	0.178	0.180	0.179	0.182	0.186	0.188	0.184	0.188	0.182	0.178	0.184	0.192	0.183	0.185	0.183	0.175	0.180	0.179	0.191	0.188	0.185	0.195	0.188	0.183	0.182	0.179	0.185	0.188	0.194	0.186	0.188	0.185	0.197	0.190	0.182	0.187	0.184	0.184	0.182	0.181	0.190	0.186	0.189	0.185	0.193
2:00:35	34.9	0.249	0.243	0.246	0.259	0.246	0.245	0.249	0.246	0.257	0.246	0.255	0.248	0.249	0.250	0.244	0.243	0.241	0.245	0.256	0.245	0.217	0.231	0.247	0.233	0.241	0.239	0.238	0.235	0.230	0.232	0.236	0.237	0.238	0.245	0.242	0.247	0.227	0.212	0.220	0.223	0.226	0.226	0.229	0.233	0.227	0.223	0.225	0.268	0.232	0.219	0.225	0.216	0.236	0.233	0.233	0.240	0.242	0.240	0.249	0.247	0.194	0.196	0.203	0.240	0.240	0.239	0.213	0.220	0.219	0.247	0.247	0.253	0.261	0.253	0.244	0.223	0.210	0.221	0.245	0.255	0.247	0.243	0.246	0.264	0.263	0.254	0.257	0.252	0.250	0.244	0.244	0.254	0.252	0.257	0.255	0.262
3:00:36	34.9	0.262	0.261	0.261	0.275	0.266	0.264	0.265	0.263	0.271	0.262	0.267	0.261	0.265	0.266	0.269	0.265	0.266	0.267	0.275	0.268	0.257	0.266	0.283	0.263	0.260	0.261	0.264	0.263	0.260	0.263	0.265	0.265	0.261	0.267	0.261	0.263	0.252	0.233	0.237	0.240	0.257	0.260	0.262	0.264	0.243	0.239	0.240	0.286	0.261	0.261	0.265	0.264	0.262	0.263	0.262	0.265	0.267	0.264	0.265	0.260	0.217	0.212	0.218	0.261	0.264	0.262	0.258	0.266	0.262	0.267	0.265	0.263	0.273	0.274	0.265	0.265	0.259	0.263	0.268	0.279	0.271	0.266	0.266	0.280	0.271	0.264	0.269	0.263	0.262	0.260	0.259	0.268	0.266	0.268	0.264	0.270
4:00:36	34.9	0.267	0.266	0.271	0.281	0.271	0.270	0.269	0.269	0.275	0.266	0.271	0.265	0.270	0.271	0.277	0.270	0.271	0.272	0.280	0.271	0.262	0.270	0.282	0.266	0.264	0.265	0.267	0.270	0.264	0.267	0.270	0.268	0.268	0.271	0.265	0.267	0.275	0.262	0.260	0.263	0.263	0.266	0.268	0.271	0.260	0.260	0.258	0.299	0.267	0.267	0.269	0.268	0.270	0.267	0.267	0.272	0.273	0.270	0.269	0.265	0.241	0.236	0.239	0.266	0.269	0.269	0.262	0.267	0.265	0.271	0.269	0.267	0.278	0.280	0.271	0.270	0.264	0.269	0.273	0.283	0.276	0.270	0.270	0.283	0.276	0.269	0.274	0.267	0.268	0.267	0.264	0.274	0.274	0.275	0.270	0.275
5:00:38	34.9	0.267	0.267	0.273	0.283	0.272	0.272	0.270	0.270	0.276	0.267	0.272	0.266	0.271	0.274	0.279	0.273	0.273	0.274	0.283	0.274	0.266	0.274	0.276	0.269	0.265	0.267	0.269	0.273	0.266	0.269	0.272	0.271	0.270	0.273	0.266	0.268	0.277	0.269	0.272	0.275	0.265	0.268	0.270	0.274	0.276	0.277	0.273	0.314	0.271	0.273	0.273	0.273	0.272	0.271	0.269	0.275	0.275	0.273	0.271	0.267	0.243	0.247	0.254	0.268	0.273	0.271	0.264	0.271	0.269	0.274	0.271	0.270	0.279	0.281	0.274	0.271	0.266	0.273	0.275	0.285	0.277	0.272	0.272	0.285	0.277	0.271	0.275	0.269	0.271	0.270	0.266	0.276	0.277	0.277	0.271	0.276
6:00:38	34.9	0.268	0.268	0.274	0.283	0.273	0.272	0.271	0.270	0.276	0.267	0.273	0.267	0.272	0.275	0.280	0.275	0.274	0.275	0.284	0.274	0.268	0.276	0.278	0.271	0.266	0.268	0.270	0.274	0.268	0.270	0.273	0.271	0.271	0.274	0.267	0.269	0.280	0.272	0.273	0.276	0.267	0.269	0.270	0.276	0.279	0.279	0.274	0.315	0.273	0.276	0.277	0.277	0.274	0.270	0.270	0.277	0.277	0.273	0.272	0.268	0.245	0.247	0.254	0.269	0.273	0.273	0.269	0.273	0.271	0.275	0.272	0.272	0.279	0.281	0.276	0.273	0.269	0.276	0.276	0.284	0.278	0.273	0.273	0.285	0.277	0.271	0.275	0.270	0.273	0.270	0.268	0.276	0.278	0.280	0.272	0.277
7:00:39	34.9	0.268	0.270	0.275	0.283	0.272	0.272	0.271	0.270	0.276	0.267	0.273	0.267	0.271	0.275	0.280	0.275	0.275	0.275	0.283	0.274	0.270	0.276	0.279	0.272	0.267	0.268	0.270	0.275	0.268	0.270	0.274	0.271	0.271	0.274	0.267	0.268	0.282	0.273	0.274	0.278	0.267	0.269	0.271	0.276	0.279	0.281	0.273	0.311	0.274	0.277	0.279	0.277	0.274	0.271	0.272	0.278	0.277	0.273	0.272	0.268	0.246	0.251	0.256	0.270	0.274	0.274	0.269	0.275	0.272	0.277	0.272	0.270	0.280	0.282	0.276	0.275	0.270	0.278	0.278	0.284	0.277	0.274	0.274	0.283	0.277	0.272	0.276	0.271	0.275	0.271	0.268	0.278	0.279	0.280	0.273	0.278
8:00:40	34.9	0.268	0.270	0.275	0.283	0.273	0.272	0.272	0.270	0.278	0.268	0.274	0.267	0.273	0.276	0.281	0.275	0.276	0.276	0.284	0.275	0.271	0.278	0.280	0.274	0.268	0.270	0.271	0.275	0.269	0.271	0.275	0.273	0.272	0.275	0.268	0.268	0.282	0.274	0.275	0.278	0.268	0.270	0.272	0.276	0.280	0.282	0.274	0.310	0.274	0.279	0.281	0.279	0.275	0.272	0.272	0.278	0.278	0.274	0.273	0.268	0.247	0.250	0.257	0.271	0.276	0.275	0.271	0.276	0.274	0.276	0.274	0.271	0.281	0.282	0.276	0.276	0.272	0.280	0.283	0.283	0.278	0.275	0.274	0.282	0.278	0.272	0.276	0.272	0.276	0.272	0.270	0.280	0.279	0.282	0.274	0.278
9:00:40	34.9	0.270	0.271	0.276	0.284	0.272	0.274	0.272	0.271	0.279	0.270	0.275	0.268	0.275	0.278	0.281	0.276	0.276	0.277	0.285	0.275	0.272	0.279	0.280	0.274	0.269	0.271	0.272	0.277	0.270	0.272	0.275	0.274	0.274	0.276	0.268	0.269	0.284	0.274	0.276	0.280	0.269	0.270	0.272	0.276	0.278	0.282	0.275	0.308	0.275	0.280	0.281	0.280	0.276	0.273	0.273	0.279	0.279	0.275	0.274	0.269	0.248	0.251	0.258	0.272	0.277	0.275	0.271	0.277	0.275	0.277	0.275	0.272	0.282	0.283	0.277	0.276	0.272	0.280	0.281	0.283	0.279	0.276	0.274	0.284	0.279	0.273	0.277	0.272	0.277	0.273	0.269	0.280	0.280	0.282	0.275	0.279
10:00:41	34.9	0.270	0.272	0.277	0.285	0.273	0.275	0.273	0.273	0.279	0.270	0.275	0.269	0.275	0.279	0.282	0.278	0.279	0.279	0.286	0.276	0.274	0.280	0.280	0.274	0.270	0.272	0.274	0.277	0.271	0.273	0.276	0.275	0.275	0.278	0.270	0.270	0.284	0.274	0.276	0.281	0.270	0.271	0.273	0.277	0.276	0.284	0.276	0.309	0.276	0.281	0.283	0.280	0.278	0.274	0.274	0.281	0.281	0.276	0.274	0.271	0.249	0.253	0.258	0.273	0.279	0.277	0.271	0.278	0.275	0.279	0.276	0.273	0.283	0.283	0.278	0.278	0.272	0.283	0.282	0.285	0.280	0.278	0.276	0.285	0.281	0.275	0.278	0.274	0.278	0.274	0.271	0.282	0.281	0.283	0.277	0.280
11:00:41	34.9	0.270	0.273	0.278	0.286	0.274	0.275	0.274	0.273	0.281	0.270	0.276	0.269	0.276	0.280	0.282	0.278	0.280	0.279	0.286	0.277	0.274	0.281	0.297	0.274	0.271	0.273	0.275	0.278	0.272	0.275	0.277	0.277	0.276	0.278	0.270	0.270	0.285	0.275	0.278	0.280	0.272	0.272	0.274	0.277	0.277	0.283	0.276	0.305	0.278	0.281	0.283	0.281	0.279	0.275	0.276	0.283	0.283	0.278	0.275	0.272	0.250	0.253	0.258	0.275	0.279	0.278	0.272	0.280	0.277	0.279	0.277	0.274	0.283	0.285	0.280	0.278	0.274	0.282	0.284	0.286	0.281	0.278	0.275	0.286	0.280	0.276	0.279	0.274	0.279	0.275	0.272	0.282	0.282	0.284	0.277	0.280
12:00:42	34.9	0.270	0.273	0.278	0.286	0.275	0.276	0.275	0.273	0.280	0.270	0.276	0.269	0.277	0.280	0.282	0.279	0.280	0.280	0.288	0.277	0.274	0.281	0.287	0.273	0.272	0.273	0.276	0.278	0.273	0.275	0.276	0.278	0.277	0.278	0.271	0.270	0.285	0.274	0.276	0.280	0.272	0.273	0.275	0.278	0.276	0.283	0.276	0.308	0.278	0.281	0.283	0.281	0.280	0.275	0.277	0.283	0.283	0.279	0.275	0.272	0.249	0.254	0.258	0.275	0.280	0.279	0.272	0.280	0.277	0.280	0.277	0.274	0.284	0.285	0.281	0.279	0.275	0.283	0.284	0.287	0.282	0.279	0.276	0.286	0.281	0.276	0.280	0.275	0.279	0.276	0.273	0.283	0.283	0.284	0.278	0.281
13:00:42	34.9	0.270	0.272	0.277	0.285	0.275	0.275	0.274	0.272	0.280	0.269	0.275	0.268	0.276	0.279	0.281	0.279	0.279	0.280	0.287	0.277	0.274	0.280	0.278	0.271	0.272	0.273	0.275	0.277	0.273	0.275	0.276	0.277	0.277	0.279	0.270	0.271	0.285	0.273	0.277	0.281	0.272	0.272	0.275	0.278	0.275	0.282	0.276	0.306	0.278	0.282	0.284	0.282	0.280	0.276	0.277	0.284	0.284	0.280	0.275	0.272	0.251	0.254	0.259	0.275	0.280	0.278	0.273	0.280	0.278	0.280	0.277	0.274	0.283	0.285	0.281	0.280	0.276	0.283	0.285	0.287	0.284	0.280	0.277	0.286	0.281	0.276	0.280	0.275	0.280	0.277	0.274	0.282	0.282	0.284	0.278	0.281
14:00:42	34.9	0.269	0.272	0.277	0.285	0.275	0.274	0.274	0.272	0.279	0.268	0.275	0.267	0.276	0.279	0.280	0.278	0.279	0.280	0.286	0.276	0.273	0.281	0.284	0.269	0.272	0.274	0.275	0.276	0.273	0.275	0.276	0.277	0.278	0.279	0.270	0.270	0.284	0.273	0.277	0.281	0.273	0.273	0.276	0.279	0.274	0.281	0.275	0.300	0.279	0.282	0.284	0.281	0.279	0.275	0.277	0.283	0.284	0.279	0.275	0.271	0.251	0.255	0.259	0.275	0.279	0.278	0.273	0.280	0.278	0.279	0.277	0.273	0.283	0.285	0.281	0.280	0.275	0.281	0.286	0.288	0.284	0.280	0.277	0.297	0.281	0.276	0.280	0.275	0.279	0.276	0.273	0.281	0.282	0.283	0.278	0.281
15:00:42	34.9	0.268	0.271	0.275	0.284	0.273	0.273	0.272	0.270	0.278	0.267	0.273	0.265	0.274	0.279	0.278	0.278	0.278	0.278	0.285	0.274	0.272	0.279	0.295	0.268	0.271	0.273	0.274	0.275	0.273	0.274	0.274	0.277	0.277	0.279	0.269	0.268	0.286	0.273	0.276	0.281	0.274	0.273	0.276	0.277	0.273	0.280	0.275	0.296	0.278	0.283	0.284	0.281	0.279	0.274	0.277	0.283	0.283	0.280	0.274	0.270	0.251	0.255	0.259	0.274	0.280	0.278	0.274	0.281	0.278	0.278	0.276	0.272	0.282	0.284	0.280	0.279	0.274	0.281	0.285	0.287	0.284	0.279	0.276	0.285	0.279	0.275	0.280	0.274	0.279	0.276	0.273	0.280	0.280	0.282	0.277	0.280
16:00:43	34.9	0.266	0.270	0.274	0.282	0.273	0.272	0.271	0.268	0.276	0.265	0.272	0.264	0.274	0.278	0.275	0.277	0.277	0.278	0.285	0.273	0.271	0.277	0.286	0.267	0.270	0.272	0.273	0.274	0.272	0.274	0.272	0.276	0.275	0.279	0.268	0.267	0.285	0.272	0.277	0.282	0.273	0.272	0.277	0.276	0.272	0.280	0.274	0.295	0.279	0.284	0.284	0.281	0.277	0.273	0.277	0.283	0.282	0.278	0.272	0.269	0.250	0.255	0.259	0.273	0.278	0.277	0.273	0.280	0.278	0.277	0.276	0.271	0.281	0.283	0.280	0.279	0.275	0.279	0.285	0.286	0.283	0.279	0.275	0.283	0.278	0.274	0.278	0.273	0.278	0.275	0.272	0.279	0.278	0.280	0.276	0.279
17:00:44	34.9	0.265	0.268	0.273	0.281	0.272	0.271	0.269	0.268	0.273	0.264	0.271	0.262	0.273	0.276	0.273	0.276	0.276	0.277	0.283	0.272	0.270	0.276	0.283	0.265	0.269	0.271	0.272	0.272	0.270	0.274	0.271	0.274	0.275	0.276	0.267	0.266	0.284	0.272	0.277	0.280	0.273	0.271	0.277	0.275	0.274	0.279	0.274	0.299	0.278	0.283	0.284	0.281	0.277	0.272	0.276	0.282	0.281	0.278	0.271	0.268	0.250	0.255	0.259	0.273	0.277	0.276	0.274	0.281	0.279	0.276	0.274	0.274	0.280	0.283	0.279	0.278	0.274	0.278	0.286	0.286	0.282	0.278	0.274	0.282	0.277	0.273	0.277	0.272	0.277	0.274	0.271	0.277	0.276	0.279	0.275	0.278
18:00:44	34.9	0.263	0.267	0.272	0.280	0.271	0.269	0.268	0.267	0.273	0.263	0.269	0.261	0.272	0.276	0.272	0.275	0.275	0.275	0.282	0.269	0.269	0.275	0.281	0.263	0.268	0.270	0.271	0.271	0.269	0.273	0.270	0.273	0.274	0.275	0.265	0.264	0.286	0.272	0.278	0.282	0.273	0.271	0.276	0.273	0.276	0.279	0.275	0.298	0.279	0.283	0.285	0.281	0.276	0.271	0.275	0.281	0.280	0.276	0.270	0.266	0.250	0.255	0.259	0.271	0.276	0.275	0.274	0.281	0.278	0.275	0.273	0.275	0.278	0.282	0.278	0.276	0.273	0.278	0.284	0.284	0.281	0.277	0.274	0.281	0.275	0.272	0.276	0.271	0.276	0.273	0.270	0.275	0.275	0.277	0.274	0.277
19:00:44	34.9	0.262	0.267	0.269	0.279	0.270	0.268	0.266	0.265	0.271	0.261	0.267	0.260	0.269	0.274	0.269	0.273	0.274	0.274	0.280	0.268	0.268	0.273	0.268	0.262	0.267	0.269	0.270	0.269	0.268	0.271	0.269	0.272	0.272	0.274	0.264	0.264	0.284	0.270	0.277	0.281	0.272	0.270	0.275	0.272	0.272	0.278	0.275	0.296	0.278	0.283	0.284	0.281	0.274	0.270	0.274	0.280	0.279	0.275	0.269	0.265	0.251	0.255	0.260	0.269	0.274	0.274	0.274	0.281	0.280	0.273	0.271	0.271	0.277	0.280	0.277	0.276	0.272	0.275	0.283	0.283	0.280	0.276	0.273	0.280	0.274	0.270	0.275	0.270	0.274	0.272	0.269	0.274	0.273	0.275	0.273	0.275
20:00:46	34.9	0.262	0.266	0.270	0.279	0.270	0.268	0.266	0.265	0.272	0.262	0.268	0.261	0.270	0.275	0.267	0.274	0.274	0.273	0.280	0.267	0.269	0.273	0.268	0.263	0.267	0.269	0.270	0.268	0.268	0.271	0.267	0.272	0.272	0.274	0.264	0.264	0.285	0.270	0.280	0.282	0.272	0.270	0.276	0.272	0.271	0.277	0.276	0.293	0.280	0.284	0.286	0.282	0.274	0.269	0.274	0.280	0.279	0.275	0.268	0.266	0.252	0.257	0.262	0.270	0.275	0.275	0.275	0.282	0.281	0.274	0.272	0.269	0.277	0.281	0.277	0.276	0.274	0.274	0.283	0.283	0.281	0.276	0.273	0.280	0.274	0.270	0.274	0.270	0.275	0.273	0.269	0.273	0.271	0.274	0.273	0.276
21:00:46	34.9	0.260	0.265	0.268	0.276	0.269	0.266	0.264	0.263	0.270	0.259	0.265	0.260	0.269	0.272	0.266	0.271	0.272	0.271	0.277	0.266	0.267	0.271	0.266	0.261	0.264	0.267	0.268	0.266	0.266	0.269	0.266	0.270	0.270	0.272	0.262	0.262	0.284	0.269	0.278	0.281	0.271	0.269	0.274	0.270	0.273	0.278	0.274	0.292	0.279	0.284	0.285	0.281	0.272	0.268	0.272	0.279	0.277	0.273	0.266	0.264	0.251	0.256	0.260	0.268	0.273	0.273	0.275	0.281	0.280	0.272	0.270	0.264	0.274	0.279	0.275	0.274	0.271	0.273	0.280	0.281	0.279	0.274	0.272	0.278	0.272	0.268	0.273	0.268	0.272	0.271	0.267	0.271	0.270	0.272	0.271	0.273
22:00:47	34.9	0.258	0.266	0.266	0.276	0.267	0.265	0.262	0.261	0.268	0.258	0.265	0.259	0.267	0.271	0.264	0.270	0.271	0.269	0.276	0.264	0.265	0.271	0.277	0.261	0.264	0.265	0.266	0.265	0.265	0.269	0.264	0.270	0.269	0.270	0.261	0.261	0.286	0.270	0.277	0.281	0.270	0.267	0.274	0.268	0.272	0.276	0.273	0.293	0.279	0.284	0.285	0.281	0.270	0.267	0.271	0.276	0.276	0.272	0.265	0.263	0.251	0.255	0.260	0.266	0.271	0.271	0.275	0.281	0.280	0.270	0.268	0.263	0.273	0.277	0.274	0.274	0.271	0.271	0.280	0.281	0.278	0.273	0.270	0.276	0.270	0.267	0.271	0.266	0.271	0.269	0.266	0.269	0.268	0.270	0.269	0.272
23:00:47	35.1	0.258	0.268	0.266	0.276	0.268	0.265	0.263	0.262	0.270	0.258	0.266	0.260	0.268	0.271	0.262	0.270	0.270	0.270	0.276	0.264	0.266	0.272	0.280	0.262	0.263	0.265	0.266	0.263	0.266	0.268	0.262	0.270	0.269	0.271	0.261	0.261	0.285	0.268	0.278	0.282	0.270	0.268	0.274	0.268	0.274	0.275	0.274	0.298	0.279	0.285	0.285	0.282	0.270	0.267	0.271	0.277	0.276	0.272	0.265	0.263	0.253	0.257	0.261	0.266	0.271	0.271	0.276	0.283	0.280	0.270	0.268	0.264	0.273	0.278	0.274	0.274	0.271	0.270	0.279	0.280	0.278	0.274	0.270	0.277	0.270	0.266	0.271	0.267	0.271	0.269	0.266	0.267	0.266	0.268	0.269	0.272
0:00:00																																																																																																	

Results
	1	2	3	4	5	6	7	8	9	10	11	12
A	0.467	0.474	0.473	0.473	0.469	0.478	0.475	0.469	0.473	0.457	0.449	0.445	Max V [600]
	0.880	0.897	0.906	0.891	0.906	0.905	0.886	0.901	0.877	0.895	0.875	0.881	R-Squared [600]
	2:00:35	2:00:35	2:00:35	2:00:35	2:00:35	2:00:35	2:00:35	2:00:35	2:00:35	2:00:35	2:00:35	2:00:35	t at Max V [600]
	?????	?????	?????	?????	?????	?????	?????	?????	?????	?????	?????	?????	Lagtime [600]
B	0.481	0.477	0.494	0.472	0.470	0.482	0.468	0.469	0.447	0.462	0.492	0.429	Max V [600]
	0.894	0.887	0.927	0.910	0.922	0.910	0.904	0.908	0.945	0.942	0.936	0.935	R-Squared [600]
	2:00:35	2:00:35	2:00:35	2:00:35	2:00:35	2:00:35	2:00:35	2:00:35	2:00:35	2:00:35	2:00:35	2:00:35	t at Max V [600]
	?????	?????	0:02:02	?????	0:01:20	?????	?????	?????	0:11:18	0:07:17	?????	0:03:42	Lagtime [600]
C	0.476	0.477	0.471	0.481	0.473	0.465	0.477	0.464	0.470	0.470	0.461	0.472	Max V [600]
	0.898	0.910	0.917	0.933	0.929	0.931	0.932	0.922	0.922	0.911	0.898	0.888	R-Squared [600]
	2:00:35	2:00:35	2:00:35	2:00:35	2:00:35	2:00:35	2:00:35	2:00:35	2:00:35	2:00:35	2:00:35	2:00:35	t at Max V [600]
	?????	?????	0:01:02	0:03:56	0:02:44	0:05:05	0:04:21	0:03:04	0:01:46	?????	?????	?????	Lagtime [600]
D	0.316	0.317	0.275	0.277	0.470	0.460	0.443	0.463	0.247	0.278	0.253	0.251	Max V [600]
	0.969	0.971	0.986	0.989	0.939	0.943	0.945	0.942	0.989	0.986	0.994	0.998	R-Squared [600]
	2:00:35	3:00:37	3:00:37	3:00:37	2:00:35	2:00:35	2:00:35	2:00:35	3:00:37	3:00:37	3:00:37	3:00:37	t at Max V [600]
	0:20:32	0:45:46	0:45:22	0:48:57	0:05:33	0:07:55	0:07:53	0:06:34	0:50:42	0:52:49	0:44:52	0:30:44	Lagtime [600]
E	0.484	0.458	0.453	0.473	0.482	0.475	0.452	0.459	0.458	0.466	0.452	0.462	Max V [600]
	0.930	0.941	0.935	0.939	0.933	0.930	0.932	0.933	0.928	0.925	0.891	0.884	R-Squared [600]
	2:00:35	2:00:35	2:00:35	2:00:35	2:00:35	2:00:35	2:00:35	2:00:35	2:00:35	2:00:35	2:00:35	2:00:35	t at Max V [600]
	0:04:40	0:14:17	0:13:14	0:14:09	0:03:48	0:04:44	0:05:05	0:03:11	0:02:09	0:01:10	?????	?????	Lagtime [600]
F	0.300	0.276	0.268	0.451	0.456	0.462	0.461	0.466	0.455	0.441	0.448	0.458	Max V [600]
	0.962	0.985	0.991	0.916	0.920	0.923	0.937	0.931	0.934	0.908	0.903	0.864	R-Squared [600]
	2:00:35	3:00:37	3:00:37	2:00:35	2:00:35	2:00:35	2:00:35	2:00:35	2:00:35	2:00:35	2:00:35	2:00:35	t at Max V [600]
	0:22:54	0:48:25	0:55:08	?????	0:01:43	0:02:18	0:14:21	0:13:25	0:12:31	?????	?????	?????	Lagtime [600]
G	0.463	0.502	0.475	0.467	0.443	0.443	0.463	0.485	0.492	0.452	0.466	0.499	Max V [600]
	0.878	0.907	0.913	0.943	0.934	0.946	0.918	0.912	0.914	0.915	0.904	0.886	R-Squared [600]
	2:00:35	2:00:35	2:00:35	2:00:35	2:00:35	2:00:35	2:00:35	2:00:35	2:00:35	2:00:35	2:00:35	2:00:35	t at Max V [600]
	?????	?????	?????	0:11:25	0:17:27	0:13:53	?????	0:01:16	?????	?????	?????	?????	Lagtime [600]
H	0.491	0.487	0.486	0.465	0.467	0.463	0.461	0.464	0.482	0.480	0.471	0.463	Max V [600]
	0.854	0.868	0.872	0.869	0.885	0.900	0.889	0.891	0.896	0.883	0.868	0.862	R-Squared [600]
	2:00:35	2:00:35	2:00:35	2:00:35	2:00:35	2:00:35	2:00:35	2:00:35	2:00:35	2:00:35	2:00:35	2:00:35	t at Max V [600]
	?????	?????	?????	?????	?????	?????	?????	?????	?????	?????	?????	?????	Lagtime [600]

