
Software Version	3.11.19



Experiment File Path:	C:\Users\patil-group\Desktop\Sweeteners_stacker\181121_NT5026_37_38_Rep3\NT5026_37_38_Rep3.xpt
Protocol File Path:	C:\Users\Public\Documents\Protocols\Screening-protocol.prt



Plate Number	Plate 13
Date	18/11/2021
Time	15:24:44
Reader Type:	Epoch 2
Reader Serial Number:	2103223
Reading Type	Reader

Procedure Details

Plate Type	96 WELL PLATE
Discontinuous Kinetics	Runtime 1:00:00 (D:HH:MM), Interval 0:01:00, 25 Reads
	Pause after each run
Eject plate on completion	
Shake	Linear: 0:00:30 (HH:MM:SS)
	Frequency: 567 cpm (3 mm)
Read	Absorbance Endpoint
	Full Plate
	Wavelengths:  600
	Read Speed: Normal,  Delay: 100 msec,  Measurements/Data Point: 8

600

Time	T° 600	A1	A2	A3	A4	A5	A6	A7	A8	A9	A10	A11	A12	B1	B2	B3	B4	B5	B6	B7	B8	B9	B10	B11	B12	C1	C2	C3	C4	C5	C6	C7	C8	C9	C10	C11	C12	D1	D2	D3	D4	D5	D6	D7	D8	D9	D10	D11	D12	E1	E2	E3	E4	E5	E6	E7	E8	E9	E10	E11	E12	F1	F2	F3	F4	F5	F6	F7	F8	F9	F10	F11	F12	G1	G2	G3	G4	G5	G6	G7	G8	G9	G10	G11	G12	H1	H2	H3	H4	H5	H6	H7	H8	H9	H10	H11	H12
0:00:34	34.7	0.166	0.161	0.171	0.170	0.169	0.165	0.165	0.167	0.169	0.175	0.171	0.174	0.168	0.179	0.168	0.178	0.176	0.172	0.171	0.171	0.180	0.170	0.174	0.177	0.175	0.168	0.180	0.173	0.175	0.185	0.169	0.171	0.171	0.177	0.175	0.174	0.175	0.170	0.167	0.171	0.175	0.182	0.171	0.175	0.179	0.173	0.171	0.177	0.176	0.175	0.168	0.176	0.171	0.173	0.168	0.174	0.171	0.172	0.180	0.184	0.172	0.170	0.176	0.170	0.177	0.178	0.176	0.187	0.172	0.179	0.184	0.177	0.171	0.171	0.174	0.170	0.167	0.172	0.173	0.176	0.174	0.183	0.176	0.176	0.172	0.169	0.168	0.171	0.173	0.171	0.179	0.169	0.169	0.172	0.175	0.177
1:00:34	34.9	0.178	0.172	0.181	0.181	0.176	0.174	0.175	0.176	0.179	0.186	0.182	0.186	0.181	0.181	0.179	0.187	0.185	0.181	0.180	0.180	0.189	0.179	0.183	0.189	0.187	0.178	0.189	0.182	0.183	0.186	0.177	0.179	0.179	0.186	0.184	0.184	0.187	0.181	0.177	0.179	0.183	0.188	0.179	0.184	0.186	0.181	0.181	0.188	0.188	0.184	0.177	0.184	0.179	0.180	0.176	0.181	0.179	0.180	0.190	0.194	0.184	0.181	0.185	0.178	0.185	0.182	0.184	0.194	0.180	0.188	0.193	0.188	0.183	0.182	0.184	0.180	0.176	0.182	0.182	0.185	0.189	0.192	0.186	0.189	0.186	0.182	0.181	0.182	0.183	0.182	0.188	0.180	0.181	0.184	0.187	0.190
2:00:34	34.9	0.235	0.224	0.228	0.229	0.220	0.218	0.219	0.220	0.224	0.233	0.229	0.238	0.238	0.231	0.225	0.230	0.225	0.222	0.219	0.220	0.229	0.220	0.228	0.240	0.237	0.223	0.228	0.222	0.220	0.220	0.213	0.215	0.216	0.225	0.225	0.230	0.238	0.225	0.217	0.217	0.218	0.221	0.214	0.216	0.221	0.220	0.221	0.236	0.239	0.228	0.217	0.223	0.214	0.213	0.208	0.211	0.214	0.218	0.229	0.241	0.239	0.227	0.225	0.216	0.221	0.216	0.217	0.230	0.217	0.227	0.234	0.238	0.240	0.232	0.229	0.222	0.218	0.224	0.223	0.227	0.224	0.234	0.234	0.242	0.249	0.237	0.233	0.230	0.231	0.230	0.233	0.228	0.230	0.236	0.240	0.248
3:00:35	34.9	0.265	0.260	0.270	0.267	0.260	0.263	0.262	0.260	0.266	0.276	0.272	0.272	0.270	0.274	0.274	0.280	0.278	0.278	0.275	0.270	0.278	0.268	0.272	0.277	0.279	0.274	0.283	0.279	0.278	0.277	0.271	0.273	0.271	0.279	0.273	0.272	0.279	0.276	0.274	0.276	0.278	0.281	0.274	0.276	0.277	0.275	0.266	0.277	0.283	0.289	0.275	0.281	0.271	0.272	0.268	0.271	0.272	0.274	0.278	0.279	0.280	0.277	0.278	0.271	0.277	0.273	0.274	0.286	0.273	0.280	0.281	0.276	0.275	0.275	0.277	0.271	0.270	0.275	0.274	0.275	0.272	0.277	0.276	0.276	0.279	0.274	0.275	0.271	0.272	0.272	0.274	0.268	0.269	0.275	0.273	0.277
4:00:35	34.9	0.270	0.266	0.279	0.273	0.267	0.270	0.268	0.267	0.272	0.282	0.277	0.278	0.277	0.281	0.280	0.287	0.285	0.285	0.282	0.276	0.285	0.275	0.280	0.284	0.285	0.281	0.289	0.288	0.285	0.285	0.279	0.281	0.279	0.285	0.278	0.280	0.286	0.282	0.281	0.283	0.284	0.288	0.280	0.284	0.284	0.281	0.272	0.283	0.290	0.296	0.281	0.288	0.278	0.280	0.275	0.277	0.279	0.282	0.286	0.286	0.286	0.282	0.284	0.278	0.284	0.281	0.282	0.292	0.280	0.287	0.287	0.283	0.281	0.283	0.283	0.277	0.277	0.282	0.281	0.280	0.280	0.285	0.284	0.284	0.284	0.281	0.280	0.277	0.279	0.279	0.281	0.274	0.276	0.282	0.280	0.283
5:00:37	34.9	0.272	0.269	0.283	0.276	0.273	0.272	0.270	0.269	0.274	0.284	0.279	0.280	0.279	0.284	0.284	0.290	0.290	0.289	0.285	0.279	0.288	0.279	0.282	0.287	0.288	0.284	0.292	0.292	0.289	0.289	0.283	0.284	0.282	0.288	0.282	0.283	0.289	0.285	0.285	0.287	0.289	0.292	0.285	0.287	0.288	0.284	0.276	0.285	0.293	0.299	0.285	0.291	0.282	0.286	0.280	0.280	0.284	0.285	0.289	0.289	0.288	0.286	0.287	0.281	0.287	0.284	0.286	0.296	0.282	0.289	0.291	0.285	0.283	0.285	0.286	0.280	0.280	0.286	0.285	0.284	0.282	0.288	0.289	0.287	0.286	0.284	0.282	0.280	0.281	0.281	0.284	0.278	0.280	0.285	0.282	0.285
6:00:37	34.9	0.274	0.269	0.285	0.277	0.274	0.273	0.270	0.269	0.276	0.284	0.280	0.281	0.281	0.285	0.285	0.292	0.289	0.290	0.286	0.281	0.289	0.279	0.283	0.288	0.289	0.285	0.294	0.294	0.290	0.290	0.283	0.285	0.284	0.289	0.282	0.284	0.290	0.286	0.286	0.289	0.290	0.294	0.286	0.289	0.289	0.284	0.277	0.285	0.293	0.301	0.286	0.293	0.284	0.287	0.282	0.282	0.285	0.287	0.289	0.289	0.289	0.286	0.288	0.283	0.288	0.287	0.286	0.297	0.284	0.291	0.293	0.287	0.284	0.286	0.287	0.282	0.281	0.286	0.285	0.286	0.284	0.290	0.290	0.287	0.286	0.283	0.282	0.281	0.283	0.282	0.286	0.279	0.281	0.286	0.282	0.286
7:00:38	34.9	0.274	0.270	0.286	0.277	0.273	0.273	0.272	0.269	0.276	0.285	0.280	0.281	0.281	0.286	0.287	0.292	0.290	0.290	0.286	0.281	0.289	0.281	0.284	0.288	0.290	0.285	0.294	0.294	0.290	0.292	0.284	0.287	0.285	0.289	0.283	0.284	0.290	0.286	0.286	0.289	0.291	0.295	0.286	0.290	0.290	0.284	0.278	0.286	0.294	0.301	0.287	0.293	0.285	0.289	0.283	0.284	0.287	0.288	0.290	0.290	0.289	0.287	0.290	0.285	0.290	0.288	0.287	0.298	0.285	0.291	0.294	0.288	0.284	0.285	0.288	0.282	0.282	0.287	0.286	0.287	0.285	0.291	0.291	0.288	0.286	0.285	0.282	0.283	0.285	0.284	0.288	0.280	0.283	0.286	0.283	0.286
8:00:38	34.9	0.275	0.270	0.286	0.277	0.273	0.274	0.270	0.269	0.276	0.285	0.280	0.282	0.282	0.286	0.286	0.292	0.290	0.291	0.285	0.281	0.290	0.281	0.284	0.289	0.291	0.286	0.295	0.295	0.291	0.292	0.284	0.286	0.285	0.290	0.282	0.284	0.290	0.287	0.286	0.288	0.292	0.295	0.287	0.290	0.289	0.285	0.279	0.286	0.295	0.302	0.287	0.294	0.286	0.289	0.284	0.284	0.287	0.288	0.290	0.290	0.289	0.287	0.290	0.285	0.290	0.288	0.288	0.298	0.285	0.292	0.294	0.287	0.285	0.287	0.289	0.283	0.283	0.288	0.287	0.287	0.287	0.291	0.292	0.288	0.287	0.285	0.283	0.283	0.285	0.284	0.288	0.281	0.283	0.287	0.284	0.286
9:00:39	34.9	0.275	0.272	0.286	0.277	0.274	0.274	0.275	0.269	0.276	0.285	0.281	0.283	0.283	0.287	0.287	0.293	0.291	0.290	0.285	0.280	0.290	0.282	0.285	0.289	0.292	0.287	0.295	0.295	0.291	0.292	0.285	0.287	0.286	0.290	0.283	0.285	0.290	0.287	0.287	0.289	0.292	0.295	0.287	0.290	0.290	0.285	0.280	0.287	0.295	0.303	0.288	0.293	0.287	0.290	0.284	0.285	0.288	0.289	0.289	0.292	0.290	0.288	0.291	0.286	0.291	0.289	0.288	0.297	0.286	0.291	0.296	0.288	0.286	0.286	0.289	0.284	0.283	0.289	0.288	0.288	0.288	0.292	0.292	0.290	0.288	0.286	0.284	0.284	0.286	0.285	0.288	0.282	0.284	0.287	0.286	0.288
10:00:40	34.9	0.277	0.273	0.288	0.279	0.275	0.275	0.272	0.270	0.278	0.286	0.281	0.283	0.284	0.290	0.288	0.294	0.291	0.291	0.287	0.281	0.292	0.283	0.285	0.289	0.293	0.288	0.296	0.295	0.292	0.293	0.285	0.287	0.287	0.291	0.283	0.286	0.292	0.288	0.288	0.290	0.293	0.296	0.287	0.291	0.290	0.285	0.281	0.289	0.294	0.304	0.289	0.295	0.288	0.291	0.286	0.286	0.288	0.289	0.290	0.293	0.292	0.289	0.292	0.287	0.292	0.290	0.289	0.298	0.286	0.293	0.296	0.289	0.288	0.288	0.290	0.286	0.285	0.291	0.290	0.289	0.288	0.294	0.294	0.291	0.289	0.287	0.286	0.285	0.288	0.286	0.291	0.284	0.286	0.290	0.287	0.289
11:00:39	34.9	0.277	0.274	0.288	0.280	0.276	0.276	0.273	0.271	0.278	0.288	0.282	0.283	0.285	0.290	0.289	0.295	0.293	0.293	0.289	0.282	0.292	0.284	0.286	0.290	0.294	0.290	0.297	0.296	0.293	0.294	0.286	0.289	0.287	0.292	0.285	0.286	0.293	0.289	0.290	0.291	0.294	0.297	0.288	0.292	0.291	0.287	0.283	0.289	0.296	0.305	0.290	0.296	0.288	0.293	0.287	0.287	0.289	0.291	0.292	0.294	0.293	0.290	0.293	0.288	0.293	0.291	0.290	0.299	0.288	0.294	0.296	0.291	0.288	0.289	0.292	0.287	0.287	0.292	0.291	0.291	0.290	0.295	0.294	0.291	0.290	0.288	0.287	0.286	0.289	0.287	0.292	0.285	0.287	0.290	0.287	0.290
12:00:40	34.9	0.278	0.274	0.289	0.279	0.277	0.276	0.273	0.270	0.279	0.287	0.283	0.283	0.286	0.291	0.290	0.296	0.294	0.294	0.289	0.283	0.302	0.285	0.287	0.291	0.295	0.291	0.298	0.297	0.294	0.294	0.287	0.289	0.287	0.294	0.285	0.287	0.294	0.290	0.291	0.292	0.294	0.297	0.290	0.293	0.292	0.288	0.284	0.289	0.297	0.307	0.292	0.298	0.289	0.295	0.288	0.288	0.290	0.292	0.292	0.294	0.294	0.291	0.295	0.289	0.295	0.292	0.291	0.299	0.290	0.295	0.298	0.291	0.289	0.289	0.294	0.288	0.287	0.293	0.292	0.291	0.290	0.296	0.294	0.290	0.290	0.290	0.288	0.287	0.290	0.288	0.293	0.286	0.289	0.291	0.288	0.290
13:00:41	34.9	0.277	0.273	0.288	0.279	0.278	0.277	0.273	0.271	0.279	0.288	0.282	0.283	0.285	0.291	0.291	0.296	0.294	0.294	0.290	0.283	0.300	0.286	0.287	0.290	0.295	0.292	0.298	0.296	0.294	0.295	0.287	0.290	0.289	0.294	0.285	0.288	0.294	0.291	0.292	0.293	0.295	0.297	0.290	0.294	0.293	0.288	0.284	0.289	0.297	0.308	0.293	0.299	0.291	0.295	0.288	0.288	0.292	0.292	0.293	0.294	0.295	0.292	0.295	0.290	0.295	0.293	0.293	0.300	0.289	0.295	0.297	0.290	0.289	0.289	0.294	0.289	0.289	0.294	0.293	0.292	0.291	0.296	0.293	0.290	0.290	0.290	0.289	0.287	0.291	0.287	0.293	0.285	0.288	0.291	0.287	0.290
14:00:41	34.9	0.276	0.273	0.287	0.278	0.279	0.277	0.272	0.271	0.278	0.288	0.281	0.282	0.284	0.291	0.291	0.297	0.294	0.294	0.290	0.284	0.294	0.286	0.287	0.289	0.295	0.292	0.299	0.297	0.295	0.295	0.287	0.291	0.290	0.294	0.285	0.287	0.294	0.291	0.292	0.293	0.296	0.298	0.291	0.295	0.293	0.289	0.284	0.288	0.297	0.308	0.294	0.299	0.291	0.296	0.288	0.288	0.292	0.293	0.294	0.294	0.294	0.292	0.296	0.291	0.296	0.293	0.294	0.301	0.291	0.295	0.298	0.289	0.289	0.290	0.293	0.289	0.289	0.294	0.293	0.291	0.290	0.296	0.292	0.289	0.289	0.290	0.289	0.287	0.291	0.288	0.292	0.286	0.289	0.291	0.288	0.289
15:00:41	34.9	0.276	0.272	0.286	0.278	0.278	0.275	0.272	0.270	0.278	0.287	0.281	0.281	0.283	0.291	0.291	0.297	0.294	0.294	0.290	0.283	0.294	0.285	0.287	0.288	0.294	0.292	0.299	0.295	0.295	0.297	0.288	0.292	0.290	0.295	0.285	0.288	0.294	0.291	0.293	0.293	0.296	0.298	0.293	0.295	0.293	0.290	0.284	0.288	0.297	0.308	0.295	0.300	0.292	0.297	0.289	0.288	0.292	0.293	0.293	0.293	0.293	0.292	0.296	0.292	0.296	0.294	0.293	0.301	0.290	0.295	0.297	0.289	0.288	0.290	0.294	0.289	0.289	0.294	0.293	0.291	0.290	0.295	0.290	0.288	0.288	0.289	0.289	0.286	0.290	0.287	0.293	0.286	0.288	0.290	0.286	0.289
16:00:42	34.9	0.274	0.271	0.284	0.277	0.277	0.275	0.271	0.270	0.277	0.286	0.280	0.281	0.282	0.291	0.290	0.296	0.293	0.293	0.290	0.282	0.293	0.285	0.285	0.287	0.294	0.292	0.298	0.295	0.295	0.296	0.287	0.291	0.288	0.294	0.284	0.286	0.293	0.291	0.292	0.293	0.296	0.298	0.292	0.296	0.293	0.289	0.283	0.287	0.297	0.307	0.294	0.300	0.292	0.297	0.289	0.288	0.292	0.293	0.292	0.293	0.293	0.292	0.297	0.291	0.296	0.293	0.293	0.300	0.289	0.295	0.299	0.289	0.288	0.289	0.293	0.288	0.288	0.294	0.292	0.291	0.290	0.294	0.289	0.286	0.287	0.289	0.288	0.286	0.290	0.286	0.293	0.285	0.288	0.290	0.286	0.288
17:00:42	34.9	0.273	0.270	0.283	0.276	0.276	0.274	0.270	0.269	0.276	0.285	0.278	0.279	0.280	0.289	0.290	0.296	0.293	0.293	0.291	0.282	0.293	0.284	0.285	0.286	0.293	0.291	0.299	0.294	0.294	0.296	0.287	0.291	0.288	0.294	0.283	0.287	0.292	0.291	0.292	0.293	0.296	0.297	0.292	0.295	0.293	0.289	0.283	0.286	0.296	0.306	0.294	0.300	0.292	0.298	0.288	0.287	0.291	0.293	0.293	0.292	0.293	0.292	0.296	0.290	0.296	0.293	0.292	0.300	0.289	0.294	0.296	0.286	0.286	0.288	0.292	0.287	0.288	0.293	0.292	0.290	0.289	0.293	0.287	0.284	0.286	0.288	0.287	0.285	0.290	0.286	0.291	0.283	0.287	0.290	0.284	0.287
18:00:43	34.9	0.272	0.269	0.281	0.274	0.274	0.273	0.273	0.268	0.275	0.284	0.277	0.277	0.279	0.288	0.289	0.295	0.292	0.292	0.290	0.281	0.292	0.284	0.284	0.284	0.292	0.290	0.297	0.292	0.294	0.296	0.286	0.291	0.288	0.293	0.283	0.285	0.292	0.290	0.292	0.293	0.296	0.297	0.291	0.294	0.293	0.289	0.282	0.284	0.295	0.306	0.293	0.299	0.291	0.297	0.287	0.286	0.291	0.293	0.292	0.290	0.291	0.291	0.296	0.290	0.295	0.292	0.293	0.299	0.288	0.293	0.295	0.286	0.286	0.288	0.291	0.287	0.287	0.293	0.291	0.289	0.288	0.293	0.285	0.282	0.284	0.287	0.287	0.284	0.288	0.285	0.290	0.282	0.286	0.288	0.283	0.286
19:00:43	34.9	0.271	0.268	0.279	0.273	0.274	0.272	0.267	0.267	0.274	0.282	0.275	0.276	0.277	0.287	0.288	0.294	0.291	0.291	0.290	0.280	0.291	0.282	0.283	0.283	0.291	0.290	0.297	0.291	0.293	0.294	0.285	0.290	0.287	0.292	0.281	0.283	0.290	0.288	0.291	0.291	0.295	0.296	0.290	0.294	0.292	0.287	0.281	0.283	0.293	0.304	0.293	0.298	0.291	0.297	0.286	0.286	0.290	0.292	0.290	0.289	0.291	0.290	0.295	0.289	0.294	0.292	0.291	0.298	0.287	0.293	0.294	0.285	0.284	0.286	0.290	0.286	0.287	0.291	0.290	0.288	0.287	0.292	0.283	0.280	0.283	0.285	0.286	0.283	0.287	0.284	0.289	0.281	0.285	0.287	0.282	0.284
20:00:44	34.9	0.270	0.268	0.277	0.272	0.274	0.273	0.268	0.267	0.274	0.283	0.276	0.277	0.277	0.287	0.288	0.295	0.291	0.291	0.290	0.280	0.291	0.282	0.283	0.283	0.290	0.290	0.297	0.290	0.293	0.295	0.288	0.291	0.287	0.292	0.281	0.284	0.291	0.289	0.291	0.292	0.295	0.296	0.291	0.295	0.293	0.289	0.281	0.283	0.294	0.305	0.293	0.298	0.292	0.298	0.287	0.287	0.290	0.292	0.291	0.289	0.290	0.290	0.295	0.290	0.295	0.292	0.292	0.298	0.287	0.293	0.294	0.285	0.285	0.288	0.290	0.286	0.287	0.292	0.290	0.289	0.287	0.292	0.281	0.278	0.283	0.285	0.286	0.283	0.287	0.284	0.290	0.282	0.285	0.288	0.282	0.284
21:00:45	34.9	0.268	0.265	0.275	0.271	0.272	0.270	0.266	0.265	0.272	0.281	0.273	0.274	0.275	0.285	0.286	0.292	0.288	0.290	0.288	0.278	0.289	0.281	0.281	0.281	0.288	0.288	0.296	0.289	0.291	0.293	0.283	0.289	0.285	0.291	0.279	0.282	0.288	0.287	0.290	0.290	0.293	0.294	0.290	0.293	0.291	0.286	0.279	0.281	0.291	0.303	0.292	0.297	0.291	0.295	0.286	0.285	0.288	0.290	0.289	0.286	0.288	0.288	0.294	0.288	0.294	0.291	0.290	0.296	0.286	0.290	0.292	0.283	0.283	0.285	0.289	0.285	0.285	0.291	0.288	0.287	0.286	0.290	0.279	0.277	0.281	0.283	0.284	0.281	0.285	0.281	0.288	0.280	0.284	0.285	0.280	0.282
22:00:45	34.9	0.266	0.264	0.273	0.269	0.271	0.269	0.264	0.263	0.270	0.279	0.271	0.272	0.273	0.283	0.285	0.291	0.287	0.288	0.287	0.276	0.288	0.280	0.279	0.278	0.286	0.286	0.294	0.286	0.290	0.292	0.282	0.288	0.283	0.289	0.278	0.280	0.286	0.286	0.289	0.289	0.292	0.293	0.288	0.292	0.290	0.285	0.278	0.279	0.290	0.301	0.290	0.296	0.289	0.294	0.284	0.283	0.287	0.289	0.288	0.284	0.286	0.287	0.292	0.287	0.292	0.289	0.288	0.294	0.284	0.289	0.290	0.280	0.281	0.283	0.287	0.283	0.284	0.289	0.287	0.284	0.286	0.288	0.278	0.274	0.279	0.282	0.283	0.279	0.284	0.280	0.287	0.278	0.282	0.283	0.278	0.280
23:00:45	35.1	0.267	0.265	0.271	0.269	0.271	0.270	0.265	0.264	0.271	0.280	0.273	0.273	0.273	0.284	0.285	0.291	0.287	0.288	0.288	0.277	0.289	0.280	0.280	0.279	0.287	0.288	0.294	0.284	0.291	0.292	0.281	0.289	0.285	0.290	0.279	0.281	0.287	0.286	0.289	0.290	0.293	0.293	0.289	0.293	0.291	0.286	0.278	0.279	0.290	0.301	0.291	0.297	0.290	0.296	0.285	0.284	0.288	0.289	0.288	0.284	0.286	0.287	0.293	0.287	0.292	0.290	0.289	0.296	0.285	0.289	0.291	0.282	0.282	0.283	0.287	0.284	0.284	0.289	0.287	0.285	0.284	0.289	0.275	0.274	0.279	0.282	0.283	0.279	0.284	0.280	0.287	0.278	0.283	0.284	0.278	0.280
0:00:00																																																																																																	

Results
	1	2	3	4	5	6	7	8	9	10	11	12
A	0.492	0.497	0.508	0.488	0.467	0.498	0.486	0.471	0.490	0.506	0.505	0.488	Max V [600]
	0.929	0.942	0.950	0.944	0.939	0.944	0.944	0.944	0.944	0.942	0.941	0.937	R-Squared [600]
	2:00:35	2:00:35	2:00:35	2:00:35	2:00:35	2:00:35	2:00:35	2:00:35	2:00:35	2:00:35	2:00:35	2:00:35	t at Max V [600]
	0:04:28	0:08:05	0:12:08	0:09:22	0:15:02	0:13:40	0:12:50	0:12:52	0:11:40	0:11:07	0:10:32	0:07:03	Lagtime [600]
B	0.509	0.493	0.531	0.516	0.520	0.539	0.528	0.500	0.496	0.501	0.502	0.504	Max V [600]
	0.934	0.926	0.945	0.941	0.940	0.937	0.938	0.941	0.941	0.944	0.947	0.944	R-Squared [600]
	2:00:35	2:00:35	2:00:35	2:00:35	2:00:35	2:00:35	2:00:35	2:00:35	2:00:35	2:00:35	2:00:35	2:00:35	t at Max V [600]
	0:05:57	0:18:41	0:13:14	0:15:31	0:16:31	0:17:05	0:17:11	0:15:29	0:16:10	0:15:22	0:13:28	0:08:51	Lagtime [600]
C	0.518	0.538	0.520	0.542	0.525	0.485	0.523	0.520	0.511	0.514	0.495	0.500	Max V [600]
	0.943	0.943	0.936	0.939	0.932	0.909	0.934	0.935	0.937	0.938	0.939	0.947	R-Squared [600]
	2:00:35	2:00:35	2:00:35	2:00:35	2:00:35	2:00:35	2:00:35	2:00:35	2:00:35	2:00:35	2:00:35	2:00:35	t at Max V [600]
	0:10:08	0:14:24	0:17:41	0:18:25	0:19:16	0:26:54	0:19:34	0:19:25	0:18:46	0:16:52	0:14:45	0:12:10	Lagtime [600]
D	0.523	0.530	0.541	0.535	0.523	0.508	0.521	0.516	0.500	0.518	0.477	0.500	Max V [600]
	0.943	0.942	0.938	0.931	0.927	0.924	0.928	0.931	0.930	0.935	0.944	0.942	R-Squared [600]
	2:00:35	2:00:35	2:00:35	2:00:35	2:00:35	2:00:35	2:00:35	2:00:35	2:00:35	2:00:35	2:00:35	2:00:35	t at Max V [600]
	0:10:14	0:14:06	0:17:12	0:18:48	0:19:32	0:21:21	0:19:39	0:19:57	0:19:56	0:17:33	0:13:53	0:10:53	Lagtime [600]
E	0.541	0.576	0.537	0.533	0.509	0.510	0.510	0.492	0.516	0.523	0.501	0.483	Max V [600]
	0.945	0.936	0.935	0.933	0.932	0.928	0.924	0.920	0.931	0.937	0.946	0.946	R-Squared [600]
	2:00:35	2:00:35	2:00:35	2:00:35	2:00:35	2:00:35	2:00:35	2:00:35	2:00:35	2:00:35	2:00:35	2:00:35	t at Max V [600]
	0:10:42	0:17:34	0:17:10	0:19:01	0:19:42	0:21:19	0:21:19	0:21:52	0:19:39	0:18:21	0:16:00	0:11:02	Lagtime [600]
F	0.539	0.535	0.514	0.517	0.510	0.493	0.503	0.503	0.512	0.510	0.491	0.498	Max V [600]
	0.941	0.939	0.937	0.936	0.931	0.922	0.930	0.928	0.935	0.939	0.942	0.944	R-Squared [600]
	2:00:35	2:00:35	2:00:35	2:00:35	2:00:35	2:00:35	2:00:35	2:00:35	2:00:35	2:00:35	2:00:35	2:00:35	t at Max V [600]
	0:08:30	0:13:07	0:17:01	0:17:54	0:19:23	0:23:57	0:20:35	0:19:21	0:18:28	0:17:21	0:15:42	0:09:53	Lagtime [600]
G	0.521	0.525	0.520	0.508	0.525	0.520	0.513	0.496	0.491	0.483	0.512	0.504	Max V [600]
	0.938	0.947	0.943	0.942	0.943	0.940	0.940	0.937	0.956	0.948	0.948	0.942	R-Squared [600]
	2:00:35	2:00:35	2:00:35	2:00:35	2:00:35	2:00:35	2:00:35	2:00:35	2:00:35	2:00:35	2:00:35	2:00:35	t at Max V [600]
	0:06:38	0:11:46	0:14:01	0:14:08	0:15:53	0:15:41	0:16:26	0:15:03	0:11:39	0:14:24	0:12:06	0:07:19	Lagtime [600]
H	0.528	0.524	0.530	0.504	0.503	0.509	0.484	0.497	0.502	0.515	0.491	0.497	Max V [600]
	0.923	0.940	0.940	0.943	0.945	0.946	0.945	0.943	0.945	0.942	0.939	0.928	R-Squared [600]
	2:00:35	2:00:35	2:00:35	2:00:35	2:00:35	2:00:35	2:00:35	2:00:35	2:00:35	2:00:35	2:00:35	2:00:35	t at Max V [600]
	0:02:32	0:07:21	0:08:38	0:10:48	0:11:30	0:11:10	0:12:33	0:11:04	0:09:57	0:09:13	0:06:52	0:03:56	Lagtime [600]


