

Software Version	3.10.06



Experiment File Path:	C:\Users\patil-group\Desktop\Sweeteners_stacker\271021_NT5019_22_23_Rep3\NT5019_22_23_Rep3.xpt
Protocol File Path:	C:\Users\Public\Documents\Protocols\Screening-protocol.prt



Plate Number	Plate 13
Date	27/10/2021
Time	14:49:32
Reader Type:	Epoch 2
Reader Serial Number:	2103223
Reading Type	Reader

Procedure Details

Plate Type	96 WELL PLATE
Discontinuous Kinetics	Runtime 1:00:00 (D:HH:MM), Interval 0:01:00, 25 Reads
	Pause after each run
Eject plate on completion	
Shake	Linear: 0:00:30 (HH:MM:SS)
	Frequency: 567 cpm (3 mm)
Read	Absorbance Endpoint
	Full Plate
	Wavelengths:  600
	Read Speed: Normal,  Delay: 100 msec,  Measurements/Data Point: 8

600

Time	T° 600	A1	A2	A3	A4	A5	A6	A7	A8	A9	A10	A11	A12	B1	B2	B3	B4	B5	B6	B7	B8	B9	B10	B11	B12	C1	C2	C3	C4	C5	C6	C7	C8	C9	C10	C11	C12	D1	D2	D3	D4	D5	D6	D7	D8	D9	D10	D11	D12	E1	E2	E3	E4	E5	E6	E7	E8	E9	E10	E11	E12	F1	F2	F3	F4	F5	F6	F7	F8	F9	F10	F11	F12	G1	G2	G3	G4	G5	G6	G7	G8	G9	G10	G11	G12	H1	H2	H3	H4	H5	H6	H7	H8	H9	H10	H11	H12
0:00:34	34.6	0.281	0.279	0.325	0.303	0.278	0.284	0.262	0.257	0.225	0.256	0.253	0.212	0.273	0.279	0.273	0.309	0.264	0.286	0.288	0.290	0.292	0.232	0.268	0.223	0.300	0.247	0.269	0.286	0.276	0.293	0.281	0.281	0.273	0.265	0.281	0.266	0.272	0.292	0.284	0.279	0.281	0.276	0.281	0.294	0.290	0.268	0.276	0.208	0.267	0.287	0.268	0.281	0.278	0.274	0.310	0.288	0.277	0.308	0.300	0.234	0.278	0.276	0.296	0.306	0.259	0.276	0.291	0.289	0.293	0.311	0.299	0.281	0.299	0.298	0.291	0.264	0.247	0.278	0.272	0.259	0.262	0.260	0.282	0.206	0.292	0.266	0.267	0.277	0.272	0.262	0.240	0.259	0.203	0.239	0.230	0.215
1:00:34	34.9	0.303	0.235	0.370	0.307	0.228	0.291	0.222	0.215	0.204	0.234	0.203	0.215	0.225	0.293	0.250	0.337	0.224	0.279	0.243	0.311	0.281	0.191	0.212	0.201	0.341	0.230	0.274	0.319	0.284	0.340	0.311	0.330	0.254	0.226	0.270	0.215	0.273	0.355	0.328	0.314	0.319	0.302	0.270	0.331	0.277	0.223	0.249	0.194	0.258	0.334	0.251	0.326	0.325	0.287	0.365	0.306	0.266	0.361	0.311	0.197	0.316	0.278	0.352	0.310	0.242	0.309	0.343	0.336	0.347	0.342	0.335	0.242	0.312	0.351	0.344	0.272	0.205	0.307	0.305	0.247	0.253	0.249	0.266	0.201	0.285	0.306	0.270	0.282	0.298	0.249	0.202	0.239	0.196	0.210	0.203	0.210
2:00:34	34.5	0.259	0.218	0.338	0.281	0.218	0.268	0.217	0.213	0.214	0.221	0.215	0.230	0.214	0.272	0.209	0.326	0.200	0.241	0.210	0.268	0.228	0.199	0.204	0.214	0.345	0.210	0.253	0.303	0.254	0.353	0.301	0.324	0.211	0.211	0.234	0.225	0.251	0.391	0.325	0.312	0.320	0.291	0.240	0.331	0.248	0.203	0.218	0.206	0.235	0.340	0.226	0.327	0.353	0.272	0.387	0.286	0.234	0.375	0.292	0.208	0.311	0.256	0.368	0.285	0.223	0.306	0.357	0.336	0.347	0.323	0.321	0.218	0.282	0.352	0.355	0.253	0.203	0.306	0.314	0.223	0.232	0.229	0.230	0.214	0.248	0.282	0.247	0.257	0.289	0.212	0.204	0.218	0.205	0.211	0.214	0.222
3:00:34	34.9	0.242	0.233	0.296	0.240	0.231	0.244	0.228	0.226	0.227	0.233	0.227	0.245	0.229	0.235	0.218	0.299	0.210	0.218	0.220	0.223	0.226	0.211	0.219	0.229	0.326	0.223	0.242	0.287	0.234	0.341	0.287	0.301	0.217	0.222	0.223	0.238	0.243	0.402	0.316	0.302	0.313	0.278	0.224	0.320	0.224	0.213	0.220	0.221	0.229	0.331	0.224	0.319	0.375	0.257	0.393	0.265	0.223	0.363	0.270	0.222	0.303	0.237	0.369	0.271	0.223	0.301	0.357	0.320	0.336	0.295	0.289	0.231	0.255	0.318	0.341	0.240	0.215	0.286	0.302	0.224	0.229	0.225	0.230	0.228	0.254	0.246	0.240	0.245	0.270	0.223	0.218	0.229	0.219	0.224	0.228	0.237
4:00:34	34.7	0.252	0.245	0.284	0.253	0.243	0.264	0.241	0.237	0.236	0.244	0.237	0.250	0.243	0.243	0.236	0.290	0.226	0.235	0.238	0.233	0.244	0.225	0.236	0.240	0.326	0.244	0.257	0.289	0.251	0.332	0.281	0.296	0.235	0.237	0.241	0.251	0.260	0.409	0.315	0.303	0.308	0.275	0.238	0.314	0.235	0.234	0.238	0.234	0.247	0.324	0.245	0.322	0.386	0.260	0.390	0.254	0.239	0.361	0.272	0.235	0.326	0.258	0.360	0.284	0.244	0.299	0.352	0.315	0.332	0.299	0.291	0.245	0.277	0.336	0.332	0.246	0.231	0.288	0.323	0.243	0.255	0.248	0.248	0.237	0.269	0.264	0.263	0.268	0.273	0.247	0.238	0.249	0.232	0.242	0.239	0.245
5:00:34	34.8	0.252	0.248	0.278	0.260	0.245	0.266	0.242	0.241	0.238	0.242	0.240	0.252	0.241	0.244	0.238	0.273	0.226	0.241	0.240	0.234	0.245	0.226	0.239	0.242	0.308	0.248	0.260	0.284	0.258	0.325	0.284	0.296	0.239	0.238	0.243	0.251	0.254	0.383	0.317	0.302	0.314	0.287	0.252	0.322	0.239	0.238	0.240	0.233	0.247	0.319	0.259	0.329	0.378	0.278	0.379	0.251	0.243	0.336	0.266	0.235	0.304	0.256	0.348	0.295	0.260	0.304	0.344	0.315	0.328	0.313	0.307	0.247	0.269	0.316	0.320	0.253	0.233	0.296	0.351	0.253	0.260	0.256	0.249	0.238	0.260	0.252	0.264	0.264	0.267	0.241	0.238	0.251	0.233	0.241	0.239	0.244
6:00:34	34.7	0.251	0.242	0.275	0.257	0.244	0.259	0.240	0.240	0.240	0.242	0.242	0.253	0.239	0.246	0.236	0.263	0.229	0.241	0.240	0.234	0.247	0.229	0.246	0.243	0.302	0.246	0.261	0.289	0.268	0.324	0.289	0.318	0.242	0.238	0.243	0.251	0.253	0.360	0.331	0.309	0.331	0.310	0.267	0.343	0.244	0.236	0.239	0.234	0.248	0.322	0.258	0.315	0.375	0.297	0.368	0.250	0.238	0.308	0.275	0.235	0.271	0.259	0.333	0.304	0.269	0.336	0.341	0.333	0.341	0.327	0.329	0.244	0.260	0.289	0.287	0.262	0.231	0.317	0.385	0.262	0.263	0.262	0.250	0.239	0.256	0.246	0.260	0.261	0.267	0.243	0.237	0.250	0.234	0.241	0.238	0.244
7:00:34	34.9	0.258	0.247	0.291	0.290	0.253	0.275	0.244	0.241	0.239	0.252	0.242	0.253	0.240	0.253	0.242	0.272	0.231	0.253	0.241	0.241	0.252	0.227	0.244	0.243	0.322	0.252	0.274	0.336	0.273	0.351	0.321	0.367	0.252	0.240	0.254	0.253	0.261	0.375	0.376	0.351	0.388	0.344	0.295	0.404	0.259	0.244	0.249	0.234	0.258	0.358	0.279	0.367	0.399	0.341	0.399	0.257	0.250	0.333	0.314	0.238	0.270	0.263	0.352	0.319	0.308	0.375	0.371	0.382	0.374	0.367	0.377	0.255	0.266	0.322	0.308	0.298	0.238	0.324	0.414	0.287	0.278	0.269	0.261	0.239	0.262	0.252	0.265	0.264	0.277	0.244	0.244	0.261	0.233	0.245	0.238	0.245
8:00:32	34.9	0.261	0.243	0.298	0.295	0.255	0.271	0.247	0.243	0.239	0.259	0.243	0.255	0.241	0.250	0.240	0.270	0.232	0.245	0.241	0.242	0.253	0.229	0.246	0.241	0.349	0.250	0.285	0.370	0.289	0.357	0.341	0.391	0.260	0.245	0.257	0.252	0.267	0.389	0.423	0.388	0.409	0.383	0.328	0.434	0.262	0.245	0.252	0.236	0.258	0.387	0.288	0.384	0.444	0.351	0.435	0.247	0.250	0.335	0.344	0.240	0.275	0.259	0.359	0.318	0.348	0.411	0.401	0.405	0.400	0.365	0.377	0.251	0.264	0.294	0.304	0.322	0.235	0.324	0.442	0.302	0.288	0.279	0.255	0.241	0.258	0.252	0.258	0.265	0.270	0.240	0.246	0.252	0.236	0.239	0.240	0.245
9:00:33	34.9	0.258	0.240	0.299	0.288	0.253	0.268	0.247	0.244	0.241	0.258	0.245	0.255	0.239	0.246	0.241	0.267	0.234	0.243	0.240	0.242	0.252	0.230	0.248	0.243	0.364	0.248	0.281	0.387	0.292	0.368	0.352	0.422	0.262	0.247	0.259	0.252	0.261	0.405	0.447	0.408	0.416	0.427	0.335	0.475	0.265	0.244	0.250	0.239	0.259	0.398	0.271	0.393	0.470	0.351	0.474	0.244	0.246	0.329	0.366	0.238	0.265	0.259	0.378	0.302	0.366	0.433	0.430	0.413	0.413	0.356	0.358	0.251	0.262	0.270	0.307	0.330	0.235	0.316	0.469	0.308	0.292	0.278	0.253	0.242	0.257	0.248	0.253	0.264	0.258	0.240	0.246	0.250	0.237	0.237	0.240	0.245
10:00:33	34.9	0.255	0.240	0.294	0.281	0.251	0.270	0.247	0.244	0.242	0.255	0.246	0.256	0.240	0.243	0.239	0.264	0.234	0.243	0.239	0.241	0.251	0.231	0.249	0.242	0.365	0.247	0.282	0.391	0.292	0.371	0.342	0.421	0.258	0.246	0.256	0.254	0.254	0.433	0.453	0.420	0.415	0.439	0.334	0.511	0.265	0.244	0.251	0.239	0.255	0.402	0.266	0.403	0.486	0.338	0.492	0.242	0.242	0.324	0.352	0.239	0.262	0.259	0.382	0.303	0.335	0.443	0.454	0.402	0.411	0.335	0.345	0.246	0.257	0.261	0.303	0.324	0.235	0.298	0.438	0.315	0.288	0.274	0.247	0.242	0.258	0.244	0.248	0.264	0.251	0.241	0.246	0.249	0.238	0.238	0.241	0.247
11:00:33	34.9	0.251	0.241	0.285	0.276	0.249	0.263	0.248	0.245	0.243	0.252	0.246	0.257	0.241	0.241	0.239	0.263	0.235	0.243	0.239	0.240	0.248	0.231	0.250	0.245	0.352	0.244	0.278	0.372	0.286	0.353	0.324	0.401	0.252	0.246	0.252	0.252	0.249	0.353	0.462	0.402	0.404	0.439	0.321	0.515	0.258	0.241	0.248	0.240	0.248	0.396	0.266	0.395	0.480	0.321	0.506	0.241	0.239	0.320	0.334	0.240	0.262	0.259	0.367	0.295	0.320	0.441	0.474	0.375	0.402	0.315	0.322	0.248	0.253	0.256	0.296	0.305	0.236	0.292	0.402	0.306	0.285	0.263	0.245	0.244	0.258	0.243	0.246	0.258	0.250	0.240	0.245	0.248	0.238	0.237	0.243	0.247
12:00:34	34.9	0.251	0.241	0.278	0.266	0.248	0.259	0.247	0.245	0.243	0.251	0.246	0.257	0.241	0.239	0.240	0.259	0.235	0.243	0.240	0.239	0.245	0.232	0.251	0.243	0.333	0.242	0.273	0.346	0.281	0.345	0.300	0.365	0.249	0.245	0.248	0.253	0.243	0.336	0.445	0.380	0.398	0.430	0.306	0.499	0.251	0.237	0.246	0.239	0.246	0.361	0.262	0.380	0.464	0.314	0.532	0.242	0.239	0.317	0.319	0.241	0.258	0.256	0.364	0.292	0.315	0.428	0.490	0.350	0.392	0.306	0.301	0.248	0.256	0.255	0.289	0.287	0.237	0.286	0.359	0.289	0.274	0.257	0.243	0.243	0.258	0.243	0.246	0.247	0.249	0.241	0.245	0.248	0.239	0.238	0.242	0.247
13:00:34	34.9	0.250	0.242	0.265	0.263	0.247	0.254	0.248	0.246	0.243	0.249	0.248	0.256	0.242	0.237	0.241	0.257	0.237	0.241	0.241	0.238	0.246	0.232	0.251	0.243	0.305	0.245	0.266	0.324	0.281	0.326	0.283	0.329	0.245	0.245	0.247	0.254	0.243	0.321	0.428	0.359	0.373	0.409	0.297	0.469	0.248	0.237	0.243	0.240	0.245	0.334	0.261	0.363	0.438	0.310	0.520	0.245	0.237	0.317	0.305	0.242	0.255	0.256	0.362	0.292	0.310	0.407	0.483	0.336	0.384	0.300	0.291	0.248	0.255	0.249	0.286	0.273	0.238	0.281	0.334	0.278	0.265	0.253	0.243	0.244	0.257	0.243	0.245	0.247	0.248	0.241	0.248	0.248	0.239	0.238	0.241	0.248
14:00:35	34.9	0.250	0.242	0.255	0.256	0.248	0.250	0.249	0.246	0.244	0.249	0.248	0.257	0.242	0.235	0.241	0.255	0.237	0.241	0.241	0.240	0.245	0.232	0.252	0.244	0.290	0.244	0.260	0.307	0.287	0.310	0.268	0.307	0.243	0.245	0.245	0.253	0.243	0.312	0.391	0.339	0.346	0.383	0.288	0.426	0.245	0.235	0.241	0.241	0.244	0.317	0.254	0.343	0.416	0.302	0.482	0.244	0.237	0.312	0.288	0.242	0.250	0.255	0.345	0.295	0.303	0.386	0.471	0.319	0.361	0.290	0.283	0.247	0.256	0.250	0.276	0.265	0.238	0.270	0.300	0.267	0.256	0.242	0.242	0.245	0.259	0.243	0.244	0.249	0.246	0.242	0.247	0.248	0.240	0.238	0.242	0.247
15:00:36	34.9	0.251	0.241	0.249	0.249	0.249	0.248	0.249	0.246	0.244	0.250	0.248	0.258	0.242	0.235	0.240	0.254	0.237	0.243	0.242	0.240	0.245	0.233	0.252	0.243	0.277	0.241	0.255	0.294	0.270	0.295	0.257	0.295	0.243	0.245	0.245	0.253	0.242	0.305	0.351	0.316	0.318	0.348	0.277	0.390	0.242	0.235	0.241	0.241	0.244	0.303	0.251	0.321	0.381	0.296	0.442	0.244	0.236	0.311	0.278	0.243	0.249	0.253	0.325	0.286	0.294	0.360	0.450	0.307	0.336	0.284	0.275	0.247	0.254	0.250	0.273	0.255	0.240	0.268	0.288	0.256	0.256	0.235	0.240	0.245	0.257	0.242	0.245	0.245	0.246	0.241	0.247	0.248	0.239	0.238	0.242	0.246
16:00:36	34.9	0.250	0.242	0.244	0.245	0.250	0.248	0.249	0.247	0.244	0.249	0.252	0.256	0.242	0.235	0.239	0.257	0.237	0.242	0.241	0.240	0.244	0.231	0.253	0.244	0.268	0.240	0.253	0.285	0.265	0.285	0.251	0.285	0.242	0.246	0.243	0.254	0.244	0.300	0.317	0.305	0.295	0.319	0.268	0.360	0.241	0.234	0.239	0.241	0.244	0.293	0.249	0.312	0.359	0.291	0.407	0.245	0.235	0.302	0.268	0.243	0.248	0.250	0.322	0.285	0.287	0.342	0.413	0.297	0.320	0.275	0.269	0.248	0.255	0.251	0.261	0.248	0.240	0.264	0.273	0.249	0.248	0.231	0.242	0.244	0.258	0.244	0.245	0.249	0.247	0.242	0.248	0.248	0.240	0.238	0.242	0.247
17:00:36	34.9	0.250	0.242	0.243	0.246	0.250	0.248	0.248	0.247	0.243	0.249	0.248	0.257	0.242	0.236	0.239	0.252	0.239	0.242	0.242	0.240	0.243	0.232	0.252	0.244	0.262	0.241	0.255	0.276	0.275	0.273	0.246	0.276	0.241	0.245	0.243	0.255	0.243	0.297	0.296	0.297	0.283	0.294	0.262	0.340	0.241	0.236	0.239	0.241	0.244	0.282	0.248	0.288	0.342	0.283	0.371	0.244	0.234	0.293	0.258	0.243	0.247	0.250	0.314	0.280	0.278	0.322	0.378	0.286	0.307	0.265	0.263	0.249	0.255	0.250	0.254	0.241	0.239	0.255	0.263	0.245	0.247	0.228	0.241	0.245	0.258	0.243	0.246	0.258	0.245	0.241	0.246	0.249	0.239	0.239	0.243	0.247
18:00:36	34.9	0.251	0.243	0.243	0.244	0.250	0.247	0.249	0.247	0.245	0.249	0.250	0.256	0.243	0.235	0.240	0.252	0.237	0.243	0.242	0.239	0.243	0.233	0.252	0.243	0.256	0.240	0.248	0.270	0.260	0.262	0.243	0.267	0.241	0.246	0.243	0.254	0.245	0.285	0.282	0.290	0.275	0.274	0.254	0.317	0.241	0.234	0.240	0.241	0.243	0.270	0.246	0.277	0.329	0.280	0.349	0.244	0.233	0.285	0.252	0.243	0.247	0.247	0.300	0.273	0.265	0.311	0.364	0.280	0.294	0.258	0.255	0.249	0.257	0.250	0.251	0.238	0.239	0.247	0.267	0.244	0.245	0.241	0.240	0.244	0.256	0.244	0.244	0.246	0.245	0.240	0.247	0.250	0.239	0.238	0.242	0.247
19:00:37	34.9	0.250	0.242	0.243	0.243	0.250	0.247	0.249	0.247	0.243	0.249	0.248	0.257	0.242	0.236	0.240	0.252	0.238	0.243	0.242	0.240	0.244	0.233	0.252	0.245	0.254	0.240	0.248	0.264	0.258	0.254	0.242	0.261	0.240	0.248	0.243	0.254	0.246	0.275	0.269	0.280	0.268	0.261	0.248	0.302	0.240	0.233	0.240	0.241	0.245	0.265	0.246	0.269	0.317	0.271	0.332	0.244	0.232	0.276	0.248	0.243	0.250	0.247	0.290	0.269	0.259	0.302	0.341	0.271	0.282	0.252	0.250	0.250	0.257	0.251	0.247	0.237	0.240	0.247	0.249	0.244	0.244	0.228	0.241	0.244	0.258	0.243	0.244	0.248	0.245	0.241	0.247	0.249	0.240	0.239	0.242	0.245
20:00:37	34.9	0.250	0.242	0.243	0.244	0.251	0.247	0.248	0.248	0.244	0.250	0.249	0.256	0.241	0.236	0.239	0.251	0.238	0.243	0.242	0.237	0.242	0.232	0.253	0.243	0.254	0.240	0.246	0.259	0.255	0.248	0.241	0.256	0.240	0.247	0.244	0.254	0.245	0.266	0.258	0.273	0.259	0.252	0.245	0.291	0.239	0.233	0.239	0.242	0.244	0.262	0.244	0.262	0.306	0.267	0.331	0.242	0.234	0.267	0.247	0.242	0.251	0.246	0.280	0.272	0.253	0.294	0.318	0.262	0.270	0.246	0.248	0.248	0.258	0.251	0.245	0.236	0.239	0.252	0.246	0.244	0.243	0.229	0.241	0.244	0.257	0.242	0.245	0.247	0.245	0.242	0.247	0.247	0.239	0.239	0.241	0.245
21:00:37	35.0	0.249	0.241	0.243	0.242	0.251	0.247	0.249	0.247	0.242	0.250	0.248	0.256	0.241	0.236	0.238	0.251	0.239	0.242	0.242	0.239	0.242	0.232	0.253	0.244	0.253	0.241	0.247	0.254	0.254	0.244	0.241	0.251	0.240	0.248	0.243	0.254	0.244	0.259	0.252	0.265	0.253	0.247	0.244	0.280	0.240	0.233	0.239	0.240	0.246	0.263	0.246	0.251	0.298	0.260	0.315	0.241	0.232	0.261	0.245	0.242	0.250	0.247	0.273	0.268	0.253	0.254	0.299	0.256	0.259	0.244	0.246	0.250	0.255	0.253	0.245	0.236	0.242	0.240	0.295	0.243	0.242	0.228	0.242	0.244	0.255	0.242	0.244	0.248	0.244	0.241	0.248	0.250	0.238	0.239	0.242	0.245
22:00:37	35.1	0.251	0.242	0.242	0.242	0.251	0.247	0.250	0.247	0.242	0.250	0.249	0.256	0.241	0.236	0.239	0.250	0.238	0.242	0.242	0.238	0.241	0.231	0.252	0.245	0.251	0.240	0.244	0.250	0.253	0.242	0.241	0.246	0.240	0.249	0.242	0.253	0.245	0.255	0.247	0.258	0.248	0.244	0.243	0.270	0.240	0.233	0.239	0.241	0.243	0.270	0.244	0.247	0.287	0.255	0.308	0.242	0.233	0.258	0.245	0.242	0.245	0.249	0.267	0.269	0.251	0.248	0.287	0.252	0.252	0.242	0.245	0.248	0.256	0.253	0.245	0.238	0.240	0.241	0.242	0.244	0.243	0.229	0.242	0.244	0.256	0.242	0.245	0.246	0.246	0.239	0.247	0.249	0.238	0.239	0.242	0.245

0:00:00																																																																																																	
0:00:00																																																																																																	
0:00:00																																																																																																	
0:00:00																																																																																																	
0:00:00																																																																																																	
0:00:00																																																																																																	
0:00:00																																																																																																	
0:00:00																																																																																																	
0:00:00																																																																																																	
0:00:00																																																																																																	
0:00:00																																																																																																	
0:00:00																																																																																																	
0:00:00																																																																																																	
0:00:00																																																																																																	
0:00:00																																																																																																	
0:00:00																																																																																																	
0:00:00																																																																																																	
0:00:00																																																																																																	
0:00:00																																																																																																	
0:00:00																																																																																																	
0:00:00																																																																																																	
0:00:00																																																																																																	
0:00:00																																																																																																	
0:00:00																																																																																																	

Results
	1	2	3	4	5	6	7	8	9	10	11	12
A	?????	?????	?????	?????	?????	?????	?????	?????	?????	?????	?????	?????	Max V [600]
	?????	?????	?????	?????	?????	?????	?????	?????	?????	?????	?????	?????	R-Squared [600]
	?????	?????	?????	?????	?????	?????	?????	?????	?????	?????	?????	?????	t at Max V [600]
	?????	?????	?????	?????	?????	?????	?????	?????	?????	?????	?????	?????	Lagtime [600]
B	?????	?????	?????	?????	?????	?????	?????	?????	?????	?????	?????	?????	Max V [600]
	?????	?????	?????	?????	?????	?????	?????	?????	?????	?????	?????	?????	R-Squared [600]
	?????	?????	?????	?????	?????	?????	?????	?????	?????	?????	?????	?????	t at Max V [600]
	?????	?????	?????	?????	?????	?????	?????	?????	?????	?????	?????	?????	Lagtime [600]
C	?????	?????	?????	?????	?????	?????	?????	?????	?????	?????	?????	?????	Max V [600]
	?????	?????	?????	?????	?????	?????	?????	?????	?????	?????	?????	?????	R-Squared [600]
	?????	?????	?????	?????	?????	?????	?????	?????	?????	?????	?????	?????	t at Max V [600]
	?????	?????	?????	?????	?????	?????	?????	?????	?????	?????	?????	?????	Lagtime [600]
D	?????	?????	?????	?????	?????	?????	?????	?????	?????	?????	?????	?????	Max V [600]
	?????	?????	?????	?????	?????	?????	?????	?????	?????	?????	?????	?????	R-Squared [600]
	?????	?????	?????	?????	?????	?????	?????	?????	?????	?????	?????	?????	t at Max V [600]
	?????	?????	?????	?????	?????	?????	?????	?????	?????	?????	?????	?????	Lagtime [600]
E	?????	?????	?????	?????	?????	?????	?????	?????	?????	?????	?????	?????	Max V [600]
	?????	?????	?????	?????	?????	?????	?????	?????	?????	?????	?????	?????	R-Squared [600]
	?????	?????	?????	?????	?????	?????	?????	?????	?????	?????	?????	?????	t at Max V [600]
	?????	?????	?????	?????	?????	?????	?????	?????	?????	?????	?????	?????	Lagtime [600]
F	?????	?????	?????	?????	?????	?????	?????	?????	?????	?????	?????	?????	Max V [600]
	?????	?????	?????	?????	?????	?????	?????	?????	?????	?????	?????	?????	R-Squared [600]
	?????	?????	?????	?????	?????	?????	?????	?????	?????	?????	?????	?????	t at Max V [600]
	?????	?????	?????	?????	?????	?????	?????	?????	?????	?????	?????	?????	Lagtime [600]
G	?????	?????	?????	?????	?????	?????	?????	?????	?????	?????	?????	?????	Max V [600]
	?????	?????	?????	?????	?????	?????	?????	?????	?????	?????	?????	?????	R-Squared [600]
	?????	?????	?????	?????	?????	?????	?????	?????	?????	?????	?????	?????	t at Max V [600]
	?????	?????	?????	?????	?????	?????	?????	?????	?????	?????	?????	?????	Lagtime [600]
H	?????	?????	?????	?????	?????	?????	?????	?????	?????	?????	?????	?????	Max V [600]
	?????	?????	?????	?????	?????	?????	?????	?????	?????	?????	?????	?????	R-Squared [600]
	?????	?????	?????	?????	?????	?????	?????	?????	?????	?????	?????	?????	t at Max V [600]
	?????	?????	?????	?????	?????	?????	?????	?????	?????	?????	?????	?????	Lagtime [600]

