

Software Version	3.10.06



Experiment File Path:	C:\Users\patil-group\Desktop\Sweeteners_stacker\271021_NT5019_22_23_Rep3\NT5019_22_23_Rep3.xpt
Protocol File Path:	C:\Users\Public\Documents\Protocols\Screening-protocol.prt



Plate Number	Plate 18
Date	27/10/2021
Time	14:58:47
Reader Type:	Epoch 2
Reader Serial Number:	2103223
Reading Type	Reader

Procedure Details

Plate Type	96 WELL PLATE
Discontinuous Kinetics	Runtime 1:00:00 (D:HH:MM), Interval 0:01:00, 25 Reads
	Pause after each run
Eject plate on completion	
Shake	Linear: 0:00:30 (HH:MM:SS)
	Frequency: 567 cpm (3 mm)
Read	Absorbance Endpoint
	Full Plate
	Wavelengths:  600
	Read Speed: Normal,  Delay: 100 msec,  Measurements/Data Point: 8

600

Time	T° 600	A1	A2	A3	A4	A5	A6	A7	A8	A9	A10	A11	A12	B1	B2	B3	B4	B5	B6	B7	B8	B9	B10	B11	B12	C1	C2	C3	C4	C5	C6	C7	C8	C9	C10	C11	C12	D1	D2	D3	D4	D5	D6	D7	D8	D9	D10	D11	D12	E1	E2	E3	E4	E5	E6	E7	E8	E9	E10	E11	E12	F1	F2	F3	F4	F5	F6	F7	F8	F9	F10	F11	F12	G1	G2	G3	G4	G5	G6	G7	G8	G9	G10	G11	G12	H1	H2	H3	H4	H5	H6	H7	H8	H9	H10	H11	H12
0:00:34	34.6	0.254	0.346	0.321	0.339	0.364	0.331	0.352	0.347	0.340	0.328	0.320	0.233	0.275	0.310	0.312	0.287	0.290	0.321	0.349	0.346	0.326	0.323	0.322	0.259	0.205	0.256	0.324	0.309	0.237	0.294	0.319	0.311	0.276	0.304	0.306	0.209	0.270	0.307	0.299	0.304	0.324	0.318	0.307	0.341	0.300	0.346	0.307	0.246	0.225	0.293	0.291	0.309	0.327	0.297	0.329	0.325	0.315	0.314	0.305	0.261	0.241	0.324	0.320	0.322	0.315	0.287	0.322	0.337	0.310	0.320	0.329	0.255	0.302	0.300	0.287	0.287	0.254	0.307	0.223	0.319	0.308	0.301	0.274	0.226	0.256	0.244	0.207	0.250	0.234	0.220	0.195	0.204	0.205	0.213	0.233	0.205
1:00:34	35.0	0.199	0.194	0.195	0.204	0.221	0.199	0.205	0.201	0.205	0.206	0.200	0.205	0.210	0.196	0.206	0.197	0.204	0.207	0.258	0.232	0.236	0.192	0.186	0.199	0.201	0.190	0.211	0.213	0.190	0.193	0.206	0.191	0.195	0.200	0.197	0.202	0.197	0.218	0.199	0.209	0.259	0.286	0.221	0.194	0.201	0.220	0.201	0.197	0.184	0.214	0.210	0.264	0.285	0.194	0.253	0.245	0.193	0.193	0.189	0.194	0.213	0.247	0.247	0.271	0.302	0.205	0.314	0.258	0.290	0.251	0.224	0.205	0.213	0.205	0.207	0.192	0.201	0.193	0.191	0.215	0.193	0.192	0.193	0.206	0.212	0.200	0.199	0.199	0.198	0.196	0.198	0.190	0.192	0.188	0.189	0.200
2:00:34	34.5	0.212	0.203	0.208	0.210	0.220	0.215	0.215	0.213	0.214	0.213	0.212	0.221	0.222	0.203	0.205	0.202	0.209	0.210	0.226	0.214	0.206	0.199	0.201	0.211	0.217	0.201	0.202	0.204	0.211	0.203	0.213	0.201	0.207	0.207	0.205	0.217	0.201	0.199	0.195	0.201	0.215	0.220	0.214	0.204	0.205	0.205	0.205	0.205	0.200	0.202	0.202	0.222	0.225	0.205	0.202	0.210	0.202	0.202	0.202	0.208	0.215	0.225	0.223	0.221	0.234	0.208	0.246	0.219	0.226	0.211	0.213	0.220	0.211	0.214	0.211	0.202	0.212	0.206	0.205	0.213	0.205	0.203	0.208	0.220	0.223	0.212	0.213	0.209	0.211	0.210	0.213	0.205	0.208	0.204	0.204	0.216
3:00:34	34.6	0.230	0.226	0.229	0.229	0.245	0.233	0.237	0.232	0.233	0.231	0.232	0.237	0.239	0.227	0.226	0.228	0.229	0.234	0.250	0.233	0.228	0.223	0.224	0.233	0.236	0.224	0.234	0.232	0.228	0.228	0.238	0.227	0.229	0.231	0.230	0.236	0.223	0.224	0.218	0.220	0.242	0.245	0.236	0.231	0.228	0.230	0.230	0.229	0.229	0.230	0.234	0.248	0.240	0.230	0.230	0.241	0.231	0.227	0.224	0.230	0.232	0.243	0.241	0.244	0.248	0.232	0.273	0.243	0.258	0.236	0.238	0.236	0.236	0.237	0.240	0.223	0.233	0.228	0.229	0.239	0.232	0.229	0.235	0.243	0.242	0.243	0.233	0.233	0.233	0.232	0.236	0.228	0.231	0.224	0.223	0.234
4:00:34	34.7	0.229	0.224	0.229	0.228	0.238	0.233	0.234	0.231	0.230	0.230	0.230	0.238	0.240	0.225	0.227	0.227	0.228	0.232	0.246	0.230	0.226	0.222	0.224	0.234	0.238	0.227	0.232	0.228	0.230	0.228	0.239	0.228	0.229	0.231	0.227	0.236	0.232	0.230	0.225	0.226	0.236	0.241	0.234	0.226	0.234	0.234	0.235	0.235	0.223	0.230	0.230	0.243	0.235	0.230	0.229	0.241	0.230	0.224	0.222	0.227	0.242	0.248	0.244	0.239	0.239	0.231	0.263	0.239	0.248	0.233	0.236	0.235	0.234	0.236	0.238	0.228	0.238	0.232	0.232	0.236	0.231	0.228	0.232	0.239	0.242	0.241	0.234	0.232	0.233	0.231	0.235	0.228	0.232	0.223	0.223	0.233
5:00:34	34.9	0.230	0.222	0.228	0.227	0.233	0.231	0.230	0.229	0.229	0.232	0.238	0.241	0.239	0.223	0.225	0.228	0.229	0.231	0.231	0.232	0.222	0.223	0.230	0.230	0.234	0.226	0.227	0.231	0.232	0.225	0.235	0.227	0.229	0.235	0.229	0.235	0.228	0.227	0.224	0.226	0.241	0.239	0.234	0.235	0.235	0.235	0.235	0.232	0.221	0.227	0.229	0.240	0.239	0.234	0.235	0.244	0.229	0.224	0.222	0.227	0.241	0.246	0.246	0.234	0.236	0.234	0.261	0.241	0.241	0.231	0.232	0.234	0.237	0.233	0.233	0.227	0.235	0.231	0.233	0.234	0.231	0.225	0.233	0.242	0.243	0.240	0.231	0.235	0.231	0.233	0.235	0.228	0.231	0.223	0.225	0.234
6:00:34	34.8	0.232	0.222	0.229	0.228	0.233	0.230	0.236	0.231	0.230	0.232	0.237	0.243	0.241	0.225	0.226	0.230	0.230	0.230	0.229	0.231	0.221	0.222	0.231	0.231	0.237	0.227	0.226	0.230	0.234	0.226	0.234	0.227	0.230	0.235	0.230	0.235	0.229	0.229	0.223	0.226	0.240	0.238	0.234	0.234	0.235	0.234	0.235	0.232	0.222	0.226	0.226	0.240	0.237	0.234	0.231	0.242	0.228	0.225	0.222	0.229	0.242	0.246	0.245	0.234	0.235	0.237	0.255	0.236	0.242	0.230	0.231	0.236	0.237	0.232	0.232	0.228	0.237	0.233	0.233	0.233	0.231	0.226	0.233	0.242	0.244	0.241	0.232	0.236	0.232	0.236	0.237	0.228	0.231	0.224	0.225	0.236
7:00:34	34.9	0.229	0.218	0.225	0.227	0.229	0.227	0.233	0.227	0.229	0.229	0.235	0.239	0.240	0.226	0.230	0.231	0.230	0.236	0.238	0.234	0.228	0.226	0.236	0.233	0.239	0.230	0.229	0.237	0.236	0.235	0.240	0.232	0.233	0.238	0.233	0.237	0.229	0.232	0.228	0.232	0.254	0.248	0.239	0.235	0.237	0.240	0.239	0.234	0.226	0.234	0.232	0.255	0.244	0.241	0.240	0.255	0.232	0.229	0.224	0.229	0.242	0.251	0.246	0.240	0.243	0.241	0.269	0.251	0.254	0.237	0.240	0.237	0.238	0.242	0.237	0.231	0.244	0.239	0.235	0.249	0.235	0.231	0.237	0.249	0.244	0.242	0.234	0.238	0.235	0.234	0.236	0.231	0.234	0.223	0.225	0.236
8:00:32	34.9	0.230	0.219	0.226	0.229	0.231	0.230	0.235	0.229	0.230	0.232	0.237	0.240	0.241	0.227	0.231	0.232	0.231	0.235	0.236	0.234	0.226	0.225	0.234	0.233	0.241	0.230	0.229	0.235	0.235	0.232	0.238	0.229	0.232	0.237	0.233	0.237	0.231	0.230	0.224	0.230	0.251	0.250	0.239	0.234	0.237	0.235	0.237	0.234	0.228	0.225	0.228	0.244	0.242	0.239	0.237	0.251	0.230	0.228	0.224	0.230	0.243	0.248	0.245	0.237	0.242	0.240	0.259	0.242	0.243	0.235	0.237	0.239	0.239	0.236	0.234	0.230	0.242	0.238	0.236	0.246	0.235	0.228	0.235	0.251	0.245	0.243	0.235	0.240	0.236	0.236	0.237	0.231	0.236	0.223	0.226	0.238
9:00:33	34.9	0.231	0.219	0.227	0.229	0.232	0.230	0.236	0.229	0.231	0.232	0.239	0.240	0.242	0.228	0.231	0.233	0.231	0.234	0.231	0.233	0.224	0.225	0.235	0.235	0.242	0.232	0.228	0.233	0.236	0.232	0.237	0.229	0.232	0.239	0.234	0.238	0.231	0.230	0.225	0.229	0.249	0.251	0.239	0.235	0.238	0.235	0.237	0.235	0.221	0.225	0.227	0.244	0.240	0.238	0.236	0.249	0.231	0.228	0.225	0.231	0.245	0.250	0.246	0.236	0.242	0.241	0.251	0.238	0.240	0.235	0.235	0.239	0.240	0.234	0.234	0.231	0.242	0.238	0.236	0.245	0.235	0.229	0.236	0.250	0.246	0.246	0.235	0.240	0.236	0.236	0.237	0.232	0.235	0.225	0.227	0.238
10:00:34	34.9	0.231	0.220	0.227	0.229	0.232	0.230	0.235	0.229	0.231	0.235	0.241	0.241	0.242	0.228	0.232	0.235	0.231	0.238	0.232	0.234	0.224	0.225	0.235	0.234	0.242	0.232	0.229	0.234	0.236	0.233	0.238	0.229	0.233	0.240	0.234	0.238	0.233	0.232	0.226	0.230	0.248	0.250	0.239	0.235	0.239	0.235	0.239	0.235	0.222	0.225	0.229	0.243	0.239	0.239	0.235	0.248	0.232	0.229	0.226	0.232	0.246	0.249	0.249	0.237	0.242	0.241	0.250	0.237	0.239	0.234	0.234	0.240	0.241	0.235	0.234	0.238	0.244	0.240	0.237	0.244	0.236	0.229	0.235	0.252	0.247	0.246	0.237	0.241	0.237	0.237	0.238	0.234	0.235	0.224	0.227	0.239
11:00:34	34.9	0.233	0.220	0.229	0.230	0.233	0.231	0.236	0.230	0.232	0.234	0.241	0.241	0.243	0.230	0.232	0.235	0.232	0.235	0.232	0.235	0.224	0.226	0.236	0.236	0.243	0.233	0.230	0.234	0.237	0.235	0.239	0.229	0.234	0.240	0.235	0.239	0.233	0.232	0.226	0.231	0.248	0.247	0.239	0.235	0.240	0.235	0.239	0.236	0.223	0.226	0.228	0.243	0.239	0.239	0.235	0.248	0.232	0.230	0.227	0.233	0.246	0.251	0.250	0.236	0.242	0.241	0.251	0.258	0.236	0.234	0.234	0.241	0.242	0.236	0.234	0.236	0.243	0.240	0.237	0.244	0.237	0.230	0.236	0.252	0.247	0.245	0.238	0.241	0.238	0.237	0.238	0.233	0.237	0.225	0.227	0.239
12:00:34	34.9	0.232	0.222	0.229	0.230	0.233	0.231	0.237	0.230	0.233	0.234	0.242	0.242	0.243	0.230	0.233	0.236	0.232	0.234	0.232	0.235	0.224	0.226	0.237	0.236	0.243	0.235	0.230	0.234	0.237	0.235	0.239	0.230	0.234	0.241	0.236	0.239	0.233	0.232	0.227	0.231	0.246	0.243	0.239	0.234	0.239	0.236	0.239	0.237	0.222	0.227	0.228	0.246	0.239	0.240	0.235	0.248	0.233	0.230	0.227	0.232	0.247	0.251	0.249	0.237	0.244	0.241	0.253	0.238	0.237	0.235	0.235	0.241	0.242	0.236	0.235	0.234	0.244	0.240	0.238	0.244	0.238	0.231	0.236	0.253	0.248	0.246	0.237	0.241	0.238	0.238	0.238	0.234	0.237	0.226	0.228	0.240
13:00:35	34.9	0.231	0.222	0.229	0.231	0.234	0.231	0.237	0.231	0.233	0.234	0.241	0.242	0.243	0.231	0.233	0.235	0.232	0.239	0.232	0.235	0.225	0.227	0.236	0.236	0.244	0.235	0.231	0.234	0.238	0.235	0.239	0.231	0.235	0.240	0.236	0.239	0.234	0.233	0.227	0.232	0.247	0.241	0.240	0.234	0.240	0.236	0.239	0.237	0.226	0.230	0.230	0.243	0.239	0.240	0.234	0.247	0.233	0.231	0.227	0.233	0.248	0.251	0.250	0.237	0.244	0.241	0.250	0.237	0.237	0.235	0.235	0.241	0.243	0.236	0.235	0.234	0.244	0.241	0.238	0.245	0.238	0.231	0.237	0.253	0.248	0.247	0.238	0.242	0.239	0.238	0.238	0.235	0.236	0.226	0.228	0.240
14:00:35	34.9	0.232	0.222	0.229	0.230	0.234	0.231	0.237	0.231	0.234	0.235	0.243	0.242	0.244	0.231	0.232	0.232	0.233	0.234	0.233	0.236	0.226	0.228	0.237	0.237	0.244	0.235	0.232	0.236	0.238	0.235	0.239	0.231	0.235	0.241	0.236	0.239	0.233	0.234	0.228	0.232	0.247	0.241	0.240	0.234	0.239	0.237	0.241	0.238	0.225	0.227	0.229	0.252	0.239	0.240	0.236	0.247	0.233	0.231	0.228	0.233	0.249	0.253	0.250	0.237	0.244	0.241	0.250	0.239	0.237	0.236	0.234	0.242	0.243	0.236	0.236	0.234	0.244	0.241	0.239	0.245	0.238	0.232	0.238	0.253	0.248	0.247	0.237	0.242	0.239	0.238	0.238	0.235	0.237	0.227	0.228	0.240
15:00:36	34.9	0.232	0.222	0.229	0.231	0.235	0.231	0.237	0.231	0.234	0.235	0.242	0.242	0.244	0.231	0.232	0.232	0.232	0.235	0.234	0.236	0.226	0.229	0.237	0.237	0.243	0.236	0.232	0.236	0.238	0.235	0.239	0.231	0.235	0.241	0.236	0.239	0.234	0.234	0.229	0.233	0.248	0.241	0.240	0.235	0.240	0.236	0.241	0.238	0.223	0.227	0.229	0.242	0.241	0.241	0.235	0.247	0.234	0.231	0.228	0.232	0.248	0.254	0.251	0.238	0.244	0.242	0.249	0.238	0.238	0.237	0.234	0.241	0.243	0.237	0.236	0.235	0.245	0.242	0.239	0.245	0.239	0.232	0.237	0.253	0.248	0.248	0.237	0.241	0.239	0.238	0.239	0.235	0.237	0.227	0.228	0.240
16:00:36	34.9	0.232	0.222	0.230	0.232	0.234	0.232	0.238	0.231	0.234	0.235	0.242	0.243	0.245	0.231	0.232	0.233	0.233	0.234	0.234	0.237	0.226	0.229	0.238	0.237	0.245	0.235	0.231	0.236	0.239	0.234	0.240	0.230	0.235	0.241	0.236	0.239	0.234	0.234	0.230	0.234	0.249	0.240	0.240	0.234	0.240	0.236	0.242	0.238	0.225	0.242	0.228	0.242	0.241	0.241	0.236	0.248	0.234	0.232	0.229	0.233	0.249	0.254	0.251	0.238	0.245	0.242	0.250	0.237	0.238	0.237	0.235	0.242	0.244	0.237	0.236	0.235	0.245	0.242	0.239	0.245	0.238	0.232	0.238	0.253	0.248	0.247	0.238	0.241	0.240	0.238	0.239	0.235	0.236	0.227	0.228	0.240
17:00:37	34.9	0.232	0.222	0.229	0.231	0.234	0.232	0.238	0.232	0.234	0.235	0.243	0.243	0.245	0.231	0.232	0.232	0.233	0.235	0.234	0.237	0.227	0.229	0.239	0.237	0.244	0.235	0.230	0.235	0.239	0.235	0.239	0.231	0.236	0.241	0.236	0.239	0.234	0.235	0.231	0.233	0.249	0.240	0.241	0.235	0.241	0.237	0.243	0.238	0.223	0.229	0.229	0.243	0.241	0.241	0.236	0.247	0.234	0.233	0.228	0.233	0.248	0.255	0.253	0.239	0.243	0.242	0.251	0.243	0.237	0.238	0.235	0.242	0.244	0.236	0.236	0.235	0.246	0.242	0.239	0.246	0.238	0.233	0.238	0.253	0.248	0.247	0.237	0.241	0.240	0.239	0.239	0.235	0.236	0.227	0.228	0.239
18:00:37	34.9	0.232	0.222	0.229	0.231	0.235	0.232	0.237	0.231	0.234	0.235	0.242	0.242	0.244	0.231	0.233	0.233	0.233	0.238	0.234	0.237	0.228	0.229	0.238	0.237	0.245	0.235	0.231	0.235	0.239	0.236	0.239	0.231	0.236	0.241	0.237	0.240	0.233	0.235	0.232	0.235	0.248	0.241	0.240	0.235	0.240	0.237	0.243	0.238	0.224	0.228	0.231	0.243	0.241	0.241	0.237	0.247	0.235	0.233	0.229	0.233	0.248	0.255	0.252	0.239	0.242	0.242	0.249	0.240	0.237	0.238	0.235	0.242	0.244	0.237	0.237	0.235	0.245	0.242	0.239	0.245	0.238	0.232	0.238	0.253	0.247	0.248	0.237	0.242	0.238	0.238	0.239	0.235	0.236	0.228	0.228	0.240
19:00:37	34.9	0.232	0.222	0.229	0.231	0.235	0.231	0.237	0.231	0.233	0.235	0.243	0.242	0.244	0.232	0.232	0.233	0.234	0.242	0.234	0.237	0.228	0.230	0.239	0.237	0.245	0.236	0.231	0.234	0.239	0.236	0.239	0.231	0.235	0.241	0.237	0.239	0.234	0.235	0.232	0.234	0.249	0.241	0.242	0.236	0.239	0.237	0.243	0.238	0.223	0.229	0.229	0.243	0.241	0.241	0.237	0.247	0.234	0.232	0.229	0.233	0.248	0.255	0.252	0.238	0.242	0.243	0.250	0.238	0.238	0.237	0.235	0.242	0.245	0.237	0.236	0.235	0.246	0.241	0.239	0.244	0.238	0.232	0.238	0.254	0.247	0.248	0.237	0.241	0.239	0.238	0.238	0.235	0.235	0.227	0.228	0.240
20:00:37	34.9	0.232	0.222	0.229	0.231	0.236	0.231	0.238	0.232	0.234	0.235	0.244	0.243	0.244	0.231	0.232	0.233	0.235	0.235	0.234	0.237	0.228	0.230	0.238	0.237	0.244	0.235	0.230	0.234	0.238	0.235	0.239	0.231	0.235	0.241	0.237	0.239	0.234	0.235	0.233	0.233	0.249	0.241	0.241	0.237	0.240	0.237	0.243	0.238	0.223	0.230	0.230	0.253	0.242	0.241	0.237	0.247	0.234	0.233	0.228	0.233	0.248	0.255	0.252	0.239	0.244	0.243	0.249	0.240	0.237	0.238	0.234	0.241	0.244	0.237	0.236	0.235	0.246	0.242	0.238	0.245	0.239	0.233	0.237	0.253	0.247	0.247	0.237	0.242	0.239	0.238	0.238	0.235	0.235	0.228	0.228	0.240
21:00:37	35.0	0.232	0.222	0.230	0.231	0.235	0.231	0.237	0.231	0.235	0.236	0.243	0.242	0.244	0.231	0.233	0.232	0.233	0.234	0.235	0.237	0.228	0.229	0.238	0.237	0.244	0.235	0.231	0.234	0.238	0.235	0.239	0.232	0.234	0.241	0.236	0.239	0.234	0.234	0.234	0.234	0.249	0.242	0.241	0.237	0.240	0.237	0.243	0.237	0.224	0.228	0.229	0.242	0.241	0.241	0.237	0.247	0.235	0.233	0.228	0.233	0.248	0.255	0.253	0.239	0.243	0.242	0.248	0.240	0.239	0.238	0.234	0.241	0.244	0.237	0.237	0.235	0.245	0.242	0.238	0.248	0.238	0.232	0.237	0.252	0.247	0.248	0.237	0.242	0.239	0.238	0.237	0.235	0.233	0.229	0.228	0.241
22:00:37	35.1	0.232	0.222	0.230	0.231	0.234	0.231	0.237	0.231	0.235	0.235	0.243	0.241	0.244	0.231	0.233	0.233	0.233	0.235	0.234	0.237	0.228	0.229	0.239	0.237	0.244	0.235	0.231	0.235	0.238	0.235	0.239	0.231	0.234	0.241	0.236	0.239	0.233	0.234	0.235	0.233	0.250	0.244	0.241	0.236	0.240	0.238	0.243	0.238	0.227	0.228	0.231	0.242	0.242	0.241	0.237	0.247	0.235	0.233	0.228	0.233	0.248	0.255	0.253	0.239	0.243	0.242	0.248	0.240	0.239	0.240	0.236	0.241	0.245	0.237	0.237	0.236	0.246	0.242	0.239	0.245	0.238	0.232	0.237	0.252	0.247	0.249	0.237	0.242	0.239	0.238	0.238	0.236	0.233	0.229	0.229	0.240

0:00:00																																																																																																	
0:00:00																																																																																																	
0:00:00																																																																																																	
0:00:00																																																																																																	
0:00:00																																																																																																	
0:00:00																																																																																																	
0:00:00																																																																																																	
0:00:00																																																																																																	
0:00:00																																																																																																	
0:00:00																																																																																																	
0:00:00																																																																																																	
0:00:00																																																																																																	
0:00:00																																																																																																	
0:00:00																																																																																																	
0:00:00																																																																																																	
0:00:00																																																																																																	
0:00:00																																																																																																	
0:00:00																																																																																																	
0:00:00																																																																																																	
0:00:00																																																																																																	
0:00:00																																																																																																	
0:00:00																																																																																																	
0:00:00																																																																																																	
0:00:00																																																																																																	

Results
	1	2	3	4	5	6	7	8	9	10	11	12
A	?????	?????	?????	?????	?????	?????	?????	?????	?????	?????	?????	?????	Max V [600]
	?????	?????	?????	?????	?????	?????	?????	?????	?????	?????	?????	?????	R-Squared [600]
	?????	?????	?????	?????	?????	?????	?????	?????	?????	?????	?????	?????	t at Max V [600]
	?????	?????	?????	?????	?????	?????	?????	?????	?????	?????	?????	?????	Lagtime [600]
B	?????	?????	?????	?????	?????	?????	?????	?????	?????	?????	?????	?????	Max V [600]
	?????	?????	?????	?????	?????	?????	?????	?????	?????	?????	?????	?????	R-Squared [600]
	?????	?????	?????	?????	?????	?????	?????	?????	?????	?????	?????	?????	t at Max V [600]
	?????	?????	?????	?????	?????	?????	?????	?????	?????	?????	?????	?????	Lagtime [600]
C	?????	?????	?????	?????	?????	?????	?????	?????	?????	?????	?????	?????	Max V [600]
	?????	?????	?????	?????	?????	?????	?????	?????	?????	?????	?????	?????	R-Squared [600]
	?????	?????	?????	?????	?????	?????	?????	?????	?????	?????	?????	?????	t at Max V [600]
	?????	?????	?????	?????	?????	?????	?????	?????	?????	?????	?????	?????	Lagtime [600]
D	?????	?????	?????	?????	?????	?????	?????	?????	?????	?????	?????	?????	Max V [600]
	?????	?????	?????	?????	?????	?????	?????	?????	?????	?????	?????	?????	R-Squared [600]
	?????	?????	?????	?????	?????	?????	?????	?????	?????	?????	?????	?????	t at Max V [600]
	?????	?????	?????	?????	?????	?????	?????	?????	?????	?????	?????	?????	Lagtime [600]
E	?????	?????	?????	?????	?????	?????	?????	?????	?????	?????	?????	?????	Max V [600]
	?????	?????	?????	?????	?????	?????	?????	?????	?????	?????	?????	?????	R-Squared [600]
	?????	?????	?????	?????	?????	?????	?????	?????	?????	?????	?????	?????	t at Max V [600]
	?????	?????	?????	?????	?????	?????	?????	?????	?????	?????	?????	?????	Lagtime [600]
F	?????	?????	?????	?????	?????	?????	?????	?????	?????	?????	?????	?????	Max V [600]
	?????	?????	?????	?????	?????	?????	?????	?????	?????	?????	?????	?????	R-Squared [600]
	?????	?????	?????	?????	?????	?????	?????	?????	?????	?????	?????	?????	t at Max V [600]
	?????	?????	?????	?????	?????	?????	?????	?????	?????	?????	?????	?????	Lagtime [600]
G	?????	?????	?????	?????	?????	?????	?????	?????	?????	?????	?????	?????	Max V [600]
	?????	?????	?????	?????	?????	?????	?????	?????	?????	?????	?????	?????	R-Squared [600]
	?????	?????	?????	?????	?????	?????	?????	?????	?????	?????	?????	?????	t at Max V [600]
	?????	?????	?????	?????	?????	?????	?????	?????	?????	?????	?????	?????	Lagtime [600]
H	?????	?????	?????	?????	?????	?????	?????	?????	?????	?????	?????	?????	Max V [600]
	?????	?????	?????	?????	?????	?????	?????	?????	?????	?????	?????	?????	R-Squared [600]
	?????	?????	?????	?????	?????	?????	?????	?????	?????	?????	?????	?????	t at Max V [600]
	?????	?????	?????	?????	?????	?????	?????	?????	?????	?????	?????	?????	Lagtime [600]

