

Software Version	3.11.19



Experiment File Path:	C:\Users\patil-group\Desktop\Sweeteners_stacker\131221_NT5007_24_24\NT5007_24_24_Rep3.xpt
Protocol File Path:	C:\Users\Public\Documents\Protocols\Screening-protocol.prt



Plate Number	Plate 1
Date	13/12/2021
Time	14:50:04
Reader Type:	Epoch 2
Reader Serial Number:	2103223
Reading Type	Reader

Procedure Details

Plate Type	96 WELL PLATE
Discontinuous Kinetics	Runtime 1:00:00 (D:HH:MM), Interval 0:01:00, 25 Reads
	Pause after each run
Eject plate on completion	
Shake	Linear: 0:00:30 (HH:MM:SS)
	Frequency: 567 cpm (3 mm)
Read	Absorbance Endpoint
	Full Plate
	Wavelengths:  600
	Read Speed: Normal,  Delay: 100 msec,  Measurements/Data Point: 8

600

Time	T° 600	A1	A2	A3	A4	A5	A6	A7	A8	A9	A10	A11	A12	B1	B2	B3	B4	B5	B6	B7	B8	B9	B10	B11	B12	C1	C2	C3	C4	C5	C6	C7	C8	C9	C10	C11	C12	D1	D2	D3	D4	D5	D6	D7	D8	D9	D10	D11	D12	E1	E2	E3	E4	E5	E6	E7	E8	E9	E10	E11	E12	F1	F2	F3	F4	F5	F6	F7	F8	F9	F10	F11	F12	G1	G2	G3	G4	G5	G6	G7	G8	G9	G10	G11	G12	H1	H2	H3	H4	H5	H6	H7	H8	H9	H10	H11	H12
0:00:34	34.5	0.177	0.173	0.177	0.182	0.172	0.171	0.172	0.174	0.174	0.172	0.178	0.175	0.178	0.175	0.182	0.174	0.179	0.177	0.178	0.173	0.175	0.178	0.176	0.174	0.182	0.177	0.178	0.178	0.176	0.180	0.174	0.179	0.177	0.179	0.174	0.176	0.185	0.176	0.179	0.175	0.178	0.176	0.177	0.176	0.175	0.182	0.178	0.177	0.180	0.181	0.176	0.180	0.182	0.179	0.175	0.175	0.176	0.176	0.185	0.176	0.195	0.181	0.178	0.180	0.179	0.183	0.179	0.180	0.188	0.176	0.177	0.173	0.177	0.179	0.180	0.185	0.187	0.181	0.175	0.177	0.182	0.183	0.176	0.178	0.224	0.173	0.181	0.181	0.174	0.188	0.173	0.174	0.174	0.175	0.177	0.177
1:00:34	34.7	0.184	0.180	0.183	0.187	0.179	0.177	0.178	0.180	0.179	0.178	0.185	0.183	0.186	0.182	0.187	0.179	0.183	0.181	0.183	0.178	0.179	0.182	0.182	0.179	0.188	0.237	0.246	0.249	0.260	0.262	0.280	0.252	0.283	0.251	0.227	0.181	0.192	0.240	0.281	0.281	0.270	0.280	0.275	0.265	0.272	0.281	0.269	0.183	0.185	0.262	0.283	0.279	0.291	0.254	0.288	0.271	0.271	0.275	0.274	0.182	0.203	0.248	0.271	0.283	0.279	0.284	0.268	0.264	0.269	0.271	0.223	0.178	0.184	0.242	0.267	0.271	0.268	0.261	0.261	0.241	0.264	0.268	0.181	0.182	0.188	0.181	0.188	0.208	0.220	0.252	0.240	0.254	0.239	0.218	0.183	0.183
2:00:35	34.7	0.207	0.200	0.203	0.203	0.197	0.195	0.194	0.198	0.197	0.197	0.212	0.205	0.207	0.200	0.202	0.194	0.197	0.197	0.199	0.193	0.193	0.197	0.202	0.197	0.207	0.198	0.199	0.198	0.194	0.196	0.192	0.200	0.197	0.198	0.198	0.201	0.211	0.201	0.201	0.197	0.197	0.227	0.226	0.193	0.235	0.213	0.200	0.201	0.202	0.200	0.234	0.211	0.227	0.237	0.247	0.231	0.252	0.220	0.208	0.201	0.198	0.202	0.234	0.211	0.220	0.231	0.233	0.230	0.239	0.211	0.198	0.197	0.203	0.206	0.206	0.206	0.198	0.205	0.195	0.198	0.202	0.203	0.198	0.200	0.210	0.202	0.208	0.205	0.199	0.212	0.198	0.200	0.197	0.200	0.203	0.204
3:00:35	34.7	0.256	0.243	0.245	0.246	0.239	0.235	0.234	0.238	0.239	0.241	0.253	0.253	0.253	0.243	0.243	0.234	0.234	0.235	0.237	0.230	0.231	0.234	0.245	0.237	0.251	0.237	0.236	0.235	0.230	0.230	0.226	0.234	0.233	0.238	0.239	0.246	0.256	0.248	0.237	0.235	0.235	0.234	0.230	0.227	0.241	0.241	0.240	0.242	0.244	0.239	0.233	0.237	0.238	0.242	0.244	0.229	0.269	0.236	0.252	0.244	0.253	0.242	0.239	0.233	0.236	0.237	0.235	0.238	0.255	0.237	0.239	0.236	0.251	0.252	0.245	0.247	0.240	0.239	0.233	0.238	0.242	0.244	0.240	0.241	0.261	0.254	0.257	0.257	0.244	0.258	0.245	0.245	0.241	0.245	0.248	0.250
4:00:36	34.8	0.276	0.272	0.272	0.273	0.271	0.266	0.266	0.270	0.273	0.276	0.277	0.279	0.280	0.277	0.278	0.272	0.272	0.271	0.275	0.272	0.265	0.270	0.275	0.254	0.284	0.275	0.272	0.274	0.268	0.271	0.267	0.276	0.267	0.272	0.271	0.279	0.288	0.281	0.279	0.275	0.277	0.276	0.271	0.271	0.281	0.278	0.276	0.264	0.279	0.278	0.273	0.279	0.275	0.292	0.295	0.278	0.311	0.277	0.283	0.278	0.296	0.279	0.278	0.279	0.279	0.306	0.278	0.278	0.300	0.278	0.267	0.266	0.283	0.285	0.283	0.288	0.282	0.279	0.273	0.274	0.282	0.283	0.260	0.278	0.296	0.285	0.291	0.295	0.283	0.292	0.282	0.277	0.274	0.282	0.283	0.279
5:00:37	34.7	0.288	0.287	0.285	0.292	0.291	0.269	0.302	0.280	0.279	0.282	0.293	0.273	0.285	0.293	0.286	0.294	0.286	0.288	0.297	0.277	0.296	0.278	0.291	0.273	0.317	0.295	0.286	0.291	0.293	0.288	0.281	0.287	0.275	0.284	0.289	0.301	0.295	0.296	0.296	0.297	0.284	0.298	0.291	0.286	0.283	0.295	0.281	0.306	0.306	0.296	0.292	0.292	0.292	0.292	0.285	0.293	0.331	0.301	0.308	0.299	0.324	0.303	0.306	0.301	0.300	0.296	0.290	0.287	0.299	0.285	0.298	0.298	0.309	0.303	0.305	0.292	0.298	0.291	0.309	0.303	0.301	0.319	0.371	0.297	0.321	0.303	0.315	0.309	0.308	0.305	0.298	0.325	0.299	0.294	0.374	0.322
6:00:38	34.7	0.293	0.296	0.302	0.336	0.301	0.287	0.297	0.282	0.288	0.299	0.284	0.467	0.332	0.324	0.304	0.308	0.299	0.300	0.300	0.291	0.290	0.291	0.298	0.413	0.320	0.309	0.300	0.330	0.305	0.305	0.297	0.300	0.317	0.292	0.297	0.468	0.301	0.306	0.305	0.308	0.305	0.304	0.312	0.303	0.302	0.302	0.331	0.360	0.307	0.314	0.332	0.335	0.316	0.303	0.321	0.321	0.333	0.290	0.312	0.530	0.324	0.320	0.311	0.317	0.310	0.324	0.300	0.311	0.331	0.307	0.322	0.398	0.316	0.316	0.327	0.325	0.318	0.315	0.334	0.323	0.319	0.322	0.442	0.368	0.357	0.318	0.321	0.381	0.329	0.332	0.310	0.369	0.326	0.326	0.475	0.403
7:00:38	34.7	0.292	0.305	0.291	0.306	0.296	0.359	0.297	0.377	0.300	0.280	0.522	0.667	0.293	0.302	0.305	0.296	0.302	0.301	0.296	0.288	0.288	0.298	0.301	0.337	0.356	0.299	0.312	0.304	0.304	0.309	0.319	0.319	0.287	0.301	0.335	0.654	0.302	0.308	0.315	0.307	0.307	0.305	0.303	0.328	0.293	0.318	0.313	0.649	0.316	0.311	0.313	0.306	0.321	0.320	0.461	0.461	0.339	0.303	0.378	0.631	0.331	0.312	0.315	0.314	0.307	0.329	0.306	0.321	0.326	0.298	0.369	0.523	0.297	0.310	0.330	0.318	0.340	0.301	0.328	0.397	0.314	0.396	0.534	0.429	0.425	0.307	0.327	0.412	0.401	0.314	0.301	0.417	0.397	0.345	0.630	0.500
8:00:38	34.7	0.280	0.292	0.295	0.299	0.294	0.287	0.288	0.285	0.485	0.570	0.328	0.784	0.385	0.297	0.299	0.297	0.300	0.303	0.345	0.291	0.293	0.302	0.293	0.715	0.354	0.301	0.300	0.309	0.321	0.305	0.297	0.345	0.294	0.294	0.360	0.664	0.306	0.306	0.303	0.307	0.309	0.308	0.306	0.331	0.303	0.318	0.300	0.574	0.302	0.313	0.303	0.319	0.314	0.313	0.460	0.457	0.331	0.305	0.342	0.571	0.309	0.313	0.310	0.307	0.311	0.316	0.308	0.310	0.332	0.301	0.330	0.540	0.297	0.310	0.307	0.311	0.321	0.306	0.328	0.327	0.301	0.326	0.605	0.391	0.492	0.315	0.305	0.482	0.324	0.319	0.300	0.370	0.474	0.348	0.622	0.581
9:00:39	34.7	0.301	0.291	0.291	0.299	0.298	0.378	0.372	0.349	0.476	0.352	0.310	0.359	0.401	0.293	0.302	0.293	0.300	0.304	0.298	0.294	0.285	0.449	0.294	0.330	0.305	0.297	0.301	0.307	0.299	0.305	0.297	0.299	0.290	0.292	0.343	0.624	0.363	0.305	0.303	0.304	0.304	0.296	0.302	0.296	0.298	0.338	0.393	0.648	0.304	0.303	0.302	0.308	0.307	0.304	0.369	0.425	0.428	0.313	0.349	0.595	0.341	0.308	0.308	0.307	0.305	0.317	0.300	0.303	0.319	0.303	0.280	0.502	0.301	0.314	0.304	0.313	0.309	0.302	0.298	0.320	0.304	0.314	0.460	0.494	0.451	0.304	0.302	0.473	0.298	0.309	0.299	0.351	0.424	0.327	0.585	0.556
10:00:39	34.7	0.292	0.289	0.294	0.302	0.299	0.332	0.302	0.454	0.429	0.493	0.322	0.769	0.297	0.292	0.299	0.292	0.293	0.301	0.294	0.287	0.282	0.282	0.288	0.342	0.293	0.295	0.296	0.307	0.296	0.301	0.297	0.311	0.306	0.290	0.304	0.380	0.340	0.302	0.299	0.298	0.300	0.291	0.299	0.306	0.296	0.303	0.411	0.590	0.302	0.302	0.302	0.313	0.302	0.299	0.314	0.299	0.298	0.294	0.334	0.468	0.296	0.305	0.305	0.307	0.301	0.298	0.299	0.300	0.304	0.297	0.295	0.606	0.321	0.303	0.304	0.314	0.307	0.297	0.291	0.293	0.302	0.306	0.458	0.457	0.435	0.299	0.301	0.383	0.295	0.309	0.297	0.389	0.477	0.367	0.569	0.597
11:00:40	34.8	0.280	0.288	0.289	0.297	0.292	0.281	0.316	0.342	0.299	0.281	0.481	0.333	0.345	0.292	0.299	0.297	0.292	0.301	0.294	0.287	0.361	0.289	0.290	0.494	0.296	0.297	0.298	0.305	0.297	0.301	0.298	0.319	0.297	0.288	0.283	0.530	0.311	0.306	0.302	0.298	0.302	0.293	0.301	0.298	0.296	0.295	0.403	0.515	0.300	0.303	0.298	0.306	0.302	0.302	0.290	0.379	0.351	0.320	0.308	0.515	0.301	0.304	0.307	0.303	0.301	0.298	0.296	0.298	0.303	0.294	0.284	0.378	0.297	0.303	0.306	0.315	0.307	0.298	0.288	0.293	0.299	0.298	0.482	0.440	0.428	0.298	0.301	0.313	0.291	0.306	0.295	0.318	0.376	0.312	0.475	0.565
12:00:40	34.8	0.274	0.287	0.293	0.291	0.292	0.279	0.282	0.290	0.384	0.409	0.280	0.593	0.287	0.295	0.300	0.296	0.291	0.297	0.292	0.283	0.280	0.278	0.283	0.301	0.293	0.298	0.302	0.306	0.297	0.301	0.296	0.294	0.285	0.288	0.407	0.362	0.303	0.303	0.303	0.297	0.298	0.294	0.300	0.295	0.294	0.292	0.345	0.465	0.305	0.306	0.302	0.305	0.299	0.303	0.291	0.329	0.287	0.293	0.326	0.392	0.316	0.306	0.306	0.303	0.302	0.296	0.293	0.296	0.299	0.291	0.279	0.524	0.296	0.306	0.308	0.310	0.303	0.293	0.290	0.287	0.296	0.338	0.435	0.297	0.466	0.298	0.302	0.354	0.335	0.303	0.291	0.288	0.456	0.350	0.496	0.539
13:00:41	34.8	0.278	0.283	0.288	0.288	0.285	0.272	0.280	0.276	0.272	0.286	0.395	0.285	0.297	0.292	0.296	0.293	0.288	0.286	0.290	0.285	0.279	0.278	0.282	0.519	0.295	0.294	0.296	0.299	0.292	0.295	0.294	0.293	0.279	0.287	0.312	0.581	0.319	0.303	0.301	0.296	0.300	0.293	0.295	0.293	0.291	0.339	0.292	0.261	0.303	0.299	0.300	0.298	0.302	0.297	0.293	0.334	0.287	0.286	0.302	0.451	0.303	0.305	0.304	0.302	0.303	0.299	0.293	0.298	0.296	0.284	0.280	0.445	0.299	0.303	0.304	0.305	0.300	0.291	0.286	0.291	0.291	0.286	0.338	0.309	0.408	0.301	0.303	0.299	0.288	0.298	0.285	0.325	0.299	0.283	0.419	0.506
14:00:42	34.7	0.279	0.284	0.292	0.292	0.292	0.273	0.278	0.278	0.301	0.377	0.275	0.322	0.289	0.291	0.297	0.288	0.289	0.286	0.290	0.284	0.280	0.284	0.312	0.299	0.297	0.293	0.296	0.294	0.291	0.292	0.291	0.295	0.281	0.295	0.291	0.360	0.297	0.300	0.296	0.296	0.296	0.294	0.292	0.297	0.297	0.289	0.296	0.352	0.295	0.294	0.296	0.296	0.299	0.297	0.290	0.289	0.286	0.286	0.287	0.403	0.292	0.298	0.302	0.299	0.299	0.299	0.299	0.302	0.298	0.285	0.283	0.530	0.294	0.297	0.297	0.305	0.298	0.290	0.284	0.295	0.291	0.297	0.364	0.382	0.301	0.298	0.303	0.298	0.287	0.299	0.284	0.291	0.289	0.307	0.373	0.458
15:00:43	34.7	0.281	0.287	0.293	0.292	0.288	0.276	0.278	0.274	0.297	0.328	0.362	0.492	0.290	0.290	0.296	0.291	0.285	0.288	0.290	0.286	0.280	0.357	0.283	0.489	0.296	0.292	0.297	0.291	0.288	0.289	0.290	0.293	0.280	0.294	0.290	0.531	0.294	0.293	0.295	0.295	0.296	0.294	0.289	0.294	0.295	0.288	0.281	0.360	0.294	0.292	0.293	0.295	0.298	0.293	0.290	0.305	0.295	0.288	0.290	0.360	0.300	0.296	0.296	0.298	0.300	0.299	0.297	0.299	0.296	0.285	0.281	0.448	0.293	0.293	0.298	0.301	0.297	0.292	0.286	0.293	0.290	0.292	0.307	0.353	0.334	0.297	0.301	0.303	0.287	0.300	0.285	0.288	0.285	0.287	0.339	0.407
16:00:43	34.7	0.291	0.295	0.296	0.295	0.292	0.278	0.278	0.279	0.273	0.281	0.279	0.494	0.290	0.292	0.295	0.293	0.289	0.287	0.293	0.282	0.282	0.276	0.284	0.425	0.301	0.294	0.295	0.293	0.289	0.290	0.290	0.294	0.283	0.291	0.317	0.457	0.293	0.296	0.295	0.296	0.295	0.295	0.288	0.292	0.293	0.297	0.293	0.399	0.295	0.295	0.292	0.294	0.295	0.291	0.292	0.318	0.287	0.287	0.293	0.386	0.293	0.293	0.299	0.297	0.296	0.296	0.295	0.299	0.299	0.286	0.286	0.339	0.294	0.296	0.299	0.299	0.297	0.290	0.286	0.289	0.290	0.293	0.324	0.288	0.286	0.286	0.300	0.302	0.290	0.297	0.286	0.287	0.286	0.287	0.316	0.282
17:00:43	34.7	0.317	0.295	0.297	0.297	0.292	0.296	0.280	0.279	0.304	0.283	0.283	0.479	0.293	0.294	0.299	0.294	0.288	0.290	0.292	0.288	0.283	0.277	0.286	0.408	0.296	0.290	0.294	0.298	0.292	0.293	0.292	0.294	0.288	0.291	0.292	0.386	0.294	0.299	0.300	0.298	0.301	0.294	0.291	0.295	0.292	0.293	0.317	0.338	0.297	0.294	0.294	0.295	0.293	0.295	0.296	0.287	0.287	0.289	0.297	0.281	0.290	0.297	0.298	0.297	0.299	0.299	0.295	0.290	0.293	0.288	0.287	0.366	0.295	0.294	0.299	0.299	0.303	0.290	0.287	0.287	0.293	0.292	0.282	0.360	0.289	0.289	0.300	0.302	0.294	0.298	0.290	0.292	0.286	0.289	0.334	0.365
18:00:44	34.7	0.290	0.312	0.297	0.298	0.293	0.329	0.348	0.282	0.327	0.341	0.284	0.410	0.296	0.298	0.300	0.298	0.295	0.294	0.296	0.292	0.283	0.283	0.288	0.290	0.299	0.294	0.300	0.300	0.294	0.295	0.293	0.300	0.292	0.307	0.300	0.348	0.296	0.299	0.299	0.297	0.300	0.296	0.293	0.296	0.292	0.294	0.343	0.387	0.299	0.298	0.295	0.295	0.298	0.295	0.293	0.283	0.299	0.291	0.296	0.283	0.296	0.296	0.299	0.302	0.299	0.294	0.290	0.292	0.296	0.289	0.293	0.303	0.296	0.298	0.300	0.300	0.300	0.291	0.291	0.290	0.291	0.293	0.336	0.313	0.291	0.291	0.299	0.304	0.294	0.300	0.291	0.293	0.288	0.291	0.402	0.328
19:00:44	34.7	0.350	0.295	0.299	0.300	0.294	0.284	0.285	0.284	0.282	0.356	0.440	0.273	0.300	0.297	0.300	0.295	0.297	0.296	0.297	0.293	0.286	0.281	0.292	0.267	0.299	0.293	0.298	0.303	0.298	0.302	0.294	0.300	0.293	0.323	0.285	0.280	0.296	0.302	0.303	0.302	0.298	0.296	0.299	0.297	0.292	0.307	0.287	0.292	0.298	0.300	0.302	0.298	0.297	0.296	0.296	0.289	0.292	0.293	0.298	0.365	0.312	0.296	0.301	0.298	0.299	0.294	0.292	0.293	0.295	0.292	0.294	0.349	0.297	0.297	0.301	0.304	0.301	0.292	0.291	0.291	0.294	0.297	0.320	0.292	0.362	0.291	0.301	0.306	0.295	0.300	0.291	0.294	0.290	0.293	0.351	0.352
20:00:45	34.6	0.294	0.313	0.303	0.302	0.297	0.350	0.288	0.303	0.285	0.436	0.303	0.380	0.301	0.299	0.303	0.300	0.299	0.299	0.302	0.297	0.290	0.287	0.309	0.271	0.302	0.297	0.301	0.302	0.297	0.300	0.296	0.303	0.296	0.296	0.290	0.389	0.299	0.301	0.302	0.299	0.300	0.298	0.300	0.298	0.295	0.301	0.316	0.318	0.297	0.300	0.301	0.300	0.300	0.297	0.299	0.290	0.295	0.294	0.300	0.288	0.328	0.297	0.303	0.302	0.302	0.297	0.294	0.296	0.299	0.294	0.297	0.291	0.298	0.298	0.302	0.306	0.298	0.294	0.293	0.294	0.297	0.297	0.341	0.302	0.330	0.293	0.303	0.306	0.297	0.302	0.292	0.295	0.291	0.295	0.298	0.321
21:00:45	34.7	0.296	0.303	0.307	0.303	0.299	0.291	0.289	0.333	0.286	0.356	0.422	0.337	0.304	0.302	0.305	0.302	0.300	0.300	0.305	0.300	0.292	0.287	0.296	0.475	0.304	0.300	0.304	0.303	0.298	0.300	0.299	0.305	0.298	0.298	0.289	0.399	0.301	0.300	0.302	0.300	0.300	0.299	0.301	0.299	0.297	0.302	0.319	0.453	0.298	0.300	0.301	0.302	0.301	0.297	0.300	0.294	0.296	0.296	0.302	0.356	0.298	0.300	0.304	0.300	0.299	0.298	0.296	0.297	0.300	0.295	0.299	0.347	0.299	0.299	0.303	0.305	0.300	0.295	0.293	0.295	0.296	0.300	0.322	0.318	0.352	0.295	0.305	0.308	0.297	0.303	0.294	0.296	0.293	0.296	0.422	0.287
22:00:46	34.7	0.299	0.302	0.306	0.303	0.298	0.290	0.291	0.307	0.290	0.385	0.302	0.294	0.305	0.303	0.307	0.304	0.302	0.299	0.305	0.300	0.292	0.295	0.298	0.369	0.305	0.300	0.308	0.304	0.300	0.302	0.299	0.305	0.298	0.298	0.293	0.289	0.300	0.301	0.304	0.303	0.302	0.299	0.301	0.299	0.297	0.302	0.292	0.411	0.302	0.301	0.302	0.303	0.314	0.300	0.303	0.296	0.297	0.297	0.303	0.431	0.304	0.303	0.304	0.302	0.301	0.298	0.295	0.297	0.299	0.297	0.301	0.284	0.301	0.301	0.304	0.305	0.300	0.295	0.296	0.295	0.298	0.300	0.313	0.290	0.298	0.296	0.305	0.308	0.298	0.303	0.296	0.298	0.294	0.298	0.304	0.361
23:00:46	34.6	0.303	0.304	0.308	0.304	0.301	0.295	0.291	0.292	0.297	0.298	0.465	0.285	0.306	0.304	0.306	0.304	0.303	0.301	0.306	0.300	0.296	0.290	0.301	0.279	0.304	0.300	0.305	0.307	0.301	0.303	0.301	0.306	0.299	0.300	0.331	0.344	0.303	0.304	0.306	0.304	0.305	0.301	0.303	0.300	0.299	0.304	0.297	0.410	0.299	0.304	0.303	0.305	0.302	0.301	0.304	0.296	0.299	0.299	0.304	0.333	0.308	0.302	0.306	0.303	0.302	0.300	0.297	0.299	0.300	0.299	0.304	0.287	0.305	0.302	0.305	0.308	0.301	0.298	0.296	0.297	0.300	0.303	0.316	0.339	0.299	0.297	0.306	0.309	0.298	0.305	0.297	0.300	0.295	0.298	0.299	0.293
0:00:00																																																																																																	

Results
	1	2	3	4	5	6	7	8	9	10	11	12
A	0.462	0.477	0.454	0.518	0.496	0.449	0.535	-0.698	0.988	0.974	0.908	2.340	Max V [600]
	0.951	0.975	0.973	0.982	0.984	0.843	0.987	0.770	0.790	0.523	0.603	0.939	R-Squared [600]
	3:00:36	3:00:36	3:00:36	4:00:37	3:00:36	5:00:37	3:00:36	12:00:41	7:00:38	6:00:37	5:00:37	6:00:37	t at Max V [600]
	0:40:04	0:48:19	0:48:29	1:11:28	0:53:30	0:50:40	1:03:47	15:41:01	3:46:26	3:06:54	2:17:42	3:43:59	Lagtime [600]
B	0.473	0.500	0.459	0.514	0.468	0.477	0.509	0.462	0.511	0.586	0.487	1.642	Max V [600]
	0.735	0.978	0.963	0.982	0.971	0.980	0.984	0.954	0.985	0.624	0.977	0.689	R-Squared [600]
	7:00:38	3:00:36	3:00:36	3:00:36	3:00:36	3:00:36	3:00:36	3:00:36	3:00:36	7:00:38	3:00:36	6:00:37	t at Max V [600]
	1:19:07	0:53:10	0:55:30	1:03:20	1:01:15	0:59:49	1:03:43	0:58:06	1:07:13	2:51:44	0:51:12	3:44:05	Lagtime [600]
C	0.556	0.466	0.421	0.531	0.474	0.461	0.441	0.423	0.472	0.388	0.415	1.873	Max V [600]
	0.990	0.957	0.947	0.987	0.967	0.966	0.951	0.935	0.970	0.908	0.932	0.923	R-Squared [600]
	3:00:36	4:00:37	4:00:37	4:00:37	4:00:37	4:00:37	4:00:37	4:00:37	4:00:37	4:00:37	4:00:37	6:00:37	t at Max V [600]
	0:59:40	0:55:44	0:49:54	1:16:31	1:07:15	1:11:36	1:03:27	0:49:52	1:08:53	0:40:01	0:36:36	3:21:56	Lagtime [600]
D	0.473	0.429	0.446	0.476	0.443	0.363	0.390	0.466	0.302	0.386	-0.568	1.604	Max V [600]
	0.958	0.915	0.935	0.953	0.939	0.933	0.957	0.956	0.475	0.942	0.905	0.795	R-Squared [600]
	3:00:36	4:00:37	4:00:37	4:00:37	4:00:37	4:00:37	4:00:37	4:00:37	2:00:35	4:00:37	12:00:41	6:00:37	t at Max V [600]
	0:45:49	0:29:51	0:49:46	0:58:14	0:56:15	?????	0:11:46	1:09:35	?????	0:24:43	17:03:20	3:22:38	Lagtime [600]
E	0.533	0.475	0.425	0.504	0.386	0.354	0.844	0.876	-0.487	0.342	0.467	1.708	Max V [600]
	0.988	0.964	0.930	0.982	0.979	0.686	0.816	0.855	0.583	0.851	0.910	0.879	R-Squared [600]
	3:00:36	4:00:37	4:00:37	4:00:37	4:00:37	2:00:35	6:00:37	6:00:37	11:00:40	4:00:37	5:00:37	5:00:37	t at Max V [600]
	1:00:50	1:02:17	0:12:00	1:01:42	0:13:09	?????	2:16:44	2:26:43	16:17:56	?????	0:41:41	2:51:47	Lagtime [600]
F	0.566	0.495	0.368	0.466	0.405	0.410	0.319	0.352	0.382	0.404	0.525	1.286	Max V [600]
	0.932	0.971	0.936	0.969	0.956	0.843	0.913	0.956	0.934	0.958	0.986	0.949	R-Squared [600]
	3:00:36	4:00:37	4:00:37	4:00:37	4:00:37	4:00:37	4:00:37	4:00:37	4:00:37	4:00:37	5:00:37	6:00:37	t at Max V [600]
	1:13:57	1:03:12	?????	0:50:52	0:18:02	0:07:37	?????	?????	?????	0:25:01	1:08:13	3:00:41	Lagtime [600]
G	0.549	0.452	0.502	0.469	0.497	0.455	0.591	0.608	0.489	0.570	1.419	-0.883	Max V [600]
	0.985	0.941	0.978	0.947	0.959	0.970	0.993	0.947	0.964	0.928	0.994	0.862	R-Squared [600]
	3:00:36	4:00:37	4:00:37	4:00:37	4:00:37	4:00:37	4:00:37	5:00:37	4:00:37	5:00:37	6:00:37	11:00:40	t at Max V [600]
	0:54:29	0:34:23	0:55:49	0:56:44	1:18:46	0:53:30	1:21:53	1:26:36	1:03:16	1:12:02	2:52:56	15:10:53	Lagtime [600]
H	0.827	0.547	0.563	0.793	0.600	0.478	0.459	0.727	0.830	0.502	1.593	1.301	Max V [600]
	0.961	0.974	0.984	0.964	0.947	0.961	0.927	0.996	0.937	0.964	0.952	0.986	R-Squared [600]
	6:00:37	3:00:36	3:00:36	6:00:37	5:00:37	4:00:37	4:00:37	5:00:37	6:00:37	4:00:37	5:00:37	6:00:37	t at Max V [600]
	2:53:40	0:49:49	0:55:44	1:54:12	1:09:18	0:48:57	0:37:47	1:31:28	2:23:38	0:53:08	2:39:29	2:55:51	Lagtime [600]


