
Software Version	3.11.19



Experiment File Path:	C:\Users\patil-group\Desktop\Sweeteners_stacker\131221_NT5007_24_24\NT5007_24_24_Rep3.xpt
Protocol File Path:	C:\Users\Public\Documents\Protocols\Screening-protocol.prt



Plate Number	Plate 6
Date	13/12/2021
Time	14:59:20
Reader Type:	Epoch 2
Reader Serial Number:	2103223
Reading Type	Reader

Procedure Details

Plate Type	96 WELL PLATE
Discontinuous Kinetics	Runtime 1:00:00 (D:HH:MM), Interval 0:01:00, 25 Reads
	Pause after each run
Eject plate on completion	
Shake	Linear: 0:00:30 (HH:MM:SS)
	Frequency: 567 cpm (3 mm)
Read	Absorbance Endpoint
	Full Plate
	Wavelengths:  600
	Read Speed: Normal,  Delay: 100 msec,  Measurements/Data Point: 8

600

Time	T° 600	A1	A2	A3	A4	A5	A6	A7	A8	A9	A10	A11	A12	B1	B2	B3	B4	B5	B6	B7	B8	B9	B10	B11	B12	C1	C2	C3	C4	C5	C6	C7	C8	C9	C10	C11	C12	D1	D2	D3	D4	D5	D6	D7	D8	D9	D10	D11	D12	E1	E2	E3	E4	E5	E6	E7	E8	E9	E10	E11	E12	F1	F2	F3	F4	F5	F6	F7	F8	F9	F10	F11	F12	G1	G2	G3	G4	G5	G6	G7	G8	G9	G10	G11	G12	H1	H2	H3	H4	H5	H6	H7	H8	H9	H10	H11	H12
0:00:34	34.4	0.186	0.181	0.184	0.180	0.185	0.180	0.175	0.175	0.177	0.182	0.176	0.177	0.179	0.177	0.182	0.178	0.177	0.175	0.175	0.175	0.171	0.173	0.175	0.175	0.188	0.179	0.178	0.178	0.182	0.191	0.176	0.176	0.177	0.175	0.174	0.175	0.180	0.183	0.191	0.177	0.182	0.178	0.177	0.178	0.180	0.181	0.174	0.174	0.186	0.186	0.176	0.181	0.175	0.189	0.176	0.178	0.179	0.180	0.178	0.174	0.181	0.178	0.178	0.183	0.177	0.177	0.176	0.177	0.178	0.176	0.178	0.175	0.176	0.178	0.174	0.179	0.174	0.173	0.179	0.176	0.174	0.177	0.192	0.176	0.180	0.175	0.179	0.183	0.177	0.178	0.176	0.174	0.181	0.174	0.173	0.175
1:00:34	34.6	0.194	0.189	0.193	0.187	0.193	0.187	0.181	0.181	0.182	0.184	0.183	0.186	0.187	0.183	0.188	0.184	0.181	0.180	0.181	0.182	0.176	0.178	0.181	0.183	0.194	0.184	0.184	0.181	0.186	0.193	0.180	0.182	0.180	0.179	0.181	0.182	0.186	0.188	0.195	0.181	0.185	0.182	0.181	0.182	0.184	0.184	0.179	0.180	0.192	0.190	0.180	0.185	0.180	0.192	0.179	0.181	0.183	0.185	0.183	0.181	0.186	0.181	0.182	0.187	0.179	0.179	0.180	0.179	0.180	0.180	0.183	0.181	0.183	0.183	0.179	0.183	0.177	0.176	0.182	0.179	0.179	0.181	0.198	0.182	0.187	0.181	0.184	0.190	0.181	0.182	0.182	0.180	0.186	0.181	0.180	0.183
2:00:35	34.6	0.218	0.210	0.213	0.206	0.211	0.205	0.198	0.200	0.200	0.203	0.204	0.210	0.209	0.200	0.204	0.198	0.193	0.193	0.195	0.196	0.191	0.194	0.199	0.204	0.211	0.199	0.197	0.193	0.196	0.203	0.191	0.194	0.192	0.194	0.197	0.201	0.204	0.203	0.206	0.192	0.196	0.194	0.191	0.193	0.197	0.196	0.194	0.197	0.209	0.203	0.192	0.196	0.191	0.201	0.189	0.191	0.194	0.196	0.198	0.197	0.203	0.194	0.193	0.198	0.190	0.189	0.191	0.189	0.191	0.192	0.197	0.198	0.201	0.198	0.192	0.195	0.189	0.187	0.194	0.191	0.192	0.195	0.214	0.200	0.207	0.199	0.201	0.206	0.196	0.197	0.196	0.196	0.201	0.197	0.198	0.203
3:00:36	34.6	0.262	0.252	0.254	0.245	0.249	0.240	0.235	0.237	0.238	0.243	0.248	0.264	0.254	0.240	0.238	0.230	0.224	0.222	0.226	0.228	0.222	0.227	0.239	0.247	0.251	0.232	0.227	0.221	0.222	0.227	0.217	0.222	0.219	0.226	0.234	0.242	0.244	0.234	0.234	0.218	0.222	0.218	0.214	0.216	0.223	0.224	0.226	0.235	0.246	0.233	0.222	0.221	0.216	0.225	0.213	0.214	0.219	0.225	0.233	0.232	0.240	0.224	0.221	0.225	0.214	0.212	0.216	0.214	0.217	0.221	0.230	0.236	0.241	0.233	0.225	0.225	0.218	0.214	0.223	0.219	0.221	0.225	0.246	0.237	0.251	0.239	0.237	0.244	0.232	0.232	0.232	0.230	0.236	0.234	0.236	0.245
4:00:37	34.6	0.283	0.278	0.282	0.277	0.279	0.271	0.268	0.270	0.274	0.272	0.271	0.279	0.282	0.274	0.277	0.272	0.267	0.266	0.272	0.274	0.265	0.270	0.275	0.275	0.287	0.273	0.273	0.269	0.268	0.276	0.263	0.268	0.266	0.272	0.274	0.277	0.283	0.280	0.280	0.264	0.269	0.264	0.261	0.260	0.266	0.271	0.270	0.271	0.288	0.281	0.272	0.269	0.263	0.270	0.260	0.261	0.264	0.274	0.277	0.275	0.279	0.271	0.268	0.273	0.260	0.261	0.263	0.259	0.263	0.266	0.272	0.273	0.276	0.275	0.270	0.275	0.268	0.263	0.269	0.267	0.267	0.267	0.282	0.274	0.285	0.272	0.277	0.282	0.275	0.278	0.275	0.268	0.276	0.271	0.272	0.287
5:00:38	34.6	0.298	0.288	0.290	0.290	0.284	0.281	0.287	0.285	0.302	0.292	0.306	0.298	0.291	0.294	0.303	0.286	0.297	0.282	0.283	0.290	0.274	0.287	0.298	0.289	0.306	0.286	0.284	0.284	0.285	0.292	0.279	0.282	0.280	0.287	0.291	0.287	0.291	0.301	0.296	0.287	0.285	0.281	0.282	0.279	0.283	0.284	0.285	0.280	0.307	0.296	0.285	0.287	0.281	0.292	0.277	0.280	0.288	0.285	0.291	0.286	0.308	0.287	0.283	0.285	0.286	0.284	0.283	0.277	0.277	0.275	0.289	0.273	0.298	0.292	0.284	0.290	0.285	0.279	0.286	0.289	0.282	0.292	0.307	0.305	0.315	0.289	0.297	0.311	0.300	0.295	0.307	0.298	0.301	0.292	0.308	0.303
6:00:38	34.6	0.303	0.303	0.306	0.306	0.305	0.308	0.303	0.301	0.297	0.298	0.298	0.308	0.300	0.311	0.315	0.304	0.298	0.302	0.297	0.308	0.293	0.292	0.307	0.295	0.316	0.303	0.305	0.303	0.302	0.308	0.300	0.302	0.302	0.307	0.324	0.305	0.310	0.309	0.315	0.302	0.322	0.299	0.297	0.308	0.310	0.305	0.303	0.314	0.324	0.316	0.311	0.307	0.299	0.310	0.298	0.294	0.304	0.306	0.310	0.316	0.331	0.305	0.309	0.319	0.309	0.297	0.298	0.290	0.296	0.292	0.304	0.305	0.311	0.319	0.330	0.308	0.300	0.317	0.327	0.298	0.294	0.304	0.313	0.316	0.346	0.385	0.337	0.350	0.303	0.327	0.302	0.324	0.316	0.304	0.351	0.377
7:00:39	34.6	0.307	0.308	0.314	0.312	0.306	0.298	0.302	0.343	0.310	0.303	0.298	0.306	0.304	0.304	0.318	0.314	0.313	0.308	0.307	0.306	0.296	0.302	0.307	0.312	0.315	0.311	0.312	0.315	0.312	0.322	0.308	0.312	0.303	0.312	0.309	0.306	0.311	0.319	0.323	0.315	0.317	0.314	0.312	0.310	0.314	0.308	0.308	0.339	0.320	0.319	0.311	0.324	0.324	0.322	0.309	0.314	0.312	0.309	0.309	0.431	0.307	0.324	0.309	0.316	0.310	0.310	0.309	0.309	0.315	0.303	0.310	0.315	0.308	0.317	0.307	0.315	0.310	0.311	0.308	0.300	0.303	0.310	0.316	0.296	0.396	0.332	0.413	0.322	0.361	0.344	0.311	0.310	0.311	0.326	0.335	0.569
8:00:39	34.6	0.308	0.304	0.313	0.309	0.305	0.294	0.300	0.299	0.301	0.308	0.296	0.311	0.309	0.304	0.310	0.310	0.300	0.306	0.301	0.304	0.296	0.310	0.305	0.293	0.314	0.305	0.306	0.309	0.309	0.317	0.304	0.329	0.303	0.307	0.308	0.303	0.309	0.318	0.318	0.319	0.314	0.315	0.309	0.308	0.309	0.302	0.308	0.370	0.317	0.319	0.311	0.317	0.312	0.319	0.309	0.308	0.313	0.308	0.306	0.301	0.308	0.326	0.309	0.317	0.316	0.306	0.317	0.302	0.306	0.301	0.310	0.298	0.303	0.306	0.312	0.317	0.302	0.300	0.308	0.303	0.307	0.313	0.322	0.305	0.509	0.456	0.305	0.315	0.312	0.321	0.305	0.307	0.323	0.314	0.313	0.470
9:00:40	34.6	0.309	0.304	0.310	0.308	0.300	0.292	0.297	0.298	0.296	0.297	0.296	0.299	0.302	0.302	0.303	0.303	0.299	0.302	0.300	0.304	0.298	0.300	0.304	0.295	0.311	0.303	0.299	0.303	0.306	0.314	0.303	0.299	0.301	0.305	0.304	0.302	0.309	0.310	0.314	0.312	0.310	0.310	0.306	0.307	0.311	0.300	0.303	0.292	0.317	0.312	0.306	0.314	0.310	0.303	0.305	0.306	0.309	0.306	0.305	0.296	0.305	0.304	0.303	0.314	0.304	0.300	0.311	0.299	0.303	0.301	0.309	0.294	0.303	0.305	0.301	0.315	0.300	0.296	0.306	0.302	0.303	0.314	0.313	0.296	0.425	0.323	0.303	0.309	0.301	0.307	0.305	0.300	0.300	0.301	0.406	0.610
10:00:40	34.6	0.306	0.305	0.308	0.305	0.300	0.289	0.295	0.298	0.293	0.295	0.293	0.294	0.302	0.299	0.299	0.300	0.295	0.300	0.299	0.298	0.293	0.299	0.303	0.293	0.309	0.300	0.299	0.302	0.305	0.310	0.300	0.299	0.300	0.303	0.301	0.299	0.308	0.307	0.313	0.307	0.310	0.317	0.304	0.306	0.311	0.299	0.304	0.290	0.316	0.311	0.303	0.312	0.302	0.303	0.304	0.305	0.306	0.305	0.303	0.361	0.306	0.301	0.300	0.311	0.303	0.299	0.304	0.298	0.301	0.300	0.305	0.298	0.300	0.301	0.300	0.306	0.300	0.294	0.300	0.298	0.300	0.300	0.314	0.295	0.523	0.345	0.309	0.304	0.297	0.303	0.301	0.299	0.299	0.365	0.319	0.491
11:00:40	34.6	0.303	0.301	0.306	0.302	0.297	0.294	0.295	0.295	0.291	0.291	0.290	0.295	0.300	0.300	0.300	0.300	0.291	0.300	0.297	0.293	0.287	0.296	0.298	0.295	0.309	0.296	0.297	0.296	0.302	0.308	0.296	0.296	0.297	0.298	0.297	0.296	0.305	0.305	0.311	0.304	0.305	0.309	0.301	0.301	0.306	0.299	0.301	0.293	0.312	0.307	0.302	0.308	0.301	0.302	0.300	0.301	0.305	0.304	0.302	0.314	0.304	0.300	0.300	0.310	0.302	0.299	0.301	0.294	0.298	0.298	0.302	0.292	0.299	0.301	0.298	0.305	0.297	0.294	0.300	0.299	0.298	0.298	0.311	0.313	0.445	0.303	0.422	0.307	0.298	0.301	0.304	0.298	0.302	0.294	0.354	0.536
12:00:41	34.7	0.300	0.297	0.302	0.303	0.298	0.296	0.300	0.293	0.286	0.286	0.288	0.288	0.298	0.299	0.304	0.302	0.290	0.300	0.294	0.291	0.283	0.291	0.293	0.290	0.309	0.293	0.296	0.297	0.300	0.302	0.292	0.297	0.291	0.294	0.293	0.295	0.301	0.302	0.308	0.302	0.302	0.301	0.298	0.295	0.301	0.292	0.301	0.287	0.308	0.303	0.301	0.311	0.301	0.301	0.299	0.297	0.301	0.303	0.300	0.303	0.304	0.301	0.303	0.314	0.301	0.299	0.301	0.294	0.297	0.295	0.300	0.297	0.297	0.300	0.301	0.307	0.299	0.293	0.299	0.297	0.295	0.293	0.307	0.292	0.288	0.324	0.296	0.304	0.298	0.301	0.306	0.295	0.298	0.293	0.306	0.504
13:00:42	34.6	0.295	0.292	0.298	0.299	0.301	0.293	0.299	0.290	0.286	0.285	0.286	0.287	0.293	0.291	0.301	0.300	0.290	0.297	0.292	0.292	0.284	0.291	0.294	0.288	0.307	0.294	0.299	0.297	0.303	0.303	0.295	0.295	0.291	0.291	0.292	0.290	0.299	0.303	0.307	0.300	0.299	0.302	0.296	0.296	0.301	0.296	0.298	0.289	0.308	0.304	0.301	0.310	0.300	0.300	0.301	0.299	0.302	0.302	0.297	0.292	0.299	0.298	0.301	0.309	0.303	0.297	0.298	0.294	0.296	0.294	0.296	0.287	0.292	0.297	0.298	0.303	0.297	0.293	0.302	0.298	0.294	0.291	0.303	0.300	0.412	0.287	0.290	0.302	0.297	0.300	0.299	0.295	0.295	0.288	0.302	0.459
14:00:42	34.6	0.296	0.289	0.296	0.290	0.301	0.295	0.296	0.291	0.285	0.288	0.282	0.287	0.290	0.287	0.298	0.300	0.291	0.292	0.292	0.290	0.281	0.292	0.292	0.284	0.309	0.292	0.294	0.296	0.299	0.302	0.293	0.300	0.292	0.290	0.288	0.286	0.299	0.303	0.305	0.300	0.303	0.304	0.301	0.300	0.305	0.292	0.292	0.290	0.305	0.304	0.300	0.308	0.300	0.303	0.299	0.300	0.299	0.301	0.296	0.325	0.297	0.294	0.298	0.304	0.302	0.299	0.296	0.292	0.300	0.289	0.294	0.292	0.291	0.295	0.294	0.301	0.293	0.293	0.301	0.294	0.289	0.289	0.302	0.283	0.302	0.379	0.287	0.300	0.294	0.297	0.297	0.290	0.291	0.286	0.283	0.402
15:00:43	34.6	0.296	0.287	0.296	0.291	0.300	0.297	0.292	0.289	0.284	0.283	0.286	0.287	0.287	0.289	0.298	0.298	0.289	0.289	0.292	0.294	0.284	0.292	0.291	0.287	0.304	0.290	0.295	0.297	0.297	0.301	0.293	0.297	0.291	0.294	0.292	0.289	0.299	0.301	0.305	0.299	0.303	0.302	0.301	0.299	0.301	0.293	0.294	0.286	0.301	0.301	0.297	0.306	0.300	0.299	0.297	0.300	0.297	0.303	0.292	0.289	0.301	0.292	0.299	0.302	0.300	0.300	0.296	0.289	0.294	0.293	0.297	0.291	0.291	0.290	0.293	0.299	0.292	0.293	0.298	0.289	0.288	0.289	0.301	0.285	0.388	0.284	0.287	0.302	0.291	0.295	0.293	0.292	0.289	0.303	0.287	0.331
16:00:43	34.6	0.299	0.289	0.293	0.290	0.297	0.291	0.292	0.290	0.284	0.286	0.287	0.288	0.292	0.288	0.295	0.297	0.285	0.289	0.291	0.293	0.284	0.290	0.291	0.287	0.304	0.288	0.291	0.292	0.294	0.299	0.291	0.296	0.288	0.295	0.290	0.286	0.297	0.301	0.304	0.298	0.301	0.299	0.301	0.296	0.303	0.292	0.292	0.284	0.299	0.298	0.295	0.303	0.300	0.297	0.296	0.294	0.297	0.298	0.290	0.283	0.300	0.294	0.299	0.301	0.299	0.299	0.297	0.290	0.291	0.290	0.294	0.296	0.290	0.291	0.292	0.300	0.290	0.289	0.297	0.292	0.289	0.290	0.301	0.286	0.289	0.285	0.297	0.301	0.295	0.297	0.293	0.289	0.291	0.287	0.284	0.361
17:00:44	34.6	0.300	0.294	0.296	0.294	0.300	0.295	0.295	0.291	0.289	0.303	0.289	0.292	0.296	0.292	0.292	0.293	0.287	0.291	0.292	0.289	0.286	0.290	0.293	0.291	0.304	0.286	0.290	0.290	0.290	0.294	0.290	0.297	0.286	0.288	0.292	0.287	0.297	0.294	0.303	0.293	0.299	0.297	0.296	0.295	0.299	0.287	0.291	0.288	0.298	0.297	0.296	0.304	0.301	0.297	0.297	0.297	0.297	0.298	0.294	0.297	0.295	0.297	0.298	0.301	0.299	0.296	0.298	0.289	0.293	0.292	0.298	0.286	0.287	0.294	0.289	0.296	0.294	0.292	0.301	0.292	0.289	0.285	0.298	0.291	0.323	0.288	0.290	0.295	0.294	0.294	0.293	0.285	0.291	0.290	0.285	0.351
18:00:44	34.6	0.302	0.298	0.300	0.297	0.304	0.300	0.294	0.293	0.290	0.288	0.292	0.335	0.298	0.290	0.299	0.297	0.291	0.289	0.291	0.289	0.285	0.290	0.291	0.291	0.304	0.292	0.287	0.292	0.290	0.291	0.287	0.299	0.290	0.288	0.291	0.290	0.299	0.292	0.298	0.292	0.294	0.295	0.293	0.296	0.294	0.294	0.291	0.290	0.299	0.300	0.293	0.305	0.302	0.296	0.298	0.297	0.301	0.301	0.296	0.345	0.299	0.299	0.301	0.303	0.298	0.296	0.299	0.290	0.294	0.290	0.294	0.294	0.290	0.294	0.294	0.299	0.294	0.288	0.298	0.294	0.290	0.286	0.300	0.291	0.292	0.296	0.294	0.298	0.292	0.295	0.293	0.289	0.290	0.291	0.287	0.402
19:00:45	34.5	0.305	0.299	0.305	0.301	0.307	0.303	0.296	0.295	0.295	0.290	0.294	0.294	0.299	0.293	0.298	0.294	0.292	0.298	0.291	0.290	0.285	0.293	0.294	0.295	0.300	0.293	0.294	0.299	0.295	0.300	0.291	0.290	0.289	0.288	0.292	0.290	0.301	0.296	0.301	0.298	0.297	0.290	0.295	0.292	0.294	0.294	0.294	0.292	0.302	0.300	0.296	0.299	0.297	0.294	0.295	0.297	0.305	0.304	0.296	0.292	0.302	0.300	0.299	0.300	0.296	0.299	0.296	0.292	0.294	0.291	0.297	0.293	0.292	0.290	0.291	0.299	0.294	0.292	0.297	0.289	0.289	0.290	0.302	0.292	0.296	0.294	0.297	0.300	0.295	0.296	0.295	0.290	0.293	0.293	0.306	0.359
20:00:45	34.5	0.306	0.301	0.306	0.302	0.311	0.305	0.298	0.297	0.295	0.293	0.295	0.297	0.300	0.296	0.302	0.299	0.298	0.297	0.295	0.295	0.289	0.295	0.296	0.297	0.302	0.295	0.294	0.296	0.298	0.298	0.293	0.288	0.293	0.289	0.296	0.293	0.302	0.300	0.305	0.303	0.298	0.294	0.294	0.295	0.292	0.298	0.297	0.293	0.304	0.301	0.293	0.300	0.296	0.297	0.301	0.301	0.307	0.301	0.295	0.341	0.303	0.299	0.296	0.302	0.300	0.299	0.299	0.295	0.291	0.294	0.300	0.295	0.294	0.293	0.292	0.296	0.293	0.290	0.300	0.292	0.293	0.294	0.305	0.295	0.305	0.297	0.298	0.302	0.296	0.297	0.296	0.294	0.295	0.295	0.303	0.320
21:00:46	34.5	0.309	0.305	0.310	0.305	0.314	0.307	0.302	0.298	0.299	0.293	0.297	0.299	0.305	0.298	0.303	0.299	0.297	0.296	0.296	0.297	0.290	0.300	0.297	0.298	0.303	0.296	0.299	0.301	0.298	0.303	0.296	0.289	0.300	0.295	0.297	0.296	0.305	0.299	0.307	0.301	0.303	0.292	0.299	0.296	0.297	0.301	0.298	0.294	0.305	0.301	0.296	0.300	0.298	0.296	0.298	0.300	0.304	0.300	0.298	0.330	0.308	0.299	0.300	0.299	0.298	0.299	0.299	0.292	0.294	0.295	0.302	0.296	0.295	0.295	0.294	0.298	0.288	0.289	0.301	0.293	0.294	0.295	0.307	0.295	0.350	0.297	0.302	0.304	0.298	0.297	0.298	0.295	0.297	0.298	0.295	0.436
22:00:47	34.5	0.310	0.308	0.310	0.308	0.315	0.308	0.302	0.297	0.300	0.294	0.299	0.300	0.306	0.302	0.302	0.301	0.299	0.298	0.298	0.299	0.293	0.301	0.298	0.300	0.305	0.297	0.296	0.299	0.301	0.305	0.299	0.296	0.300	0.296	0.297	0.295	0.307	0.302	0.307	0.303	0.304	0.299	0.302	0.301	0.304	0.303	0.299	0.296	0.306	0.303	0.297	0.302	0.297	0.301	0.302	0.305	0.304	0.302	0.300	0.297	0.309	0.302	0.300	0.302	0.301	0.298	0.302	0.293	0.295	0.299	0.303	0.298	0.298	0.297	0.296	0.301	0.292	0.290	0.303	0.294	0.296	0.297	0.309	0.300	0.303	0.299	0.303	0.305	0.301	0.300	0.300	0.296	0.298	0.298	0.297	0.437
23:00:47	34.6	0.312	0.308	0.313	0.308	0.315	0.308	0.302	0.298	0.300	0.305	0.301	0.302	0.306	0.303	0.306	0.304	0.301	0.301	0.300	0.301	0.295	0.299	0.299	0.302	0.306	0.299	0.300	0.300	0.301	0.306	0.299	0.298	0.301	0.297	0.297	0.298	0.308	0.304	0.310	0.303	0.304	0.300	0.304	0.302	0.303	0.305	0.301	0.298	0.307	0.303	0.300	0.302	0.300	0.300	0.303	0.306	0.302	0.303	0.301	0.297	0.311	0.303	0.302	0.302	0.302	0.301	0.300	0.297	0.295	0.298	0.304	0.300	0.299	0.299	0.297	0.302	0.292	0.292	0.303	0.296	0.297	0.299	0.308	0.299	0.305	0.301	0.304	0.307	0.301	0.301	0.301	0.298	0.299	0.300	0.297	0.294
0:00:00																																																																																																	

Results
	1	2	3	4	5	6	7	8	9	10	11	12
A	0.455	0.443	0.437	0.464	0.416	0.421	0.467	0.462	0.523	0.474	0.523	0.488	Max V [600]
	0.969	0.964	0.961	0.977	0.955	0.974	0.985	0.981	0.990	0.985	0.990	0.956	R-Squared [600]
	3:00:36	3:00:36	3:00:36	3:00:36	3:00:36	3:00:36	3:00:36	3:00:36	3:00:36	3:00:36	3:00:36	3:00:36	t at Max V [600]
	0:37:51	0:39:52	0:37:36	0:48:43	0:40:08	0:46:53	0:54:42	0:52:00	1:01:34	0:59:51	0:52:28	0:36:12	Lagtime [600]
B	0.470	0.491	0.506	0.462	0.508	0.465	0.469	0.487	0.451	0.488	0.518	0.469	Max V [600]
	0.961	0.984	0.984	0.970	0.972	0.971	0.961	0.968	0.963	0.977	0.986	0.975	R-Squared [600]
	3:00:36	3:00:36	3:00:36	3:00:36	3:00:36	4:00:37	3:00:36	3:00:36	3:00:36	3:00:36	3:00:36	3:00:36	t at Max V [600]
	0:40:35	0:55:14	1:01:14	0:59:58	1:10:32	1:13:45	1:00:44	1:00:22	1:00:02	1:01:38	0:58:40	0:44:02	Lagtime [600]
C	0.499	0.460	0.460	0.473	0.458	0.460	0.466	0.460	0.469	0.492	0.520	0.476	Max V [600]
	0.982	0.970	0.960	0.961	0.966	0.958	0.970	0.965	0.966	0.970	0.986	0.970	R-Squared [600]
	3:00:36	3:00:36	3:00:36	4:00:37	4:00:37	4:00:37	4:00:37	4:00:37	4:00:37	3:00:36	4:00:37	3:00:36	t at Max V [600]
	0:55:50	1:00:37	1:01:24	1:20:09	1:23:22	1:26:52	1:22:32	1:13:02	1:21:30	1:04:48	1:08:44	0:49:46	Lagtime [600]
D	0.483	0.507	0.465	0.481	0.527	0.458	0.468	0.488	0.479	0.463	0.480	0.462	Max V [600]
	0.965	0.975	0.965	0.968	0.984	0.969	0.963	0.987	0.984	0.962	0.970	0.968	R-Squared [600]
	3:00:36	3:00:36	4:00:37	4:00:37	4:00:37	4:00:37	4:00:37	4:00:37	4:00:37	4:00:37	3:00:36	4:00:37	t at Max V [600]
	0:53:09	1:05:11	1:18:21	1:24:51	1:35:29	1:20:08	1:27:32	1:30:49	1:22:11	1:17:58	1:01:26	0:55:59	Lagtime [600]
E	0.512	0.482	0.501	0.479	0.472	0.476	0.469	0.455	0.480	0.464	0.488	0.734	Max V [600]
	0.981	0.964	0.967	0.968	0.967	0.977	0.972	0.962	0.974	0.955	0.970	0.855	R-Squared [600]
	3:00:36	3:00:36	4:00:37	4:00:37	4:00:37	4:00:37	4:00:37	4:00:37	4:00:37	4:00:37	3:00:36	5:00:38	t at Max V [600]
	0:58:18	1:08:09	1:19:38	1:23:39	1:21:19	1:32:57	1:29:10	1:26:30	1:25:27	1:15:21	1:00:14	1:58:34	Lagtime [600]
F	0.540	0.480	0.490	0.504	0.518	0.481	0.470	0.442	0.453	0.440	0.480	0.430	Max V [600]
	0.990	0.965	0.974	0.978	0.985	0.961	0.963	0.957	0.963	0.953	0.975	0.940	R-Squared [600]
	4:00:37	3:00:36	4:00:37	4:00:37	4:00:37	4:00:37	4:00:37	3:00:36	4:00:37	3:00:36	3:00:36	3:00:36	t at Max V [600]
	1:11:13	1:08:06	1:23:11	1:28:13	1:35:10	1:31:00	1:21:47	1:14:52	1:24:18	1:05:04	1:02:54	0:47:49	Lagtime [600]
G	0.510	0.500	0.557	0.489	0.493	0.540	0.550	0.494	0.470	0.489	0.477	0.534	Max V [600]
	0.988	0.981	0.983	0.959	0.959	0.984	0.987	0.964	0.965	0.977	0.987	0.989	R-Squared [600]
	3:00:36	4:00:37	4:00:37	3:00:36	3:00:36	4:00:37	4:00:37	3:00:36	3:00:36	3:00:36	3:00:36	3:00:36	t at Max V [600]
	0:55:12	1:10:26	1:25:50	1:09:26	1:11:55	1:34:34	1:34:16	1:12:52	1:05:50	1:09:19	1:00:47	1:01:12	Lagtime [600]
H	0.881	0.700	0.685	0.592	0.530	0.539	0.549	0.541	0.509	0.492	0.628	1.233	Max V [600]
	0.907	0.919	0.947	0.998	0.980	0.982	0.979	0.995	0.983	0.984	0.999	0.829	R-Squared [600]
	6:00:38	4:00:37	5:00:38	4:00:37	3:00:36	4:00:37	3:00:36	4:00:37	3:00:36	3:00:36	4:00:37	5:00:38	t at Max V [600]
	2:24:16	1:34:57	1:46:05	1:19:36	1:07:51	1:17:17	1:07:49	1:16:24	1:05:01	0:57:58	1:21:29	2:34:04	Lagtime [600]


