
Software Version	3.11.19



Experiment File Path:	C:\Users\patil-group\Desktop\Sweeteners_stacker\131221_NT5007_24_24\NT5007_24_24_Rep3.xpt
Protocol File Path:	C:\Users\Public\Documents\Protocols\Screening-protocol.prt



Plate Number	Plate 5
Date	13/12/2021
Time	14:57:29
Reader Type:	Epoch 2
Reader Serial Number:	2103223
Reading Type	Reader

Procedure Details

Plate Type	96 WELL PLATE
Discontinuous Kinetics	Runtime 1:00:00 (D:HH:MM), Interval 0:01:00, 25 Reads
	Pause after each run
Eject plate on completion	
Shake	Linear: 0:00:30 (HH:MM:SS)
	Frequency: 567 cpm (3 mm)
Read	Absorbance Endpoint
	Full Plate
	Wavelengths:  600
	Read Speed: Normal,  Delay: 100 msec,  Measurements/Data Point: 8

600

Time	T° 600	A1	A2	A3	A4	A5	A6	A7	A8	A9	A10	A11	A12	B1	B2	B3	B4	B5	B6	B7	B8	B9	B10	B11	B12	C1	C2	C3	C4	C5	C6	C7	C8	C9	C10	C11	C12	D1	D2	D3	D4	D5	D6	D7	D8	D9	D10	D11	D12	E1	E2	E3	E4	E5	E6	E7	E8	E9	E10	E11	E12	F1	F2	F3	F4	F5	F6	F7	F8	F9	F10	F11	F12	G1	G2	G3	G4	G5	G6	G7	G8	G9	G10	G11	G12	H1	H2	H3	H4	H5	H6	H7	H8	H9	H10	H11	H12
0:00:34	34.4	0.184	0.183	0.187	0.189	0.200	0.190	0.189	0.189	0.188	0.183	0.189	0.189	0.179	0.181	0.182	0.181	0.181	0.189	0.190	0.188	0.193	0.186	0.181	0.182	0.178	0.185	0.182	0.182	0.204	0.189	0.188	0.198	0.182	0.184	0.189	0.184	0.189	0.186	0.184	0.188	0.188	0.189	0.193	0.182	0.187	0.181	0.183	0.181	0.186	0.179	0.179	0.181	0.183	0.196	0.187	0.185	0.183	0.187	0.186	0.187	0.187	0.179	0.179	0.182	0.190	0.185	0.190	0.190	0.182	0.185	0.191	0.187	0.185	0.182	0.184	0.184	0.180	0.178	0.186	0.182	0.198	0.184	0.192	0.184	0.189	0.198	0.192	0.177	0.182	0.185	0.180	0.186	0.184	0.183	0.182	0.197
1:00:34	34.6	0.192	0.190	0.195	0.197	0.207	0.200	0.198	0.198	0.197	0.190	0.197	0.197	0.189	0.189	0.191	0.189	0.189	0.198	0.198	0.196	0.200	0.193	0.190	0.190	0.185	0.193	0.188	0.187	0.210	0.194	0.193	0.201	0.187	0.189	0.195	0.190	0.196	0.193	0.191	0.195	0.193	0.196	0.197	0.186	0.193	0.187	0.190	0.188	0.194	0.185	0.184	0.187	0.190	0.198	0.191	0.190	0.189	0.194	0.192	0.192	0.193	0.183	0.185	0.186	0.196	0.190	0.195	0.196	0.187	0.191	0.196	0.194	0.192	0.188	0.191	0.190	0.186	0.184	0.190	0.187	0.203	0.192	0.199	0.191	0.193	0.203	0.198	0.183	0.187	0.189	0.187	0.191	0.189	0.192	0.190	0.197
2:00:35	34.6	0.215	0.211	0.212	0.215	0.223	0.216	0.213	0.214	0.214	0.209	0.215	0.218	0.210	0.207	0.207	0.203	0.203	0.211	0.209	0.210	0.213	0.206	0.205	0.209	0.203	0.208	0.199	0.198	0.222	0.206	0.205	0.212	0.199	0.201	0.209	0.205	0.212	0.208	0.204	0.208	0.203	0.208	0.208	0.196	0.204	0.200	0.204	0.205	0.210	0.197	0.198	0.198	0.201	0.207	0.200	0.201	0.202	0.205	0.207	0.207	0.209	0.197	0.197	0.197	0.207	0.201	0.207	0.208	0.200	0.203	0.208	0.208	0.208	0.202	0.204	0.203	0.198	0.196	0.200	0.199	0.217	0.206	0.211	0.207	0.214	0.221	0.214	0.198	0.202	0.204	0.203	0.204	0.204	0.205	0.206	0.216
3:00:36	34.6	0.261	0.252	0.253	0.256	0.264	0.253	0.251	0.253	0.255	0.252	0.261	0.265	0.254	0.247	0.241	0.234	0.234	0.243	0.240	0.240	0.245	0.240	0.243	0.255	0.243	0.243	0.230	0.226	0.250	0.233	0.232	0.238	0.227	0.231	0.243	0.244	0.251	0.243	0.235	0.238	0.229	0.237	0.235	0.220	0.233	0.229	0.237	0.245	0.248	0.230	0.227	0.227	0.227	0.232	0.224	0.229	0.231	0.234	0.238	0.247	0.246	0.230	0.226	0.223	0.234	0.227	0.236	0.236	0.229	0.237	0.238	0.245	0.248	0.238	0.236	0.235	0.232	0.227	0.229	0.229	0.249	0.240	0.245	0.246	0.261	0.263	0.256	0.236	0.238	0.240	0.241	0.239	0.238	0.241	0.247	0.262
4:00:37	34.7	0.285	0.277	0.277	0.286	0.286	0.282	0.281	0.284	0.281	0.281	0.286	0.290	0.278	0.274	0.273	0.273	0.276	0.286	0.278	0.277	0.280	0.274	0.275	0.284	0.276	0.285	0.271	0.273	0.299	0.278	0.282	0.285	0.273	0.274	0.280	0.280	0.288	0.289	0.285	0.292	0.278	0.289	0.285	0.266	0.278	0.279	0.277	0.280	0.284	0.271	0.276	0.275	0.283	0.281	0.272	0.277	0.278	0.277	0.278	0.280	0.280	0.270	0.275	0.271	0.287	0.275	0.289	0.292	0.280	0.285	0.277	0.279	0.284	0.276	0.279	0.282	0.280	0.276	0.278	0.276	0.293	0.281	0.285	0.280	0.287	0.295	0.290	0.276	0.280	0.281	0.281	0.278	0.276	0.276	0.279	0.282
5:00:37	34.6	0.301	0.300	0.298	0.302	0.307	0.302	0.306	0.305	0.307	0.302	0.308	0.309	0.297	0.286	0.289	0.291	0.294	0.303	0.299	0.296	0.300	0.292	0.294	0.303	0.295	0.301	0.288	0.295	0.315	0.297	0.297	0.301	0.294	0.293	0.300	0.297	0.305	0.301	0.297	0.314	0.296	0.314	0.307	0.288	0.289	0.294	0.293	0.302	0.300	0.291	0.285	0.292	0.308	0.300	0.293	0.289	0.292	0.293	0.299	0.295	0.300	0.289	0.294	0.296	0.305	0.293	0.301	0.305	0.290	0.297	0.296	0.301	0.302	0.297	0.298	0.296	0.297	0.294	0.289	0.291	0.305	0.295	0.300	0.312	0.304	0.320	0.312	0.298	0.297	0.312	0.297	0.291	0.298	0.294	0.304	0.308
6:00:38	34.6	0.313	0.307	0.308	0.316	0.320	0.317	0.318	0.314	0.311	0.307	0.313	0.316	0.301	0.295	0.303	0.304	0.305	0.318	0.312	0.308	0.311	0.302	0.302	0.312	0.310	0.319	0.306	0.317	0.337	0.315	0.316	0.321	0.311	0.307	0.315	0.308	0.326	0.322	0.315	0.328	0.312	0.332	0.328	0.309	0.308	0.316	0.311	0.311	0.316	0.310	0.306	0.312	0.331	0.320	0.312	0.306	0.315	0.307	0.312	0.316	0.314	0.309	0.311	0.315	0.324	0.318	0.327	0.323	0.307	0.314	0.315	0.306	0.310	0.307	0.308	0.315	0.314	0.309	0.313	0.307	0.322	0.311	0.315	0.306	0.314	0.335	0.328	0.310	0.311	0.318	0.309	0.310	0.304	0.310	0.305	0.316
7:00:39	34.6	0.312	0.307	0.313	0.316	0.318	0.334	0.321	0.319	0.314	0.311	0.318	0.313	0.300	0.296	0.308	0.309	0.311	0.325	0.319	0.317	0.318	0.307	0.304	0.309	0.309	0.327	0.311	0.322	0.353	0.325	0.322	0.327	0.320	0.315	0.320	0.311	0.316	0.330	0.338	0.358	0.331	0.346	0.345	0.323	0.325	0.328	0.320	0.311	0.314	0.316	0.320	0.331	0.367	0.337	0.319	0.313	0.333	0.313	0.314	0.308	0.313	0.310	0.318	0.326	0.341	0.322	0.350	0.332	0.317	0.317	0.312	0.310	0.307	0.310	0.314	0.319	0.321	0.311	0.310	0.314	0.330	0.314	0.315	0.310	0.312	0.322	0.326	0.307	0.309	0.318	0.310	0.309	0.310	0.307	0.311	0.320
8:00:39	34.6	0.312	0.305	0.309	0.314	0.312	0.313	0.318	0.314	0.316	0.309	0.316	0.310	0.296	0.294	0.304	0.307	0.306	0.326	0.319	0.316	0.313	0.309	0.301	0.307	0.307	0.323	0.313	0.324	0.357	0.329	0.330	0.328	0.321	0.315	0.318	0.307	0.314	0.320	0.351	0.378	0.337	0.353	0.355	0.318	0.322	0.327	0.316	0.307	0.311	0.312	0.319	0.337	0.403	0.348	0.321	0.314	0.333	0.308	0.313	0.310	0.311	0.308	0.317	0.326	0.342	0.321	0.384	0.344	0.317	0.315	0.312	0.306	0.304	0.305	0.310	0.319	0.320	0.314	0.314	0.314	0.326	0.310	0.311	0.308	0.313	0.316	0.330	0.303	0.306	0.314	0.307	0.301	0.305	0.303	0.304	0.314
9:00:39	34.6	0.307	0.300	0.303	0.308	0.309	0.308	0.309	0.313	0.309	0.305	0.311	0.308	0.297	0.287	0.309	0.308	0.307	0.320	0.314	0.309	0.312	0.304	0.301	0.306	0.301	0.317	0.306	0.313	0.341	0.319	0.326	0.320	0.313	0.307	0.312	0.305	0.307	0.315	0.331	0.356	0.323	0.337	0.338	0.314	0.318	0.317	0.317	0.305	0.306	0.307	0.313	0.323	0.404	0.328	0.318	0.318	0.313	0.307	0.313	0.306	0.305	0.304	0.308	0.314	0.328	0.314	0.389	0.336	0.312	0.311	0.305	0.304	0.305	0.300	0.304	0.315	0.319	0.308	0.307	0.308	0.318	0.310	0.306	0.303	0.309	0.312	0.317	0.301	0.303	0.307	0.306	0.297	0.301	0.300	0.302	0.309
10:00:40	34.7	0.304	0.297	0.298	0.304	0.306	0.306	0.306	0.309	0.305	0.304	0.307	0.307	0.292	0.284	0.305	0.305	0.300	0.316	0.309	0.310	0.311	0.302	0.297	0.303	0.299	0.308	0.304	0.306	0.332	0.314	0.315	0.319	0.310	0.305	0.308	0.300	0.303	0.308	0.307	0.324	0.319	0.331	0.326	0.310	0.308	0.311	0.311	0.302	0.300	0.302	0.303	0.318	0.300	0.318	0.316	0.312	0.307	0.302	0.306	0.303	0.303	0.300	0.302	0.311	0.322	0.308	0.309	0.315	0.308	0.306	0.299	0.301	0.302	0.299	0.302	0.311	0.315	0.303	0.302	0.306	0.314	0.302	0.303	0.301	0.307	0.306	0.317	0.295	0.303	0.304	0.305	0.295	0.298	0.297	0.301	0.302
11:00:40	34.7	0.303	0.296	0.296	0.301	0.304	0.306	0.305	0.307	0.301	0.301	0.305	0.301	0.292	0.285	0.306	0.304	0.304	0.316	0.311	0.309	0.310	0.306	0.295	0.299	0.297	0.303	0.298	0.307	0.334	0.317	0.316	0.318	0.309	0.302	0.307	0.297	0.297	0.304	0.310	0.323	0.314	0.327	0.319	0.313	0.311	0.313	0.309	0.299	0.299	0.298	0.299	0.312	0.316	0.306	0.313	0.313	0.303	0.300	0.303	0.301	0.300	0.295	0.302	0.307	0.314	0.305	0.308	0.315	0.303	0.303	0.299	0.299	0.300	0.297	0.299	0.306	0.310	0.300	0.297	0.300	0.313	0.299	0.300	0.298	0.303	0.303	0.314	0.294	0.302	0.302	0.297	0.293	0.294	0.295	0.294	0.299
12:00:41	34.7	0.299	0.295	0.296	0.299	0.302	0.302	0.305	0.300	0.297	0.294	0.297	0.296	0.289	0.281	0.301	0.307	0.300	0.308	0.305	0.300	0.300	0.297	0.291	0.296	0.297	0.298	0.296	0.299	0.325	0.312	0.306	0.314	0.309	0.300	0.304	0.297	0.296	0.306	0.298	0.314	0.307	0.316	0.315	0.315	0.305	0.308	0.303	0.295	0.297	0.296	0.297	0.309	0.306	0.303	0.308	0.304	0.297	0.295	0.300	0.297	0.299	0.295	0.301	0.305	0.314	0.304	0.303	0.305	0.297	0.297	0.296	0.297	0.301	0.297	0.302	0.305	0.308	0.300	0.298	0.299	0.310	0.300	0.298	0.297	0.301	0.302	0.313	0.293	0.299	0.301	0.295	0.292	0.293	0.292	0.290	0.296
13:00:42	34.7	0.294	0.291	0.289	0.293	0.301	0.304	0.304	0.291	0.298	0.290	0.293	0.290	0.285	0.282	0.298	0.304	0.297	0.303	0.291	0.288	0.294	0.283	0.281	0.292	0.291	0.302	0.296	0.301	0.319	0.305	0.306	0.314	0.309	0.301	0.302	0.293	0.293	0.305	0.299	0.313	0.309	0.308	0.311	0.316	0.304	0.305	0.299	0.292	0.294	0.292	0.298	0.303	0.308	0.304	0.308	0.303	0.292	0.295	0.296	0.293	0.300	0.293	0.300	0.300	0.313	0.304	0.299	0.303	0.294	0.299	0.293	0.292	0.297	0.296	0.300	0.305	0.308	0.301	0.294	0.297	0.308	0.297	0.295	0.292	0.296	0.299	0.310	0.295	0.295	0.296	0.293	0.290	0.292	0.290	0.290	0.294
14:00:42	34.6	0.289	0.289	0.288	0.289	0.300	0.302	0.302	0.290	0.296	0.290	0.292	0.287	0.280	0.279	0.295	0.300	0.295	0.292	0.291	0.289	0.294	0.283	0.282	0.288	0.292	0.302	0.294	0.296	0.313	0.300	0.299	0.311	0.313	0.295	0.309	0.289	0.292	0.303	0.300	0.308	0.305	0.307	0.308	0.306	0.296	0.297	0.295	0.289	0.296	0.295	0.294	0.301	0.302	0.307	0.303	0.301	0.294	0.293	0.294	0.290	0.299	0.296	0.298	0.299	0.312	0.303	0.300	0.301	0.297	0.297	0.290	0.290	0.296	0.297	0.299	0.304	0.309	0.299	0.296	0.296	0.306	0.295	0.295	0.290	0.293	0.300	0.306	0.295	0.298	0.295	0.290	0.287	0.290	0.289	0.288	0.291
15:00:43	34.6	0.287	0.289	0.289	0.292	0.299	0.295	0.296	0.290	0.290	0.291	0.290	0.286	0.278	0.284	0.293	0.291	0.293	0.287	0.284	0.290	0.292	0.284	0.282	0.283	0.295	0.299	0.291	0.292	0.313	0.298	0.297	0.308	0.297	0.292	0.296	0.290	0.293	0.302	0.296	0.306	0.299	0.306	0.303	0.292	0.298	0.295	0.293	0.286	0.295	0.293	0.297	0.303	0.301	0.309	0.307	0.302	0.295	0.291	0.290	0.286	0.296	0.294	0.294	0.299	0.311	0.303	0.296	0.300	0.292	0.293	0.290	0.286	0.294	0.295	0.295	0.298	0.303	0.297	0.293	0.290	0.303	0.293	0.293	0.288	0.289	0.299	0.308	0.295	0.298	0.292	0.286	0.284	0.288	0.288	0.286	0.293
16:00:43	34.6	0.290	0.287	0.289	0.293	0.297	0.293	0.298	0.290	0.291	0.286	0.290	0.286	0.279	0.285	0.289	0.293	0.286	0.283	0.280	0.288	0.292	0.280	0.280	0.284	0.291	0.294	0.287	0.288	0.307	0.294	0.289	0.308	0.294	0.290	0.291	0.286	0.291	0.297	0.293	0.298	0.296	0.303	0.297	0.290	0.294	0.289	0.293	0.291	0.296	0.295	0.297	0.296	0.297	0.304	0.302	0.299	0.296	0.291	0.293	0.285	0.301	0.292	0.295	0.298	0.307	0.301	0.296	0.299	0.290	0.289	0.291	0.286	0.292	0.293	0.292	0.300	0.300	0.297	0.291	0.287	0.301	0.291	0.293	0.289	0.290	0.298	0.311	0.293	0.297	0.292	0.288	0.284	0.290	0.288	0.286	0.296
17:00:44	34.6	0.290	0.287	0.294	0.296	0.300	0.291	0.299	0.287	0.290	0.287	0.291	0.285	0.278	0.284	0.289	0.291	0.280	0.282	0.278	0.281	0.288	0.279	0.279	0.282	0.288	0.290	0.285	0.282	0.304	0.294	0.292	0.304	0.287	0.293	0.289	0.287	0.288	0.296	0.290	0.299	0.294	0.300	0.292	0.287	0.296	0.288	0.290	0.290	0.298	0.293	0.294	0.295	0.294	0.301	0.299	0.298	0.296	0.288	0.290	0.286	0.299	0.295	0.294	0.295	0.304	0.297	0.299	0.299	0.289	0.286	0.289	0.285	0.294	0.290	0.291	0.300	0.298	0.292	0.290	0.285	0.298	0.291	0.289	0.287	0.292	0.298	0.310	0.294	0.298	0.293	0.291	0.285	0.288	0.288	0.284	0.294
18:00:44	34.6	0.294	0.290	0.290	0.294	0.301	0.295	0.301	0.291	0.289	0.288	0.291	0.288	0.276	0.282	0.288	0.292	0.284	0.284	0.281	0.282	0.288	0.279	0.275	0.286	0.284	0.290	0.284	0.285	0.306	0.292	0.289	0.303	0.287	0.298	0.290	0.285	0.288	0.293	0.290	0.296	0.290	0.299	0.293	0.288	0.293	0.288	0.291	0.287	0.292	0.294	0.292	0.296	0.294	0.298	0.298	0.300	0.296	0.289	0.289	0.289	0.296	0.297	0.298	0.298	0.306	0.298	0.303	0.297	0.295	0.289	0.283	0.287	0.295	0.290	0.295	0.301	0.299	0.292	0.292	0.287	0.299	0.293	0.289	0.288	0.293	0.290	0.305	0.285	0.297	0.293	0.284	0.285	0.286	0.286	0.285	0.294
19:00:45	34.6	0.296	0.295	0.294	0.297	0.302	0.293	0.302	0.292	0.288	0.292	0.296	0.291	0.277	0.281	0.290	0.288	0.285	0.283	0.282	0.283	0.289	0.279	0.276	0.284	0.287	0.289	0.283	0.286	0.303	0.292	0.288	0.298	0.286	0.295	0.292	0.290	0.290	0.293	0.289	0.291	0.290	0.298	0.292	0.287	0.292	0.288	0.296	0.290	0.291	0.291	0.291	0.296	0.292	0.295	0.295	0.298	0.296	0.286	0.289	0.286	0.293	0.292	0.297	0.298	0.306	0.294	0.303	0.298	0.295	0.291	0.284	0.286	0.296	0.291	0.295	0.298	0.299	0.295	0.290	0.288	0.296	0.289	0.291	0.290	0.294	0.291	0.301	0.285	0.298	0.294	0.284	0.282	0.286	0.285	0.286	0.291
20:00:45	34.6	0.300	0.299	0.300	0.297	0.307	0.301	0.302	0.296	0.290	0.294	0.297	0.292	0.281	0.277	0.288	0.292	0.290	0.283	0.281	0.284	0.287	0.285	0.281	0.288	0.289	0.290	0.286	0.285	0.303	0.293	0.287	0.300	0.294	0.296	0.291	0.290	0.294	0.292	0.290	0.293	0.291	0.294	0.293	0.291	0.292	0.300	0.297	0.292	0.288	0.289	0.288	0.296	0.292	0.296	0.295	0.297	0.297	0.288	0.288	0.290	0.296	0.293	0.292	0.297	0.304	0.294	0.302	0.302	0.293	0.287	0.286	0.290	0.297	0.293	0.292	0.298	0.294	0.296	0.289	0.291	0.298	0.290	0.292	0.292	0.294	0.293	0.304	0.287	0.293	0.289	0.285	0.287	0.288	0.289	0.289	0.292
21:00:46	34.6	0.301	0.300	0.300	0.299	0.305	0.298	0.301	0.297	0.294	0.296	0.300	0.294	0.281	0.277	0.290	0.294	0.288	0.283	0.285	0.289	0.293	0.285	0.281	0.288	0.289	0.295	0.288	0.290	0.306	0.292	0.287	0.299	0.288	0.294	0.297	0.290	0.296	0.291	0.288	0.292	0.294	0.292	0.296	0.288	0.295	0.295	0.294	0.290	0.293	0.286	0.290	0.294	0.290	0.296	0.294	0.297	0.298	0.289	0.288	0.291	0.296	0.289	0.294	0.294	0.303	0.294	0.301	0.303	0.286	0.289	0.286	0.291	0.297	0.294	0.288	0.294	0.294	0.295	0.289	0.287	0.297	0.291	0.294	0.293	0.296	0.295	0.306	0.289	0.294	0.290	0.288	0.290	0.290	0.291	0.290	0.294
22:00:47	34.6	0.304	0.302	0.304	0.301	0.304	0.301	0.303	0.301	0.294	0.297	0.298	0.293	0.283	0.280	0.293	0.294	0.294	0.292	0.289	0.291	0.292	0.288	0.284	0.290	0.288	0.299	0.293	0.289	0.305	0.295	0.294	0.303	0.289	0.297	0.297	0.292	0.295	0.293	0.292	0.296	0.301	0.304	0.297	0.292	0.299	0.299	0.298	0.292	0.295	0.289	0.287	0.290	0.295	0.305	0.302	0.304	0.293	0.289	0.290	0.292	0.297	0.292	0.289	0.297	0.301	0.300	0.293	0.298	0.289	0.289	0.291	0.292	0.298	0.295	0.291	0.293	0.293	0.291	0.291	0.288	0.297	0.293	0.296	0.294	0.299	0.295	0.306	0.290	0.296	0.290	0.289	0.291	0.292	0.291	0.291	0.294
23:00:47	34.6	0.305	0.304	0.306	0.303	0.305	0.303	0.305	0.302	0.297	0.296	0.299	0.293	0.286	0.281	0.293	0.293	0.289	0.291	0.291	0.293	0.295	0.290	0.286	0.290	0.289	0.300	0.295	0.296	0.311	0.298	0.293	0.305	0.295	0.297	0.299	0.291	0.295	0.299	0.296	0.295	0.301	0.302	0.297	0.296	0.296	0.301	0.295	0.292	0.295	0.292	0.288	0.294	0.295	0.305	0.302	0.300	0.290	0.289	0.292	0.292	0.299	0.293	0.290	0.296	0.304	0.301	0.293	0.298	0.289	0.290	0.292	0.292	0.300	0.296	0.293	0.294	0.293	0.289	0.293	0.291	0.300	0.293	0.297	0.295	0.300	0.296	0.308	0.292	0.296	0.290	0.292	0.292	0.293	0.295	0.293	0.295
0:00:00																																																																																																	

Results
	1	2	3	4	5	6	7	8	9	10	11	12
A	0.479	0.476	0.452	0.469	0.441	0.451	0.474	0.472	0.480	0.493	0.488	0.497	Max V [600]
	0.971	0.988	0.983	0.979	0.983	0.986	0.989	0.985	0.990	0.985	0.981	0.977	R-Squared [600]
	3:00:36	3:00:36	3:00:36	3:00:36	3:00:36	3:00:36	3:00:36	3:00:36	3:00:36	3:00:36	3:00:36	3:00:36	t at Max V [600]
	0:41:02	0:47:48	0:47:39	0:46:47	0:49:20	0:46:04	0:52:43	0:49:36	0:49:26	0:51:31	0:48:16	0:46:36	Lagtime [600]
B	0.474	0.436	0.438	0.457	0.474	0.475	0.451	0.446	0.445	0.445	0.463	0.501	Max V [600]
	0.980	0.972	0.983	0.979	0.976	0.971	0.975	0.981	0.982	0.979	0.984	0.980	R-Squared [600]
	3:00:36	3:00:36	3:00:36	3:00:36	3:00:36	3:00:36	3:00:36	3:00:36	3:00:36	3:00:36	3:00:36	3:00:36	t at Max V [600]
	0:40:12	0:42:54	0:47:16	0:56:41	0:57:22	0:57:17	0:59:25	0:56:19	0:59:13	0:57:42	0:50:22	0:49:21	Lagtime [600]
C	0.486	0.486	0.456	0.510	0.494	0.472	0.479	0.468	0.485	0.467	0.466	0.482	Max V [600]
	0.983	0.975	0.970	0.978	0.967	0.969	0.960	0.966	0.970	0.969	0.981	0.978	R-Squared [600]
	3:00:36	3:00:36	3:00:36	4:00:37	4:00:37	4:00:37	4:00:37	4:00:37	4:00:37	3:00:36	3:00:36	3:00:36	t at Max V [600]
	0:53:25	0:54:54	1:03:49	1:23:47	1:17:42	1:18:10	1:15:48	1:22:55	1:18:19	1:05:24	1:00:01	0:56:55	Lagtime [600]
D	0.488	0.494	0.487	0.538	0.474	0.543	0.519	0.490	0.443	0.496	0.465	0.501	Max V [600]
	0.979	0.966	0.957	0.961	0.960	0.969	0.974	0.980	0.960	0.966	0.975	0.986	R-Squared [600]
	3:00:36	3:00:36	3:00:36	3:00:36	4:00:37	4:00:37	4:00:37	4:00:37	3:00:36	4:00:37	3:00:36	3:00:36	t at Max V [600]
	0:55:54	0:56:53	1:01:53	1:06:27	1:20:10	1:21:12	1:26:26	1:30:05	1:01:58	1:15:05	0:57:00	0:54:30	Lagtime [600]
E	0.478	0.478	0.466	0.488	0.567	0.490	0.487	0.455	0.480	0.449	0.478	0.467	Max V [600]
	0.979	0.974	0.957	0.967	0.974	0.970	0.971	0.954	0.968	0.967	0.981	0.977	R-Squared [600]
	3:00:36	3:00:36	3:00:36	4:00:37	4:00:37	4:00:37	4:00:37	3:00:36	4:00:37	3:00:36	3:00:36	3:00:36	t at Max V [600]
	0:52:42	1:04:20	1:03:09	1:16:31	1:27:11	1:34:01	1:30:32	1:06:31	1:13:49	1:01:52	1:00:59	0:58:36	Lagtime [600]
F	0.478	0.474	0.491	0.515	0.508	0.501	0.510	0.506	0.478	0.490	0.452	0.475	Max V [600]
	0.985	0.976	0.962	0.976	0.960	0.977	0.962	0.948	0.952	0.960	0.977	0.984	R-Squared [600]
	3:00:36	3:00:36	4:00:37	4:00:37	4:00:37	4:00:37	4:00:37	3:00:36	3:00:36	3:00:36	4:00:37	3:00:36	t at Max V [600]
	0:58:39	1:04:04	1:15:27	1:29:16	1:20:58	1:25:20	1:19:01	1:07:30	1:04:15	1:03:28	1:13:27	0:57:37	Lagtime [600]
G	0.494	0.487	0.483	0.486	0.509	0.498	0.480	0.473	0.466	0.467	0.462	0.525	Max V [600]
	0.980	0.980	0.973	0.964	0.965	0.964	0.963	0.961	0.967	0.971	0.971	0.987	R-Squared [600]
	3:00:36	3:00:36	3:00:36	3:00:36	3:00:36	3:00:36	4:00:37	3:00:36	3:00:36	3:00:36	3:00:36	3:00:36	t at Max V [600]
	0:55:40	1:01:24	1:02:41	1:02:38	1:05:38	1:05:52	1:23:27	1:06:09	1:00:42	0:55:39	0:59:37	1:01:02	Lagtime [600]
H	0.493	0.511	0.508	0.514	0.498	0.539	0.496	0.457	0.483	0.461	0.503	0.482	Max V [600]
	0.974	0.987	0.983	0.980	0.976	0.981	0.978	0.972	0.982	0.979	0.987	0.981	R-Squared [600]
	3:00:36	3:00:36	3:00:36	3:00:36	3:00:36	3:00:36	3:00:36	3:00:36	3:00:36	3:00:36	3:00:36	3:00:36	t at Max V [600]
	0:51:55	0:58:48	0:58:38	1:02:08	1:03:16	1:08:53	0:56:03	1:01:11	1:02:44	0:54:20	0:55:50	1:04:23	Lagtime [600]


