Time	A1	A2	A3	A4	A5	A6	A7	A8	A9	A10	A11	A12	B1	B2	B3	B4	B5	B6	B7	B8	B9	B10	B11	B12	C1	C2	C3	C4	C5	C6	C7	C8	C9	C10	C11	C12	D1	D2	D3	D4	D5	D6	D7	D8	D9	D10	D11	D12	E1	E2	E3	E4	E5	E6	E7	E8	E9	E10	E11	E12	F1	F2	F3	F4	F5	F6	F7	F8	F9	F10	F11	F12	G1	G2	G3	G4	G5	G6	G7	G8	G9	G10	G11	G12	H1	H2	H3	H4	H5	H6	H7	H8	H9	H10	H11	H12
0	0.187	0.186	0.192	0.194	0.189	0.191	0.192	0.189	0.190	0.191	0.193	0.196	0.188	0.187	0.190	0.195	0.188	0.187	0.186	0.190	0.197	0.191	0.189	0.194	0.187	0.187	0.190	0.195	0.193	0.228	0.196	0.206	0.190	0.209	0.191	0.194	0.203	0.192	0.190	0.190	0.192	0.188	0.199	0.195	0.193	0.190	0.191	0.192	0.187	0.197	0.190	0.187	0.186	0.202	0.187	0.197	0.195	0.192	0.191	0.194	0.183	0.186	0.188	0.186	0.207	0.197	0.188	0.193	0.187	0.192	0.196	0.195	0.189	0.193	0.187	0.195	0.190	0.191	0.189	0.190	0.189	0.190	0.193	0.191	0.195	0.186	0.186	0.186	0.193	0.189	0.190	0.194	0.195	0.188	0.190	0.191
1	0.229	0.227	0.229	0.231	0.226	0.229	0.228	0.224	0.225	0.227	0.231	0.237	0.224	0.222	0.219	0.226	0.217	0.220	0.215	0.218	0.225	0.220	0.222	0.231	0.225	0.217	0.216	0.219	0.218	0.248	0.218	0.229	0.214	0.231	0.220	0.228	0.236	0.222	0.217	0.214	0.215	0.212	0.221	0.219	0.216	0.216	0.219	0.225	0.220	0.225	0.217	0.211	0.209	0.225	0.209	0.219	0.216	0.215	0.217	0.224	0.218	0.217	0.214	0.209	0.229	0.218	0.208	0.215	0.210	0.215	0.221	0.226	0.227	0.225	0.219	0.222	0.215	0.217	0.214	0.218	0.217	0.220	0.223	0.227	0.236	0.223	0.219	0.220	0.223	0.220	0.220	0.229	0.226	0.223	0.225	0.231
2	0.357	0.342	0.337	0.348	0.340	0.347	0.336	0.334	0.334	0.337	0.345	0.360	0.343	0.331	0.323	0.318	0.312	0.318	0.313	0.313	0.315	0.315	0.323	0.343	0.338	0.320	0.308	0.305	0.312	0.328	0.299	0.314	0.300	0.316	0.314	0.332	0.355	0.326	0.310	0.305	0.301	0.304	0.304	0.304	0.300	0.304	0.311	0.330	0.337	0.332	0.315	0.301	0.295	0.315	0.290	0.302	0.297	0.299	0.304	0.321	0.334	0.323	0.318	0.301	0.319	0.302	0.290	0.297	0.293	0.298	0.309	0.323	0.356	0.353	0.336	0.320	0.320	0.323	0.312	0.322	0.316	0.320	0.321	0.336	0.373	0.351	0.349	0.337	0.337	0.338	0.335	0.362	0.338	0.340	0.339	0.356
3	0.479	0.468	0.469	0.478	0.474	0.481	0.473	0.466	0.463	0.466	0.467	0.473	0.485	0.489	0.479	0.471	0.471	0.475	0.471	0.465	0.459	0.455	0.456	0.466	0.481	0.476	0.473	0.472	0.483	0.488	0.455	0.468	0.451	0.458	0.454	0.458	0.503	0.483	0.478	0.475	0.469	0.475	0.471	0.467	0.450	0.456	0.450	0.455	0.475	0.485	0.477	0.457	0.449	0.469	0.437	0.448	0.444	0.445	0.441	0.449	0.476	0.467	0.466	0.457	0.468	0.449	0.433	0.444	0.435	0.436	0.445	0.449	0.504	0.509	0.486	0.475	0.477	0.481	0.462	0.478	0.471	0.466	0.463	0.464	0.505	0.493	0.499	0.481	0.485	0.485	0.491	0.513	0.484	0.479	0.470	0.474
4	0.535	0.526	0.528	0.535	0.525	0.529	0.528	0.520	0.520	0.526	0.527	0.536	0.542	0.540	0.531	0.525	0.525	0.528	0.523	0.520	0.516	0.513	0.516	0.527	0.536	0.530	0.529	0.529	0.537	0.544	0.516	0.526	0.510	0.517	0.512	0.519	0.549	0.535	0.534	0.531	0.526	0.531	0.526	0.523	0.511	0.515	0.508	0.516	0.523	0.537	0.533	0.519	0.511	0.530	0.500	0.509	0.507	0.506	0.503	0.508	0.530	0.526	0.521	0.515	0.527	0.510	0.495	0.506	0.495	0.496	0.506	0.508	0.550	0.560	0.538	0.529	0.528	0.536	0.521	0.532	0.525	0.521	0.516	0.519	0.554	0.544	0.544	0.528	0.535	0.538	0.539	0.553	0.537	0.527	0.525	0.531
5	0.571	0.563	0.565	0.570	0.560	0.563	0.565	0.557	0.558	0.564	0.566	0.576	0.576	0.575	0.568	0.563	0.565	0.566	0.563	0.561	0.556	0.553	0.556	0.565	0.571	0.568	0.567	0.567	0.574	0.584	0.556	0.565	0.551	0.557	0.552	0.558	0.582	0.573	0.570	0.567	0.563	0.567	0.563	0.561	0.552	0.556	0.549	0.555	0.559	0.573	0.569	0.555	0.551	0.568	0.540	0.548	0.548	0.547	0.542	0.547	0.564	0.563	0.561	0.553	0.563	0.550	0.537	0.547	0.536	0.537	0.545	0.547	0.582	0.590	0.571	0.563	0.566	0.571	0.560	0.567	0.560	0.558	0.552	0.555	0.584	0.577	0.575	0.560	0.570	0.569	0.571	0.584	0.577	0.559	0.561	0.568
6	0.607	0.599	0.597	0.603	0.595	0.595	0.599	0.593	0.593	0.601	0.604	0.616	0.609	0.607	0.602	0.596	0.599	0.600	0.595	0.594	0.591	0.589	0.592	0.602	0.606	0.600	0.600	0.598	0.605	0.613	0.589	0.597	0.585	0.591	0.588	0.595	0.614	0.606	0.601	0.597	0.593	0.597	0.594	0.593	0.584	0.590	0.583	0.591	0.593	0.605	0.599	0.586	0.581	0.598	0.571	0.579	0.581	0.580	0.575	0.580	0.598	0.596	0.592	0.584	0.594	0.581	0.568	0.578	0.569	0.570	0.578	0.583	0.615	0.620	0.602	0.594	0.595	0.601	0.591	0.598	0.593	0.592	0.584	0.588	0.620	0.612	0.608	0.593	0.604	0.603	0.603	0.611	0.602	0.593	0.596	0.605
7	0.649	0.640	0.635	0.639	0.634	0.634	0.638	0.632	0.633	0.641	0.646	0.659	0.648	0.644	0.639	0.634	0.636	0.636	0.632	0.631	0.629	0.628	0.631	0.643	0.645	0.637	0.636	0.633	0.641	0.646	0.624	0.632	0.621	0.627	0.626	0.634	0.651	0.643	0.637	0.632	0.626	0.631	0.629	0.627	0.620	0.625	0.620	0.631	0.629	0.642	0.634	0.621	0.616	0.632	0.602	0.609	0.614	0.616	0.610	0.617	0.635	0.632	0.626	0.619	0.628	0.614	0.603	0.613	0.605	0.606	0.614	0.621	0.656	0.657	0.638	0.628	0.630	0.636	0.627	0.634	0.629	0.628	0.617	0.623	0.659	0.650	0.646	0.631	0.642	0.640	0.640	0.644	0.643	0.630	0.636	0.645
8	0.694	0.684	0.676	0.680	0.678	0.676	0.682	0.675	0.677	0.686	0.691	0.705	0.691	0.685	0.681	0.675	0.678	0.678	0.674	0.674	0.670	0.669	0.674	0.687	0.688	0.677	0.675	0.672	0.681	0.685	0.663	0.671	0.661	0.667	0.668	0.678	0.692	0.684	0.676	0.671	0.665	0.669	0.666	0.666	0.660	0.666	0.661	0.674	0.671	0.681	0.674	0.658	0.653	0.670	0.635	0.643	0.653	0.655	0.649	0.658	0.677	0.674	0.664	0.657	0.666	0.652	0.640	0.651	0.644	0.646	0.654	0.661	0.699	0.699	0.680	0.667	0.670	0.677	0.667	0.674	0.671	0.669	0.654	0.662	0.703	0.694	0.688	0.673	0.684	0.683	0.682	0.687	0.686	0.672	0.679	0.690
9	0.740	0.730	0.719	0.724	0.723	0.721	0.727	0.721	0.722	0.732	0.737	0.752	0.735	0.729	0.725	0.719	0.724	0.724	0.718	0.719	0.714	0.715	0.720	0.733	0.734	0.722	0.720	0.715	0.725	0.728	0.706	0.715	0.705	0.711	0.713	0.723	0.737	0.729	0.720	0.714	0.708	0.712	0.709	0.709	0.702	0.709	0.706	0.720	0.714	0.726	0.719	0.702	0.696	0.712	0.671	0.678	0.696	0.698	0.691	0.701	0.720	0.718	0.708	0.699	0.707	0.694	0.683	0.694	0.686	0.689	0.696	0.704	0.746	0.745	0.725	0.710	0.714	0.720	0.711	0.718	0.715	0.713	0.694	0.703	0.751	0.740	0.736	0.717	0.728	0.729	0.726	0.732	0.731	0.716	0.725	0.735
10	0.782	0.771	0.760	0.764	0.764	0.762	0.770	0.762	0.764	0.774	0.778	0.793	0.778	0.772	0.769	0.762	0.767	0.768	0.763	0.763	0.757	0.758	0.763	0.774	0.778	0.766	0.764	0.758	0.770	0.772	0.750	0.759	0.749	0.755	0.758	0.765	0.779	0.773	0.763	0.757	0.751	0.756	0.752	0.752	0.746	0.754	0.751	0.760	0.757	0.768	0.763	0.746	0.739	0.756	0.708	0.716	0.739	0.742	0.735	0.742	0.761	0.762	0.751	0.742	0.750	0.737	0.726	0.738	0.730	0.730	0.738	0.746	0.791	0.791	0.769	0.753	0.756	0.764	0.755	0.761	0.760	0.756	0.735	0.744	0.793	0.783	0.778	0.760	0.770	0.771	0.770	0.775	0.776	0.757	0.767	0.777
11	0.820	0.809	0.796	0.800	0.801	0.798	0.807	0.800	0.802	0.812	0.816	0.830	0.816	0.811	0.807	0.801	0.806	0.807	0.801	0.800	0.796	0.796	0.801	0.812	0.815	0.804	0.804	0.797	0.808	0.810	0.789	0.797	0.789	0.793	0.796	0.802	0.817	0.811	0.803	0.796	0.792	0.794	0.791	0.792	0.784	0.791	0.789	0.798	0.797	0.807	0.802	0.786	0.779	0.796	0.745	0.752	0.779	0.780	0.773	0.779	0.803	0.801	0.792	0.780	0.790	0.776	0.766	0.778	0.769	0.769	0.776	0.782	0.828	0.829	0.808	0.792	0.796	0.803	0.794	0.801	0.797	0.794	0.772	0.780	0.832	0.822	0.817	0.798	0.809	0.809	0.809	0.813	0.812	0.794	0.803	0.812
12	0.856	0.845	0.831	0.835	0.837	0.834	0.843	0.837	0.838	0.848	0.852	0.867	0.852	0.847	0.843	0.839	0.844	0.844	0.838	0.837	0.832	0.833	0.838	0.848	0.852	0.840	0.840	0.834	0.846	0.847	0.825	0.833	0.826	0.829	0.833	0.838	0.852	0.849	0.839	0.832	0.826	0.832	0.828	0.828	0.820	0.827	0.825	0.834	0.831	0.844	0.840	0.821	0.815	0.832	0.774	0.781	0.815	0.817	0.809	0.814	0.838	0.839	0.827	0.816	0.827	0.812	0.802	0.814	0.805	0.805	0.813	0.817	0.865	0.867	0.846	0.828	0.833	0.840	0.832	0.838	0.836	0.831	0.804	0.812	0.869	0.860	0.853	0.835	0.845	0.846	0.846	0.850	0.849	0.829	0.840	0.849
13	0.892	0.880	0.864	0.869	0.872	0.867	0.879	0.871	0.873	0.882	0.885	0.900	0.888	0.882	0.880	0.874	0.880	0.881	0.874	0.873	0.867	0.869	0.874	0.883	0.886	0.875	0.876	0.869	0.882	0.882	0.861	0.869	0.863	0.864	0.870	0.874	0.888	0.885	0.875	0.868	0.861	0.870	0.864	0.864	0.856	0.863	0.862	0.870	0.866	0.880	0.876	0.858	0.851	0.867	0.802	0.808	0.851	0.852	0.843	0.848	0.873	0.873	0.863	0.851	0.862	0.848	0.838	0.849	0.840	0.840	0.846	0.852	0.899	0.901	0.882	0.863	0.868	0.875	0.867	0.875	0.871	0.867	0.836	0.843	0.906	0.895	0.890	0.870	0.880	0.882	0.880	0.886	0.882	0.865	0.876	0.883
14	0.926	0.913	0.898	0.902	0.906	0.900	0.913	0.905	0.906	0.917	0.919	0.932	0.922	0.919	0.914	0.910	0.916	0.917	0.910	0.909	0.903	0.904	0.909	0.917	0.921	0.910	0.912	0.905	0.919	0.919	0.897	0.904	0.899	0.900	0.906	0.907	0.922	0.920	0.912	0.904	0.898	0.905	0.901	0.900	0.892	0.899	0.897	0.904	0.900	0.916	0.913	0.895	0.889	0.904	0.829	0.836	0.888	0.888	0.878	0.881	0.909	0.908	0.900	0.888	0.898	0.884	0.875	0.886	0.876	0.876	0.882	0.885	0.933	0.937	0.918	0.899	0.903	0.911	0.904	0.911	0.908	0.902	0.867	0.874	0.939	0.930	0.924	0.904	0.915	0.916	0.916	0.921	0.916	0.898	0.909	0.916
15	0.956	0.945	0.929	0.933	0.937	0.931	0.944	0.936	0.937	0.948	0.948	0.961	0.953	0.951	0.948	0.943	0.949	0.950	0.943	0.942	0.934	0.936	0.941	0.947	0.952	0.943	0.946	0.938	0.953	0.952	0.932	0.938	0.932	0.932	0.939	0.939	0.954	0.954	0.946	0.938	0.932	0.940	0.934	0.935	0.926	0.933	0.931	0.936	0.933	0.951	0.948	0.930	0.923	0.939	0.856	0.862	0.922	0.922	0.911	0.914	0.942	0.942	0.935	0.921	0.933	0.917	0.909	0.920	0.911	0.909	0.914	0.917	0.963	0.970	0.951	0.932	0.938	0.944	0.938	0.944	0.942	0.935	0.895	0.903	0.971	0.962	0.956	0.937	0.946	0.948	0.948	0.953	0.950	0.930	0.940	0.946
16	0.982	0.973	0.957	0.961	0.964	0.958	0.973	0.964	0.965	0.976	0.976	0.987	0.982	0.980	0.978	0.974	0.980	0.980	0.973	0.972	0.965	0.966	0.971	0.976	0.981	0.973	0.977	0.968	0.984	0.983	0.961	0.968	0.964	0.963	0.970	0.966	0.982	0.985	0.978	0.970	0.964	0.971	0.966	0.965	0.958	0.964	0.962	0.965	0.962	0.981	0.980	0.962	0.956	0.970	0.881	0.886	0.954	0.954	0.941	0.942	0.973	0.973	0.968	0.953	0.965	0.949	0.942	0.952	0.943	0.940	0.945	0.946	0.990	0.998	0.982	0.963	0.967	0.976	0.969	0.976	0.973	0.965	0.924	0.929	0.998	0.991	0.985	0.965	0.974	0.976	0.978	0.979	0.980	0.958	0.967	0.972
17	1.004	0.997	0.983	0.986	0.987	0.980	0.996	0.987	0.988	0.999	0.999	1.008	1.005	1.005	1.003	0.999	1.005	1.005	0.999	0.997	0.989	0.992	0.996	0.999	1.006	0.999	1.004	0.995	1.012	1.010	0.989	0.995	0.991	0.990	0.995	0.990	1.006	1.011	1.004	0.998	0.992	1.000	0.994	0.993	0.985	0.991	0.989	0.989	0.987	1.008	1.007	0.989	0.984	0.997	0.904	0.910	0.981	0.982	0.969	0.967	0.998	0.999	0.995	0.980	0.992	0.975	0.968	0.980	0.969	0.968	0.971	0.971	1.014	1.024	1.009	0.990	0.994	1.002	0.994	1.002	0.997	0.990	0.949	0.953	1.020	1.016	1.009	0.990	0.998	1.000	1.001	1.005	1.000	0.981	0.991	0.995
18	1.024	1.017	1.004	1.007	1.007	1.000	1.016	1.008	1.008	1.019	1.018	1.026	1.026	1.026	1.025	1.022	1.028	1.029	1.022	1.019	1.011	1.014	1.018	1.019	1.026	1.021	1.028	1.016	1.036	1.034	1.013	1.019	1.014	1.012	1.017	1.011	1.028	1.036	1.028	1.022	1.016	1.025	1.018	1.019	1.010	1.015	1.011	1.010	1.008	1.031	1.032	1.013	1.009	1.024	0.926	0.932	1.006	1.005	0.992	0.989	1.022	1.022	1.018	1.005	1.018	1.001	0.993	1.004	0.994	0.992	0.994	0.991	1.035	1.049	1.029	1.013	1.017	1.025	1.020	1.026	1.022	1.012	0.972	0.976	1.039	1.036	1.031	1.012	1.020	1.023	1.023	1.025	1.026	1.002	1.011	1.015
19	1.040	1.034	1.022	1.024	1.024	1.018	1.033	1.025	1.025	1.036	1.033	1.042	1.042	1.044	1.043	1.040	1.047	1.047	1.039	1.038	1.030	1.032	1.035	1.036	1.043	1.040	1.048	1.037	1.057	1.054	1.035	1.039	1.035	1.032	1.036	1.028	1.046	1.054	1.048	1.044	1.037	1.046	1.038	1.039	1.030	1.036	1.030	1.028	1.026	1.051	1.053	1.034	1.030	1.045	0.946	0.952	1.028	1.024	1.012	1.008	1.039	1.041	1.041	1.026	1.038	1.021	1.014	1.026	1.017	1.012	1.014	1.011	1.051	1.065	1.051	1.034	1.039	1.044	1.039	1.045	1.040	1.031	0.992	0.995	1.054	1.052	1.048	1.028	1.038	1.038	1.039	1.043	1.040	1.018	1.028	1.031
20	1.054	1.048	1.037	1.040	1.038	1.031	1.047	1.039	1.039	1.049	1.047	1.053	1.057	1.058	1.059	1.055	1.061	1.062	1.055	1.053	1.045	1.047	1.050	1.049	1.056	1.055	1.063	1.052	1.074	1.070	1.051	1.055	1.051	1.047	1.051	1.042	1.059	1.069	1.064	1.059	1.054	1.063	1.054	1.056	1.046	1.052	1.047	1.042	1.041	1.066	1.070	1.051	1.046	1.063	0.964	0.970	1.045	1.040	1.028	1.024	1.055	1.056	1.057	1.042	1.055	1.038	1.030	1.042	1.032	1.028	1.029	1.026	1.064	1.079	1.063	1.049	1.052	1.061	1.055	1.059	1.056	1.045	1.010	1.012	1.067	1.066	1.062	1.043	1.052	1.052	1.053	1.057	1.054	1.032	1.043	1.045
21	1.063	1.058	1.049	1.052	1.049	1.042	1.058	1.050	1.050	1.059	1.057	1.062	1.067	1.071	1.070	1.066	1.073	1.073	1.066	1.064	1.057	1.058	1.061	1.060	1.067	1.067	1.076	1.065	1.086	1.083	1.063	1.068	1.063	1.059	1.063	1.053	1.071	1.081	1.076	1.073	1.067	1.077	1.068	1.069	1.060	1.065	1.059	1.054	1.052	1.079	1.084	1.065	1.062	1.075	0.980	0.986	1.060	1.054	1.042	1.036	1.060	1.067	1.070	1.055	1.068	1.052	1.043	1.056	1.045	1.040	1.042	1.038	1.074	1.093	1.075	1.061	1.066	1.072	1.067	1.072	1.068	1.057	1.025	1.027	1.076	1.077	1.073	1.053	1.062	1.064	1.063	1.067	1.062	1.044	1.054	1.055
22	1.069	1.067	1.060	1.062	1.058	1.049	1.067	1.059	1.058	1.067	1.065	1.070	1.076	1.079	1.079	1.075	1.081	1.083	1.075	1.074	1.066	1.067	1.070	1.069	1.076	1.077	1.085	1.074	1.096	1.092	1.073	1.077	1.072	1.069	1.071	1.062	1.078	1.090	1.087	1.083	1.078	1.088	1.080	1.080	1.070	1.074	1.068	1.063	1.062	1.087	1.093	1.076	1.073	1.087	0.994	1.000	1.069	1.065	1.052	1.046	1.069	1.076	1.077	1.065	1.080	1.063	1.054	1.067	1.056	1.050	1.052	1.048	1.082	1.099	1.084	1.071	1.075	1.082	1.076	1.083	1.077	1.067	1.038	1.038	1.084	1.084	1.080	1.062	1.072	1.072	1.071	1.075	1.072	1.052	1.063	1.064
23	1.076	1.075	1.065	1.069	1.064	1.056	1.074	1.064	1.064	1.074	1.072	1.077	1.083	1.086	1.086	1.081	1.088	1.089	1.081	1.079	1.073	1.074	1.076	1.075	1.083	1.085	1.091	1.081	1.102	1.099	1.080	1.084	1.080	1.075	1.077	1.070	1.084	1.097	1.092	1.090	1.084	1.093	1.086	1.087	1.077	1.081	1.075	1.071	1.071	1.093	1.101	1.084	1.080	1.094	1.008	1.010	1.077	1.071	1.060	1.054	1.078	1.083	1.086	1.073	1.086	1.070	1.060	1.074	1.063	1.057	1.059	1.054	1.088	1.104	1.091	1.078	1.083	1.087	1.082	1.087	1.083	1.074	1.048	1.049	1.087	1.090	1.086	1.069	1.079	1.079	1.077	1.081	1.080	1.059	1.070	1.071
