Time	A1	A2	A3	A4	A5	A6	A7	A8	A9	A10	A11	A12	B1	B2	B3	B4	B5	B6	B7	B8	B9	B10	B11	B12	C1	C2	C3	C4	C5	C6	C7	C8	C9	C10	C11	C12	D1	D2	D3	D4	D5	D6	D7	D8	D9	D10	D11	D12	E1	E2	E3	E4	E5	E6	E7	E8	E9	E10	E11	E12	F1	F2	F3	F4	F5	F6	F7	F8	F9	F10	F11	F12	G1	G2	G3	G4	G5	G6	G7	G8	G9	G10	G11	G12	H1	H2	H3	H4	H5	H6	H7	H8	H9	H10	H11	H12
0	0.191	0.190	0.188	0.198	0.213	0.257	0.250	0.205	0.201	0.203	0.208	0.200	0.192	0.201	0.201	0.194	0.197	0.199	0.205	0.198	0.211	0.196	0.200	0.214	0.199	0.517	0.193	0.191	0.196	0.199	0.194	0.202	0.198	0.196	0.207	0.195	0.211	0.216	0.236	0.207	0.192	0.195	0.193	0.191	0.211	0.214	0.219	0.210	0.197	0.207	0.197	0.194	0.196	0.198	0.195	0.196	0.196	0.194	0.200	0.194	0.215	0.212	0.212	0.198	0.203	0.188	0.210	0.187	0.197	0.191	0.198	0.188	0.216	0.194	0.226	0.194	0.198	0.188	0.190	0.188	0.188	0.182	0.189	0.183	0.207	0.197	0.193	0.369	0.183	0.186	0.186	0.184	0.184	0.179	0.179	0.187
1	0.277	0.273	0.254	0.264	0.276	0.257	0.285	0.274	0.273	0.280	0.280	0.288	0.267	0.262	0.257	0.254	0.254	0.258	0.257	0.272	0.277	0.261	0.272	0.291	0.275	0.276	0.249	0.238	0.245	0.246	0.236	0.250	0.247	0.252	0.267	0.268	0.267	0.267	0.277	0.248	0.241	0.240	0.242	0.236	0.254	0.258	0.267	0.264	0.257	0.262	0.246	0.240	0.240	0.251	0.242	0.241	0.242	0.247	0.251	0.257	0.268	0.263	0.256	0.243	0.250	0.228	0.251	0.227	0.236	0.239	0.252	0.254	0.281	0.254	0.276	0.244	0.276	0.232	0.234	0.235	0.238	0.239	0.247	0.256	0.284	0.268	0.255	0.233	0.244	0.246	0.251	0.251	0.251	0.247	0.262	0.270
2	0.419	0.439	0.374	0.442	0.396	0.419	0.409	0.454	0.440	0.435	0.432	0.424	0.432	0.422	0.424	0.437	0.417	0.428	0.418	0.438	0.442	0.418	0.438	0.441	0.457	0.388	0.414	0.411	0.441	0.415	0.393	0.403	0.407	0.422	0.419	0.417	0.410	0.419	0.417	0.395	0.426	0.440	0.417	0.405	0.393	0.391	0.392	0.395	0.419	0.433	0.410	0.415	0.400	0.434	0.408	0.400	0.408	0.405	0.390	0.385	0.406	0.405	0.394	0.392	0.411	0.393	0.397	0.362	0.367	0.375	0.386	0.376	0.439	0.424	0.440	0.416	0.383	0.379	0.365	0.365	0.364	0.360	0.377	0.363	0.445	0.438	0.400	0.467	0.340	0.377	0.363	0.369	0.367	0.359	0.388	0.385
3	0.512	0.535	0.453	0.532	0.485	0.502	0.497	0.540	0.530	0.520	0.518	0.519	0.498	0.510	0.519	0.529	0.516	0.520	0.511	0.523	0.530	0.508	0.525	0.525	0.542	0.484	0.509	0.516	0.544	0.520	0.499	0.497	0.503	0.511	0.505	0.499	0.500	0.533	0.549	0.534	0.563	0.572	0.526	0.509	0.534	0.509	0.496	0.478	0.502	0.535	0.503	0.503	0.528	0.537	0.539	0.509	0.519	0.501	0.479	0.462	0.498	0.511	0.528	0.488	0.519	0.519	0.490	0.453	0.454	0.465	0.468	0.451	0.521	0.513	0.533	0.527	0.489	0.477	0.447	0.451	0.447	0.438	0.464	0.432	0.529	0.524	0.481	0.476	0.415	0.471	0.439	0.445	0.438	0.431	0.478	0.468
4	0.587	0.612	0.530	0.622	0.559	0.588	0.574	0.623	0.611	0.607	0.604	0.591	0.593	0.602	0.608	0.620	0.604	0.608	0.595	0.608	0.613	0.593	0.614	0.603	0.636	0.542	0.590	0.598	0.623	0.601	0.573	0.581	0.595	0.593	0.591	0.584	0.554	0.572	0.582	0.561	0.637	0.644	0.600	0.584	0.567	0.550	0.550	0.537	0.585	0.608	0.584	0.584	0.609	0.609	0.618	0.589	0.599	0.582	0.569	0.543	0.550	0.557	0.564	0.569	0.612	0.587	0.544	0.522	0.519	0.545	0.553	0.530	0.612	0.607	0.624	0.607	0.575	0.564	0.524	0.535	0.526	0.520	0.555	0.499	0.616	0.619	0.576	0.548	0.477	0.548	0.518	0.529	0.514	0.503	0.570	0.539
5	0.600	0.629	0.553	0.630	0.578	0.601	0.583	0.631	0.624	0.621	0.616	0.609	0.611	0.626	0.638	0.654	0.637	0.645	0.627	0.638	0.640	0.620	0.636	0.623	0.661	0.574	0.630	0.646	0.668	0.650	0.629	0.630	0.643	0.632	0.619	0.606	0.598	0.615	0.628	0.605	0.684	0.692	0.651	0.631	0.608	0.595	0.596	0.581	0.618	0.653	0.637	0.642	0.663	0.670	0.671	0.642	0.644	0.623	0.605	0.568	0.596	0.601	0.611	0.618	0.667	0.642	0.597	0.576	0.571	0.586	0.585	0.557	0.630	0.637	0.662	0.644	0.617	0.611	0.563	0.575	0.564	0.556	0.583	0.521	0.632	0.636	0.593	0.572	0.518	0.569	0.545	0.555	0.538	0.529	0.597	0.562
6	0.619	0.649	0.573	0.651	0.596	0.622	0.603	0.652	0.645	0.639	0.631	0.628	0.623	0.638	0.648	0.661	0.652	0.660	0.643	0.652	0.652	0.633	0.649	0.636	0.672	0.591	0.642	0.660	0.673	0.665	0.640	0.643	0.655	0.645	0.635	0.622	0.630	0.652	0.666	0.645	0.701	0.702	0.665	0.647	0.647	0.634	0.632	0.611	0.631	0.666	0.653	0.663	0.669	0.688	0.685	0.657	0.657	0.633	0.618	0.587	0.628	0.636	0.651	0.632	0.677	0.648	0.609	0.593	0.590	0.601	0.601	0.575	0.640	0.650	0.673	0.654	0.629	0.624	0.581	0.587	0.580	0.572	0.599	0.538	0.645	0.648	0.604	0.588	0.561	0.584	0.562	0.573	0.555	0.547	0.614	0.580
7	0.633	0.664	0.590	0.665	0.613	0.638	0.618	0.667	0.662	0.656	0.646	0.646	0.636	0.651	0.661	0.673	0.668	0.675	0.659	0.664	0.667	0.647	0.664	0.650	0.681	0.606	0.652	0.674	0.683	0.679	0.647	0.658	0.669	0.659	0.650	0.640	0.647	0.672	0.687	0.666	0.702	0.706	0.676	0.658	0.670	0.653	0.651	0.629	0.647	0.679	0.669	0.684	0.680	0.699	0.688	0.667	0.667	0.646	0.633	0.603	0.645	0.657	0.672	0.647	0.688	0.662	0.619	0.609	0.606	0.618	0.618	0.592	0.654	0.663	0.685	0.667	0.641	0.634	0.598	0.602	0.597	0.589	0.617	0.554	0.657	0.662	0.619	0.605	0.517	0.600	0.579	0.590	0.572	0.563	0.632	0.596
8	0.639	0.670	0.599	0.672	0.622	0.648	0.629	0.677	0.670	0.665	0.653	0.652	0.644	0.657	0.669	0.682	0.680	0.688	0.672	0.673	0.676	0.657	0.673	0.659	0.688	0.619	0.664	0.688	0.696	0.691	0.661	0.671	0.682	0.669	0.660	0.648	0.657	0.687	0.701	0.678	0.706	0.712	0.685	0.668	0.685	0.668	0.666	0.644	0.660	0.688	0.683	0.700	0.692	0.708	0.690	0.675	0.677	0.653	0.643	0.611	0.656	0.671	0.689	0.659	0.698	0.673	0.631	0.625	0.621	0.631	0.629	0.598	0.662	0.673	0.695	0.675	0.650	0.641	0.609	0.615	0.609	0.600	0.627	0.560	0.665	0.669	0.625	0.615	0.523	0.607	0.588	0.597	0.577	0.572	0.640	0.601
9	0.645	0.675	0.606	0.676	0.629	0.652	0.636	0.682	0.675	0.671	0.661	0.658	0.648	0.663	0.672	0.687	0.685	0.691	0.677	0.679	0.682	0.664	0.679	0.667	0.689	0.624	0.668	0.693	0.695	0.696	0.673	0.678	0.688	0.675	0.665	0.654	0.668	0.695	0.709	0.688	0.708	0.714	0.689	0.674	0.696	0.679	0.674	0.653	0.668	0.694	0.688	0.706	0.693	0.711	0.689	0.682	0.680	0.658	0.650	0.618	0.665	0.680	0.701	0.664	0.701	0.674	0.644	0.636	0.634	0.637	0.634	0.605	0.667	0.677	0.699	0.681	0.656	0.647	0.614	0.622	0.617	0.607	0.632	0.567	0.669	0.673	0.633	0.622	0.530	0.614	0.593	0.603	0.583	0.576	0.644	0.608
10	0.650	0.678	0.613	0.680	0.635	0.658	0.643	0.688	0.679	0.677	0.669	0.665	0.652	0.666	0.677	0.691	0.692	0.698	0.685	0.685	0.690	0.669	0.683	0.672	0.692	0.631	0.673	0.698	0.699	0.701	0.678	0.686	0.695	0.682	0.673	0.660	0.675	0.705	0.719	0.699	0.712	0.714	0.696	0.680	0.706	0.692	0.684	0.663	0.672	0.698	0.696	0.710	0.697	0.713	0.693	0.687	0.686	0.665	0.652	0.626	0.674	0.691	0.710	0.669	0.703	0.678	0.651	0.646	0.642	0.645	0.640	0.610	0.672	0.682	0.704	0.688	0.660	0.653	0.620	0.626	0.625	0.613	0.638	0.574	0.674	0.677	0.640	0.629	0.538	0.621	0.599	0.608	0.588	0.582	0.651	0.615
11	0.658	0.683	0.622	0.683	0.641	0.664	0.645	0.692	0.687	0.683	0.675	0.674	0.657	0.670	0.683	0.694	0.698	0.702	0.689	0.687	0.695	0.674	0.689	0.679	0.697	0.636	0.678	0.704	0.701	0.707	0.680	0.689	0.697	0.687	0.677	0.666	0.682	0.710	0.726	0.707	0.716	0.717	0.699	0.683	0.714	0.699	0.688	0.670	0.678	0.698	0.698	0.707	0.702	0.716	0.694	0.692	0.691	0.668	0.653	0.633	0.680	0.698	0.718	0.671	0.707	0.682	0.655	0.648	0.644	0.648	0.647	0.618	0.678	0.684	0.706	0.691	0.660	0.656	0.627	0.630	0.629	0.619	0.642	0.583	0.682	0.682	0.645	0.636	0.545	0.627	0.604	0.614	0.594	0.587	0.657	0.625
12	0.663	0.689	0.631	0.689	0.649	0.672	0.651	0.701	0.693	0.691	0.682	0.681	0.662	0.677	0.688	0.700	0.705	0.709	0.693	0.695	0.702	0.683	0.696	0.685	0.699	0.645	0.684	0.711	0.708	0.713	0.685	0.697	0.705	0.695	0.685	0.674	0.691	0.715	0.729	0.711	0.723	0.719	0.708	0.691	0.720	0.704	0.695	0.678	0.682	0.702	0.701	0.711	0.706	0.722	0.703	0.699	0.697	0.677	0.661	0.642	0.686	0.703	0.724	0.677	0.713	0.687	0.662	0.655	0.653	0.656	0.655	0.626	0.687	0.691	0.713	0.696	0.668	0.663	0.635	0.637	0.637	0.626	0.650	0.592	0.689	0.689	0.654	0.646	0.553	0.636	0.610	0.623	0.601	0.593	0.665	0.633
13	0.670	0.695	0.638	0.691	0.655	0.676	0.655	0.704	0.698	0.697	0.687	0.686	0.666	0.680	0.692	0.705	0.709	0.713	0.697	0.697	0.704	0.687	0.700	0.691	0.702	0.650	0.685	0.715	0.710	0.715	0.683	0.699	0.707	0.697	0.692	0.680	0.698	0.719	0.733	0.714	0.732	0.725	0.714	0.695	0.725	0.709	0.703	0.686	0.689	0.703	0.704	0.709	0.711	0.725	0.713	0.702	0.702	0.680	0.666	0.650	0.691	0.708	0.729	0.683	0.717	0.690	0.667	0.658	0.658	0.656	0.659	0.631	0.692	0.693	0.715	0.695	0.671	0.662	0.641	0.642	0.640	0.633	0.655	0.599	0.695	0.695	0.660	0.652	0.560	0.640	0.615	0.626	0.606	0.597	0.671	0.641
14	0.676	0.702	0.645	0.695	0.661	0.683	0.661	0.709	0.703	0.703	0.694	0.694	0.672	0.684	0.695	0.709	0.714	0.716	0.700	0.702	0.708	0.692	0.704	0.695	0.704	0.655	0.688	0.718	0.714	0.719	0.686	0.705	0.712	0.701	0.697	0.685	0.705	0.724	0.736	0.720	0.738	0.726	0.720	0.699	0.731	0.714	0.709	0.695	0.693	0.709	0.707	0.712	0.716	0.730	0.714	0.707	0.707	0.686	0.671	0.657	0.699	0.716	0.734	0.688	0.723	0.695	0.673	0.664	0.664	0.661	0.666	0.638	0.697	0.697	0.719	0.698	0.675	0.666	0.645	0.648	0.645	0.639	0.660	0.606	0.699	0.701	0.667	0.659	0.567	0.646	0.619	0.631	0.611	0.600	0.677	0.650
15	0.683	0.708	0.652	0.699	0.668	0.688	0.665	0.712	0.709	0.709	0.700	0.700	0.678	0.690	0.699	0.714	0.720	0.721	0.706	0.709	0.713	0.697	0.708	0.700	0.707	0.661	0.695	0.721	0.718	0.721	0.692	0.709	0.714	0.705	0.701	0.691	0.712	0.731	0.741	0.724	0.737	0.731	0.721	0.704	0.734	0.718	0.716	0.705	0.701	0.715	0.712	0.718	0.721	0.732	0.713	0.707	0.708	0.689	0.677	0.664	0.707	0.722	0.739	0.694	0.726	0.698	0.680	0.671	0.669	0.666	0.671	0.644	0.703	0.703	0.722	0.703	0.680	0.672	0.651	0.653	0.650	0.644	0.665	0.613	0.705	0.707	0.673	0.665	0.574	0.651	0.623	0.635	0.617	0.604	0.683	0.657
16	0.691	0.714	0.660	0.702	0.674	0.694	0.670	0.718	0.715	0.715	0.707	0.707	0.684	0.695	0.703	0.718	0.725	0.725	0.711	0.714	0.718	0.702	0.713	0.706	0.711	0.667	0.697	0.724	0.721	0.726	0.695	0.716	0.718	0.709	0.706	0.697	0.721	0.740	0.746	0.730	0.736	0.735	0.724	0.709	0.740	0.725	0.723	0.713	0.707	0.721	0.717	0.724	0.723	0.736	0.712	0.712	0.712	0.694	0.682	0.671	0.717	0.729	0.746	0.700	0.726	0.703	0.688	0.678	0.675	0.672	0.676	0.650	0.709	0.709	0.726	0.705	0.685	0.676	0.656	0.658	0.655	0.651	0.670	0.620	0.711	0.713	0.680	0.672	0.582	0.657	0.627	0.641	0.622	0.608	0.689	0.665
17	0.701	0.721	0.669	0.708	0.682	0.701	0.675	0.725	0.723	0.722	0.714	0.715	0.690	0.702	0.709	0.725	0.731	0.731	0.716	0.720	0.722	0.707	0.719	0.712	0.715	0.672	0.703	0.729	0.727	0.731	0.700	0.721	0.724	0.715	0.712	0.704	0.730	0.746	0.753	0.737	0.740	0.739	0.729	0.714	0.746	0.732	0.731	0.723	0.715	0.729	0.725	0.730	0.725	0.741	0.716	0.716	0.717	0.699	0.689	0.678	0.724	0.736	0.752	0.705	0.730	0.708	0.696	0.687	0.683	0.677	0.682	0.656	0.717	0.715	0.732	0.711	0.691	0.681	0.662	0.664	0.660	0.658	0.675	0.627	0.719	0.718	0.687	0.680	0.590	0.662	0.632	0.649	0.629	0.611	0.694	0.674
18	0.710	0.728	0.679	0.712	0.690	0.707	0.681	0.732	0.730	0.730	0.723	0.723	0.697	0.707	0.714	0.731	0.737	0.737	0.724	0.726	0.729	0.713	0.727	0.718	0.719	0.678	0.709	0.733	0.733	0.737	0.705	0.727	0.731	0.721	0.719	0.712	0.739	0.754	0.761	0.747	0.743	0.743	0.734	0.720	0.753	0.740	0.740	0.733	0.722	0.737	0.733	0.738	0.730	0.747	0.723	0.721	0.724	0.706	0.696	0.686	0.732	0.744	0.760	0.712	0.736	0.714	0.703	0.694	0.691	0.683	0.689	0.664	0.724	0.721	0.738	0.716	0.696	0.686	0.668	0.670	0.666	0.665	0.681	0.636	0.726	0.725	0.695	0.688	0.598	0.670	0.637	0.657	0.636	0.615	0.700	0.684
19	0.720	0.737	0.688	0.716	0.698	0.715	0.686	0.738	0.739	0.739	0.731	0.732	0.705	0.716	0.722	0.736	0.743	0.744	0.730	0.732	0.734	0.720	0.733	0.725	0.723	0.684	0.716	0.738	0.737	0.742	0.711	0.733	0.737	0.728	0.727	0.720	0.748	0.763	0.766	0.753	0.745	0.744	0.740	0.726	0.761	0.749	0.748	0.742	0.731	0.745	0.741	0.745	0.735	0.751	0.727	0.727	0.728	0.711	0.702	0.695	0.741	0.754	0.767	0.718	0.742	0.719	0.711	0.704	0.700	0.689	0.695	0.673	0.732	0.728	0.744	0.722	0.703	0.692	0.676	0.677	0.672	0.674	0.687	0.645	0.734	0.732	0.703	0.697	0.605	0.678	0.642	0.663	0.644	0.621	0.706	0.694
20	0.728	0.746	0.699	0.722	0.707	0.724	0.693	0.746	0.747	0.748	0.740	0.742	0.713	0.724	0.730	0.743	0.750	0.750	0.737	0.739	0.740	0.726	0.740	0.733	0.728	0.691	0.723	0.746	0.744	0.748	0.717	0.740	0.742	0.735	0.735	0.729	0.758	0.772	0.776	0.762	0.753	0.749	0.744	0.732	0.768	0.756	0.758	0.751	0.741	0.754	0.750	0.756	0.743	0.758	0.733	0.734	0.735	0.718	0.708	0.704	0.750	0.762	0.775	0.726	0.747	0.725	0.721	0.712	0.710	0.697	0.702	0.681	0.739	0.735	0.749	0.728	0.709	0.697	0.682	0.682	0.678	0.682	0.693	0.654	0.743	0.742	0.712	0.705	0.614	0.687	0.648	0.672	0.652	0.624	0.713	0.704
21	0.739	0.755	0.708	0.728	0.717	0.733	0.700	0.755	0.756	0.757	0.750	0.752	0.723	0.735	0.739	0.750	0.759	0.757	0.745	0.746	0.747	0.735	0.749	0.740	0.733	0.699	0.730	0.753	0.750	0.754	0.724	0.746	0.749	0.742	0.742	0.737	0.766	0.780	0.783	0.769	0.760	0.754	0.751	0.739	0.776	0.766	0.767	0.761	0.750	0.763	0.759	0.765	0.749	0.763	0.738	0.740	0.740	0.724	0.714	0.713	0.761	0.770	0.783	0.732	0.753	0.732	0.731	0.722	0.719	0.703	0.709	0.690	0.748	0.744	0.756	0.735	0.717	0.703	0.690	0.689	0.684	0.691	0.700	0.663	0.753	0.751	0.721	0.715	0.623	0.696	0.655	0.680	0.662	0.630	0.720	0.714
22	0.751	0.765	0.720	0.736	0.727	0.745	0.707	0.765	0.767	0.768	0.760	0.764	0.732	0.745	0.750	0.757	0.769	0.766	0.754	0.755	0.755	0.744	0.759	0.749	0.740	0.706	0.740	0.763	0.759	0.764	0.733	0.756	0.757	0.750	0.752	0.748	0.778	0.790	0.794	0.780	0.767	0.764	0.757	0.748	0.786	0.776	0.779	0.772	0.762	0.773	0.770	0.777	0.759	0.773	0.746	0.750	0.749	0.735	0.722	0.725	0.772	0.780	0.793	0.740	0.762	0.740	0.742	0.734	0.729	0.713	0.720	0.700	0.758	0.753	0.767	0.743	0.724	0.711	0.699	0.698	0.693	0.701	0.706	0.674	0.763	0.759	0.733	0.725	0.634	0.707	0.661	0.692	0.674	0.635	0.728	0.725
23	0.762	0.774	0.730	0.744	0.738	0.754	0.714	0.776	0.777	0.778	0.771	0.774	0.745	0.755	0.759	0.765	0.776	0.774	0.762	0.763	0.762	0.752	0.767	0.758	0.746	0.713	0.747	0.769	0.767	0.771	0.741	0.764	0.764	0.758	0.761	0.758	0.788	0.799	0.802	0.787	0.773	0.772	0.766	0.756	0.794	0.786	0.787	0.782	0.772	0.782	0.779	0.787	0.767	0.779	0.755	0.757	0.756	0.741	0.730	0.734	0.782	0.788	0.801	0.748	0.770	0.747	0.750	0.744	0.739	0.721	0.729	0.710	0.767	0.761	0.776	0.750	0.730	0.716	0.707	0.706	0.700	0.712	0.714	0.684	0.772	0.769	0.743	0.735	0.645	0.718	0.668	0.703	0.684	0.642	0.735	0.736
