

Software Version	3.11.19



Experiment File Path:	C:\Users\patil-group\Desktop\Sweeteners_stacker\021221_NT5076_83_24007_Rep2\NT5076_83_24007_Rep2.xpt
Protocol File Path:	C:\Users\Public\Documents\Protocols\Screening-protocol.prt



Plate Number	Plate 5
Date	02/12/2021
Time	12:16:17
Reader Type:	Epoch 2
Reader Serial Number:	2103223
Reading Type	Reader

Procedure Details

Plate Type	96 WELL PLATE
Discontinuous Kinetics	Runtime 1:00:00 (D:HH:MM), Interval 0:01:00, 25 Reads
	Pause after each run
Eject plate on completion	
Shake	Linear: 0:00:30 (HH:MM:SS)
	Frequency: 567 cpm (3 mm)
Read	Absorbance Endpoint
	Full Plate
	Wavelengths:  600
	Read Speed: Normal,  Delay: 100 msec,  Measurements/Data Point: 8

600

Time	T° 600	A1	A2	A3	A4	A5	A6	A7	A8	A9	A10	A11	A12	B1	B2	B3	B4	B5	B6	B7	B8	B9	B10	B11	B12	C1	C2	C3	C4	C5	C6	C7	C8	C9	C10	C11	C12	D1	D2	D3	D4	D5	D6	D7	D8	D9	D10	D11	D12	E1	E2	E3	E4	E5	E6	E7	E8	E9	E10	E11	E12	F1	F2	F3	F4	F5	F6	F7	F8	F9	F10	F11	F12	G1	G2	G3	G4	G5	G6	G7	G8	G9	G10	G11	G12	H1	H2	H3	H4	H5	H6	H7	H8	H9	H10	H11	H12
0:00:34	34.3	0.176	0.176	0.171	0.171	0.171	0.169	0.173	0.170	0.177	0.172	0.171	0.173	0.171	0.173	0.173	0.172	0.166	0.169	0.169	0.175	0.164	0.172	0.171	0.184	0.177	0.176	0.173	0.168	0.167	0.172	0.171	0.182	0.172	0.190	0.172	0.175	0.173	0.174	0.171	0.171	0.175	0.167	0.165	0.173	0.171	0.172	0.173	0.172	0.172	0.175	0.173	0.176	0.172	0.172	0.172	0.176	0.175	0.170	0.167	0.172	0.167	0.171	0.173	0.173	0.177	0.172	0.172	0.174	0.174	0.172	0.173	0.178	0.173	0.171	0.170	0.173	0.170	0.172	0.172	0.170	0.174	0.177	0.179	0.180	0.173	0.172	0.172	0.168	0.171	0.173	0.171	0.172	0.173	0.178	0.172	0.170
1:00:34	34.6	0.175	0.174	0.169	0.171	0.170	0.168	0.174	0.169	0.176	0.171	0.170	0.173	0.170	0.172	0.172	0.171	0.166	0.168	0.169	0.174	0.164	0.171	0.169	0.183	0.176	0.175	0.172	0.167	0.166	0.171	0.170	0.181	0.172	0.188	0.171	0.174	0.172	0.173	0.170	0.170	0.174	0.166	0.164	0.172	0.170	0.172	0.172	0.171	0.171	0.173	0.172	0.175	0.171	0.171	0.171	0.175	0.174	0.169	0.166	0.172	0.167	0.169	0.172	0.172	0.176	0.172	0.170	0.173	0.173	0.171	0.171	0.177	0.172	0.170	0.169	0.172	0.169	0.172	0.171	0.169	0.173	0.176	0.178	0.179	0.172	0.171	0.171	0.167	0.170	0.173	0.170	0.172	0.173	0.177	0.171	0.169
2:00:34	34.6	0.174	0.173	0.169	0.170	0.169	0.167	0.172	0.169	0.176	0.171	0.170	0.173	0.169	0.171	0.172	0.170	0.165	0.168	0.168	0.173	0.164	0.170	0.169	0.183	0.176	0.174	0.172	0.167	0.166	0.171	0.170	0.180	0.171	0.187	0.171	0.174	0.172	0.173	0.170	0.169	0.173	0.166	0.163	0.172	0.169	0.171	0.171	0.171	0.171	0.173	0.172	0.175	0.170	0.171	0.171	0.175	0.173	0.169	0.166	0.171	0.166	0.169	0.172	0.172	0.175	0.171	0.170	0.173	0.173	0.170	0.171	0.177	0.172	0.170	0.168	0.172	0.169	0.171	0.171	0.169	0.172	0.175	0.177	0.179	0.172	0.170	0.171	0.167	0.169	0.173	0.170	0.171	0.172	0.177	0.171	0.169
3:00:35	34.6	0.174	0.173	0.169	0.170	0.169	0.167	0.172	0.169	0.176	0.170	0.170	0.173	0.169	0.171	0.172	0.170	0.165	0.167	0.168	0.173	0.164	0.170	0.169	0.183	0.176	0.174	0.172	0.166	0.165	0.170	0.170	0.179	0.170	0.185	0.171	0.174	0.172	0.173	0.169	0.169	0.173	0.166	0.163	0.171	0.169	0.170	0.171	0.171	0.171	0.173	0.171	0.175	0.170	0.170	0.170	0.174	0.173	0.169	0.166	0.171	0.166	0.169	0.172	0.171	0.175	0.171	0.168	0.173	0.171	0.169	0.170	0.177	0.172	0.169	0.168	0.172	0.168	0.171	0.171	0.168	0.172	0.175	0.177	0.179	0.172	0.170	0.171	0.166	0.169	0.173	0.170	0.170	0.172	0.176	0.171	0.169
4:00:35	34.6	0.174	0.173	0.169	0.170	0.169	0.168	0.172	0.169	0.176	0.171	0.170	0.173	0.169	0.171	0.172	0.170	0.165	0.168	0.168	0.173	0.164	0.170	0.169	0.183	0.176	0.174	0.172	0.166	0.165	0.170	0.170	0.179	0.170	0.183	0.171	0.173	0.172	0.173	0.169	0.169	0.173	0.166	0.163	0.171	0.169	0.170	0.171	0.170	0.171	0.172	0.171	0.174	0.170	0.171	0.170	0.174	0.173	0.169	0.166	0.171	0.166	0.169	0.172	0.171	0.175	0.171	0.168	0.173	0.171	0.168	0.170	0.177	0.172	0.169	0.168	0.172	0.169	0.171	0.171	0.168	0.172	0.175	0.177	0.178	0.172	0.170	0.170	0.166	0.169	0.173	0.170	0.169	0.171	0.175	0.171	0.169
5:00:36	34.6	0.175	0.173	0.168	0.169	0.169	0.167	0.172	0.170	0.176	0.171	0.169	0.173	0.169	0.171	0.171	0.170	0.164	0.167	0.168	0.173	0.163	0.170	0.169	0.183	0.175	0.174	0.171	0.166	0.165	0.170	0.170	0.179	0.170	0.182	0.170	0.173	0.172	0.172	0.169	0.168	0.173	0.165	0.163	0.171	0.169	0.170	0.170	0.170	0.170	0.172	0.171	0.174	0.170	0.170	0.170	0.174	0.173	0.168	0.165	0.171	0.166	0.168	0.171	0.171	0.175	0.171	0.167	0.172	0.170	0.168	0.170	0.176	0.171	0.169	0.168	0.171	0.168	0.171	0.170	0.168	0.172	0.174	0.176	0.178	0.172	0.169	0.170	0.166	0.169	0.172	0.170	0.169	0.171	0.174	0.170	0.169
6:00:37	34.6	0.174	0.173	0.169	0.170	0.169	0.167	0.172	0.170	0.176	0.171	0.169	0.173	0.169	0.171	0.171	0.169	0.164	0.167	0.168	0.173	0.163	0.170	0.169	0.183	0.175	0.174	0.171	0.166	0.165	0.170	0.170	0.178	0.170	0.181	0.170	0.173	0.171	0.172	0.169	0.168	0.173	0.165	0.163	0.171	0.168	0.169	0.170	0.170	0.170	0.172	0.171	0.174	0.170	0.170	0.170	0.173	0.173	0.169	0.165	0.171	0.166	0.168	0.171	0.171	0.175	0.170	0.167	0.172	0.170	0.168	0.169	0.176	0.171	0.169	0.168	0.171	0.168	0.171	0.170	0.168	0.172	0.174	0.176	0.178	0.171	0.169	0.170	0.166	0.169	0.172	0.169	0.169	0.170	0.173	0.170	0.169
7:00:38	34.6	0.173	0.172	0.169	0.169	0.169	0.167	0.172	0.170	0.175	0.171	0.169	0.172	0.169	0.171	0.171	0.169	0.164	0.167	0.168	0.173	0.163	0.170	0.169	0.182	0.175	0.173	0.171	0.166	0.165	0.170	0.170	0.177	0.170	0.180	0.170	0.173	0.171	0.172	0.168	0.168	0.173	0.165	0.162	0.170	0.168	0.169	0.170	0.170	0.170	0.172	0.171	0.173	0.170	0.170	0.170	0.173	0.173	0.168	0.165	0.171	0.166	0.168	0.171	0.171	0.174	0.170	0.167	0.172	0.170	0.167	0.169	0.176	0.171	0.169	0.168	0.171	0.167	0.170	0.170	0.168	0.172	0.174	0.176	0.177	0.171	0.169	0.170	0.166	0.169	0.172	0.169	0.169	0.170	0.173	0.170	0.169
8:00:39	34.5	0.173	0.172	0.168	0.169	0.168	0.167	0.172	0.170	0.174	0.171	0.169	0.172	0.168	0.170	0.171	0.169	0.164	0.167	0.168	0.173	0.162	0.169	0.169	0.182	0.174	0.173	0.171	0.166	0.164	0.170	0.169	0.176	0.170	0.179	0.170	0.173	0.171	0.172	0.168	0.168	0.172	0.164	0.162	0.170	0.167	0.169	0.170	0.170	0.170	0.172	0.170	0.173	0.169	0.169	0.169	0.173	0.172	0.168	0.165	0.171	0.165	0.168	0.171	0.170	0.174	0.170	0.167	0.172	0.169	0.167	0.168	0.176	0.171	0.168	0.167	0.171	0.167	0.170	0.170	0.167	0.171	0.174	0.176	0.177	0.171	0.169	0.170	0.166	0.168	0.172	0.169	0.168	0.170	0.173	0.170	0.169
9:00:40	34.5	0.173	0.172	0.168	0.169	0.168	0.167	0.172	0.170	0.174	0.171	0.169	0.172	0.168	0.170	0.171	0.169	0.164	0.168	0.168	0.172	0.162	0.169	0.169	0.182	0.174	0.172	0.171	0.165	0.164	0.169	0.169	0.176	0.170	0.178	0.170	0.173	0.171	0.172	0.168	0.168	0.172	0.164	0.162	0.170	0.168	0.169	0.169	0.170	0.170	0.172	0.170	0.172	0.169	0.169	0.169	0.173	0.172	0.168	0.165	0.171	0.165	0.168	0.171	0.170	0.174	0.170	0.166	0.172	0.169	0.167	0.168	0.176	0.171	0.168	0.167	0.171	0.166	0.170	0.170	0.167	0.171	0.174	0.175	0.177	0.171	0.169	0.170	0.165	0.168	0.172	0.169	0.169	0.170	0.172	0.169	0.168
10:00:40	34.5	0.173	0.172	0.168	0.169	0.168	0.166	0.172	0.170	0.174	0.171	0.168	0.172	0.168	0.170	0.170	0.169	0.163	0.168	0.167	0.172	0.162	0.169	0.168	0.182	0.174	0.172	0.171	0.165	0.164	0.169	0.169	0.176	0.169	0.176	0.169	0.173	0.171	0.172	0.168	0.167	0.172	0.164	0.162	0.170	0.167	0.168	0.169	0.169	0.170	0.171	0.170	0.172	0.169	0.169	0.169	0.172	0.172	0.168	0.164	0.170	0.165	0.168	0.170	0.170	0.174	0.170	0.166	0.171	0.169	0.167	0.168	0.175	0.170	0.168	0.167	0.170	0.165	0.170	0.170	0.167	0.171	0.174	0.175	0.177	0.171	0.168	0.169	0.165	0.168	0.172	0.169	0.168	0.169	0.172	0.169	0.168
11:00:41	34.5	0.172	0.172	0.167	0.168	0.168	0.166	0.171	0.170	0.174	0.170	0.168	0.172	0.168	0.169	0.170	0.168	0.164	0.167	0.167	0.172	0.162	0.169	0.168	0.181	0.173	0.172	0.170	0.165	0.164	0.169	0.169	0.175	0.169	0.175	0.169	0.172	0.170	0.172	0.167	0.167	0.171	0.163	0.161	0.169	0.167	0.168	0.169	0.169	0.169	0.171	0.170	0.171	0.169	0.169	0.169	0.172	0.172	0.168	0.164	0.170	0.164	0.167	0.170	0.170	0.173	0.169	0.166	0.171	0.168	0.167	0.167	0.175	0.170	0.168	0.167	0.170	0.165	0.169	0.169	0.167	0.170	0.174	0.174	0.176	0.170	0.168	0.169	0.165	0.167	0.171	0.168	0.168	0.169	0.172	0.169	0.168
12:00:42	34.5	0.172	0.171	0.167	0.168	0.167	0.166	0.171	0.170	0.173	0.170	0.168	0.171	0.167	0.169	0.170	0.168	0.163	0.168	0.167	0.172	0.161	0.168	0.168	0.181	0.173	0.171	0.170	0.165	0.164	0.169	0.168	0.182	0.169	0.174	0.168	0.172	0.170	0.171	0.167	0.167	0.171	0.163	0.161	0.169	0.167	0.168	0.168	0.169	0.169	0.171	0.169	0.171	0.169	0.168	0.168	0.172	0.171	0.167	0.164	0.170	0.164	0.167	0.170	0.170	0.173	0.169	0.165	0.171	0.168	0.166	0.167	0.175	0.170	0.167	0.166	0.170	0.165	0.169	0.169	0.166	0.170	0.173	0.174	0.176	0.170	0.167	0.169	0.165	0.167	0.171	0.168	0.167	0.169	0.171	0.168	0.168
13:00:42	34.5	0.171	0.171	0.167	0.168	0.167	0.165	0.171	0.170	0.173	0.170	0.167	0.171	0.167	0.169	0.169	0.168	0.162	0.167	0.166	0.171	0.161	0.168	0.167	0.180	0.172	0.171	0.171	0.164	0.163	0.168	0.168	0.174	0.168	0.174	0.168	0.171	0.169	0.171	0.166	0.166	0.171	0.163	0.161	0.168	0.166	0.167	0.168	0.168	0.168	0.170	0.169	0.170	0.168	0.168	0.168	0.171	0.171	0.167	0.163	0.169	0.164	0.167	0.169	0.169	0.173	0.169	0.165	0.170	0.168	0.166	0.167	0.174	0.170	0.167	0.166	0.169	0.164	0.169	0.169	0.166	0.170	0.173	0.174	0.176	0.169	0.167	0.168	0.164	0.167	0.171	0.167	0.167	0.168	0.171	0.168	0.167
14:00:42	34.5	0.171	0.171	0.166	0.168	0.166	0.165	0.170	0.170	0.172	0.170	0.167	0.170	0.167	0.168	0.170	0.167	0.162	0.167	0.166	0.170	0.161	0.168	0.167	0.180	0.171	0.170	0.169	0.164	0.163	0.168	0.167	0.174	0.168	0.173	0.167	0.170	0.169	0.170	0.167	0.166	0.171	0.162	0.160	0.168	0.166	0.166	0.167	0.168	0.168	0.170	0.169	0.170	0.168	0.168	0.168	0.171	0.171	0.167	0.163	0.169	0.164	0.166	0.169	0.169	0.172	0.168	0.165	0.170	0.167	0.165	0.166	0.173	0.169	0.166	0.166	0.169	0.164	0.168	0.168	0.165	0.169	0.172	0.173	0.175	0.169	0.167	0.168	0.164	0.166	0.170	0.167	0.167	0.168	0.171	0.168	0.167
15:00:42	34.5	0.171	0.170	0.166	0.167	0.166	0.165	0.170	0.170	0.172	0.170	0.166	0.170	0.166	0.168	0.169	0.167	0.161	0.167	0.165	0.170	0.160	0.167	0.167	0.180	0.171	0.170	0.169	0.164	0.162	0.168	0.167	0.173	0.167	0.172	0.167	0.170	0.168	0.170	0.166	0.166	0.170	0.162	0.160	0.167	0.166	0.166	0.167	0.168	0.168	0.169	0.168	0.169	0.167	0.167	0.167	0.170	0.170	0.166	0.162	0.169	0.163	0.166	0.168	0.169	0.172	0.168	0.164	0.170	0.167	0.165	0.169	0.172	0.169	0.166	0.165	0.169	0.164	0.168	0.168	0.165	0.169	0.172	0.172	0.175	0.169	0.166	0.168	0.164	0.166	0.170	0.167	0.166	0.167	0.170	0.168	0.167
16:00:43	34.5	0.171	0.170	0.166	0.168	0.166	0.165	0.170	0.170	0.171	0.170	0.166	0.170	0.166	0.168	0.168	0.166	0.161	0.168	0.165	0.170	0.160	0.167	0.166	0.179	0.171	0.169	0.168	0.163	0.162	0.167	0.167	0.172	0.167	0.171	0.166	0.170	0.168	0.169	0.165	0.166	0.170	0.161	0.160	0.167	0.165	0.166	0.166	0.167	0.168	0.169	0.168	0.169	0.167	0.167	0.167	0.170	0.170	0.166	0.162	0.168	0.163	0.165	0.168	0.168	0.172	0.168	0.164	0.169	0.166	0.166	0.166	0.172	0.169	0.165	0.165	0.168	0.163	0.168	0.168	0.165	0.169	0.172	0.172	0.174	0.170	0.166	0.167	0.163	0.166	0.170	0.167	0.166	0.167	0.170	0.167	0.167
17:00:43	34.5	0.171	0.171	0.166	0.168	0.166	0.165	0.169	0.170	0.171	0.170	0.166	0.170	0.166	0.168	0.168	0.166	0.161	0.169	0.165	0.170	0.160	0.166	0.166	0.179	0.170	0.169	0.170	0.163	0.162	0.167	0.167	0.172	0.167	0.170	0.166	0.169	0.168	0.169	0.165	0.165	0.170	0.161	0.160	0.166	0.165	0.165	0.166	0.167	0.167	0.169	0.167	0.168	0.167	0.166	0.167	0.170	0.170	0.165	0.162	0.168	0.163	0.165	0.168	0.168	0.171	0.168	0.164	0.170	0.166	0.165	0.165	0.171	0.170	0.165	0.165	0.168	0.163	0.168	0.168	0.165	0.169	0.171	0.172	0.174	0.169	0.166	0.167	0.163	0.166	0.170	0.167	0.166	0.167	0.170	0.167	0.168
18:00:44	34.5	0.173	0.174	0.167	0.173	0.166	0.165	0.169	0.171	0.171	0.171	0.166	0.170	0.166	0.168	0.168	0.166	0.161	0.169	0.165	0.170	0.160	0.166	0.166	0.179	0.170	0.169	0.168	0.163	0.161	0.166	0.166	0.172	0.166	0.169	0.166	0.170	0.168	0.168	0.164	0.165	0.170	0.161	0.160	0.166	0.165	0.165	0.166	0.167	0.167	0.169	0.167	0.168	0.167	0.166	0.167	0.170	0.169	0.166	0.163	0.168	0.167	0.165	0.168	0.168	0.171	0.168	0.166	0.169	0.166	0.165	0.165	0.172	0.172	0.165	0.165	0.168	0.164	0.168	0.168	0.165	0.169	0.171	0.172	0.174	0.175	0.166	0.168	0.164	0.166	0.171	0.167	0.167	0.167	0.170	0.169	0.172
19:00:44	34.5	0.186	0.186	0.169	0.185	0.167	0.167	0.169	0.172	0.171	0.172	0.167	0.171	0.167	0.169	0.168	0.166	0.161	0.170	0.165	0.169	0.160	0.166	0.165	0.181	0.170	0.169	0.167	0.163	0.161	0.166	0.166	0.172	0.166	0.169	0.166	0.170	0.173	0.168	0.165	0.165	0.169	0.161	0.160	0.166	0.165	0.165	0.166	0.167	0.169	0.169	0.167	0.168	0.167	0.166	0.168	0.170	0.169	0.165	0.164	0.169	0.211	0.207	0.168	0.168	0.172	0.169	0.164	0.170	0.166	0.165	0.167	0.174	0.180	0.166	0.167	0.210	0.166	0.169	0.168	0.165	0.169	0.171	0.172	0.196	0.226	0.167	0.173	0.208	0.168	0.174	0.169	0.171	0.173	0.176	0.216	0.198
20:00:45	34.5	0.195	0.201	0.177	0.203	0.175	0.177	0.172	0.173	0.171	0.175	0.173	0.176	0.172	0.174	0.172	0.166	0.161	0.170	0.166	0.171	0.162	0.167	0.166	0.183	0.172	0.169	0.169	0.164	0.161	0.167	0.167	0.173	0.166	0.168	0.168	0.173	0.201	0.169	0.165	0.165	0.171	0.162	0.164	0.166	0.167	0.166	0.167	0.169	0.183	0.171	0.168	0.169	0.171	0.167	0.173	0.174	0.170	0.165	0.168	0.175	0.273	0.258	0.172	0.184	0.175	0.175	0.166	0.173	0.168	0.167	0.172	0.182	0.193	0.191	0.198	0.183	0.174	0.174	0.182	0.169	0.173	0.172	0.173	0.189	0.256	0.216	0.261	0.261	0.210	0.206	0.224	0.182	0.251	0.223	0.216	0.193
21:00:46	34.5	0.218	0.226	0.192	0.237	0.187	0.189	0.187	0.174	0.172	0.175	0.186	0.189	0.187	0.187	0.183	0.166	0.165	0.171	0.174	0.179	0.166	0.170	0.170	0.193	0.183	0.172	0.169	0.164	0.163	0.167	0.171	0.179	0.169	0.171	0.174	0.183	0.189	0.169	0.167	0.169	0.177	0.167	0.173	0.169	0.172	0.171	0.172	0.177	0.194	0.195	0.173	0.172	0.179	0.171	0.185	0.182	0.173	0.166	0.177	0.191	0.183	0.364	0.181	0.210	0.183	0.188	0.171	0.183	0.174	0.188	0.199	0.196	0.204	0.180	0.238	0.269	0.239	0.185	0.217	0.180	0.184	0.177	0.187	0.247	0.267	0.214	0.315	0.309	0.277	0.236	0.296	0.241	0.304	0.272	0.298	0.237
22:00:46	34.5	0.254	0.252	0.214	0.262	0.203	0.210	0.197	0.176	0.181	0.172	0.200	0.198	0.201	0.197	0.193	0.172	0.174	0.172	0.186	0.190	0.176	0.180	0.182	0.204	0.195	0.182	0.175	0.171	0.168	0.173	0.184	0.194	0.179	0.178	0.187	0.195	0.201	0.175	0.175	0.180	0.190	0.179	0.181	0.176	0.186	0.181	0.185	0.188	0.207	0.221	0.184	0.181	0.192	0.178	0.193	0.194	0.183	0.170	0.188	0.196	0.208	0.261	0.210	0.311	0.261	0.200	0.184	0.195	0.201	0.217	0.231	0.205	0.232	0.336	0.227	0.304	0.292	0.195	0.253	0.228	0.201	0.183	0.198	0.249	0.300	0.303	0.336	0.309	0.309	0.227	0.335	0.245	0.307	0.283	0.441	0.259
23:00:46	34.4	0.276	0.270	0.248	0.287	0.239	0.242	0.226	0.182	0.194	0.177	0.234	0.224	0.233	0.223	0.218	0.186	0.186	0.178	0.197	0.202	0.186	0.191	0.193	0.222	0.221	0.193	0.189	0.185	0.182	0.186	0.195	0.202	0.192	0.191	0.198	0.216	0.255	0.192	0.191	0.193	0.200	0.189	0.195	0.190	0.195	0.191	0.195	0.211	0.290	0.229	0.195	0.195	0.319	0.191	0.211	0.207	0.197	0.207	0.206	0.220	0.253	0.364	0.207	0.291	0.295	0.258	0.204	0.220	0.272	0.238	0.217	0.229	0.260	0.369	0.273	0.288	0.282	0.210	0.371	0.297	0.289	0.192	0.229	0.249	0.278	0.222	0.346	0.303	0.343	0.245	0.406	0.277	0.241	0.237	0.294	0.265
0:00:00																																																																																																	

Results
	1	2	3	4	5	6	7	8	9	10	11	12
A	0.397	0.365	0.325	0.438	0.286	0.305	0.232	0.041	0.095	0.024	0.266	0.214	Max V [600]
	0.969	0.992	0.936	0.993	0.913	0.944	0.910	0.882	0.806	0.952	0.905	0.926	R-Squared [600]
	21:00:45	21:00:45	21:00:45	21:00:45	21:00:45	21:00:45	21:00:45	21:00:45	21:00:45	19:00:45	21:00:45	21:00:45	t at Max V [600]
	18:55:00	18:40:26	19:32:01	18:34:27	19:38:33	19:28:37	19:46:47	18:36:09	20:57:10	18:16:34	19:42:10	19:35:47	Lagtime [600]
B	0.268	0.216	0.200	0.078	0.107	0.030	0.139	0.140	0.111	0.105	0.120	0.174	Max V [600]
	0.924	0.931	0.920	0.743	0.875	0.725	0.938	0.948	0.916	0.883	0.891	0.938	R-Squared [600]
	21:00:45	21:00:45	21:00:45	21:00:45	21:00:45	21:00:45	21:00:45	21:00:45	21:00:45	21:00:45	21:00:45	21:00:45	t at Max V [600]
	19:40:48	19:41:14	19:52:43	21:13:15	20:30:59	18:56:01	19:59:32	20:09:01	20:11:07	20:29:08	20:20:35	19:46:46	Lagtime [600]
C	0.209	0.103	0.081	0.085	0.080	0.077	0.124	0.133	0.106	0.091	0.137	0.189	Max V [600]
	0.895	0.859	0.752	0.769	0.763	0.736	0.892	0.921	0.831	0.804	0.924	0.921	R-Squared [600]
	21:00:45	21:00:45	21:00:45	21:00:45	21:00:45	21:00:45	21:00:45	21:00:45	21:00:45	21:00:45	21:00:45	21:00:45	t at Max V [600]
	20:08:41	20:48:23	20:53:50	20:49:28	20:57:15	20:58:40	20:15:10	20:47:47	20:33:21	?????	20:13:25	19:54:49	Lagtime [600]
D	0.271	0.090	0.104	0.119	0.133	0.120	0.143	0.095	0.129	0.109	0.128	0.176	Max V [600]
	0.703	0.732	0.805	0.876	0.938	0.909	0.955	0.811	0.925	0.919	0.926	0.887	R-Squared [600]
	21:00:45	21:00:45	21:00:45	21:00:45	21:00:45	21:00:45	21:00:45	21:00:45	21:00:45	21:00:45	21:00:45	21:00:45	t at Max V [600]
	19:06:34	20:54:47	20:46:31	20:29:50	20:13:44	20:18:38	19:50:54	20:54:25	20:13:44	20:36:56	20:25:30	19:59:09	Lagtime [600]
E	0.446	0.286	0.116	0.110	0.542	0.101	0.176	0.153	0.113	0.148	0.173	0.205	Max V [600]
	0.785	0.942	0.909	0.868	0.641	0.864	0.963	0.963	0.862	0.599	0.946	0.950	R-Squared [600]
	21:00:45	21:00:45	21:00:45	21:00:45	21:00:45	21:00:45	21:00:45	21:00:45	21:00:45	21:00:45	21:00:45	21:00:45	t at Max V [600]
	19:38:45	19:42:24	20:21:30	20:47:30	19:58:24	20:29:46	19:40:49	20:01:12	20:30:16	20:28:47	19:44:47	19:33:52	Lagtime [600]
F	0.447	0.819	0.195	0.621	0.555	0.337	0.167	0.203	0.409	0.328	0.272	0.220	Max V [600]
	0.780	0.870	0.868	0.835	0.854	0.813	0.880	0.911	0.755	0.947	0.840	0.960	R-Squared [600]
	18:00:44	19:00:45	21:00:45	21:00:45	21:00:45	21:00:45	21:00:45	21:00:45	21:00:45	21:00:45	20:00:45	21:00:45	t at Max V [600]
	16:58:29	17:46:04	19:47:48	19:24:02	19:48:24	19:45:22	20:22:50	19:52:46	20:06:55	19:51:04	19:08:40	19:34:52	Lagtime [600]
G	0.330	0.916	0.403	0.550	0.583	0.174	0.794	0.536	0.445	0.088	0.232	0.337	Max V [600]
	0.954	0.819	0.895	0.815	0.884	0.971	0.860	0.833	0.733	0.918	0.889	0.838	R-Squared [600]
	21:00:45	21:00:45	21:00:45	20:00:45	21:00:45	21:00:45	21:00:45	21:00:45	21:00:45	21:00:45	21:00:45	20:00:45	t at Max V [600]
	18:57:39	19:36:10	18:54:50	18:22:58	19:17:00	19:39:08	19:37:57	19:49:51	19:54:40	20:38:56	20:07:30	18:30:36	Lagtime [600]
H	0.485	0.533	0.798	0.656	0.749	0.291	0.977	0.458	0.684	0.539	1.042	0.353	Max V [600]
	0.952	0.829	0.937	0.942	0.982	0.860	0.994	0.930	0.912	0.941	0.852	0.906	R-Squared [600]
	20:00:45	20:00:45	20:00:45	20:00:45	21:00:45	20:00:45	21:00:45	21:00:45	20:00:45	20:00:45	20:00:45	20:00:45	t at Max V [600]
	17:32:53	18:42:31	18:21:52	17:55:07	18:59:10	18:20:23	19:03:19	19:08:36	18:22:35	18:34:38	18:28:33	18:01:01	Lagtime [600]


