
Software Version	3.11.19



Experiment File Path:	C:\Users\patil-group\Desktop\Sweeteners_stacker\021221_NT5076_83_24007_Rep2\NT5076_83_24007_Rep2.xpt
Protocol File Path:	C:\Users\Public\Documents\Protocols\Screening-protocol.prt



Plate Number	Plate 3
Date	02/12/2021
Time	12:12:35
Reader Type:	Epoch 2
Reader Serial Number:	2103223
Reading Type	Reader

Procedure Details

Plate Type	96 WELL PLATE
Discontinuous Kinetics	Runtime 1:00:00 (D:HH:MM), Interval 0:01:00, 25 Reads
	Pause after each run
Eject plate on completion	
Shake	Linear: 0:00:30 (HH:MM:SS)
	Frequency: 567 cpm (3 mm)
Read	Absorbance Endpoint
	Full Plate
	Wavelengths:  600
	Read Speed: Normal,  Delay: 100 msec,  Measurements/Data Point: 8

600

Time	T° 600	A1	A2	A3	A4	A5	A6	A7	A8	A9	A10	A11	A12	B1	B2	B3	B4	B5	B6	B7	B8	B9	B10	B11	B12	C1	C2	C3	C4	C5	C6	C7	C8	C9	C10	C11	C12	D1	D2	D3	D4	D5	D6	D7	D8	D9	D10	D11	D12	E1	E2	E3	E4	E5	E6	E7	E8	E9	E10	E11	E12	F1	F2	F3	F4	F5	F6	F7	F8	F9	F10	F11	F12	G1	G2	G3	G4	G5	G6	G7	G8	G9	G10	G11	G12	H1	H2	H3	H4	H5	H6	H7	H8	H9	H10	H11	H12
0:00:34	34.4	0.166	0.170	0.170	0.169	0.163	0.164	0.168	0.172	0.174	0.173	0.172	0.186	0.166	0.168	0.169	0.164	0.165	0.160	0.170	0.170	0.173	0.166	0.172	0.171	0.166	0.163	0.165	0.166	0.170	0.165	0.165	0.171	0.169	0.188	0.174	0.176	0.163	0.163	0.162	0.177	0.169	0.167	0.165	0.172	0.170	0.171	0.173	0.169	0.163	0.164	0.167	0.168	0.167	0.165	0.166	0.168	0.171	0.170	0.164	0.166	0.157	0.163	0.177	0.167	0.172	0.171	0.165	0.166	0.172	0.177	0.170	0.237	0.166	0.162	0.165	0.159	0.170	0.165	0.167	0.168	0.171	0.169	0.170	0.180	0.168	0.166	0.167	0.166	0.166	0.164	0.170	0.171	0.169	0.169	0.168	0.173
1:00:34	34.7	0.165	0.168	0.169	0.167	0.162	0.162	0.167	0.171	0.172	0.172	0.171	0.185	0.165	0.165	0.167	0.162	0.163	0.158	0.168	0.169	0.173	0.165	0.171	0.170	0.165	0.161	0.164	0.164	0.168	0.164	0.164	0.169	0.168	0.186	0.172	0.174	0.162	0.162	0.160	0.175	0.166	0.166	0.164	0.170	0.168	0.168	0.171	0.167	0.162	0.163	0.165	0.166	0.166	0.166	0.164	0.167	0.170	0.169	0.163	0.165	0.155	0.162	0.176	0.166	0.171	0.169	0.164	0.165	0.171	0.176	0.168	0.238	0.165	0.161	0.163	0.167	0.168	0.164	0.169	0.167	0.169	0.168	0.169	0.179	0.167	0.164	0.166	0.165	0.165	0.163	0.168	0.170	0.167	0.168	0.172	0.173
2:00:34	34.7	0.164	0.167	0.168	0.167	0.162	0.162	0.167	0.172	0.171	0.172	0.171	0.182	0.164	0.164	0.167	0.162	0.163	0.167	0.168	0.169	0.173	0.165	0.171	0.170	0.165	0.161	0.164	0.164	0.167	0.163	0.163	0.169	0.168	0.185	0.172	0.174	0.162	0.161	0.160	0.172	0.166	0.165	0.163	0.169	0.166	0.166	0.169	0.166	0.162	0.162	0.165	0.166	0.166	0.163	0.164	0.167	0.170	0.168	0.163	0.165	0.155	0.162	0.175	0.165	0.171	0.169	0.164	0.165	0.170	0.174	0.168	0.236	0.164	0.161	0.163	0.160	0.168	0.164	0.166	0.170	0.170	0.168	0.169	0.179	0.167	0.164	0.166	0.165	0.165	0.163	0.168	0.169	0.167	0.167	0.170	0.173
3:00:35	34.7	0.164	0.167	0.168	0.166	0.161	0.162	0.167	0.171	0.170	0.172	0.170	0.180	0.164	0.164	0.167	0.161	0.163	0.157	0.168	0.169	0.173	0.165	0.170	0.169	0.164	0.160	0.163	0.164	0.166	0.163	0.163	0.169	0.168	0.183	0.171	0.174	0.162	0.163	0.159	0.172	0.165	0.164	0.163	0.168	0.165	0.165	0.168	0.165	0.161	0.162	0.164	0.165	0.166	0.163	0.164	0.166	0.170	0.168	0.163	0.165	0.155	0.162	0.175	0.165	0.170	0.168	0.163	0.164	0.170	0.172	0.167	0.236	0.164	0.160	0.163	0.169	0.167	0.163	0.165	0.167	0.169	0.167	0.169	0.178	0.166	0.164	0.165	0.164	0.164	0.164	0.168	0.169	0.167	0.167	0.167	0.172
4:00:35	34.7	0.164	0.166	0.167	0.166	0.161	0.161	0.167	0.172	0.169	0.171	0.170	0.179	0.163	0.162	0.166	0.161	0.163	0.157	0.168	0.168	0.173	0.165	0.170	0.169	0.164	0.160	0.163	0.163	0.166	0.162	0.163	0.169	0.168	0.182	0.171	0.173	0.161	0.161	0.159	0.171	0.164	0.163	0.163	0.168	0.165	0.164	0.168	0.165	0.161	0.161	0.164	0.165	0.166	0.163	0.164	0.166	0.170	0.168	0.163	0.165	0.155	0.162	0.175	0.165	0.170	0.168	0.163	0.164	0.170	0.171	0.167	0.234	0.164	0.160	0.163	0.157	0.167	0.163	0.165	0.166	0.169	0.167	0.169	0.178	0.166	0.163	0.165	0.166	0.164	0.162	0.168	0.169	0.166	0.166	0.167	0.172
5:00:36	34.7	0.164	0.166	0.167	0.166	0.161	0.161	0.167	0.171	0.169	0.171	0.170	0.179	0.163	0.161	0.166	0.161	0.163	0.157	0.168	0.168	0.173	0.165	0.170	0.169	0.164	0.160	0.163	0.163	0.166	0.162	0.163	0.169	0.167	0.180	0.170	0.174	0.161	0.161	0.159	0.171	0.164	0.163	0.162	0.168	0.165	0.163	0.167	0.164	0.161	0.161	0.164	0.165	0.166	0.163	0.163	0.166	0.170	0.168	0.163	0.165	0.155	0.162	0.174	0.165	0.169	0.168	0.163	0.164	0.170	0.170	0.170	0.234	0.163	0.160	0.162	0.160	0.167	0.163	0.165	0.166	0.169	0.167	0.169	0.178	0.165	0.163	0.165	0.164	0.164	0.162	0.167	0.169	0.166	0.166	0.167	0.172
6:00:37	34.7	0.163	0.166	0.167	0.166	0.161	0.161	0.167	0.171	0.168	0.171	0.170	0.178	0.163	0.161	0.166	0.161	0.162	0.158	0.167	0.167	0.172	0.165	0.170	0.170	0.164	0.160	0.163	0.163	0.165	0.162	0.163	0.168	0.167	0.178	0.170	0.173	0.161	0.161	0.159	0.171	0.163	0.163	0.162	0.168	0.164	0.162	0.167	0.164	0.161	0.161	0.164	0.165	0.165	0.163	0.163	0.166	0.170	0.168	0.163	0.165	0.154	0.162	0.174	0.164	0.169	0.168	0.163	0.164	0.169	0.170	0.167	0.233	0.163	0.160	0.162	0.157	0.167	0.163	0.164	0.166	0.169	0.167	0.169	0.178	0.165	0.163	0.165	0.164	0.164	0.162	0.167	0.168	0.166	0.166	0.167	0.172
7:00:38	34.7	0.163	0.166	0.167	0.166	0.168	0.161	0.167	0.171	0.168	0.171	0.169	0.179	0.163	0.160	0.166	0.161	0.162	0.157	0.167	0.167	0.172	0.165	0.170	0.169	0.163	0.160	0.162	0.163	0.165	0.162	0.162	0.168	0.167	0.177	0.170	0.173	0.161	0.160	0.158	0.171	0.164	0.163	0.162	0.168	0.164	0.162	0.167	0.164	0.161	0.161	0.164	0.165	0.165	0.163	0.163	0.166	0.169	0.167	0.162	0.164	0.154	0.162	0.174	0.165	0.169	0.167	0.165	0.164	0.169	0.170	0.167	0.232	0.163	0.160	0.162	0.158	0.166	0.162	0.164	0.167	0.168	0.167	0.169	0.177	0.165	0.163	0.165	0.164	0.164	0.162	0.167	0.168	0.166	0.166	0.167	0.173
8:00:39	34.6	0.163	0.166	0.167	0.166	0.161	0.161	0.167	0.171	0.168	0.171	0.169	0.183	0.163	0.160	0.165	0.161	0.165	0.159	0.167	0.166	0.172	0.165	0.170	0.172	0.163	0.160	0.162	0.163	0.165	0.162	0.162	0.168	0.167	0.177	0.170	0.173	0.160	0.160	0.158	0.171	0.163	0.162	0.162	0.168	0.164	0.161	0.166	0.164	0.160	0.160	0.164	0.165	0.165	0.162	0.163	0.166	0.169	0.167	0.162	0.164	0.154	0.161	0.173	0.164	0.169	0.167	0.163	0.163	0.169	0.169	0.167	0.231	0.163	0.160	0.162	0.156	0.166	0.162	0.164	0.166	0.168	0.167	0.168	0.177	0.165	0.163	0.165	0.164	0.164	0.163	0.167	0.168	0.166	0.166	0.166	0.174
9:00:39	34.6	0.163	0.164	0.167	0.166	0.160	0.161	0.167	0.171	0.167	0.171	0.169	0.177	0.163	0.160	0.165	0.160	0.162	0.158	0.167	0.166	0.172	0.165	0.170	0.169	0.163	0.159	0.162	0.163	0.165	0.162	0.162	0.168	0.167	0.175	0.169	0.173	0.160	0.160	0.158	0.171	0.163	0.163	0.162	0.168	0.163	0.162	0.166	0.164	0.161	0.160	0.164	0.166	0.165	0.162	0.163	0.166	0.169	0.167	0.162	0.164	0.154	0.161	0.173	0.164	0.169	0.166	0.162	0.163	0.169	0.169	0.167	0.228	0.163	0.159	0.162	0.156	0.166	0.162	0.164	0.166	0.168	0.167	0.168	0.176	0.165	0.162	0.165	0.163	0.164	0.161	0.167	0.167	0.165	0.166	0.168	0.173
10:00:40	34.6	0.163	0.164	0.166	0.165	0.160	0.161	0.167	0.171	0.167	0.171	0.169	0.176	0.163	0.160	0.165	0.160	0.163	0.160	0.172	0.166	0.172	0.165	0.170	0.168	0.163	0.159	0.162	0.162	0.165	0.161	0.162	0.168	0.167	0.174	0.169	0.173	0.162	0.160	0.158	0.170	0.162	0.162	0.161	0.167	0.163	0.161	0.165	0.163	0.160	0.160	0.163	0.164	0.164	0.162	0.162	0.165	0.169	0.167	0.162	0.164	0.154	0.161	0.173	0.163	0.168	0.166	0.163	0.163	0.168	0.168	0.166	0.232	0.163	0.159	0.162	0.160	0.168	0.162	0.164	0.166	0.168	0.166	0.168	0.175	0.164	0.162	0.164	0.166	0.163	0.161	0.167	0.167	0.166	0.166	0.167	0.173
11:00:41	34.6	0.162	0.163	0.166	0.165	0.160	0.160	0.167	0.171	0.167	0.171	0.168	0.176	0.162	0.159	0.165	0.160	0.161	0.162	0.166	0.165	0.172	0.165	0.170	0.168	0.162	0.159	0.162	0.162	0.164	0.161	0.162	0.168	0.166	0.174	0.169	0.172	0.160	0.160	0.158	0.170	0.162	0.162	0.161	0.167	0.163	0.161	0.164	0.163	0.160	0.160	0.164	0.166	0.164	0.162	0.162	0.165	0.169	0.167	0.162	0.163	0.154	0.161	0.172	0.163	0.168	0.165	0.162	0.163	0.168	0.168	0.166	0.228	0.162	0.159	0.177	0.155	0.166	0.162	0.164	0.166	0.168	0.166	0.168	0.175	0.164	0.163	0.164	0.164	0.163	0.161	0.167	0.167	0.165	0.165	0.168	0.173
12:00:41	34.6	0.162	0.163	0.166	0.165	0.159	0.160	0.166	0.170	0.166	0.170	0.168	0.175	0.162	0.159	0.164	0.160	0.161	0.161	0.166	0.165	0.172	0.164	0.169	0.168	0.162	0.159	0.161	0.162	0.164	0.161	0.161	0.167	0.166	0.173	0.169	0.171	0.159	0.160	0.157	0.170	0.162	0.162	0.161	0.167	0.162	0.164	0.164	0.162	0.160	0.160	0.163	0.163	0.164	0.161	0.161	0.165	0.168	0.167	0.161	0.164	0.153	0.160	0.172	0.165	0.168	0.165	0.162	0.162	0.168	0.167	0.165	0.229	0.162	0.158	0.183	0.155	0.165	0.161	0.163	0.165	0.167	0.166	0.168	0.173	0.163	0.161	0.164	0.162	0.162	0.160	0.166	0.166	0.165	0.165	0.165	0.176
13:00:41	34.6	0.162	0.162	0.166	0.164	0.159	0.160	0.166	0.170	0.166	0.170	0.168	0.174	0.162	0.159	0.164	0.160	0.161	0.156	0.168	0.164	0.171	0.164	0.169	0.168	0.161	0.158	0.161	0.162	0.163	0.160	0.161	0.167	0.166	0.172	0.168	0.170	0.159	0.159	0.157	0.169	0.161	0.161	0.160	0.167	0.162	0.160	0.162	0.162	0.159	0.159	0.165	0.164	0.163	0.161	0.161	0.164	0.168	0.166	0.161	0.163	0.153	0.160	0.171	0.163	0.168	0.164	0.161	0.162	0.168	0.167	0.165	0.230	0.162	0.158	0.175	0.165	0.165	0.161	0.163	0.165	0.167	0.166	0.167	0.173	0.163	0.161	0.163	0.162	0.162	0.160	0.166	0.166	0.165	0.164	0.165	0.173
14:00:42	34.6	0.161	0.162	0.165	0.164	0.159	0.159	0.166	0.169	0.166	0.170	0.167	0.173	0.161	0.158	0.164	0.159	0.160	0.157	0.165	0.164	0.171	0.163	0.168	0.167	0.161	0.158	0.161	0.161	0.163	0.160	0.160	0.166	0.166	0.172	0.167	0.170	0.159	0.159	0.156	0.169	0.161	0.163	0.160	0.166	0.162	0.160	0.162	0.162	0.159	0.160	0.162	0.163	0.163	0.161	0.161	0.164	0.168	0.166	0.161	0.162	0.153	0.160	0.171	0.162	0.167	0.164	0.161	0.162	0.167	0.166	0.164	0.230	0.162	0.158	0.160	0.155	0.165	0.161	0.163	0.164	0.167	0.166	0.167	0.172	0.163	0.161	0.163	0.164	0.162	0.160	0.166	0.166	0.164	0.164	0.165	0.167
15:00:42	34.6	0.161	0.162	0.165	0.164	0.158	0.159	0.166	0.169	0.165	0.169	0.167	0.173	0.161	0.158	0.163	0.159	0.160	0.162	0.165	0.163	0.170	0.163	0.168	0.167	0.161	0.157	0.160	0.161	0.163	0.160	0.160	0.166	0.165	0.171	0.167	0.169	0.158	0.158	0.156	0.169	0.160	0.160	0.159	0.165	0.161	0.159	0.161	0.161	0.159	0.159	0.162	0.162	0.163	0.160	0.161	0.163	0.167	0.165	0.160	0.162	0.153	0.159	0.170	0.162	0.166	0.164	0.161	0.161	0.166	0.165	0.164	0.227	0.161	0.157	0.160	0.176	0.164	0.161	0.166	0.164	0.167	0.165	0.166	0.172	0.163	0.160	0.163	0.165	0.162	0.160	0.165	0.165	0.164	0.165	0.165	0.166
16:00:43	34.6	0.161	0.162	0.166	0.164	0.158	0.159	0.165	0.168	0.165	0.169	0.167	0.173	0.161	0.158	0.163	0.159	0.159	0.163	0.164	0.163	0.170	0.163	0.168	0.167	0.160	0.157	0.160	0.160	0.162	0.159	0.160	0.166	0.165	0.171	0.167	0.168	0.158	0.158	0.156	0.169	0.160	0.160	0.159	0.165	0.161	0.159	0.160	0.161	0.159	0.159	0.162	0.164	0.162	0.160	0.160	0.163	0.167	0.165	0.162	0.162	0.153	0.159	0.169	0.162	0.166	0.163	0.160	0.161	0.166	0.165	0.164	0.230	0.161	0.157	0.160	0.154	0.164	0.160	0.162	0.164	0.166	0.167	0.166	0.171	0.163	0.160	0.162	0.161	0.162	0.160	0.166	0.166	0.163	0.164	0.165	0.167
17:00:43	34.6	0.161	0.162	0.166	0.164	0.158	0.159	0.165	0.168	0.165	0.169	0.167	0.173	0.161	0.158	0.162	0.163	0.159	0.163	0.164	0.162	0.169	0.163	0.167	0.167	0.160	0.157	0.160	0.160	0.162	0.159	0.160	0.165	0.164	0.170	0.166	0.168	0.158	0.158	0.156	0.168	0.159	0.159	0.158	0.165	0.160	0.158	0.160	0.162	0.159	0.158	0.162	0.162	0.162	0.160	0.160	0.162	0.166	0.165	0.159	0.163	0.154	0.159	0.169	0.162	0.166	0.163	0.160	0.160	0.166	0.165	0.165	0.230	0.161	0.157	0.162	0.170	0.164	0.160	0.162	0.164	0.165	0.165	0.166	0.171	0.163	0.160	0.162	0.161	0.162	0.160	0.166	0.166	0.163	0.164	0.174	0.196
18:00:43	34.6	0.163	0.163	0.167	0.165	0.159	0.159	0.166	0.168	0.165	0.171	0.168	0.176	0.161	0.158	0.162	0.158	0.159	0.162	0.163	0.162	0.169	0.163	0.167	0.167	0.160	0.157	0.159	0.160	0.162	0.159	0.160	0.165	0.164	0.169	0.166	0.168	0.159	0.158	0.156	0.168	0.159	0.159	0.158	0.164	0.160	0.158	0.160	0.163	0.160	0.158	0.161	0.161	0.162	0.160	0.160	0.162	0.166	0.164	0.160	0.164	0.159	0.158	0.173	0.162	0.166	0.163	0.160	0.160	0.165	0.164	0.165	0.238	0.162	0.157	0.161	0.164	0.164	0.160	0.163	0.164	0.165	0.166	0.166	0.172	0.163	0.160	0.162	0.161	0.164	0.165	0.166	0.167	0.163	0.165	0.178	0.194
19:00:44	34.6	0.167	0.166	0.170	0.171	0.162	0.160	0.167	0.168	0.165	0.176	0.172	0.186	0.163	0.161	0.162	0.158	0.160	0.164	0.163	0.162	0.169	0.164	0.168	0.172	0.161	0.158	0.160	0.160	0.162	0.159	0.160	0.165	0.164	0.169	0.166	0.170	0.160	0.159	0.157	0.169	0.159	0.161	0.158	0.164	0.160	0.159	0.160	0.167	0.165	0.160	0.161	0.161	0.162	0.160	0.161	0.163	0.166	0.164	0.161	0.171	0.168	0.159	0.168	0.162	0.166	0.164	0.160	0.160	0.166	0.165	0.170	0.242	0.164	0.159	0.167	0.163	0.168	0.164	0.164	0.164	0.166	0.169	0.211	0.178	0.181	0.161	0.163	0.183	0.187	0.225	0.231	0.207	0.173	0.173	0.206	0.265
20:00:45	34.6	0.179	0.175	0.183	0.184	0.169	0.165	0.170	0.172	0.169	0.185	0.186	0.197	0.171	0.168	0.162	0.159	0.161	0.163	0.164	0.163	0.169	0.166	0.171	0.185	0.164	0.160	0.162	0.161	0.162	0.160	0.161	0.165	0.164	0.168	0.167	0.174	0.168	0.161	0.162	0.171	0.159	0.160	0.159	0.164	0.162	0.158	0.162	0.180	0.177	0.166	0.163	0.162	0.164	0.162	0.162	0.163	0.166	0.165	0.165	0.192	0.176	0.160	0.171	0.165	0.168	0.168	0.170	0.161	0.166	0.166	0.180	0.243	0.172	0.174	0.180	0.171	0.219	0.173	0.176	0.175	0.172	0.178	0.279	0.248	0.181	0.186	0.198	0.267	0.257	0.303	0.281	0.244	0.257	0.224	0.192	0.225
21:00:45	34.6	0.188	0.186	0.192	0.193	0.179	0.176	0.176	0.181	0.179	0.194	0.198	0.218	0.183	0.178	0.164	0.163	0.166	0.168	0.166	0.165	0.170	0.173	0.180	0.195	0.174	0.171	0.169	0.163	0.165	0.164	0.166	0.166	0.165	0.169	0.177	0.191	0.177	0.169	0.174	0.174	0.161	0.162	0.162	0.164	0.165	0.159	0.167	0.188	0.189	0.178	0.170	0.166	0.171	0.171	0.169	0.166	0.167	0.167	0.175	0.192	0.197	0.184	0.190	0.176	0.176	0.185	0.179	0.166	0.170	0.172	0.192	0.264	0.184	0.187	0.189	0.212	0.262	0.238	0.209	0.208	0.221	0.191	0.228	0.235	0.243	0.181	0.202	0.319	0.271	0.322	0.341	0.250	0.249	0.256	0.213	0.227
22:00:46	34.6	0.210	0.203	0.216	0.218	0.195	0.186	0.190	0.191	0.188	0.205	0.231	0.250	0.201	0.189	0.171	0.174	0.178	0.174	0.172	0.169	0.175	0.183	0.190	0.220	0.186	0.180	0.180	0.172	0.173	0.173	0.176	0.171	0.170	0.172	0.186	0.201	0.188	0.180	0.189	0.185	0.165	0.167	0.170	0.166	0.173	0.161	0.179	0.209	0.228	0.186	0.184	0.179	0.185	0.182	0.181	0.174	0.172	0.174	0.184	0.218	0.227	0.201	0.234	0.251	0.223	0.227	0.215	0.178	0.185	0.193	0.313	0.273	0.198	0.193	0.211	0.259	0.228	0.247	0.259	0.200	0.241	0.232	0.318	0.227	0.214	0.253	0.207	0.328	0.292	0.381	0.332	0.255	0.244	0.293	0.259	0.245
23:00:46	34.4	0.238	0.235	0.246	0.245	0.226	0.215	0.197	0.208	0.205	0.228	0.256	0.271	0.233	0.217	0.183	0.183	0.188	0.193	0.185	0.181	0.187	0.197	0.210	0.250	0.209	0.199	0.193	0.183	0.184	0.182	0.186	0.185	0.183	0.182	0.200	0.228	0.215	0.193	0.203	0.200	0.174	0.179	0.181	0.172	0.184	0.170	0.189	0.239	0.240	0.210	0.195	0.203	0.218	0.200	0.199	0.187	0.186	0.194	0.200	0.243	0.280	0.233	0.281	0.292	0.264	0.207	0.245	0.215	0.234	0.253	0.264	0.306	0.229	0.225	0.237	0.285	0.258	0.302	0.286	0.200	0.277	0.268	0.257	0.259	0.239	0.274	0.287	0.299	0.247	0.332	0.326	0.307	0.284	0.316	0.268	0.266
0:00:00																																																																																																	

Results
	1	2	3	4	5	6	7	8	9	10	11	12
A	0.288	0.275	0.307	0.306	0.255	0.217	0.132	0.165	0.164	0.209	0.353	0.369	Max V [600]
	0.947	0.931	0.945	0.955	0.918	0.907	0.948	0.940	0.950	0.949	0.964	0.975	R-Squared [600]
	21:00:45	21:00:45	21:00:45	21:00:45	21:00:45	21:00:45	21:00:45	21:00:45	21:00:45	21:00:45	21:00:45	21:00:45	t at Max V [600]
	19:15:49	19:35:43	19:17:16	19:10:21	19:30:46	19:42:35	19:31:32	19:51:52	20:16:27	19:02:22	19:17:44	19:16:18	Lagtime [600]
B	0.285	0.225	0.085	0.110	0.123	0.113	0.086	0.072	0.072	0.140	0.172	0.318	Max V [600]
	0.929	0.921	0.816	0.911	0.927	0.800	0.807	0.797	0.758	0.936	0.925	0.951	R-Squared [600]
	21:00:45	21:00:45	21:00:45	21:00:45	21:00:45	21:00:45	21:00:45	21:00:45	21:00:45	21:00:45	21:00:45	21:00:45	t at Max V [600]
	19:34:56	19:54:16	21:04:45	20:24:38	20:13:37	19:06:02	20:55:51	21:32:18	20:51:18	19:47:52	19:50:20	19:16:39	Lagtime [600]
C	0.197	0.172	0.139	0.094	0.092	0.098	0.113	0.076	0.073	0.050	0.143	0.235	Max V [600]
	0.911	0.934	0.936	0.849	0.865	0.907	0.907	0.731	0.743	0.662	0.930	0.939	R-Squared [600]
	21:00:45	21:00:45	21:00:45	21:00:45	21:00:45	21:00:45	21:00:45	21:00:45	21:00:45	21:00:45	21:00:45	21:00:45	t at Max V [600]
	19:57:02	19:57:51	20:07:53	20:40:37	21:10:03	20:33:58	20:18:30	21:04:25	20:57:44	?????	20:22:29	19:47:39	Lagtime [600]
D	0.217	0.146	0.194	0.129	0.061	0.073	0.095	0.032	0.098	0.042	0.127	0.286	Max V [600]
	0.928	0.946	0.972	0.880	0.800	0.765	0.856	0.680	0.884	0.662	0.923	0.941	R-Squared [600]
	21:00:45	21:00:45	21:00:45	21:00:45	21:00:45	21:00:45	21:00:45	21:00:45	21:00:45	21:00:45	21:00:45	21:00:45	t at Max V [600]
	19:35:58	19:53:54	19:44:20	20:42:35	22:23:17	21:15:37	20:53:48	?????	21:09:57	?????	21:11:28	19:24:20	Lagtime [600]
E	0.334	0.202	0.150	0.168	0.221	0.165	0.158	0.099	0.077	0.114	0.161	0.282	Max V [600]
	0.948	0.942	0.935	0.821	0.827	0.928	0.892	0.849	0.751	0.753	0.951	0.935	R-Squared [600]
	21:00:45	21:00:45	21:00:45	21:00:45	21:00:45	21:00:45	21:00:45	21:00:45	21:00:45	21:00:45	21:00:45	21:00:45	t at Max V [600]
	19:11:02	19:42:10	20:06:49	20:20:47	20:03:33	20:01:54	20:06:38	20:33:23	21:02:19	20:33:18	19:41:54	18:48:55	Lagtime [600]
F	0.457	0.316	0.480	0.579	0.419	0.249	0.358	0.211	0.261	0.339	0.536	0.260	Max V [600]
	0.915	0.933	0.897	0.863	0.854	0.765	0.924	0.761	0.720	0.749	0.668	0.903	R-Squared [600]
	21:00:45	21:00:45	21:00:45	21:00:45	21:00:45	20:00:45	21:00:45	21:00:45	21:00:45	21:00:45	21:00:45	21:00:45	t at Max V [600]
	19:04:53	19:43:33	19:54:46	19:48:11	19:56:50	19:17:33	19:40:07	20:13:38	20:13:52	20:24:49	19:19:57	19:10:02	Lagtime [600]
G	0.261	0.249	0.284	0.555	0.420	0.581	0.545	0.196	0.488	0.417	0.536	0.340	Max V [600]
	0.931	0.936	0.956	0.965	0.817	0.943	0.967	0.795	0.961	0.924	0.733	0.740	R-Squared [600]
	21:00:45	21:00:45	21:00:45	21:00:45	19:00:44	21:00:45	21:00:45	20:00:45	21:00:45	21:00:45	20:00:45	19:00:44	t at Max V [600]
	19:31:14	19:19:32	19:08:29	19:13:34	18:00:46	19:17:45	19:25:13	18:48:47	19:29:04	19:27:32	17:50:16	17:59:31	Lagtime [600]
H	0.297	0.487	0.428	0.781	0.566	0.881	0.775	0.409	0.442	0.589	0.321	0.376	Max V [600]
	0.727	0.877	0.793	0.938	0.933	0.973	0.945	0.923	0.776	0.983	0.798	0.779	R-Squared [600]
	19:00:44	21:00:45	21:00:45	20:00:45	20:00:45	20:00:45	19:00:44	19:00:44	19:00:44	21:00:45	21:00:45	17:00:43	t at Max V [600]
	18:00:21	19:28:43	19:17:52	18:10:52	18:01:09	17:49:56	17:34:04	17:32:29	17:47:49	18:39:33	17:56:54	15:56:24	Lagtime [600]


