
Software Version	3.11.19



Experiment File Path:	C:\Users\patil-group\Desktop\Sweeteners_stacker\021221_NT5076_83_24007_Rep2\NT5076_83_24007_Rep2.xpt
Protocol File Path:	C:\Users\Public\Documents\Protocols\Screening-protocol.prt



Plate Number	Plate 4
Date	02/12/2021
Time	12:14:26
Reader Type:	Epoch 2
Reader Serial Number:	2103223
Reading Type	Reader

Procedure Details

Plate Type	96 WELL PLATE
Discontinuous Kinetics	Runtime 1:00:00 (D:HH:MM), Interval 0:01:00, 25 Reads
	Pause after each run
Eject plate on completion	
Shake	Linear: 0:00:30 (HH:MM:SS)
	Frequency: 567 cpm (3 mm)
Read	Absorbance Endpoint
	Full Plate
	Wavelengths:  600
	Read Speed: Normal,  Delay: 100 msec,  Measurements/Data Point: 8

600

Time	T° 600	A1	A2	A3	A4	A5	A6	A7	A8	A9	A10	A11	A12	B1	B2	B3	B4	B5	B6	B7	B8	B9	B10	B11	B12	C1	C2	C3	C4	C5	C6	C7	C8	C9	C10	C11	C12	D1	D2	D3	D4	D5	D6	D7	D8	D9	D10	D11	D12	E1	E2	E3	E4	E5	E6	E7	E8	E9	E10	E11	E12	F1	F2	F3	F4	F5	F6	F7	F8	F9	F10	F11	F12	G1	G2	G3	G4	G5	G6	G7	G8	G9	G10	G11	G12	H1	H2	H3	H4	H5	H6	H7	H8	H9	H10	H11	H12
0:00:34	34.4	0.174	0.165	0.173	0.169	0.169	0.164	0.168	0.178	0.172	0.170	0.178	0.171	0.164	0.174	0.161	0.167	0.164	0.167	0.166	0.178	0.176	0.185	0.170	0.170	0.172	0.172	0.171	0.174	0.171	0.175	0.163	0.187	0.167	0.164	0.172	0.168	0.174	0.171	0.171	0.170	0.170	0.167	0.166	0.169	0.172	0.173	0.166	0.168	0.167	0.169	0.169	0.171	0.168	0.174	0.166	0.168	0.168	0.165	0.170	0.170	0.169	0.167	0.178	0.170	0.175	0.172	0.172	0.177	0.166	0.173	0.188	0.172	0.167	0.160	0.172	0.168	0.162	0.167	0.165	0.169	0.177	0.165	0.167	0.169	0.172	0.173	0.182	0.169	0.162	0.168	0.168	0.178	0.171	0.172	0.170	0.176
1:00:34	34.6	0.173	0.164	0.172	0.168	0.169	0.163	0.168	0.177	0.171	0.168	0.177	0.170	0.164	0.172	0.160	0.166	0.163	0.166	0.165	0.177	0.175	0.176	0.169	0.169	0.171	0.171	0.170	0.173	0.170	0.173	0.163	0.183	0.166	0.163	0.170	0.167	0.173	0.169	0.170	0.169	0.169	0.166	0.165	0.167	0.170	0.171	0.165	0.167	0.166	0.168	0.168	0.169	0.166	0.172	0.164	0.167	0.167	0.163	0.169	0.169	0.168	0.166	0.176	0.169	0.174	0.171	0.171	0.175	0.165	0.172	0.186	0.171	0.167	0.160	0.170	0.166	0.161	0.166	0.164	0.168	0.175	0.164	0.167	0.168	0.171	0.172	0.181	0.168	0.161	0.167	0.168	0.176	0.170	0.171	0.169	0.175
2:00:34	34.7	0.173	0.164	0.172	0.168	0.169	0.163	0.168	0.176	0.171	0.168	0.176	0.170	0.164	0.173	0.160	0.166	0.162	0.166	0.165	0.176	0.175	0.174	0.169	0.168	0.171	0.171	0.170	0.172	0.170	0.173	0.164	0.182	0.166	0.163	0.170	0.167	0.172	0.169	0.169	0.169	0.169	0.166	0.164	0.166	0.170	0.171	0.165	0.167	0.166	0.167	0.167	0.169	0.165	0.172	0.164	0.167	0.167	0.163	0.169	0.168	0.168	0.166	0.175	0.168	0.174	0.171	0.170	0.175	0.165	0.172	0.185	0.171	0.167	0.160	0.170	0.166	0.161	0.166	0.164	0.168	0.175	0.164	0.167	0.168	0.172	0.172	0.180	0.168	0.161	0.167	0.167	0.175	0.169	0.171	0.169	0.175
3:00:35	34.7	0.173	0.164	0.170	0.168	0.168	0.163	0.168	0.176	0.170	0.167	0.174	0.170	0.164	0.172	0.160	0.166	0.162	0.166	0.165	0.176	0.174	0.173	0.169	0.168	0.171	0.171	0.169	0.171	0.170	0.172	0.162	0.182	0.166	0.163	0.170	0.167	0.172	0.169	0.169	0.168	0.169	0.165	0.164	0.166	0.169	0.171	0.164	0.167	0.166	0.166	0.167	0.169	0.165	0.171	0.164	0.167	0.167	0.163	0.169	0.168	0.168	0.166	0.174	0.168	0.174	0.170	0.170	0.175	0.164	0.171	0.184	0.171	0.167	0.160	0.170	0.166	0.161	0.166	0.164	0.167	0.175	0.164	0.166	0.168	0.172	0.172	0.180	0.168	0.161	0.167	0.167	0.173	0.169	0.171	0.168	0.174
4:00:35	34.6	0.173	0.163	0.171	0.167	0.168	0.163	0.168	0.175	0.170	0.167	0.174	0.170	0.164	0.172	0.160	0.165	0.162	0.166	0.165	0.176	0.175	0.173	0.168	0.168	0.171	0.171	0.169	0.171	0.170	0.172	0.162	0.182	0.166	0.163	0.170	0.167	0.172	0.169	0.168	0.168	0.168	0.165	0.164	0.166	0.169	0.170	0.165	0.167	0.166	0.166	0.167	0.168	0.164	0.171	0.164	0.167	0.167	0.163	0.169	0.168	0.168	0.166	0.174	0.168	0.173	0.170	0.169	0.175	0.164	0.171	0.183	0.171	0.167	0.160	0.170	0.166	0.161	0.166	0.164	0.167	0.175	0.164	0.167	0.167	0.171	0.172	0.180	0.168	0.161	0.166	0.167	0.172	0.169	0.171	0.167	0.173
5:00:36	34.6	0.173	0.163	0.170	0.168	0.168	0.163	0.168	0.175	0.170	0.167	0.173	0.170	0.164	0.172	0.160	0.165	0.162	0.165	0.165	0.176	0.174	0.172	0.169	0.168	0.170	0.171	0.169	0.171	0.170	0.172	0.162	0.182	0.166	0.163	0.170	0.167	0.171	0.169	0.168	0.168	0.168	0.165	0.164	0.166	0.169	0.170	0.164	0.167	0.166	0.166	0.167	0.168	0.165	0.171	0.164	0.167	0.167	0.163	0.169	0.168	0.168	0.166	0.174	0.168	0.173	0.170	0.168	0.175	0.164	0.171	0.182	0.171	0.167	0.159	0.170	0.166	0.161	0.166	0.164	0.167	0.175	0.164	0.166	0.167	0.171	0.172	0.180	0.167	0.160	0.166	0.166	0.171	0.169	0.171	0.167	0.173
6:00:37	34.6	0.173	0.163	0.170	0.167	0.168	0.162	0.167	0.174	0.170	0.167	0.173	0.170	0.164	0.172	0.160	0.165	0.162	0.165	0.166	0.176	0.174	0.172	0.168	0.168	0.170	0.171	0.169	0.170	0.170	0.172	0.162	0.182	0.165	0.162	0.169	0.167	0.171	0.169	0.168	0.168	0.168	0.165	0.164	0.165	0.169	0.170	0.164	0.167	0.166	0.165	0.167	0.167	0.164	0.170	0.164	0.167	0.173	0.163	0.169	0.167	0.168	0.166	0.173	0.167	0.173	0.170	0.166	0.174	0.164	0.170	0.181	0.170	0.167	0.159	0.169	0.165	0.160	0.166	0.164	0.167	0.174	0.163	0.166	0.167	0.171	0.172	0.179	0.167	0.160	0.166	0.167	0.169	0.169	0.171	0.166	0.173
7:00:38	34.6	0.173	0.163	0.170	0.167	0.168	0.162	0.168	0.173	0.170	0.167	0.173	0.170	0.164	0.171	0.160	0.165	0.162	0.165	0.166	0.175	0.174	0.172	0.168	0.168	0.170	0.171	0.169	0.170	0.169	0.172	0.162	0.182	0.165	0.163	0.169	0.167	0.171	0.169	0.168	0.168	0.168	0.165	0.164	0.166	0.169	0.170	0.164	0.167	0.166	0.165	0.167	0.167	0.164	0.170	0.164	0.167	0.167	0.163	0.169	0.167	0.168	0.166	0.173	0.166	0.174	0.169	0.166	0.174	0.164	0.170	0.180	0.170	0.167	0.159	0.169	0.165	0.160	0.166	0.164	0.167	0.174	0.164	0.166	0.167	0.171	0.171	0.179	0.166	0.160	0.165	0.166	0.169	0.169	0.171	0.166	0.173
8:00:39	34.6	0.173	0.163	0.170	0.167	0.168	0.162	0.167	0.173	0.170	0.167	0.173	0.170	0.163	0.171	0.159	0.165	0.162	0.165	0.165	0.175	0.174	0.171	0.170	0.168	0.170	0.170	0.169	0.170	0.169	0.171	0.161	0.181	0.165	0.162	0.168	0.167	0.171	0.168	0.168	0.168	0.168	0.164	0.164	0.165	0.169	0.170	0.163	0.167	0.165	0.164	0.167	0.167	0.164	0.170	0.164	0.166	0.167	0.163	0.169	0.167	0.168	0.165	0.172	0.166	0.173	0.169	0.165	0.174	0.164	0.170	0.178	0.170	0.166	0.159	0.169	0.165	0.160	0.166	0.164	0.166	0.174	0.163	0.166	0.166	0.171	0.171	0.179	0.166	0.160	0.165	0.166	0.168	0.169	0.170	0.166	0.173
9:00:40	34.6	0.172	0.162	0.170	0.167	0.168	0.162	0.167	0.172	0.170	0.166	0.172	0.170	0.163	0.171	0.159	0.165	0.163	0.165	0.165	0.175	0.174	0.171	0.174	0.167	0.170	0.170	0.168	0.169	0.169	0.171	0.161	0.181	0.165	0.162	0.168	0.167	0.171	0.168	0.168	0.167	0.167	0.164	0.164	0.165	0.168	0.170	0.163	0.167	0.165	0.164	0.166	0.166	0.164	0.170	0.164	0.166	0.167	0.163	0.168	0.166	0.167	0.167	0.172	0.166	0.173	0.169	0.165	0.174	0.163	0.170	0.178	0.170	0.166	0.158	0.169	0.165	0.160	0.165	0.163	0.166	0.174	0.163	0.166	0.165	0.170	0.171	0.178	0.166	0.159	0.165	0.166	0.167	0.168	0.170	0.165	0.172
10:00:40	34.6	0.172	0.162	0.170	0.167	0.168	0.162	0.167	0.172	0.169	0.166	0.172	0.169	0.163	0.171	0.159	0.165	0.162	0.164	0.165	0.174	0.173	0.170	0.174	0.167	0.170	0.170	0.168	0.169	0.170	0.170	0.161	0.181	0.165	0.162	0.168	0.166	0.170	0.168	0.168	0.167	0.167	0.163	0.163	0.165	0.169	0.169	0.163	0.167	0.165	0.163	0.166	0.166	0.163	0.169	0.164	0.166	0.166	0.163	0.168	0.166	0.167	0.165	0.172	0.166	0.173	0.169	0.165	0.173	0.163	0.169	0.177	0.170	0.166	0.158	0.168	0.165	0.160	0.165	0.163	0.166	0.174	0.163	0.166	0.165	0.170	0.170	0.178	0.165	0.160	0.165	0.166	0.167	0.168	0.170	0.164	0.172
11:00:41	34.6	0.172	0.162	0.169	0.167	0.167	0.162	0.167	0.171	0.169	0.166	0.172	0.169	0.163	0.171	0.159	0.164	0.162	0.164	0.165	0.174	0.173	0.170	0.168	0.167	0.169	0.170	0.168	0.169	0.169	0.170	0.161	0.181	0.165	0.162	0.169	0.166	0.170	0.168	0.167	0.167	0.167	0.163	0.163	0.165	0.168	0.169	0.163	0.166	0.165	0.162	0.166	0.166	0.164	0.168	0.163	0.166	0.167	0.162	0.168	0.166	0.167	0.165	0.171	0.165	0.172	0.169	0.164	0.173	0.164	0.169	0.177	0.169	0.166	0.158	0.168	0.164	0.159	0.165	0.163	0.165	0.174	0.164	0.165	0.165	0.169	0.169	0.178	0.165	0.159	0.164	0.165	0.166	0.168	0.170	0.164	0.171
12:00:42	34.5	0.172	0.162	0.169	0.166	0.167	0.162	0.166	0.171	0.169	0.166	0.172	0.169	0.163	0.171	0.159	0.164	0.161	0.164	0.165	0.173	0.173	0.170	0.167	0.167	0.169	0.170	0.168	0.169	0.169	0.170	0.161	0.181	0.165	0.162	0.167	0.166	0.170	0.168	0.167	0.167	0.167	0.163	0.163	0.165	0.169	0.168	0.162	0.166	0.165	0.162	0.166	0.166	0.163	0.167	0.163	0.166	0.166	0.162	0.168	0.166	0.167	0.165	0.171	0.165	0.172	0.169	0.164	0.173	0.163	0.169	0.177	0.169	0.165	0.158	0.168	0.164	0.159	0.165	0.163	0.165	0.173	0.162	0.165	0.164	0.169	0.169	0.177	0.164	0.159	0.164	0.165	0.165	0.167	0.170	0.163	0.171
13:00:41	34.5	0.171	0.161	0.169	0.166	0.167	0.161	0.166	0.170	0.168	0.165	0.171	0.168	0.163	0.170	0.159	0.164	0.161	0.163	0.164	0.172	0.172	0.169	0.166	0.166	0.169	0.170	0.167	0.168	0.169	0.169	0.160	0.180	0.164	0.161	0.167	0.166	0.170	0.167	0.167	0.167	0.167	0.162	0.162	0.164	0.168	0.168	0.162	0.166	0.164	0.162	0.166	0.165	0.163	0.167	0.163	0.165	0.171	0.162	0.167	0.165	0.166	0.165	0.172	0.165	0.172	0.168	0.164	0.173	0.163	0.168	0.175	0.169	0.165	0.158	0.168	0.164	0.159	0.165	0.163	0.165	0.173	0.162	0.165	0.163	0.169	0.168	0.177	0.164	0.158	0.164	0.165	0.166	0.167	0.169	0.163	0.171
14:00:42	34.5	0.171	0.161	0.168	0.165	0.166	0.161	0.166	0.170	0.168	0.165	0.170	0.168	0.163	0.170	0.158	0.163	0.161	0.163	0.164	0.172	0.171	0.169	0.166	0.166	0.168	0.169	0.167	0.168	0.168	0.169	0.160	0.180	0.164	0.161	0.167	0.165	0.170	0.167	0.166	0.166	0.166	0.162	0.162	0.164	0.167	0.168	0.162	0.165	0.164	0.161	0.165	0.165	0.162	0.166	0.162	0.165	0.165	0.162	0.167	0.165	0.166	0.164	0.171	0.164	0.172	0.168	0.163	0.172	0.162	0.168	0.175	0.168	0.165	0.157	0.167	0.164	0.159	0.164	0.162	0.164	0.173	0.166	0.164	0.162	0.168	0.168	0.177	0.164	0.158	0.164	0.165	0.164	0.167	0.169	0.162	0.170
15:00:42	34.5	0.170	0.160	0.168	0.165	0.166	0.161	0.165	0.168	0.167	0.164	0.170	0.168	0.162	0.169	0.158	0.163	0.160	0.163	0.163	0.171	0.171	0.168	0.169	0.166	0.168	0.169	0.166	0.168	0.168	0.168	0.160	0.179	0.164	0.161	0.166	0.165	0.169	0.166	0.166	0.166	0.166	0.161	0.162	0.164	0.167	0.167	0.161	0.165	0.163	0.160	0.165	0.164	0.162	0.166	0.163	0.165	0.166	0.161	0.167	0.164	0.165	0.164	0.171	0.164	0.172	0.167	0.162	0.172	0.162	0.167	0.174	0.168	0.164	0.157	0.167	0.164	0.158	0.164	0.162	0.164	0.173	0.161	0.164	0.161	0.168	0.168	0.177	0.163	0.158	0.163	0.164	0.163	0.166	0.169	0.161	0.169
16:00:43	34.6	0.170	0.160	0.167	0.164	0.165	0.160	0.165	0.167	0.167	0.164	0.169	0.167	0.162	0.168	0.157	0.162	0.160	0.162	0.163	0.171	0.170	0.167	0.173	0.165	0.167	0.168	0.166	0.167	0.167	0.168	0.159	0.179	0.163	0.160	0.166	0.164	0.168	0.166	0.165	0.165	0.165	0.161	0.161	0.163	0.166	0.167	0.161	0.164	0.163	0.160	0.164	0.164	0.161	0.165	0.162	0.164	0.164	0.161	0.166	0.164	0.165	0.163	0.169	0.163	0.171	0.167	0.162	0.171	0.162	0.167	0.174	0.168	0.164	0.157	0.166	0.163	0.158	0.163	0.162	0.164	0.172	0.161	0.163	0.161	0.168	0.168	0.176	0.163	0.158	0.163	0.164	0.163	0.166	0.168	0.161	0.168
17:00:43	34.6	0.170	0.160	0.167	0.164	0.165	0.160	0.164	0.166	0.166	0.163	0.169	0.167	0.162	0.168	0.157	0.162	0.159	0.162	0.162	0.170	0.170	0.167	0.164	0.165	0.167	0.168	0.166	0.166	0.167	0.167	0.159	0.178	0.163	0.160	0.165	0.164	0.167	0.166	0.165	0.165	0.165	0.160	0.161	0.163	0.166	0.166	0.161	0.164	0.163	0.159	0.164	0.163	0.161	0.164	0.161	0.164	0.164	0.160	0.165	0.164	0.165	0.163	0.169	0.163	0.171	0.166	0.162	0.171	0.162	0.166	0.173	0.167	0.164	0.156	0.166	0.163	0.158	0.163	0.161	0.163	0.172	0.160	0.163	0.160	0.170	0.168	0.176	0.164	0.159	0.163	0.163	0.163	0.166	0.168	0.160	0.169
18:00:44	34.5	0.170	0.160	0.167	0.164	0.164	0.160	0.164	0.166	0.166	0.163	0.168	0.167	0.162	0.167	0.157	0.162	0.159	0.162	0.162	0.169	0.170	0.167	0.164	0.165	0.167	0.167	0.165	0.166	0.167	0.166	0.158	0.178	0.162	0.159	0.165	0.164	0.167	0.165	0.165	0.165	0.165	0.160	0.160	0.162	0.165	0.166	0.160	0.163	0.163	0.159	0.163	0.163	0.161	0.164	0.161	0.163	0.165	0.160	0.166	0.163	0.164	0.163	0.169	0.163	0.170	0.166	0.162	0.171	0.162	0.166	0.173	0.168	0.164	0.156	0.166	0.163	0.158	0.163	0.161	0.163	0.172	0.160	0.163	0.159	0.187	0.169	0.177	0.222	0.162	0.164	0.164	0.163	0.166	0.168	0.160	0.169
19:00:44	34.6	0.170	0.159	0.166	0.164	0.164	0.159	0.164	0.165	0.166	0.163	0.168	0.167	0.162	0.167	0.157	0.161	0.159	0.161	0.162	0.169	0.169	0.166	0.170	0.165	0.167	0.167	0.165	0.166	0.166	0.166	0.158	0.177	0.162	0.159	0.165	0.163	0.167	0.165	0.164	0.164	0.164	0.159	0.160	0.162	0.165	0.165	0.160	0.163	0.163	0.158	0.163	0.162	0.160	0.164	0.161	0.163	0.163	0.160	0.165	0.164	0.164	0.163	0.168	0.163	0.171	0.166	0.161	0.171	0.162	0.166	0.173	0.168	0.163	0.156	0.166	0.163	0.157	0.163	0.161	0.163	0.173	0.160	0.163	0.159	0.256	0.173	0.222	0.239	0.175	0.164	0.163	0.167	0.168	0.168	0.160	0.170
20:00:45	34.6	0.170	0.160	0.167	0.164	0.164	0.160	0.164	0.165	0.166	0.164	0.169	0.169	0.163	0.167	0.157	0.161	0.159	0.161	0.161	0.169	0.170	0.166	0.163	0.166	0.167	0.167	0.165	0.165	0.166	0.166	0.158	0.177	0.162	0.159	0.165	0.164	0.167	0.165	0.165	0.164	0.164	0.159	0.160	0.162	0.165	0.165	0.161	0.164	0.163	0.159	0.164	0.162	0.161	0.164	0.161	0.163	0.163	0.160	0.165	0.165	0.165	0.163	0.170	0.165	0.171	0.167	0.161	0.175	0.167	0.169	0.173	0.174	0.164	0.157	0.166	0.164	0.158	0.163	0.162	0.165	0.180	0.163	0.164	0.173	0.197	0.193	0.258	0.206	0.203	0.169	0.165	0.178	0.176	0.169	0.161	0.174
21:00:45	34.6	0.174	0.161	0.169	0.165	0.164	0.160	0.164	0.167	0.170	0.165	0.172	0.176	0.166	0.167	0.157	0.161	0.159	0.162	0.162	0.168	0.170	0.167	0.164	0.168	0.169	0.167	0.166	0.165	0.166	0.166	0.159	0.177	0.162	0.159	0.165	0.166	0.168	0.166	0.166	0.164	0.164	0.159	0.161	0.162	0.165	0.166	0.163	0.165	0.166	0.160	0.166	0.162	0.161	0.165	0.161	0.164	0.164	0.162	0.166	0.171	0.165	0.164	0.179	0.171	0.176	0.171	0.165	0.185	0.179	0.179	0.178	0.188	0.164	0.163	0.171	0.170	0.164	0.168	0.166	0.173	0.194	0.174	0.170	0.169	0.215	0.256	0.204	0.298	0.271	0.182	0.171	0.185	0.190	0.174	0.161	0.188
22:00:46	34.6	0.184	0.166	0.177	0.170	0.165	0.161	0.168	0.174	0.180	0.173	0.184	0.191	0.174	0.169	0.158	0.161	0.160	0.165	0.164	0.169	0.173	0.170	0.170	0.176	0.176	0.168	0.171	0.166	0.167	0.167	0.161	0.178	0.164	0.160	0.167	0.173	0.173	0.171	0.174	0.165	0.167	0.160	0.167	0.164	0.166	0.166	0.172	0.169	0.175	0.163	0.174	0.163	0.166	0.170	0.165	0.167	0.167	0.168	0.168	0.186	0.171	0.171	0.194	0.187	0.189	0.183	0.176	0.195	0.186	0.190	0.190	0.192	0.168	0.175	0.184	0.184	0.177	0.180	0.177	0.187	0.197	0.183	0.185	0.179	0.241	0.298	0.400	0.327	0.288	0.210	0.191	0.188	0.191	0.188	0.167	0.194
23:00:46	34.4	0.193	0.177	0.191	0.184	0.172	0.167	0.180	0.190	0.190	0.188	0.192	0.192	0.182	0.175	0.163	0.164	0.168	0.169	0.173	0.174	0.183	0.180	0.185	0.188	0.192	0.172	0.185	0.170	0.171	0.174	0.174	0.185	0.171	0.166	0.174	0.188	0.186	0.185	0.190	0.169	0.176	0.163	0.178	0.172	0.172	0.172	0.184	0.180	0.188	0.174	0.189	0.168	0.179	0.182	0.178	0.177	0.177	0.184	0.179	0.190	0.186	0.187	0.201	0.199	0.197	0.192	0.186	0.202	0.192	0.199	0.196	0.200	0.178	0.179	0.192	0.189	0.183	0.189	0.185	0.190	0.207	0.188	0.189	0.181	0.260	0.375	0.316	0.303	0.316	0.270	0.190	0.200	0.201	0.192	0.180	0.201
0:00:00																																																																																																	

Results
	1	2	3	4	5	6	7	8	9	10	11	12
A	0.100	0.068	0.098	0.079	0.030	0.029	0.062	0.096	0.105	0.102	0.107	0.119	Max V [600]
	0.896	0.772	0.819	0.737	0.644	0.697	0.702	0.765	0.882	0.811	0.900	0.911	R-Squared [600]
	21:00:45	21:00:45	21:00:45	21:00:45	21:00:45	21:00:45	21:00:45	21:00:45	21:00:45	21:00:45	21:00:45	21:00:45	t at Max V [600]
	20:17:29	21:09:48	20:54:02	20:56:59	22:55:25	22:22:22	21:02:03	22:02:00	20:35:43	20:50:25	21:09:41	19:53:02	Lagtime [600]
B	0.087	0.030	0.023	0.011	0.034	0.032	0.043	0.020	0.051	0.054	0.060	0.095	Max V [600]
	0.904	0.654	0.658	0.479	0.660	0.807	0.657	0.516	0.707	0.716	0.432	0.839	R-Squared [600]
	21:00:45	21:00:45	21:00:45	21:00:45	21:00:45	21:00:45	21:00:45	21:00:45	21:00:45	21:00:45	21:00:45	21:00:45	t at Max V [600]
	20:03:16	?????	22:54:38	?????	22:22:21	22:39:51	21:41:51	?????	21:58:12	?????	21:01:25	20:33:07	Lagtime [600]
C	0.097	0.019	0.077	0.017	0.016	0.026	0.059	0.030	0.033	0.025	0.035	0.098	Max V [600]
	0.776	0.619	0.720	0.589	0.647	0.557	0.637	0.619	0.649	0.628	0.676	0.786	R-Squared [600]
	21:00:45	21:00:45	21:00:45	21:00:45	21:00:45	21:00:45	21:00:45	21:00:45	21:00:45	21:00:45	21:00:45	21:00:45	t at Max V [600]
	20:41:51	?????	21:04:08	?????	?????	?????	21:23:04	?????	22:42:16	?????	?????	20:31:58	Lagtime [600]
D	0.074	0.076	0.102	0.018	0.046	0.013	0.072	0.034	0.025	0.024	0.099	0.067	Max V [600]
	0.732	0.735	0.785	0.608	0.701	0.594	0.749	0.640	0.627	0.598	0.864	0.751	R-Squared [600]
	21:00:45	21:00:45	21:00:45	21:00:45	21:00:45	21:00:45	21:00:45	21:00:45	21:00:45	21:00:45	21:00:45	21:00:45	t at Max V [600]
	21:29:49	21:04:59	20:52:54	?????	21:57:43	?????	21:05:46	?????	?????	?????	20:36:38	21:03:27	Lagtime [600]
E	0.105	0.059	0.103	0.021	0.070	0.070	0.065	0.055	0.051	0.093	0.050	0.122	Max V [600]
	0.854	0.746	0.800	0.610	0.740	0.739	0.702	0.726	0.691	0.761	0.683	0.924	R-Squared [600]
	21:00:45	21:00:45	21:00:45	21:00:45	21:00:45	21:00:45	21:00:45	21:00:45	21:00:45	21:00:45	21:00:45	21:00:45	t at Max V [600]
	20:22:04	22:40:53	20:41:37	?????	21:30:33	22:11:34	21:08:26	21:23:48	21:26:49	20:40:13	21:32:26	20:17:02	Lagtime [600]
F	0.086	0.094	0.150	0.157	0.117	0.115	0.107	0.138	0.132	0.145	0.104	0.136	Max V [600]
	0.745	0.769	0.947	0.913	0.911	0.898	0.885	0.980	0.986	0.973	0.910	0.969	R-Squared [600]
	21:00:45	21:00:45	21:00:45	21:00:45	21:00:45	21:00:45	21:00:45	21:00:45	21:00:45	21:00:45	21:00:45	21:00:45	t at Max V [600]
	20:45:54	20:34:42	20:33:57	20:14:17	20:12:14	20:24:49	21:21:34	19:56:32	19:35:00	20:10:56	21:57:06	19:30:05	Lagtime [600]
G	0.057	0.106	0.116	0.121	0.115	0.115	0.104	0.125	0.141	0.126	0.120	0.082	Max V [600]
	0.726	0.921	0.910	0.918	0.925	0.903	0.919	0.935	0.973	0.975	0.919	0.805	R-Squared [600]
	21:00:45	21:00:45	21:00:45	21:00:45	21:00:45	21:00:45	21:00:45	21:00:45	21:00:45	21:00:45	21:00:45	20:00:45	t at Max V [600]
	20:55:06	20:04:02	20:24:09	20:08:36	20:09:25	20:12:51	20:14:17	20:09:38	19:25:13	19:56:36	20:04:19	20:15:49	Lagtime [600]
H	0.326	0.849	0.710	0.447	0.611	0.421	0.132	0.126	0.134	0.109	0.077	0.139	Max V [600]
	0.660	0.968	0.592	0.672	0.956	0.844	0.867	0.967	0.955	0.912	0.744	0.976	R-Squared [600]
	17:00:43	21:00:45	20:00:45	20:00:45	21:00:45	21:00:45	21:00:45	21:00:45	21:00:45	21:00:45	21:00:45	21:00:45	t at Max V [600]
	16:05:30	19:19:30	18:21:39	16:41:09	18:35:45	19:45:33	20:02:11	20:13:17	19:13:32	20:03:02	21:57:54	19:53:23	Lagtime [600]

