
Software Version	3.11.19



Experiment File Path:	C:\Users\patil-group\Desktop\Sweeteners_stacker\031221_NT5076_83_24007_Rep3\NT5076_83_24007_Rep3.xpt
Protocol File Path:	C:\Users\Public\Documents\Protocols\Screening-protocol.prt



Plate Number	Plate 12
Date	03/12/2021
Time	12:37:20
Reader Type:	Epoch 2
Reader Serial Number:	2103223
Reading Type	Reader

Procedure Details

Plate Type	96 WELL PLATE
Discontinuous Kinetics	Runtime 1:00:00 (D:HH:MM), Interval 0:01:00, 25 Reads
	Pause after each run
Eject plate on completion	
Shake	Linear: 0:00:30 (HH:MM:SS)
	Frequency: 567 cpm (3 mm)
Read	Absorbance Endpoint
	Full Plate
	Wavelengths:  600
	Read Speed: Normal,  Delay: 100 msec,  Measurements/Data Point: 8

600

Time	T° 600	A1	A2	A3	A4	A5	A6	A7	A8	A9	A10	A11	A12	B1	B2	B3	B4	B5	B6	B7	B8	B9	B10	B11	B12	C1	C2	C3	C4	C5	C6	C7	C8	C9	C10	C11	C12	D1	D2	D3	D4	D5	D6	D7	D8	D9	D10	D11	D12	E1	E2	E3	E4	E5	E6	E7	E8	E9	E10	E11	E12	F1	F2	F3	F4	F5	F6	F7	F8	F9	F10	F11	F12	G1	G2	G3	G4	G5	G6	G7	G8	G9	G10	G11	G12	H1	H2	H3	H4	H5	H6	H7	H8	H9	H10	H11	H12
0:00:34	34.1	0.170	0.172	0.172	0.173	0.171	0.172	0.168	0.170	0.181	0.179	0.183	0.178	0.176	0.179	0.182	0.173	0.173	0.170	0.176	0.173	0.180	0.169	0.176	0.171	0.184	0.174	0.176	0.175	0.174	0.175	0.169	0.178	0.169	0.172	0.170	0.171	0.188	0.183	0.185	0.184	0.179	0.174	0.170	0.169	0.179	0.180	0.181	0.181	0.171	0.174	0.176	0.171	0.175	0.173	0.170	0.175	0.170	0.171	0.180	0.171	0.184	0.191	0.185	0.169	0.190	0.174	0.171	0.174	0.170	0.170	0.175	0.170	0.177	0.178	0.174	0.174	0.183	0.171	0.172	0.168	0.174	0.170	0.172	0.171	0.171	0.170	0.170	0.185	0.179	0.168	0.175	0.169	0.172	0.170	0.181	0.171
1:00:34	34.4	0.172	0.173	0.173	0.173	0.173	0.173	0.169	0.172	0.182	0.179	0.181	0.180	0.178	0.179	0.184	0.175	0.174	0.174	0.177	0.174	0.181	0.170	0.176	0.173	0.185	0.175	0.176	0.175	0.175	0.175	0.170	0.179	0.170	0.173	0.174	0.172	0.191	0.185	0.188	0.187	0.180	0.177	0.171	0.171	0.183	0.184	0.184	0.183	0.172	0.174	0.176	0.172	0.175	0.175	0.171	0.177	0.172	0.172	0.180	0.172	0.185	0.194	0.186	0.171	0.190	0.175	0.169	0.175	0.170	0.171	0.177	0.172	0.178	0.179	0.174	0.176	0.183	0.172	0.173	0.170	0.174	0.170	0.173	0.174	0.173	0.172	0.172	0.184	0.179	0.170	0.175	0.170	0.173	0.171	0.181	0.172
2:00:34	34.5	0.174	0.177	0.176	0.176	0.175	0.176	0.171	0.175	0.183	0.182	0.184	0.183	0.181	0.181	0.185	0.177	0.176	0.177	0.179	0.176	0.182	0.171	0.178	0.175	0.187	0.177	0.178	0.177	0.177	0.177	0.171	0.180	0.171	0.175	0.175	0.174	0.191	0.185	0.188	0.186	0.181	0.178	0.171	0.172	0.182	0.184	0.184	0.182	0.172	0.174	0.176	0.172	0.176	0.176	0.171	0.177	0.173	0.173	0.182	0.174	0.185	0.192	0.186	0.172	0.190	0.176	0.170	0.175	0.171	0.173	0.180	0.173	0.181	0.182	0.177	0.178	0.185	0.174	0.175	0.171	0.176	0.172	0.175	0.176	0.176	0.174	0.174	0.185	0.180	0.172	0.177	0.173	0.175	0.173	0.183	0.175
3:00:34	34.6	0.183	0.184	0.184	0.185	0.182	0.184	0.177	0.182	0.191	0.191	0.192	0.194	0.189	0.189	0.191	0.183	0.182	0.184	0.185	0.181	0.186	0.175	0.183	0.181	0.193	0.183	0.184	0.181	0.181	0.189	0.175	0.183	0.176	0.179	0.181	0.182	0.191	0.185	0.188	0.187	0.186	0.182	0.176	0.175	0.183	0.184	0.185	0.183	0.175	0.177	0.178	0.174	0.182	0.181	0.176	0.181	0.177	0.178	0.187	0.181	0.185	0.193	0.185	0.177	0.196	0.180	0.171	0.176	0.172	0.178	0.184	0.182	0.191	0.190	0.183	0.183	0.191	0.178	0.180	0.176	0.181	0.178	0.181	0.183	0.186	0.182	0.182	0.190	0.185	0.179	0.184	0.180	0.181	0.180	0.190	0.182
4:00:35	34.6	0.205	0.205	0.207	0.211	0.203	0.205	0.193	0.202	0.213	0.212	0.216	0.222	0.209	0.209	0.206	0.197	0.197	0.202	0.199	0.194	0.195	0.185	0.195	0.198	0.209	0.197	0.197	0.192	0.193	0.196	0.185	0.193	0.187	0.191	0.195	0.201	0.192	0.185	0.188	0.187	0.198	0.197	0.186	0.186	0.183	0.184	0.185	0.183	0.184	0.184	0.185	0.180	0.195	0.194	0.188	0.192	0.187	0.189	0.200	0.198	0.186	0.193	0.186	0.191	0.210	0.191	0.174	0.180	0.176	0.191	0.197	0.199	0.214	0.213	0.200	0.198	0.203	0.192	0.192	0.188	0.193	0.193	0.197	0.202	0.208	0.202	0.201	0.211	0.202	0.198	0.202	0.201	0.198	0.199	0.206	0.205
5:00:35	34.6	0.239	0.239	0.240	0.245	0.235	0.236	0.225	0.234	0.244	0.246	0.250	0.259	0.241	0.242	0.238	0.228	0.228	0.231	0.231	0.223	0.217	0.208	0.223	0.226	0.240	0.229	0.228	0.220	0.221	0.228	0.210	0.216	0.217	0.219	0.223	0.231	0.192	0.185	0.188	0.187	0.229	0.228	0.212	0.212	0.183	0.184	0.185	0.183	0.204	0.199	0.200	0.195	0.225	0.224	0.215	0.218	0.213	0.217	0.230	0.228	0.186	0.193	0.186	0.221	0.238	0.220	0.182	0.192	0.188	0.222	0.227	0.228	0.244	0.248	0.235	0.229	0.232	0.219	0.223	0.216	0.223	0.225	0.227	0.232	0.241	0.234	0.231	0.242	0.233	0.229	0.232	0.230	0.229	0.230	0.235	0.235
6:00:37	34.6	0.312	0.310	0.311	0.316	0.306	0.305	0.282	0.303	0.315	0.319	0.321	0.328	0.312	0.306	0.284	0.274	0.273	0.288	0.276	0.266	0.244	0.236	0.256	0.283	0.293	0.272	0.268	0.254	0.255	0.270	0.241	0.246	0.252	0.255	0.268	0.297	0.193	0.186	0.189	0.187	0.269	0.270	0.247	0.245	0.184	0.185	0.186	0.183	0.229	0.221	0.221	0.215	0.264	0.263	0.250	0.252	0.247	0.251	0.270	0.290	0.187	0.193	0.186	0.260	0.283	0.259	0.203	0.213	0.210	0.265	0.270	0.295	0.314	0.318	0.291	0.268	0.267	0.255	0.265	0.254	0.263	0.274	0.287	0.299	0.314	0.301	0.293	0.309	0.289	0.289	0.293	0.292	0.290	0.298	0.299	0.306
7:00:37	34.6	0.360	0.352	0.355	0.356	0.351	0.353	0.340	0.351	0.356	0.360	0.359	0.363	0.360	0.357	0.348	0.339	0.337	0.342	0.338	0.328	0.308	0.302	0.321	0.336	0.353	0.341	0.336	0.324	0.324	0.336	0.310	0.312	0.319	0.320	0.328	0.346	0.194	0.187	0.190	0.189	0.336	0.335	0.316	0.313	0.185	0.186	0.187	0.184	0.291	0.268	0.262	0.253	0.329	0.328	0.315	0.319	0.315	0.317	0.333	0.341	0.188	0.194	0.188	0.328	0.344	0.325	0.224	0.241	0.242	0.326	0.333	0.342	0.359	0.363	0.348	0.329	0.328	0.319	0.330	0.321	0.331	0.334	0.341	0.344	0.359	0.351	0.346	0.356	0.346	0.344	0.345	0.344	0.340	0.344	0.346	0.348
8:00:37	34.6	0.385	0.376	0.375	0.377	0.372	0.376	0.370	0.375	0.375	0.381	0.378	0.381	0.387	0.384	0.381	0.374	0.368	0.368	0.372	0.362	0.349	0.341	0.354	0.363	0.379	0.373	0.371	0.363	0.361	0.365	0.350	0.358	0.356	0.357	0.362	0.374	0.197	0.190	0.193	0.192	0.369	0.367	0.354	0.353	0.188	0.189	0.189	0.187	0.334	0.324	0.318	0.310	0.364	0.362	0.351	0.358	0.353	0.356	0.369	0.367	0.190	0.196	0.192	0.366	0.374	0.361	0.280	0.302	0.303	0.360	0.366	0.364	0.385	0.388	0.374	0.363	0.359	0.351	0.362	0.356	0.365	0.364	0.368	0.369	0.381	0.376	0.374	0.382	0.376	0.371	0.372	0.371	0.366	0.368	0.370	0.368
9:00:38	34.6	0.401	0.393	0.391	0.395	0.390	0.393	0.387	0.394	0.393	0.396	0.396	0.398	0.406	0.399	0.397	0.391	0.386	0.384	0.387	0.380	0.371	0.364	0.369	0.378	0.397	0.389	0.387	0.383	0.380	0.382	0.372	0.382	0.374	0.376	0.377	0.390	0.202	0.198	0.201	0.200	0.386	0.384	0.372	0.371	0.194	0.196	0.196	0.194	0.359	0.356	0.350	0.343	0.381	0.379	0.369	0.376	0.372	0.374	0.385	0.382	0.197	0.203	0.197	0.385	0.390	0.377	0.322	0.338	0.335	0.374	0.380	0.381	0.401	0.403	0.392	0.380	0.376	0.366	0.378	0.374	0.380	0.383	0.385	0.386	0.399	0.393	0.390	0.400	0.385	0.387	0.387	0.386	0.382	0.381	0.387	0.384
10:00:39	34.6	0.422	0.410	0.406	0.409	0.407	0.409	0.404	0.411	0.408	0.409	0.410	0.410	0.425	0.416	0.416	0.410	0.403	0.404	0.405	0.398	0.384	0.380	0.385	0.391	0.413	0.406	0.403	0.398	0.395	0.397	0.387	0.399	0.390	0.393	0.394	0.406	0.218	0.217	0.221	0.218	0.402	0.401	0.390	0.390	0.209	0.211	0.211	0.210	0.370	0.371	0.365	0.357	0.396	0.397	0.384	0.392	0.390	0.391	0.401	0.400	0.211	0.216	0.214	0.401	0.408	0.395	0.343	0.353	0.351	0.391	0.397	0.400	0.420	0.421	0.410	0.396	0.394	0.381	0.394	0.389	0.395	0.402	0.400	0.402	0.417	0.414	0.410	0.418	0.405	0.403	0.406	0.403	0.400	0.397	0.403	0.400
11:00:39	34.6	0.431	0.424	0.416	0.421	0.418	0.419	0.416	0.422	0.416	0.418	0.420	0.419	0.440	0.429	0.430	0.424	0.418	0.416	0.420	0.411	0.400	0.397	0.400	0.408	0.428	0.417	0.418	0.414	0.411	0.412	0.403	0.416	0.407	0.411	0.409	0.416	0.239	0.240	0.242	0.243	0.417	0.416	0.406	0.412	0.231	0.230	0.231	0.231	0.381	0.385	0.376	0.368	0.407	0.410	0.399	0.408	0.405	0.406	0.415	0.412	0.230	0.236	0.237	0.418	0.421	0.408	0.355	0.365	0.362	0.405	0.410	0.408	0.429	0.435	0.424	0.412	0.407	0.398	0.409	0.402	0.409	0.411	0.411	0.411	0.429	0.427	0.423	0.430	0.418	0.414	0.415	0.412	0.410	0.408	0.412	0.407
12:00:40	34.5	0.427	0.432	0.425	0.425	0.426	0.427	0.423	0.433	0.421	0.424	0.425	0.425	0.448	0.438	0.439	0.434	0.426	0.427	0.432	0.422	0.414	0.411	0.410	0.411	0.435	0.428	0.428	0.424	0.421	0.421	0.414	0.428	0.419	0.422	0.418	0.423	0.284	0.292	0.293	0.297	0.427	0.425	0.417	0.417	0.278	0.279	0.275	0.277	0.391	0.399	0.388	0.379	0.419	0.418	0.410	0.418	0.416	0.417	0.424	0.423	0.272	0.278	0.284	0.430	0.431	0.420	0.367	0.376	0.371	0.414	0.419	0.418	0.438	0.445	0.433	0.422	0.417	0.409	0.424	0.412	0.417	0.419	0.420	0.419	0.438	0.438	0.435	0.440	0.427	0.423	0.423	0.419	0.420	0.416	0.420	0.416
13:00:40	34.5	0.434	0.433	0.428	0.430	0.428	0.432	0.426	0.437	0.424	0.429	0.427	0.428	0.453	0.442	0.444	0.442	0.431	0.432	0.434	0.426	0.419	0.415	0.415	0.421	0.441	0.435	0.434	0.429	0.427	0.427	0.420	0.432	0.425	0.426	0.419	0.423	0.325	0.324	0.325	0.327	0.433	0.431	0.427	0.420	0.315	0.315	0.313	0.314	0.396	0.406	0.396	0.386	0.427	0.425	0.417	0.427	0.422	0.424	0.429	0.424	0.316	0.325	0.320	0.435	0.437	0.425	0.378	0.385	0.381	0.421	0.425	0.421	0.439	0.451	0.441	0.429	0.424	0.416	0.423	0.418	0.423	0.428	0.425	0.423	0.443	0.443	0.439	0.446	0.426	0.428	0.430	0.423	0.422	0.419	0.424	0.418
14:00:40	34.5	0.436	0.436	0.428	0.431	0.428	0.432	0.426	0.437	0.428	0.429	0.427	0.429	0.455	0.444	0.447	0.444	0.436	0.433	0.437	0.430	0.424	0.419	0.418	0.423	0.444	0.439	0.435	0.435	0.430	0.431	0.425	0.432	0.428	0.430	0.423	0.423	0.346	0.342	0.344	0.348	0.438	0.435	0.433	0.423	0.334	0.336	0.333	0.333	0.399	0.410	0.400	0.391	0.430	0.430	0.419	0.432	0.430	0.428	0.432	0.427	0.338	0.340	0.341	0.437	0.440	0.430	0.390	0.389	0.384	0.425	0.429	0.425	0.439	0.450	0.443	0.435	0.427	0.422	0.427	0.422	0.424	0.429	0.430	0.426	0.442	0.443	0.439	0.445	0.436	0.431	0.432	0.425	0.425	0.424	0.429	0.419
15:00:40	34.5	0.438	0.438	0.431	0.433	0.430	0.431	0.422	0.432	0.429	0.432	0.429	0.430	0.450	0.448	0.449	0.447	0.439	0.435	0.439	0.432	0.426	0.420	0.421	0.423	0.441	0.442	0.439	0.437	0.432	0.433	0.425	0.435	0.431	0.433	0.423	0.424	0.362	0.354	0.357	0.359	0.438	0.437	0.436	0.423	0.349	0.349	0.345	0.345	0.401	0.411	0.400	0.392	0.434	0.434	0.422	0.436	0.429	0.431	0.435	0.429	0.355	0.359	0.356	0.437	0.442	0.433	0.383	0.392	0.386	0.427	0.431	0.427	0.438	0.454	0.445	0.440	0.430	0.426	0.427	0.422	0.429	0.433	0.436	0.429	0.439	0.439	0.436	0.443	0.434	0.431	0.432	0.425	0.429	0.425	0.432	0.420
16:00:41	34.5	0.435	0.437	0.429	0.434	0.434	0.429	0.421	0.429	0.431	0.434	0.431	0.425	0.449	0.446	0.450	0.448	0.439	0.438	0.440	0.430	0.426	0.420	0.420	0.423	0.442	0.443	0.441	0.439	0.432	0.434	0.426	0.434	0.432	0.432	0.421	0.425	0.373	0.367	0.367	0.370	0.441	0.438	0.436	0.424	0.358	0.356	0.356	0.354	0.404	0.411	0.402	0.393	0.434	0.436	0.422	0.436	0.430	0.432	0.435	0.431	0.367	0.370	0.367	0.441	0.444	0.433	0.385	0.393	0.388	0.428	0.433	0.426	0.439	0.451	0.447	0.442	0.432	0.427	0.430	0.423	0.429	0.432	0.434	0.428	0.439	0.439	0.436	0.445	0.433	0.433	0.437	0.426	0.431	0.424	0.431	0.421
17:00:41	34.5	0.437	0.438	0.432	0.432	0.431	0.431	0.418	0.428	0.431	0.436	0.430	0.429	0.446	0.445	0.450	0.447	0.438	0.438	0.440	0.430	0.427	0.420	0.421	0.422	0.440	0.442	0.441	0.440	0.433	0.433	0.424	0.432	0.431	0.431	0.422	0.422	0.385	0.376	0.378	0.381	0.444	0.439	0.436	0.427	0.367	0.364	0.364	0.362	0.403	0.411	0.404	0.394	0.434	0.437	0.423	0.436	0.431	0.433	0.435	0.427	0.376	0.379	0.374	0.439	0.444	0.434	0.387	0.393	0.391	0.426	0.433	0.424	0.436	0.449	0.447	0.442	0.432	0.427	0.431	0.424	0.429	0.430	0.433	0.426	0.437	0.438	0.435	0.443	0.430	0.430	0.435	0.427	0.431	0.420	0.434	0.420
18:00:42	34.5	0.436	0.436	0.431	0.429	0.428	0.429	0.417	0.427	0.423	0.434	0.428	0.428	0.441	0.445	0.449	0.445	0.436	0.436	0.439	0.430	0.426	0.418	0.421	0.423	0.438	0.439	0.440	0.438	0.432	0.433	0.425	0.432	0.429	0.429	0.419	0.421	0.396	0.388	0.387	0.392	0.442	0.441	0.436	0.423	0.377	0.374	0.373	0.371	0.405	0.414	0.405	0.394	0.432	0.437	0.422	0.435	0.432	0.433	0.433	0.427	0.387	0.389	0.385	0.437	0.444	0.434	0.386	0.394	0.391	0.425	0.432	0.423	0.434	0.450	0.447	0.442	0.431	0.427	0.428	0.423	0.427	0.430	0.432	0.423	0.437	0.437	0.436	0.441	0.432	0.429	0.432	0.425	0.427	0.419	0.432	0.419
19:00:43	34.5	0.431	0.434	0.429	0.429	0.425	0.429	0.418	0.427	0.424	0.434	0.430	0.427	0.439	0.443	0.448	0.443	0.439	0.436	0.436	0.428	0.427	0.420	0.419	0.423	0.438	0.438	0.438	0.438	0.431	0.432	0.423	0.432	0.427	0.428	0.420	0.421	0.403	0.393	0.395	0.394	0.441	0.438	0.434	0.421	0.380	0.379	0.376	0.375	0.406	0.415	0.406	0.396	0.431	0.437	0.420	0.434	0.431	0.432	0.432	0.424	0.390	0.392	0.388	0.435	0.445	0.433	0.387	0.394	0.393	0.426	0.432	0.423	0.432	0.449	0.447	0.441	0.431	0.428	0.428	0.423	0.425	0.427	0.427	0.424	0.436	0.436	0.432	0.437	0.429	0.426	0.429	0.422	0.423	0.418	0.428	0.418
20:00:44	34.5	0.432	0.431	0.428	0.429	0.426	0.427	0.416	0.427	0.421	0.426	0.426	0.426	0.438	0.442	0.446	0.441	0.437	0.434	0.435	0.426	0.426	0.419	0.420	0.423	0.437	0.437	0.435	0.436	0.432	0.431	0.422	0.431	0.425	0.426	0.419	0.421	0.414	0.393	0.397	0.399	0.440	0.437	0.432	0.420	0.383	0.383	0.383	0.379	0.406	0.414	0.407	0.396	0.430	0.435	0.418	0.435	0.428	0.431	0.431	0.425	0.393	0.394	0.390	0.434	0.442	0.432	0.388	0.395	0.393	0.424	0.431	0.423	0.431	0.446	0.445	0.439	0.430	0.426	0.429	0.421	0.424	0.426	0.425	0.422	0.436	0.435	0.432	0.434	0.427	0.426	0.429	0.422	0.423	0.418	0.426	0.418
21:00:45	34.5	0.431	0.431	0.425	0.428	0.423	0.426	0.416	0.425	0.421	0.424	0.425	0.424	0.433	0.443	0.445	0.440	0.435	0.432	0.434	0.427	0.427	0.420	0.420	0.424	0.437	0.434	0.436	0.435	0.432	0.431	0.421	0.430	0.425	0.424	0.418	0.420	0.417	0.397	0.399	0.401	0.439	0.435	0.430	0.418	0.385	0.385	0.384	0.382	0.406	0.414	0.407	0.396	0.428	0.435	0.416	0.433	0.429	0.431	0.430	0.425	0.400	0.395	0.393	0.432	0.442	0.430	0.389	0.396	0.393	0.425	0.430	0.422	0.430	0.443	0.442	0.438	0.429	0.425	0.426	0.421	0.423	0.424	0.424	0.422	0.435	0.434	0.430	0.434	0.427	0.424	0.428	0.422	0.422	0.417	0.424	0.418
22:00:45	34.5	0.429	0.432	0.425	0.427	0.423	0.426	0.414	0.425	0.424	0.425	0.425	0.422	0.430	0.442	0.442	0.438	0.434	0.430	0.432	0.425	0.426	0.418	0.421	0.425	0.437	0.434	0.433	0.433	0.430	0.430	0.420	0.429	0.422	0.424	0.417	0.420	0.413	0.401	0.400	0.401	0.437	0.433	0.428	0.419	0.387	0.388	0.387	0.385	0.406	0.415	0.407	0.396	0.427	0.433	0.415	0.432	0.426	0.429	0.428	0.424	0.398	0.398	0.395	0.429	0.439	0.429	0.389	0.396	0.394	0.423	0.429	0.421	0.430	0.441	0.441	0.436	0.428	0.424	0.427	0.421	0.423	0.423	0.421	0.422	0.432	0.433	0.428	0.433	0.426	0.423	0.427	0.419	0.422	0.416	0.422	0.417
23:00:45	34.5	0.428	0.430	0.424	0.424	0.423	0.424	0.414	0.424	0.424	0.423	0.422	0.420	0.429	0.442	0.441	0.434	0.433	0.429	0.430	0.424	0.427	0.418	0.418	0.424	0.437	0.434	0.433	0.432	0.429	0.428	0.419	0.428	0.420	0.422	0.416	0.420	0.411	0.401	0.400	0.400	0.437	0.432	0.426	0.416	0.388	0.388	0.387	0.387	0.404	0.416	0.407	0.396	0.426	0.433	0.414	0.429	0.427	0.427	0.427	0.423	0.400	0.400	0.396	0.427	0.437	0.428	0.390	0.396	0.395	0.420	0.427	0.419	0.429	0.438	0.439	0.434	0.426	0.422	0.425	0.419	0.421	0.421	0.419	0.420	0.429	0.431	0.428	0.431	0.425	0.424	0.426	0.418	0.420	0.415	0.420	0.415
24:00:46	34.5	0.426	0.428	0.423	0.424	0.421	0.423	0.414	0.424	0.421	0.421	0.420	0.420	0.425	0.441	0.438	0.433	0.429	0.427	0.429	0.422	0.425	0.418	0.419	0.423	0.435	0.432	0.432	0.432	0.428	0.428	0.418	0.427	0.420	0.422	0.415	0.419	0.411	0.402	0.401	0.401	0.435	0.430	0.424	0.414	0.389	0.389	0.388	0.389	0.403	0.418	0.409	0.396	0.425	0.432	0.414	0.427	0.426	0.427	0.426	0.422	0.408	0.401	0.398	0.426	0.434	0.426	0.390	0.395	0.393	0.420	0.425	0.418	0.428	0.436	0.437	0.432	0.425	0.422	0.423	0.418	0.420	0.419	0.418	0.417	0.428	0.430	0.424	0.430	0.424	0.419	0.425	0.415	0.419	0.413	0.419	0.415

Results
	1	2	3	4	5	6	7	8	9	10	11	12
A	0.800	0.758	0.752	0.745	0.756	0.763	0.782	0.770	0.726	0.750	0.730	0.741	Max V [600]
	0.976	0.973	0.969	0.971	0.971	0.975	0.987	0.976	0.965	0.967	0.968	0.977	R-Squared [600]
	6:00:36	6:00:36	6:00:36	5:00:36	6:00:36	6:00:36	6:00:36	6:00:36	6:00:36	6:00:36	5:00:36	5:00:36	t at Max V [600]
	3:18:15	3:16:19	3:13:36	3:00:28	3:19:30	3:19:25	3:35:25	3:20:49	3:16:36	3:14:17	3:04:23	2:52:27	Lagtime [600]
B	0.790	0.775	0.768	0.774	0.753	0.738	0.754	0.736	0.688	0.694	0.695	0.733	Max V [600]
	0.978	0.983	0.987	0.987	0.985	0.984	0.988	0.985	0.974	0.974	0.978	0.984	R-Squared [600]
	6:00:36	6:00:36	6:00:36	6:00:36	6:00:36	6:00:36	6:00:36	6:00:36	7:00:37	7:00:37	6:00:36	6:00:36	t at Max V [600]
	3:21:49	3:24:54	3:38:34	3:39:29	3:37:56	3:23:29	3:38:04	3:42:04	4:09:15	4:05:26	3:45:37	3:29:49	Lagtime [600]
C	0.757	0.774	0.759	0.743	0.731	0.741	0.723	0.739	0.732	0.724	0.733	0.769	Max V [600]
	0.985	0.984	0.984	0.975	0.976	0.984	0.972	0.976	0.980	0.980	0.986	0.981	R-Squared [600]
	6:00:36	6:00:36	6:00:36	6:00:36	6:00:36	6:00:36	7:00:37	7:00:37	6:00:36	6:00:36	6:00:36	6:00:36	t at Max V [600]
	3:34:28	3:40:23	3:43:35	3:51:41	3:48:03	3:39:54	4:03:57	4:12:13	3:47:45	3:47:56	3:37:11	3:25:49	Lagtime [600]
D	0.569	0.558	0.550	0.573	0.746	0.745	0.733	0.723	0.554	0.554	0.545	0.548	Max V [600]
	0.983	0.975	0.978	0.976	0.984	0.986	0.975	0.974	0.982	0.980	0.983	0.981	R-Squared [600]
	12:00:40	12:00:40	12:00:40	12:00:40	6:00:36	6:00:36	6:00:36	6:00:36	12:00:40	12:00:40	12:00:40	12:00:40	t at Max V [600]
	9:14:25	9:01:49	8:59:17	9:00:48	3:45:23	3:39:36	3:54:17	3:52:34	9:11:22	9:10:29	9:11:40	9:13:05	Lagtime [600]
E	0.691	0.695	0.661	0.650	0.737	0.734	0.712	0.722	0.721	0.726	0.734	0.748	Max V [600]
	0.978	0.983	0.980	0.979	0.984	0.984	0.979	0.976	0.973	0.978	0.986	0.982	R-Squared [600]
	7:00:37	7:00:37	7:00:37	7:00:37	6:00:36	6:00:36	6:00:36	6:00:36	6:00:36	6:00:36	6:00:36	6:00:36	t at Max V [600]
	4:17:58	4:37:04	4:38:03	4:38:08	3:44:24	3:43:27	3:48:59	3:53:06	3:51:39	3:49:35	3:43:23	3:27:55	Lagtime [600]
F	0.566	0.559	0.560	0.764	0.723	0.741	0.631	0.636	0.644	0.736	0.741	0.740	Max V [600]
	0.982	0.973	0.984	0.982	0.986	0.982	0.976	0.969	0.973	0.988	0.986	0.973	R-Squared [600]
	12:00:40	12:00:40	12:00:40	6:00:36	6:00:36	6:00:36	8:00:38	7:00:37	7:00:37	6:00:36	6:00:36	6:00:36	t at Max V [600]
	9:22:26	9:22:53	9:11:57	3:44:07	3:41:49	3:49:16	5:17:14	4:50:22	4:47:52	3:41:21	3:41:22	3:25:05	Lagtime [600]
G	0.762	0.774	0.768	0.718	0.681	0.697	0.746	0.736	0.752	0.751	0.760	0.746	Max V [600]
	0.976	0.977	0.986	0.987	0.983	0.980	0.986	0.980	0.982	0.988	0.985	0.978	R-Squared [600]
	6:00:36	6:00:36	6:00:36	6:00:36	6:00:36	6:00:36	6:00:36	6:00:36	6:00:36	6:00:36	6:00:36	6:00:36	t at Max V [600]
	3:14:49	3:14:52	3:29:34	3:36:52	3:41:07	3:43:14	3:43:25	3:46:10	3:45:47	3:36:52	3:33:06	3:22:10	Lagtime [600]
H	0.776	0.774	0.769	0.760	0.767	0.768	0.757	0.760	0.744	0.750	0.734	0.731	Max V [600]
	0.970	0.980	0.984	0.979	0.987	0.983	0.983	0.983	0.984	0.977	0.979	0.966	R-Squared [600]
	6:00:36	6:00:36	6:00:36	6:00:36	6:00:36	6:00:36	6:00:36	6:00:36	6:00:36	6:00:36	6:00:36	6:00:36	t at Max V [600]
	3:14:13	3:21:40	3:26:29	3:28:45	3:36:32	3:26:06	3:29:45	3:24:15	3:28:48	3:23:24	3:30:12	3:13:51	Lagtime [600]


