
Software Version	3.11.19



Experiment File Path:	C:\Users\patil-group\Desktop\Sweeteners_stacker\171121_NT5026_37_38_Rep2\NT5026_37_38_Rep2.xpt
Protocol File Path:	C:\Users\Public\Documents\Protocols\Screening-protocol.prt



Plate Number	Plate 7
Date	17/11/2021
Time	15:27:30
Reader Type:	Epoch 2
Reader Serial Number:	2103223
Reading Type	Reader

Procedure Details

Plate Type	96 WELL PLATE
Discontinuous Kinetics	Runtime 1:00:00 (D:HH:MM), Interval 0:01:00, 25 Reads
	Pause after each run
Eject plate on completion	
Shake	Linear: 0:00:30 (HH:MM:SS)
	Frequency: 567 cpm (3 mm)
Read	Absorbance Endpoint
	Full Plate
	Wavelengths:  600
	Read Speed: Normal,  Delay: 100 msec,  Measurements/Data Point: 8

600

Time	T° 600	A1	A2	A3	A4	A5	A6	A7	A8	A9	A10	A11	A12	B1	B2	B3	B4	B5	B6	B7	B8	B9	B10	B11	B12	C1	C2	C3	C4	C5	C6	C7	C8	C9	C10	C11	C12	D1	D2	D3	D4	D5	D6	D7	D8	D9	D10	D11	D12	E1	E2	E3	E4	E5	E6	E7	E8	E9	E10	E11	E12	F1	F2	F3	F4	F5	F6	F7	F8	F9	F10	F11	F12	G1	G2	G3	G4	G5	G6	G7	G8	G9	G10	G11	G12	H1	H2	H3	H4	H5	H6	H7	H8	H9	H10	H11	H12
0:00:34	35.0	0.165	0.174	0.168	0.168	0.163	0.168	0.162	0.177	0.169	0.171	0.166	0.171	0.161	0.163	0.165	0.170	0.170	0.167	0.166	0.166	0.161	0.165	0.159	0.167	0.171	0.161	0.163	0.167	0.158	0.170	0.178	0.166	0.167	0.165	0.160	0.169	0.165	0.173	0.182	0.167	0.165	0.165	0.172	0.162	0.166	0.162	0.161	0.160	0.168	0.171	0.172	0.179	0.166	0.159	0.167	0.171	0.175	0.169	0.161	0.159	0.181	0.164	0.172	0.168	0.164	0.175	0.163	0.168	0.172	0.169	0.163	0.161	0.165	0.171	0.169	0.165	0.159	0.166	0.159	0.164	0.171	0.166	0.162	0.160	0.164	0.167	0.169	0.163	0.169	0.172	0.169	0.164	0.166	0.161	0.160	0.163
1:00:31	34.9	0.169	0.177	0.172	0.172	0.167	0.171	0.166	0.179	0.172	0.175	0.169	0.174	0.165	0.166	0.169	0.173	0.173	0.169	0.169	0.170	0.165	0.168	0.163	0.170	0.174	0.165	0.167	0.171	0.161	0.173	0.180	0.169	0.170	0.168	0.163	0.172	0.169	0.176	0.185	0.171	0.166	0.168	0.174	0.165	0.170	0.166	0.164	0.164	0.171	0.174	0.176	0.182	0.169	0.163	0.170	0.174	0.177	0.172	0.164	0.162	0.184	0.168	0.175	0.172	0.167	0.178	0.167	0.171	0.174	0.172	0.166	0.165	0.169	0.173	0.172	0.169	0.163	0.169	0.162	0.167	0.173	0.169	0.165	0.163	0.167	0.169	0.171	0.166	0.172	0.174	0.171	0.167	0.168	0.164	0.163	0.166
2:00:32	34.9	0.169	0.177	0.172	0.172	0.168	0.171	0.167	0.178	0.174	0.175	0.170	0.175	0.165	0.167	0.169	0.174	0.173	0.171	0.170	0.172	0.166	0.169	0.164	0.171	0.175	0.167	0.169	0.173	0.162	0.175	0.181	0.171	0.171	0.169	0.165	0.173	0.169	0.177	0.186	0.173	0.169	0.170	0.176	0.167	0.171	0.167	0.166	0.165	0.172	0.175	0.177	0.184	0.170	0.165	0.171	0.177	0.178	0.172	0.166	0.163	0.184	0.169	0.176	0.174	0.170	0.179	0.168	0.172	0.175	0.173	0.168	0.165	0.169	0.174	0.172	0.170	0.164	0.171	0.163	0.168	0.174	0.170	0.167	0.164	0.167	0.167	0.171	0.167	0.172	0.175	0.172	0.168	0.169	0.164	0.164	0.166
3:00:32	34.9	0.166	0.175	0.170	0.170	0.166	0.169	0.164	0.175	0.171	0.173	0.167	0.172	0.163	0.165	0.168	0.171	0.172	0.169	0.168	0.169	0.164	0.168	0.161	0.168	0.173	0.164	0.167	0.172	0.162	0.173	0.179	0.170	0.168	0.166	0.163	0.170	0.167	0.175	0.183	0.172	0.167	0.169	0.174	0.165	0.170	0.165	0.164	0.163	0.169	0.173	0.175	0.183	0.169	0.163	0.170	0.175	0.175	0.171	0.164	0.161	0.181	0.166	0.174	0.172	0.168	0.177	0.166	0.171	0.173	0.171	0.166	0.163	0.167	0.171	0.170	0.168	0.162	0.168	0.161	0.166	0.172	0.167	0.164	0.162	0.165	0.165	0.168	0.165	0.170	0.173	0.170	0.166	0.166	0.162	0.162	0.164
4:00:33	34.9	0.167	0.173	0.170	0.170	0.167	0.168	0.162	0.173	0.169	0.172	0.167	0.173	0.164	0.165	0.167	0.168	0.170	0.167	0.166	0.168	0.163	0.167	0.162	0.169	0.172	0.164	0.166	0.170	0.160	0.171	0.175	0.168	0.167	0.164	0.161	0.170	0.168	0.175	0.182	0.171	0.166	0.167	0.172	0.164	0.168	0.164	0.163	0.163	0.170	0.173	0.174	0.181	0.167	0.161	0.168	0.174	0.174	0.170	0.163	0.161	0.180	0.166	0.173	0.171	0.167	0.175	0.165	0.170	0.172	0.170	0.165	0.163	0.168	0.170	0.169	0.167	0.161	0.167	0.161	0.165	0.171	0.167	0.164	0.162	0.167	0.166	0.169	0.165	0.170	0.173	0.169	0.166	0.166	0.163	0.162	0.164
5:00:33	34.9	0.172	0.178	0.174	0.172	0.174	0.172	0.166	0.176	0.174	0.177	0.173	0.179	0.170	0.171	0.172	0.172	0.174	0.171	0.170	0.172	0.168	0.171	0.167	0.177	0.177	0.169	0.169	0.174	0.163	0.173	0.177	0.170	0.170	0.167	0.165	0.175	0.174	0.179	0.185	0.174	0.169	0.170	0.175	0.168	0.172	0.169	0.168	0.169	0.175	0.177	0.176	0.184	0.170	0.165	0.171	0.176	0.177	0.173	0.167	0.166	0.185	0.171	0.177	0.174	0.171	0.178	0.168	0.173	0.175	0.173	0.169	0.168	0.173	0.175	0.173	0.172	0.166	0.171	0.165	0.169	0.175	0.172	0.169	0.167	0.174	0.172	0.175	0.171	0.175	0.177	0.175	0.172	0.172	0.169	0.167	0.169
6:00:34	34.9	0.183	0.188	0.183	0.182	0.186	0.182	0.176	0.185	0.184	0.189	0.185	0.191	0.182	0.180	0.182	0.181	0.184	0.180	0.179	0.181	0.178	0.180	0.179	0.190	0.188	0.178	0.179	0.182	0.172	0.181	0.185	0.179	0.178	0.176	0.175	0.186	0.186	0.189	0.193	0.183	0.178	0.178	0.183	0.176	0.181	0.180	0.180	0.182	0.185	0.187	0.184	0.193	0.178	0.174	0.177	0.183	0.185	0.181	0.176	0.177	0.196	0.181	0.187	0.183	0.180	0.187	0.177	0.182	0.184	0.182	0.179	0.179	0.184	0.185	0.183	0.181	0.176	0.181	0.175	0.179	0.185	0.180	0.179	0.176	0.187	0.184	0.187	0.184	0.187	0.188	0.186	0.183	0.182	0.180	0.179	0.179
7:00:35	34.9	0.201	0.201	0.199	0.199	0.199	0.198	0.192	0.201	0.201	0.205	0.200	0.207	0.196	0.197	0.197	0.197	0.200	0.196	0.197	0.198	0.197	0.198	0.196	0.208	0.204	0.193	0.194	0.196	0.188	0.194	0.200	0.192	0.193	0.191	0.191	0.202	0.202	0.203	0.209	0.202	0.195	0.194	0.199	0.194	0.198	0.197	0.198	0.199	0.203	0.203	0.200	0.209	0.192	0.189	0.191	0.196	0.200	0.198	0.193	0.193	0.215	0.199	0.203	0.202	0.198	0.205	0.193	0.198	0.201	0.200	0.196	0.196	0.200	0.202	0.198	0.196	0.193	0.197	0.191	0.196	0.202	0.197	0.194	0.191	0.206	0.202	0.204	0.201	0.202	0.204	0.204	0.200	0.199	0.197	0.193	0.193
8:00:36	34.9	0.202	0.211	0.211	0.202	0.208	0.207	0.203	0.207	0.216	0.213	0.212	0.224	0.204	0.206	0.210	0.210	0.211	0.210	0.209	0.213	0.207	0.208	0.210	0.216	0.210	0.207	0.207	0.215	0.202	0.207	0.210	0.207	0.205	0.203	0.203	0.215	0.215	0.218	0.225	0.223	0.216	0.214	0.218	0.207	0.214	0.214	0.213	0.213	0.213	0.217	0.215	0.227	0.208	0.208	0.204	0.215	0.218	0.211	0.207	0.206	0.243	0.221	0.222	0.222	0.220	0.222	0.216	0.216	0.217	0.216	0.210	0.223	0.223	0.222	0.218	0.214	0.211	0.213	0.208	0.212	0.214	0.209	0.217	0.231	0.221	0.228	0.221	0.223	0.223	0.224	0.236	0.224	0.241	0.225	0.229	0.255
9:00:36	34.9	0.209	0.220	0.224	0.222	0.223	0.217	0.217	0.219	0.219	0.220	0.220	0.223	0.206	0.214	0.219	0.226	0.226	0.227	0.222	0.217	0.219	0.216	0.216	0.221	0.220	0.220	0.223	0.233	0.224	0.227	0.229	0.221	0.219	0.219	0.213	0.221	0.222	0.234	0.249	0.241	0.234	0.240	0.235	0.227	0.232	0.236	0.220	0.219	0.224	0.235	0.237	0.247	0.226	0.228	0.223	0.227	0.228	0.229	0.224	0.212	0.243	0.239	0.249	0.241	0.240	0.243	0.236	0.233	0.231	0.234	0.224	0.220	0.226	0.237	0.236	0.232	0.232	0.230	0.222	0.227	0.229	0.225	0.221	0.211	0.211	0.220	0.229	0.228	0.233	0.240	0.253	0.242	0.276	0.252	0.228	0.264
10:00:37	34.9	0.216	0.228	0.228	0.228	0.229	0.223	0.222	0.227	0.230	0.227	0.226	0.230	0.211	0.218	0.225	0.229	0.231	0.234	0.230	0.226	0.228	0.222	0.224	0.231	0.224	0.226	0.229	0.235	0.226	0.233	0.237	0.235	0.226	0.230	0.223	0.240	0.227	0.251	0.248	0.243	0.236	0.242	0.242	0.231	0.245	0.238	0.228	0.232	0.229	0.244	0.240	0.250	0.233	0.228	0.235	0.240	0.245	0.232	0.231	0.229	0.238	0.237	0.244	0.245	0.245	0.285	0.231	0.284	0.236	0.236	0.235	0.231	0.231	0.285	0.238	0.287	0.233	0.246	0.264	0.267	0.278	0.243	0.247	0.247	0.238	0.244	0.234	0.266	0.253	0.245	0.225	0.291	0.256	0.224	0.252	0.257
11:00:38	34.9	0.229	0.240	0.238	0.238	0.231	0.234	0.232	0.238	0.245	0.238	0.239	0.253	0.240	0.228	0.234	0.236	0.295	0.237	0.244	0.238	0.295	0.232	0.234	0.247	0.234	0.244	0.278	0.261	0.234	0.352	0.238	0.267	0.233	0.248	0.234	0.284	0.291	0.256	0.291	0.257	0.273	0.276	0.242	0.246	0.298	0.255	0.342	0.247	0.233	0.251	0.330	0.267	0.245	0.456	0.240	0.253	0.272	0.415	0.448	0.324	0.277	0.287	0.299	0.318	0.253	0.295	0.244	0.407	0.247	0.367	0.409	0.233	0.454	0.300	0.248	0.253	0.288	0.261	0.395	0.364	0.426	0.498	0.326	0.306	0.339	0.415	0.415	0.554	0.459	0.251	0.296	0.256	0.438	0.252	0.419	0.371
12:00:38	34.9	0.246	0.256	0.251	0.255	0.248	0.250	0.253	0.251	0.257	0.253	0.308	0.263	0.244	0.246	0.248	0.259	0.253	0.254	0.347	0.254	0.245	0.242	0.241	0.257	0.252	0.248	0.275	0.305	0.250	0.326	0.327	0.340	0.254	0.261	0.273	0.282	0.295	0.442	0.456	0.439	0.383	0.271	0.361	0.313	0.345	0.296	0.451	0.312	0.267	0.263	0.469	0.302	0.459	0.303	0.260	0.261	0.382	0.525	0.318	0.353	0.467	0.392	0.537	0.450	0.351	0.450	0.339	0.496	0.356	0.294	0.413	0.305	0.360	0.394	0.305	0.342	0.428	0.372	0.472	0.420	0.368	0.270	0.345	0.352	0.526	0.293	0.415	0.387	0.476	0.371	0.452	0.333	0.439	0.322	0.431	0.391
13:00:39	34.9	0.245	0.257	0.257	0.253	0.247	0.248	0.247	0.254	0.256	0.259	0.247	0.259	0.242	0.248	0.246	0.251	0.311	0.261	0.250	0.248	0.249	0.244	0.243	0.252	0.252	0.273	0.281	0.409	0.270	0.307	0.288	0.259	0.248	0.265	0.255	0.247	0.331	0.266	0.481	0.478	0.372	0.266	0.319	0.281	0.271	0.392	0.253	0.253	0.313	0.284	0.427	0.281	0.507	0.292	0.359	0.338	0.348	0.449	0.247	0.276	0.280	0.260	0.293	0.316	0.524	0.316	0.266	0.558	0.523	0.326	0.362	0.253	0.296	0.292	0.302	0.291	0.545	0.544	0.358	0.268	0.307	0.328	0.538	0.295	0.358	0.351	0.455	0.455	0.473	0.396	0.384	0.292	0.416	0.458	0.381	0.385
14:00:39	34.9	0.254	0.259	0.251	0.252	0.248	0.251	0.245	0.257	0.256	0.257	0.248	0.258	0.239	0.236	0.244	0.250	0.254	0.254	0.251	0.250	0.247	0.243	0.243	0.252	0.252	0.250	0.326	0.273	0.249	0.314	0.265	0.259	0.429	0.262	0.245	0.248	0.255	0.261	0.275	0.363	0.378	0.390	0.427	0.256	0.268	0.347	0.305	0.246	0.258	0.337	0.274	0.261	0.300	0.357	0.253	0.350	0.446	0.390	0.255	0.320	0.472	0.379	0.330	0.432	0.568	0.266	0.500	0.409	0.268	0.260	0.259	0.256	0.313	0.288	0.434	0.434	0.476	0.545	0.547	0.312	0.316	0.362	0.421	0.426	0.343	0.356	0.326	0.327	0.303	0.468	0.406	0.298	0.351	0.379	0.291	0.307
15:00:39	34.9	0.252	0.258	0.255	0.255	0.244	0.249	0.245	0.254	0.256	0.248	0.251	0.256	0.242	0.240	0.252	0.248	0.249	0.247	0.245	0.252	0.247	0.241	0.239	0.250	0.250	0.258	0.254	0.278	0.244	0.290	0.264	0.254	0.245	0.253	0.243	0.270	0.251	0.277	0.284	0.273	0.277	0.370	0.317	0.270	0.266	0.283	0.242	0.247	0.253	0.290	0.259	0.322	0.268	0.370	0.253	0.274	0.369	0.254	0.268	0.261	0.401	0.338	0.359	0.316	0.469	0.267	0.283	0.270	0.265	0.278	0.286	0.262	0.277	0.303	0.341	0.285	0.426	0.346	0.350	0.332	0.259	0.317	0.301	0.280	0.353	0.298	0.313	0.401	0.324	0.261	0.354	0.295	0.285	0.299	0.287	0.287
16:00:40	34.9	0.250	0.258	0.249	0.252	0.249	0.247	0.245	0.256	0.259	0.258	0.256	0.258	0.244	0.237	0.246	0.266	0.270	0.249	0.245	0.249	0.245	0.244	0.240	0.251	0.252	0.251	0.249	0.254	0.243	0.243	0.264	0.252	0.265	0.253	0.246	0.248	0.252	0.254	0.268	0.254	0.266	0.316	0.378	0.248	0.304	0.262	0.243	0.259	0.268	0.292	0.258	0.288	0.288	0.296	0.261	0.259	0.341	0.328	0.342	0.244	0.336	0.332	0.357	0.435	0.302	0.328	0.273	0.356	0.289	0.279	0.275	0.248	0.263	0.272	0.283	0.298	0.331	0.313	0.410	0.354	0.283	0.272	0.249	0.279	0.327	0.299	0.275	0.264	0.338	0.316	0.289	0.253	0.283	0.284	0.253	0.280
17:00:41	34.9	0.255	0.262	0.254	0.251	0.250	0.254	0.245	0.264	0.261	0.262	0.254	0.260	0.244	0.244	0.247	0.243	0.248	0.247	0.247	0.252	0.249	0.246	0.243	0.257	0.257	0.252	0.250	0.257	0.243	0.256	0.251	0.256	0.248	0.252	0.246	0.253	0.253	0.282	0.299	0.249	0.252	0.271	0.261	0.266	0.276	0.263	0.245	0.246	0.255	0.255	0.270	0.295	0.288	0.297	0.265	0.256	0.279	0.259	0.266	0.247	0.301	0.285	0.342	0.319	0.276	0.263	0.254	0.303	0.290	0.277	0.255	0.249	0.267	0.279	0.310	0.303	0.292	0.264	0.271	0.257	0.268	0.247	0.250	0.243	0.268	0.259	0.257	0.290	0.306	0.258	0.282	0.257	0.253	0.250	0.246	0.249
18:00:40	34.9	0.256	0.263	0.256	0.255	0.252	0.257	0.252	0.262	0.258	0.267	0.251	0.258	0.248	0.251	0.251	0.249	0.255	0.251	0.250	0.266	0.252	0.252	0.249	0.252	0.259	0.254	0.250	0.258	0.246	0.249	0.255	0.255	0.250	0.258	0.248	0.251	0.254	0.259	0.266	0.255	0.255	0.248	0.268	0.249	0.258	0.255	0.250	0.247	0.258	0.260	0.257	0.319	0.255	0.248	0.254	0.255	0.264	0.255	0.270	0.246	0.257	0.267	0.271	0.264	0.281	0.268	0.422	0.255	0.257	0.257	0.255	0.248	0.263	0.267	0.267	0.256	0.257	0.253	0.249	0.255	0.255	0.248	0.252	0.247	0.278	0.248	0.257	0.255	0.261	0.271	0.254	0.252	0.250	0.249	0.246	0.250
19:00:41	34.9	0.253	0.263	0.258	0.256	0.251	0.251	0.246	0.256	0.257	0.257	0.249	0.256	0.248	0.249	0.252	0.253	0.257	0.257	0.250	0.253	0.249	0.247	0.243	0.253	0.260	0.254	0.256	0.277	0.248	0.256	0.262	0.256	0.250	0.253	0.250	0.249	0.255	0.261	0.262	0.252	0.257	0.256	0.254	0.250	0.260	0.255	0.251	0.248	0.253	0.261	0.261	0.268	0.294	0.252	0.247	0.253	0.257	0.253	0.252	0.244	0.262	0.259	0.276	0.265	0.271	0.260	0.284	0.255	0.255	0.255	0.253	0.246	0.261	0.265	0.259	0.256	0.249	0.254	0.247	0.255	0.255	0.247	0.249	0.248	0.254	0.251	0.254	0.252	0.257	0.254	0.252	0.252	0.250	0.248	0.245	0.247
20:00:41	35.0	0.256	0.260	0.256	0.255	0.252	0.249	0.245	0.255	0.256	0.256	0.248	0.255	0.248	0.250	0.252	0.250	0.256	0.252	0.248	0.253	0.248	0.245	0.244	0.251	0.257	0.254	0.254	0.263	0.246	0.254	0.254	0.256	0.250	0.250	0.246	0.248	0.251	0.260	0.261	0.259	0.256	0.256	0.254	0.250	0.264	0.266	0.247	0.247	0.253	0.258	0.259	0.260	0.254	0.252	0.249	0.255	0.257	0.251	0.249	0.243	0.262	0.260	0.258	0.256	0.257	0.262	0.264	0.256	0.254	0.252	0.252	0.245	0.259	0.262	0.257	0.254	0.249	0.251	0.244	0.249	0.252	0.246	0.248	0.245	0.254	0.250	0.253	0.251	0.257	0.252	0.249	0.251	0.249	0.248	0.244	0.245
21:00:42	34.9	0.254	0.257	0.254	0.253	0.247	0.247	0.244	0.253	0.253	0.255	0.248	0.254	0.247	0.247	0.250	0.249	0.254	0.249	0.248	0.251	0.246	0.246	0.242	0.251	0.257	0.251	0.253	0.260	0.244	0.253	0.251	0.255	0.247	0.252	0.246	0.246	0.252	0.259	0.262	0.256	0.253	0.251	0.255	0.248	0.262	0.258	0.247	0.246	0.251	0.257	0.259	0.260	0.253	0.249	0.248	0.254	0.253	0.250	0.248	0.241	0.259	0.257	0.257	0.254	0.255	0.260	0.249	0.254	0.251	0.252	0.251	0.244	0.257	0.262	0.254	0.254	0.244	0.249	0.245	0.252	0.252	0.246	0.246	0.243	0.252	0.249	0.251	0.250	0.253	0.251	0.250	0.249	0.248	0.246	0.242	0.244
22:00:42	34.9	0.253	0.256	0.253	0.253	0.247	0.247	0.242	0.252	0.251	0.254	0.246	0.254	0.245	0.245	0.250	0.249	0.252	0.249	0.247	0.251	0.246	0.245	0.242	0.250	0.255	0.249	0.255	0.258	0.243	0.252	0.250	0.252	0.247	0.246	0.245	0.246	0.250	0.259	0.261	0.254	0.252	0.253	0.253	0.248	0.262	0.259	0.247	0.245	0.251	0.258	0.256	0.258	0.252	0.248	0.247	0.253	0.252	0.249	0.246	0.241	0.260	0.255	0.256	0.254	0.253	0.259	0.245	0.252	0.252	0.251	0.250	0.243	0.256	0.261	0.253	0.252	0.244	0.249	0.245	0.251	0.252	0.245	0.245	0.243	0.251	0.248	0.249	0.249	0.255	0.250	0.248	0.249	0.246	0.245	0.241	0.243
23:00:43	35.0	0.251	0.256	0.252	0.251	0.246	0.247	0.243	0.252	0.252	0.255	0.248	0.254	0.246	0.245	0.250	0.249	0.251	0.249	0.249	0.249	0.246	0.245	0.242	0.249	0.254	0.251	0.254	0.257	0.244	0.253	0.251	0.251	0.250	0.251	0.245	0.247	0.250	0.257	0.260	0.254	0.252	0.251	0.252	0.246	0.261	0.261	0.246	0.246	0.250	0.256	0.257	0.258	0.253	0.247	0.247	0.253	0.253	0.249	0.247	0.241	0.259	0.256	0.256	0.253	0.256	0.257	0.247	0.250	0.251	0.251	0.251	0.243	0.256	0.260	0.252	0.251	0.244	0.249	0.245	0.249	0.252	0.247	0.244	0.241	0.250	0.248	0.249	0.248	0.254	0.252	0.248	0.248	0.246	0.246	0.243	0.242
0:00:00																																																																																																	

Results
	1	2	3	4	5	6	7	8	9	10	11	12
A	0.180	0.183	0.211	0.203	0.202	0.191	0.217	0.180	0.204	0.182	0.354	0.216	Max V [600]
	0.961	0.981	0.995	0.970	0.997	0.990	0.996	0.985	0.963	0.975	0.745	0.974	R-Squared [600]
	10:00:37	10:00:37	7:00:35	10:00:37	7:00:35	7:00:35	7:00:35	7:00:35	7:00:35	7:00:35	10:00:37	6:00:35	t at Max V [600]
	4:54:37	4:46:54	4:34:55	4:58:59	4:07:49	4:35:11	4:46:18	5:08:12	4:36:02	4:16:31	6:28:14	4:08:36	Lagtime [600]
B	0.191	0.189	0.204	0.227	0.349	0.237	0.496	0.204	0.362	0.197	0.217	0.210	Max V [600]
	0.862	0.987	0.995	0.993	0.807	0.991	0.722	0.967	0.790	0.984	0.979	0.982	R-Squared [600]
	10:00:37	7:00:35	7:00:35	7:00:35	9:00:37	7:00:35	10:00:37	7:00:35	9:00:37	7:00:35	7:00:35	6:00:35	t at Max V [600]
	4:48:00	4:19:08	4:27:24	5:01:26	6:00:17	4:53:59	7:10:10	4:30:58	5:51:53	4:28:43	4:19:01	4:00:33	Lagtime [600]
C	0.178	0.218	0.328	0.702	0.251	0.605	0.402	0.518	0.704	0.243	0.270	0.328	Max V [600]
	0.985	0.996	0.824	0.829	0.980	0.774	0.713	0.869	0.614	0.996	0.889	0.895	R-Squared [600]
	7:00:35	7:00:35	12:00:38	11:00:38	7:00:35	10:00:37	10:00:37	10:00:37	12:00:38	10:00:37	10:00:37	10:00:37	t at Max V [600]
	4:18:45	4:33:39	6:12:28	8:07:37	4:55:03	7:17:01	7:06:58	7:10:16	9:23:34	5:22:21	5:43:24	5:57:54	Lagtime [600]
D	0.476	0.785	1.120	1.115	0.705	-0.638	0.746	0.385	0.546	0.618	0.996	0.376	Max V [600]
	0.918	0.656	0.865	0.821	0.842	0.977	0.791	0.813	0.930	0.804	0.825	0.800	R-Squared [600]
	11:00:38	10:00:37	11:00:38	11:00:38	11:00:38	16:00:40	12:00:38	10:00:37	10:00:37	11:00:38	10:00:37	10:00:37	t at Max V [600]
	7:13:39	7:44:03	8:34:39	8:32:58	7:50:23	20:02:47	8:44:37	6:24:20	6:55:55	7:44:37	7:50:20	6:15:10	Lagtime [600]
E	0.360	0.366	1.013	0.285	1.314	0.925	0.494	0.507	0.796	1.357	0.891	0.673	Max V [600]
	0.835	0.855	0.823	0.908	0.825	0.638	0.724	0.875	0.855	0.838	0.637	0.876	R-Squared [600]
	11:00:38	12:00:38	11:00:38	10:00:37	11:00:38	9:00:37	11:00:38	12:00:38	12:00:38	10:00:37	9:00:37	10:00:37	t at Max V [600]
	7:03:31	7:13:52	8:14:33	5:20:20	8:53:01	7:09:57	7:44:33	8:10:05	8:34:56	8:07:50	7:08:46	7:22:50	Lagtime [600]
F	-0.881	0.650	1.135	0.887	1.527	0.848	0.936	1.434	1.174	0.592	0.985	0.293	Max V [600]
	0.980	0.783	0.686	0.804	0.924	0.806	0.635	0.984	0.789	0.706	0.817	0.618	R-Squared [600]
	16:00:40	10:00:37	10:00:37	10:00:37	12:00:38	10:00:37	12:00:38	11:00:38	11:00:38	9:00:37	10:00:37	10:00:37	t at Max V [600]
	19:16:00	7:09:52	7:58:50	7:37:00	9:34:07	7:34:50	9:17:31	8:22:08	8:55:13	6:42:57	7:43:16	5:24:31	Lagtime [600]
G	0.858	0.679	0.742	-0.563	1.367	1.469	1.167	0.924	0.853	1.062	-1.246	-0.661	Max V [600]
	0.597	0.905	0.814	0.604	0.893	0.908	0.916	0.938	0.775	0.636	0.888	0.690	R-Squared [600]
	9:00:37	10:00:37	12:00:38	16:00:40	11:00:38	12:00:38	10:00:37	10:00:37	9:00:37	9:00:37	15:00:40	16:00:40	t at Max V [600]
	7:02:16	7:08:36	8:56:33	20:26:31	8:44:08	9:25:40	7:49:20	7:35:57	7:04:18	7:18:20	17:33:28	19:25:28	Lagtime [600]
H	1.228	0.735	1.052	1.250	1.220	0.983	0.812	0.429	0.928	0.859	0.990	0.634	Max V [600]
	0.774	0.645	0.840	0.650	0.827	0.938	0.670	0.952	0.781	0.738	0.820	0.789	R-Squared [600]
	10:00:37	9:00:37	11:00:38	9:00:37	10:00:37	12:00:38	11:00:38	8:00:36	10:00:37	12:00:38	10:00:37	10:00:37	t at Max V [600]
	8:03:57	6:51:04	8:08:40	7:15:25	7:49:21	9:03:19	7:52:05	5:31:19	7:03:38	8:46:51	7:27:15	6:12:19	Lagtime [600]


