
Software Version	3.11.19



Experiment File Path:	C:\Users\patil-group\Desktop\Sweeteners_stacker\171121_NT5026_37_38_Rep2\NT5026_37_38_Rep2.xpt
Protocol File Path:	C:\Users\Public\Documents\Protocols\Screening-protocol.prt



Plate Number	Plate 11
Date	17/11/2021
Time	15:34:54
Reader Type:	Epoch 2
Reader Serial Number:	2103223
Reading Type	Reader

Procedure Details

Plate Type	96 WELL PLATE
Discontinuous Kinetics	Runtime 1:00:00 (D:HH:MM), Interval 0:01:00, 25 Reads
	Pause after each run
Eject plate on completion	
Shake	Linear: 0:00:30 (HH:MM:SS)
	Frequency: 567 cpm (3 mm)
Read	Absorbance Endpoint
	Full Plate
	Wavelengths:  600
	Read Speed: Normal,  Delay: 100 msec,  Measurements/Data Point: 8

600

Time	T° 600	A1	A2	A3	A4	A5	A6	A7	A8	A9	A10	A11	A12	B1	B2	B3	B4	B5	B6	B7	B8	B9	B10	B11	B12	C1	C2	C3	C4	C5	C6	C7	C8	C9	C10	C11	C12	D1	D2	D3	D4	D5	D6	D7	D8	D9	D10	D11	D12	E1	E2	E3	E4	E5	E6	E7	E8	E9	E10	E11	E12	F1	F2	F3	F4	F5	F6	F7	F8	F9	F10	F11	F12	G1	G2	G3	G4	G5	G6	G7	G8	G9	G10	G11	G12	H1	H2	H3	H4	H5	H6	H7	H8	H9	H10	H11	H12
0:00:34	34.9	0.164	0.158	0.163	0.166	0.161	0.166	0.162	0.161	0.169	0.164	0.167	0.167	0.162	0.166	0.159	0.160	0.160	0.160	0.161	0.162	0.167	0.181	0.168	0.181	0.160	0.161	0.164	0.168	0.160	0.164	0.164	0.175	0.163	0.178	0.170	0.175	0.158	0.159	0.161	0.164	0.157	0.163	0.158	0.170	0.165	0.172	0.165	0.165	0.160	0.161	0.160	0.172	0.166	0.161	0.163	0.163	0.165	0.167	0.170	0.176	0.159	0.159	0.166	0.169	0.169	0.172	0.170	0.164	0.170	0.166	0.168	0.174	0.167	0.160	0.172	0.168	0.162	0.165	0.164	0.175	0.169	0.163	0.170	0.164	0.161	0.159	0.166	0.164	0.175	0.171	0.159	0.164	0.161	0.172	0.167	0.165
1:00:32	34.9	0.167	0.161	0.166	0.169	0.164	0.169	0.165	0.164	0.172	0.167	0.170	0.170	0.165	0.169	0.162	0.163	0.163	0.163	0.164	0.165	0.170	0.183	0.172	0.183	0.164	0.164	0.167	0.171	0.163	0.167	0.167	0.178	0.166	0.181	0.173	0.178	0.161	0.163	0.164	0.167	0.160	0.166	0.161	0.173	0.169	0.169	0.168	0.169	0.163	0.164	0.164	0.176	0.169	0.164	0.165	0.166	0.168	0.169	0.173	0.179	0.162	0.162	0.170	0.172	0.172	0.175	0.172	0.167	0.173	0.169	0.171	0.176	0.170	0.163	0.175	0.171	0.165	0.168	0.166	0.178	0.172	0.166	0.173	0.167	0.164	0.162	0.168	0.167	0.178	0.174	0.163	0.167	0.164	0.174	0.168	0.168
2:00:33	34.9	0.166	0.161	0.166	0.170	0.164	0.170	0.165	0.165	0.172	0.168	0.170	0.170	0.165	0.169	0.162	0.164	0.164	0.164	0.165	0.165	0.170	0.183	0.172	0.182	0.164	0.164	0.168	0.172	0.164	0.169	0.168	0.179	0.168	0.182	0.174	0.178	0.161	0.163	0.164	0.168	0.161	0.167	0.162	0.174	0.169	0.172	0.168	0.169	0.163	0.164	0.165	0.177	0.169	0.165	0.166	0.167	0.169	0.170	0.173	0.180	0.162	0.162	0.171	0.173	0.173	0.176	0.173	0.168	0.174	0.169	0.171	0.177	0.170	0.164	0.175	0.172	0.166	0.169	0.167	0.179	0.173	0.167	0.173	0.167	0.164	0.162	0.168	0.167	0.177	0.173	0.163	0.166	0.164	0.174	0.168	0.167
3:00:33	34.9	0.164	0.159	0.164	0.168	0.162	0.167	0.162	0.162	0.169	0.165	0.166	0.167	0.163	0.167	0.160	0.162	0.162	0.162	0.162	0.163	0.167	0.179	0.169	0.180	0.162	0.161	0.165	0.170	0.162	0.167	0.166	0.176	0.166	0.179	0.171	0.175	0.159	0.161	0.162	0.166	0.159	0.164	0.159	0.172	0.166	0.167	0.167	0.166	0.161	0.162	0.163	0.175	0.167	0.163	0.164	0.165	0.166	0.168	0.171	0.177	0.159	0.161	0.168	0.172	0.171	0.174	0.171	0.166	0.172	0.167	0.168	0.174	0.167	0.161	0.173	0.169	0.164	0.167	0.165	0.177	0.171	0.165	0.171	0.165	0.161	0.160	0.166	0.165	0.174	0.171	0.161	0.164	0.161	0.172	0.166	0.165
4:00:34	34.9	0.166	0.161	0.165	0.168	0.162	0.167	0.162	0.161	0.169	0.165	0.166	0.168	0.164	0.168	0.161	0.161	0.162	0.162	0.162	0.163	0.167	0.179	0.169	0.181	0.163	0.162	0.165	0.169	0.161	0.165	0.164	0.175	0.165	0.178	0.171	0.175	0.160	0.161	0.162	0.166	0.159	0.163	0.159	0.171	0.166	0.168	0.166	0.167	0.163	0.162	0.162	0.174	0.167	0.163	0.164	0.164	0.166	0.167	0.170	0.177	0.160	0.161	0.167	0.171	0.170	0.172	0.170	0.166	0.171	0.167	0.168	0.174	0.169	0.162	0.171	0.169	0.164	0.167	0.165	0.177	0.171	0.165	0.171	0.166	0.163	0.161	0.167	0.166	0.176	0.172	0.162	0.165	0.162	0.172	0.167	0.167
5:00:35	34.9	0.173	0.167	0.170	0.173	0.168	0.172	0.167	0.167	0.175	0.169	0.171	0.174	0.170	0.172	0.165	0.166	0.167	0.167	0.167	0.167	0.172	0.183	0.174	0.186	0.170	0.167	0.168	0.173	0.164	0.168	0.167	0.178	0.168	0.181	0.176	0.180	0.167	0.166	0.166	0.170	0.163	0.167	0.163	0.175	0.170	0.172	0.171	0.172	0.169	0.167	0.167	0.177	0.171	0.167	0.167	0.168	0.171	0.173	0.173	0.183	0.166	0.165	0.171	0.173	0.173	0.174	0.173	0.170	0.175	0.171	0.172	0.180	0.174	0.168	0.176	0.173	0.170	0.172	0.171	0.182	0.176	0.170	0.176	0.172	0.171	0.168	0.172	0.171	0.181	0.178	0.167	0.172	0.168	0.178	0.174	0.173
6:00:35	34.9	0.186	0.179	0.180	0.183	0.180	0.182	0.177	0.177	0.187	0.180	0.181	0.184	0.181	0.183	0.175	0.177	0.177	0.177	0.177	0.178	0.182	0.193	0.185	0.198	0.180	0.176	0.177	0.182	0.173	0.176	0.175	0.186	0.177	0.190	0.186	0.190	0.178	0.176	0.176	0.178	0.172	0.176	0.173	0.183	0.179	0.183	0.181	0.184	0.181	0.178	0.177	0.186	0.180	0.176	0.175	0.175	0.180	0.183	0.183	0.189	0.177	0.176	0.180	0.182	0.180	0.182	0.182	0.179	0.184	0.181	0.182	0.191	0.185	0.179	0.187	0.184	0.181	0.183	0.182	0.194	0.187	0.182	0.186	0.184	0.184	0.179	0.184	0.183	0.192	0.190	0.178	0.184	0.177	0.188	0.187	0.185
7:00:36	34.9	0.190	0.191	0.195	0.196	0.194	0.197	0.192	0.192	0.200	0.195	0.193	0.194	0.195	0.196	0.189	0.189	0.192	0.190	0.193	0.194	0.198	0.206	0.198	0.213	0.190	0.192	0.194	0.197	0.187	0.189	0.189	0.201	0.191	0.203	0.202	0.202	0.192	0.191	0.191	0.194	0.187	0.192	0.189	0.196	0.194	0.196	0.198	0.196	0.198	0.197	0.192	0.199	0.194	0.192	0.188	0.190	0.196	0.197	0.197	0.200	0.201	0.188	0.195	0.197	0.194	0.195	0.196	0.192	0.197	0.195	0.196	0.203	0.201	0.196	0.201	0.199	0.196	0.200	0.197	0.209	0.200	0.198	0.201	0.197	0.198	0.200	0.199	0.196	0.208	0.204	0.188	0.196	0.191	0.202	0.199	0.203
8:00:37	34.9	0.198	0.198	0.199	0.202	0.201	0.200	0.198	0.198	0.206	0.197	0.198	0.199	0.195	0.212	0.197	0.201	0.202	0.206	0.201	0.205	0.206	0.212	0.203	0.212	0.194	0.206	0.203	0.207	0.200	0.205	0.205	0.217	0.204	0.211	0.207	0.213	0.197	0.199	0.204	0.208	0.199	0.202	0.199	0.210	0.207	0.206	0.205	0.203	0.207	0.205	0.206	0.215	0.211	0.210	0.203	0.203	0.202	0.208	0.202	0.241	0.235	0.198	0.203	0.212	0.206	0.207	0.208	0.211	0.210	0.209	0.217	0.234	0.250	0.212	0.213	0.210	0.217	0.218	0.215	0.223	0.213	0.211	0.215	0.211	0.234	0.213	0.236	0.219	0.225	0.229	0.204	0.240	0.260	0.238	0.251	0.282
9:00:38	34.9	0.202	0.203	0.209	0.215	0.208	0.213	0.211	0.211	0.219	0.209	0.209	0.207	0.196	0.213	0.207	0.214	0.216	0.219	0.214	0.215	0.223	0.218	0.209	0.218	0.199	0.212	0.215	0.220	0.218	0.219	0.216	0.233	0.213	0.227	0.218	0.240	0.209	0.213	0.221	0.250	0.213	0.218	0.223	0.219	0.220	0.232	0.218	0.212	0.210	0.227	0.220	0.226	0.221	0.225	0.220	0.224	0.226	0.227	0.219	0.254	0.275	0.270	0.227	0.238	0.220	0.239	0.228	0.227	0.228	0.223	0.240	0.257	0.273	0.221	0.232	0.229	0.223	0.226	0.241	0.234	0.226	0.230	0.250	0.272	0.208	0.252	0.246	0.244	0.253	0.238	0.238	0.262	0.247	0.271	0.288	0.278
10:00:38	34.9	0.210	0.210	0.217	0.221	0.218	0.222	0.218	0.218	0.226	0.217	0.217	0.217	0.233	0.218	0.210	0.232	0.226	0.225	0.218	0.223	0.220	0.229	0.218	0.225	0.224	0.219	0.225	0.226	0.223	0.223	0.229	0.236	0.222	0.234	0.226	0.229	0.209	0.288	0.249	0.225	0.257	0.225	0.217	0.226	0.230	0.244	0.219	0.220	0.265	0.222	0.298	0.292	0.225	0.223	0.229	0.230	0.227	0.225	0.235	0.230	0.220	0.218	0.228	0.237	0.237	0.225	0.231	0.232	0.234	0.239	0.235	0.247	0.263	0.260	0.272	0.230	0.234	0.232	0.246	0.248	0.315	0.273	0.316	0.243	0.219	0.248	0.242	0.271	0.232	0.237	0.334	0.271	0.278	0.222	0.266	0.248
11:00:39	34.9	0.219	0.222	0.235	0.233	0.232	0.235	0.234	0.227	0.234	0.230	0.231	0.229	0.227	0.286	0.224	0.337	0.245	0.230	0.233	0.225	0.271	0.233	0.225	0.239	0.245	0.237	0.234	0.234	0.239	0.256	0.253	0.417	0.338	0.293	0.243	0.236	0.215	0.365	0.314	0.320	0.285	0.310	0.330	0.306	0.293	0.368	0.233	0.275	0.528	0.322	0.247	0.247	0.242	0.267	0.248	0.241	0.237	0.290	0.316	0.237	0.468	0.286	0.361	0.431	0.268	0.290	0.268	0.276	0.256	0.252	0.244	0.307	0.438	0.418	0.271	0.262	0.314	0.383	0.267	0.289	0.319	0.400	0.337	0.259	0.415	0.357	0.234	0.306	0.310	0.331	0.230	0.344	0.298	0.326	0.374	0.411
12:00:39	34.9	0.235	0.235	0.244	0.248	0.238	0.248	0.242	0.243	0.239	0.244	0.243	0.256	0.373	0.259	0.252	0.266	0.243	0.240	0.264	0.246	0.253	0.242	0.234	0.244	0.238	0.251	0.251	0.246	0.251	0.276	0.364	0.298	0.268	0.371	0.314	0.352	0.242	0.253	0.378	0.323	0.417	0.495	0.456	0.320	0.248	0.269	0.273	0.252	0.268	0.254	0.353	0.277	0.428	0.247	0.268	0.268	0.296	0.496	0.243	0.292	0.432	0.539	0.373	0.291	0.333	0.265	0.271	0.368	0.385	0.278	0.428	0.242	0.446	0.286	0.277	0.478	0.423	0.324	0.307	0.378	0.248	0.364	0.450	0.361	0.383	0.380	0.260	0.248	0.454	0.420	0.370	0.486	0.475	0.381	0.399	0.397
13:00:40	34.9	0.244	0.241	0.245	0.244	0.237	0.245	0.241	0.244	0.249	0.236	0.244	0.244	0.236	0.242	0.244	0.234	0.248	0.244	0.281	0.241	0.242	0.245	0.239	0.245	0.387	0.244	0.246	0.309	0.339	0.327	0.263	0.310	0.249	0.265	0.257	0.261	0.306	0.250	0.461	0.296	0.277	0.378	0.275	0.424	0.263	0.415	0.317	0.255	0.253	0.402	0.258	0.396	0.289	0.329	0.296	0.341	0.305	0.433	0.261	0.468	0.283	0.387	0.366	0.357	0.334	0.370	0.356	0.437	0.455	0.348	0.332	0.328	0.363	0.398	0.438	0.475	0.341	0.286	0.308	0.303	0.301	0.316	0.393	0.406	0.314	0.502	0.269	0.550	0.593	0.458	0.357	0.366	0.438	0.430	0.467	0.370
14:00:40	34.9	0.247	0.235	0.244	0.247	0.239	0.246	0.243	0.242	0.243	0.244	0.243	0.243	0.260	0.232	0.238	0.236	0.242	0.240	0.250	0.233	0.234	0.240	0.236	0.246	0.243	0.245	0.246	0.246	0.286	0.248	0.248	0.256	0.355	0.305	0.311	0.266	0.331	0.252	0.278	0.348	0.261	0.388	0.340	0.306	0.361	0.303	0.389	0.238	0.308	0.315	0.329	0.372	0.333	0.290	0.256	0.267	0.312	0.268	0.279	0.345	0.296	0.315	0.359	0.256	0.328	0.283	0.248	0.593	0.335	0.309	0.390	0.258	0.281	0.267	0.324	0.371	0.370	0.397	0.239	0.376	0.286	0.323	0.293	0.374	0.326	0.420	0.453	0.290	0.319	0.357	0.403	0.297	0.355	0.413	0.307	0.330
15:00:40	34.9	0.233	0.233	0.247	0.247	0.242	0.244	0.244	0.237	0.245	0.247	0.247	0.244	0.235	0.236	0.230	0.239	0.245	0.251	0.229	0.262	0.240	0.241	0.244	0.248	0.292	0.250	0.333	0.241	0.327	0.244	0.246	0.268	0.249	0.257	0.252	0.248	0.246	0.260	0.286	0.296	0.286	0.314	0.281	0.266	0.265	0.280	0.240	0.244	0.285	0.364	0.252	0.275	0.300	0.256	0.246	0.257	0.345	0.265	0.369	0.267	0.321	0.314	0.292	0.331	0.326	0.398	0.282	0.311	0.385	0.286	0.250	0.339	0.275	0.252	0.290	0.287	0.286	0.316	0.277	0.294	0.281	0.343	0.362	0.459	0.349	0.337	0.299	0.339	0.333	0.294	0.359	0.326	0.348	0.384	0.329	0.366
16:00:41	34.9	0.244	0.231	0.248	0.247	0.241	0.247	0.242	0.243	0.249	0.248	0.249	0.247	0.235	0.240	0.236	0.238	0.254	0.240	0.235	0.235	0.242	0.246	0.243	0.252	0.236	0.243	0.245	0.242	0.242	0.244	0.245	0.253	0.254	0.255	0.250	0.252	0.263	0.240	0.244	0.267	0.290	0.246	0.249	0.264	0.290	0.266	0.249	0.244	0.245	0.261	0.264	0.367	0.287	0.258	0.252	0.257	0.285	0.253	0.307	0.293	0.259	0.257	0.284	0.261	0.254	0.263	0.277	0.260	0.296	0.311	0.256	0.272	0.257	0.266	0.280	0.260	0.317	0.253	0.244	0.278	0.271	0.279	0.273	0.285	0.297	0.285	0.313	0.352	0.336	0.336	0.336	0.268	0.285	0.277	0.274	0.292
17:00:42	34.9	0.235	0.231	0.246	0.251	0.250	0.249	0.250	0.247	0.256	0.254	0.256	0.253	0.244	0.252	0.243	0.242	0.247	0.247	0.242	0.240	0.248	0.253	0.248	0.257	0.244	0.248	0.246	0.246	0.246	0.246	0.249	0.264	0.246	0.261	0.256	0.260	0.242	0.246	0.249	0.247	0.238	0.242	0.235	0.246	0.243	0.243	0.247	0.252	0.248	0.250	0.278	0.251	0.249	0.262	0.246	0.255	0.245	0.247	0.252	0.255	0.260	0.253	0.275	0.303	0.271	0.304	0.260	0.255	0.310	0.254	0.285	0.266	0.262	0.260	0.253	0.253	0.248	0.255	0.292	0.282	0.253	0.252	0.275	0.251	0.276	0.257	0.279	0.283	0.261	0.264	0.261	0.252	0.248	0.261	0.254	0.252
18:00:42	34.9	0.239	0.247	0.250	0.256	0.246	0.250	0.245	0.249	0.250	0.254	0.251	0.252	0.241	0.248	0.246	0.249	0.250	0.252	0.246	0.252	0.249	0.256	0.251	0.256	0.244	0.248	0.247	0.252	0.252	0.250	0.254	0.261	0.254	0.263	0.258	0.258	0.246	0.250	0.253	0.243	0.241	0.249	0.240	0.254	0.246	0.245	0.248	0.252	0.250	0.254	0.253	0.258	0.251	0.248	0.247	0.242	0.250	0.260	0.250	0.251	0.253	0.256	0.257	0.257	0.258	0.259	0.257	0.261	0.261	0.256	0.257	0.260	0.261	0.256	0.258	0.257	0.254	0.255	0.287	0.264	0.253	0.255	0.259	0.256	0.250	0.250	0.254	0.252	0.258	0.255	0.249	0.249	0.246	0.253	0.251	0.249
19:00:42	34.9	0.252	0.248	0.249	0.253	0.243	0.247	0.244	0.247	0.250	0.251	0.250	0.249	0.238	0.243	0.242	0.243	0.245	0.250	0.245	0.246	0.246	0.253	0.249	0.256	0.243	0.248	0.254	0.257	0.250	0.253	0.256	0.263	0.254	0.263	0.257	0.257	0.244	0.248	0.253	0.246	0.245	0.251	0.241	0.253	0.250	0.249	0.249	0.248	0.247	0.251	0.253	0.263	0.250	0.251	0.249	0.245	0.249	0.252	0.247	0.251	0.250	0.253	0.257	0.259	0.258	0.259	0.255	0.255	0.257	0.256	0.254	0.257	0.259	0.254	0.256	0.254	0.251	0.253	0.247	0.262	0.254	0.249	0.256	0.247	0.249	0.249	0.252	0.251	0.256	0.253	0.246	0.248	0.246	0.251	0.249	0.249
20:00:42	35.0	0.250	0.245	0.246	0.250	0.241	0.246	0.242	0.247	0.248	0.250	0.250	0.249	0.238	0.243	0.241	0.242	0.245	0.249	0.243	0.245	0.246	0.253	0.248	0.254	0.242	0.244	0.250	0.252	0.247	0.249	0.252	0.258	0.250	0.259	0.256	0.257	0.245	0.247	0.251	0.244	0.242	0.248	0.239	0.250	0.258	0.253	0.248	0.248	0.247	0.248	0.249	0.260	0.248	0.246	0.247	0.245	0.249	0.248	0.247	0.249	0.250	0.251	0.254	0.257	0.255	0.256	0.257	0.251	0.255	0.254	0.254	0.256	0.257	0.252	0.256	0.252	0.251	0.252	0.247	0.259	0.253	0.248	0.254	0.244	0.248	0.245	0.251	0.250	0.253	0.253	0.247	0.246	0.245	0.251	0.249	0.250
21:00:43	34.9	0.248	0.242	0.245	0.247	0.241	0.243	0.242	0.244	0.246	0.249	0.246	0.248	0.237	0.240	0.240	0.241	0.243	0.248	0.241	0.242	0.244	0.250	0.246	0.254	0.239	0.245	0.250	0.251	0.244	0.248	0.249	0.254	0.248	0.258	0.254	0.255	0.243	0.246	0.245	0.242	0.240	0.243	0.235	0.249	0.256	0.249	0.248	0.246	0.247	0.246	0.247	0.255	0.247	0.243	0.245	0.243	0.248	0.249	0.244	0.248	0.248	0.251	0.256	0.256	0.254	0.255	0.253	0.250	0.251	0.251	0.251	0.253	0.255	0.250	0.253	0.251	0.250	0.252	0.245	0.257	0.253	0.247	0.251	0.243	0.247	0.245	0.250	0.247	0.253	0.252	0.244	0.244	0.243	0.250	0.248	0.247
22:00:44	34.9	0.248	0.242	0.242	0.247	0.239	0.242	0.240	0.242	0.247	0.248	0.246	0.247	0.236	0.239	0.239	0.239	0.241	0.246	0.242	0.242	0.243	0.251	0.245	0.251	0.238	0.242	0.251	0.251	0.246	0.250	0.247	0.256	0.249	0.256	0.253	0.253	0.242	0.243	0.245	0.240	0.238	0.242	0.233	0.247	0.254	0.249	0.246	0.246	0.244	0.247	0.247	0.254	0.246	0.243	0.245	0.242	0.248	0.246	0.244	0.247	0.248	0.251	0.251	0.255	0.253	0.253	0.251	0.249	0.251	0.249	0.252	0.253	0.254	0.250	0.255	0.250	0.251	0.251	0.244	0.257	0.250	0.247	0.248	0.242	0.247	0.243	0.250	0.247	0.254	0.250	0.243	0.245	0.244	0.248	0.247	0.247
23:00:45	35.0	0.247	0.242	0.244	0.248	0.240	0.243	0.242	0.243	0.249	0.247	0.247	0.248	0.236	0.240	0.239	0.241	0.244	0.245	0.241	0.241	0.242	0.249	0.245	0.254	0.238	0.243	0.249	0.251	0.246	0.247	0.246	0.254	0.250	0.256	0.253	0.255	0.243	0.244	0.244	0.242	0.238	0.242	0.234	0.248	0.251	0.248	0.246	0.245	0.245	0.247	0.247	0.257	0.247	0.242	0.244	0.241	0.248	0.247	0.244	0.248	0.248	0.250	0.252	0.255	0.252	0.253	0.251	0.247	0.250	0.252	0.252	0.253	0.254	0.249	0.255	0.250	0.251	0.249	0.241	0.257	0.252	0.247	0.249	0.242	0.247	0.245	0.249	0.247	0.253	0.249	0.242	0.245	0.242	0.249	0.246	0.246
0:00:00																																																																																																	

Results
	1	2	3	4	5	6	7	8	9	10	11	12
A	0.179	0.167	0.194	0.183	0.170	0.195	0.183	0.184	0.178	0.189	0.185	0.224	Max V [600]
	0.985	0.983	0.986	0.983	0.982	0.996	0.990	0.990	0.990	0.992	0.992	0.929	R-Squared [600]
	11:00:39	11:00:39	10:00:38	10:00:38	6:00:36	10:00:38	7:00:37	7:00:37	7:00:37	10:00:38	10:00:38	10:00:38	t at Max V [600]
	5:35:29	4:36:00	5:05:05	4:45:04	4:00:20	5:06:44	4:35:37	4:29:13	4:19:47	5:07:12	5:16:58	5:58:12	Lagtime [600]
B	0.647	0.311	0.213	0.546	0.218	0.222	0.298	0.204	0.269	0.151	0.151	0.150	Max V [600]
	0.690	0.702	0.887	0.755	0.985	0.995	0.939	0.995	0.801	0.976	0.972	0.927	R-Squared [600]
	10:00:38	9:00:38	10:00:38	9:00:38	9:00:38	7:00:37	11:00:39	7:00:37	9:00:38	6:00:36	6:00:36	6:00:36	t at Max V [600]
	7:51:43	5:50:53	5:21:08	6:43:58	4:42:26	4:39:52	6:29:34	4:35:14	5:28:35	4:32:27	4:05:28	4:05:21	Lagtime [600]
C	0.651	0.200	0.318	0.331	0.449	0.450	0.591	0.753	0.520	0.641	0.398	0.454	Max V [600]
	0.700	0.984	0.570	0.755	0.752	0.925	0.761	0.653	0.687	0.859	0.789	0.602	R-Squared [600]
	11:00:39	7:00:37	13:00:40	11:00:39	11:00:39	11:00:39	10:00:38	9:00:38	9:00:38	10:00:38	10:00:38	10:00:38	t at Max V [600]
	8:29:43	4:30:52	7:53:28	7:02:37	7:31:01	7:27:19	7:28:52	7:07:10	6:44:46	7:40:54	7:00:41	7:07:25	Lagtime [600]
D	0.559	0.726	1.013	0.497	0.846	1.132	1.034	0.839	-0.421	0.652	0.707	0.290	Max V [600]
	0.927	0.862	0.975	0.786	0.855	0.771	0.820	0.912	0.673	0.577	0.944	0.771	R-Squared [600]
	12:00:39	9:00:38	11:00:39	10:00:38	10:00:38	10:00:38	10:00:38	11:00:39	16:00:41	11:00:39	12:00:39	9:00:38	t at Max V [600]
	8:56:45	6:54:04	8:18:55	6:37:55	7:42:32	8:08:14	7:57:48	8:27:16	20:35:49	7:35:27	9:08:47	5:48:22	Lagtime [600]
E	1.194	0.638	0.537	0.541	0.761	0.388	0.320	0.454	0.398	1.137	-0.500	0.817	Max V [600]
	0.654	0.623	0.704	0.605	0.619	0.713	0.971	0.806	0.879	0.761	0.803	0.611	R-Squared [600]
	9:00:38	11:00:39	10:00:38	11:00:39	10:00:38	11:00:39	11:00:39	11:00:39	12:00:39	11:00:39	17:00:41	11:00:39	t at Max V [600]
	7:18:39	7:45:40	6:45:51	7:27:53	7:50:06	6:50:12	6:20:03	7:25:13	7:23:05	8:33:33	20:51:14	8:33:07	Lagtime [600]
F	0.979	1.162	0.788	0.824	0.541	0.504	0.495	1.473	1.006	0.485	0.709	0.369	Max V [600]
	0.644	0.647	0.841	0.669	0.928	0.696	0.822	0.958	0.871	0.867	0.594	0.851	R-Squared [600]
	10:00:38	10:00:38	10:00:38	9:00:38	11:00:39	11:00:39	11:00:39	12:00:39	11:00:39	11:00:39	10:00:38	9:00:38	t at Max V [600]
	7:09:42	7:57:19	7:38:35	7:06:11	7:38:03	7:31:23	7:35:58	9:33:12	8:39:21	7:29:33	7:32:31	5:35:28	Lagtime [600]
G	0.927	0.820	0.693	1.233	0.840	0.634	0.351	0.609	0.567	0.793	0.927	-0.755	Max V [600]
	0.789	0.737	0.671	0.810	0.820	0.654	0.932	0.838	0.866	0.824	0.942	0.627	R-Squared [600]
	10:00:38	9:00:38	11:00:39	11:00:39	10:00:38	9:00:38	10:00:38	10:00:38	9:00:38	10:00:38	10:00:38	17:00:41	t at Max V [600]
	7:00:36	6:56:55	7:58:58	8:45:16	7:37:47	6:43:57	5:40:51	7:17:29	6:29:58	7:12:50	7:26:04	20:00:38	Lagtime [600]
H	0.844	1.056	0.763	0.982	1.504	1.039	-0.677	0.955	0.965	0.809	0.819	0.635	Max V [600]
	0.652	0.907	0.627	0.523	0.873	0.937	0.959	0.817	0.800	0.837	0.888	0.606	R-Squared [600]
	10:00:38	11:00:39	12:00:39	11:00:39	11:00:39	11:00:39	16:00:41	10:00:38	11:00:39	12:00:39	11:00:39	9:00:38	t at Max V [600]
	7:26:02	8:02:04	9:15:25	8:17:52	8:52:15	8:21:01	20:00:31	7:16:14	7:47:11	8:14:47	7:06:32	5:52:41	Lagtime [600]

