
Software Version	3.11.19



Experiment File Path:	C:\Users\patil-group\Desktop\Sweeteners_stacker\NT5007_07_24_76_Rep1.xpt
Protocol File Path:	C:\Users\Public\Documents\Protocols\Screening-protocol.prt



Plate Number	Plate 13
Date	12/12/2021
Time	15:18:24
Reader Type:	Epoch 2
Reader Serial Number:	2103223
Reading Type	Reader

Procedure Details

Plate Type	96 WELL PLATE
Discontinuous Kinetics	Runtime 1:00:00 (D:HH:MM), Interval 0:01:00, 25 Reads
	Pause after each run
Eject plate on completion	
Shake	Linear: 0:00:30 (HH:MM:SS)
	Frequency: 567 cpm (3 mm)
Read	Absorbance Endpoint
	Full Plate
	Wavelengths:  600
	Read Speed: Normal,  Delay: 100 msec,  Measurements/Data Point: 8

600

Time	T° 600	A1	A2	A3	A4	A5	A6	A7	A8	A9	A10	A11	A12	B1	B2	B3	B4	B5	B6	B7	B8	B9	B10	B11	B12	C1	C2	C3	C4	C5	C6	C7	C8	C9	C10	C11	C12	D1	D2	D3	D4	D5	D6	D7	D8	D9	D10	D11	D12	E1	E2	E3	E4	E5	E6	E7	E8	E9	E10	E11	E12	F1	F2	F3	F4	F5	F6	F7	F8	F9	F10	F11	F12	G1	G2	G3	G4	G5	G6	G7	G8	G9	G10	G11	G12	H1	H2	H3	H4	H5	H6	H7	H8	H9	H10	H11	H12
0:00:34	34.3	0.174	0.173	0.176	0.176	0.172	0.177	0.173	0.176	0.174	0.184	0.179	0.177	0.178	0.180	0.180	0.184	0.173	0.183	0.177	0.177	0.189	0.176	0.176	0.172	0.181	0.176	0.179	0.179	0.183	0.174	0.176	0.194	0.176	0.172	0.172	0.179	0.176	0.186	0.176	0.185	0.177	0.178	0.175	0.179	0.174	0.175	0.177	0.178	0.173	0.174	0.172	0.174	0.172	0.180	0.177	0.177	0.177	0.174	0.174	0.177	0.173	0.173	0.175	0.176	0.183	0.182	0.177	0.178	0.176	0.177	0.178	0.174	0.180	0.177	0.194	0.174	0.174	0.174	0.177	0.177	0.180	0.174	0.176	0.178	0.181	0.181	0.186	0.182	0.172	0.176	0.174	0.175	0.174	0.177	0.175	0.181
1:00:35	34.4	0.175	0.174	0.178	0.178	0.174	0.178	0.175	0.177	0.176	0.184	0.181	0.178	0.180	0.182	0.181	0.185	0.176	0.185	0.179	0.179	0.190	0.177	0.177	0.174	0.183	0.178	0.181	0.181	0.184	0.176	0.177	0.195	0.178	0.174	0.174	0.180	0.178	0.187	0.178	0.186	0.179	0.180	0.178	0.181	0.176	0.176	0.177	0.179	0.175	0.176	0.175	0.176	0.174	0.182	0.179	0.178	0.179	0.176	0.176	0.179	0.175	0.176	0.178	0.178	0.184	0.184	0.178	0.179	0.177	0.179	0.179	0.176	0.182	0.178	0.195	0.176	0.177	0.176	0.178	0.179	0.182	0.175	0.176	0.180	0.183	0.177	0.190	0.183	0.174	0.178	0.176	0.177	0.176	0.179	0.176	0.183
2:00:35	34.5	0.178	0.177	0.180	0.179	0.176	0.180	0.177	0.179	0.178	0.186	0.183	0.180	0.183	0.184	0.183	0.187	0.177	0.186	0.180	0.180	0.195	0.179	0.179	0.175	0.185	0.183	0.183	0.182	0.186	0.177	0.179	0.196	0.179	0.176	0.176	0.182	0.180	0.188	0.180	0.188	0.181	0.181	0.179	0.182	0.178	0.178	0.181	0.181	0.177	0.178	0.177	0.177	0.176	0.183	0.181	0.180	0.180	0.178	0.177	0.180	0.187	0.177	0.179	0.180	0.186	0.185	0.180	0.181	0.179	0.181	0.180	0.178	0.183	0.180	0.196	0.178	0.178	0.178	0.180	0.180	0.183	0.177	0.178	0.181	0.185	0.180	0.190	0.185	0.176	0.179	0.178	0.179	0.178	0.180	0.177	0.185
3:00:35	34.5	0.180	0.179	0.183	0.182	0.178	0.182	0.179	0.182	0.180	0.188	0.185	0.183	0.185	0.186	0.185	0.189	0.179	0.188	0.182	0.182	0.194	0.181	0.181	0.178	0.187	0.185	0.185	0.183	0.187	0.179	0.180	0.197	0.180	0.177	0.178	0.185	0.182	0.190	0.182	0.190	0.183	0.183	0.181	0.184	0.179	0.180	0.183	0.183	0.179	0.180	0.179	0.179	0.178	0.185	0.183	0.181	0.182	0.179	0.179	0.183	0.179	0.178	0.181	0.182	0.188	0.187	0.183	0.182	0.181	0.182	0.183	0.180	0.186	0.182	0.197	0.180	0.180	0.180	0.182	0.182	0.185	0.179	0.180	0.183	0.187	0.181	0.191	0.187	0.178	0.181	0.180	0.181	0.180	0.182	0.180	0.187
4:00:36	34.5	0.184	0.182	0.185	0.184	0.180	0.185	0.183	0.184	0.183	0.190	0.187	0.186	0.188	0.188	0.188	0.191	0.182	0.190	0.185	0.185	0.196	0.184	0.184	0.181	0.190	0.188	0.188	0.185	0.189	0.182	0.183	0.199	0.183	0.180	0.180	0.187	0.184	0.192	0.184	0.192	0.185	0.185	0.183	0.187	0.182	0.182	0.182	0.186	0.181	0.183	0.181	0.182	0.181	0.187	0.185	0.184	0.185	0.182	0.181	0.185	0.182	0.181	0.184	0.184	0.190	0.189	0.185	0.185	0.183	0.185	0.185	0.182	0.188	0.185	0.200	0.182	0.182	0.182	0.184	0.185	0.187	0.182	0.183	0.186	0.190	0.184	0.193	0.190	0.181	0.184	0.183	0.184	0.182	0.185	0.182	0.190
5:00:37	34.4	0.188	0.186	0.188	0.188	0.184	0.189	0.185	0.188	0.187	0.193	0.191	0.191	0.191	0.192	0.191	0.194	0.184	0.193	0.188	0.188	0.199	0.186	0.187	0.184	0.193	0.191	0.190	0.188	0.192	0.185	0.185	0.202	0.185	0.183	0.183	0.191	0.188	0.195	0.187	0.197	0.187	0.188	0.185	0.189	0.184	0.185	0.185	0.189	0.185	0.185	0.184	0.184	0.183	0.190	0.187	0.186	0.187	0.185	0.184	0.188	0.185	0.184	0.186	0.186	0.192	0.192	0.187	0.187	0.186	0.188	0.189	0.186	0.192	0.188	0.202	0.185	0.185	0.185	0.188	0.188	0.190	0.184	0.186	0.190	0.194	0.188	0.197	0.193	0.184	0.187	0.186	0.187	0.186	0.188	0.186	0.194
6:00:36	34.5	0.192	0.189	0.191	0.190	0.186	0.191	0.188	0.190	0.189	0.196	0.193	0.192	0.194	0.193	0.193	0.197	0.188	0.195	0.191	0.190	0.203	0.189	0.189	0.186	0.196	0.194	0.193	0.191	0.195	0.188	0.189	0.205	0.189	0.186	0.186	0.193	0.191	0.197	0.190	0.197	0.190	0.191	0.188	0.192	0.188	0.188	0.188	0.191	0.187	0.188	0.187	0.188	0.186	0.193	0.191	0.190	0.190	0.188	0.186	0.190	0.187	0.188	0.189	0.190	0.195	0.195	0.190	0.190	0.189	0.191	0.191	0.188	0.194	0.191	0.205	0.188	0.188	0.188	0.191	0.190	0.193	0.187	0.188	0.192	0.197	0.191	0.200	0.195	0.186	0.190	0.188	0.189	0.188	0.190	0.188	0.196
7:00:37	34.5	0.200	0.196	0.197	0.197	0.193	0.198	0.194	0.197	0.195	0.201	0.199	0.199	0.200	0.198	0.199	0.200	0.191	0.200	0.195	0.194	0.207	0.193	0.195	0.193	0.201	0.198	0.196	0.193	0.197	0.190	0.191	0.208	0.192	0.189	0.191	0.199	0.196	0.200	0.192	0.199	0.192	0.192	0.190	0.194	0.190	0.190	0.192	0.197	0.193	0.191	0.189	0.189	0.189	0.195	0.193	0.192	0.193	0.191	0.190	0.195	0.194	0.192	0.192	0.192	0.198	0.197	0.192	0.193	0.191	0.194	0.196	0.195	0.200	0.195	0.208	0.192	0.190	0.192	0.194	0.193	0.197	0.191	0.194	0.198	0.204	0.203	0.205	0.201	0.193	0.195	0.193	0.196	0.195	0.197	0.195	0.204
8:00:37	34.5	0.207	0.202	0.205	0.204	0.200	0.204	0.201	0.203	0.202	0.208	0.206	0.206	0.207	0.205	0.205	0.206	0.197	0.205	0.201	0.201	0.213	0.200	0.201	0.200	0.207	0.205	0.203	0.200	0.203	0.196	0.198	0.214	0.198	0.196	0.197	0.205	0.203	0.206	0.199	0.205	0.198	0.199	0.196	0.200	0.196	0.197	0.199	0.204	0.199	0.198	0.196	0.196	0.196	0.201	0.200	0.199	0.199	0.197	0.196	0.201	0.200	0.199	0.199	0.199	0.204	0.203	0.199	0.199	0.197	0.200	0.202	0.202	0.207	0.202	0.214	0.199	0.196	0.198	0.200	0.200	0.203	0.198	0.201	0.206	0.210	0.210	0.213	0.207	0.200	0.203	0.201	0.203	0.202	0.204	0.202	0.210
9:00:38	34.5	0.215	0.210	0.213	0.212	0.207	0.212	0.208	0.210	0.209	0.215	0.214	0.214	0.215	0.212	0.213	0.213	0.204	0.211	0.207	0.207	0.220	0.207	0.208	0.208	0.215	0.212	0.210	0.206	0.210	0.203	0.204	0.221	0.205	0.202	0.204	0.212	0.210	0.213	0.205	0.211	0.204	0.205	0.202	0.206	0.203	0.203	0.205	0.211	0.207	0.204	0.203	0.203	0.203	0.208	0.206	0.206	0.205	0.204	0.201	0.207	0.207	0.205	0.205	0.205	0.210	0.210	0.205	0.206	0.204	0.207	0.209	0.210	0.214	0.209	0.221	0.205	0.203	0.205	0.207	0.206	0.210	0.204	0.209	0.213	0.218	0.218	0.220	0.215	0.207	0.210	0.208	0.210	0.210	0.211	0.210	0.219
10:00:38	34.5	0.224	0.219	0.223	0.220	0.216	0.220	0.216	0.219	0.217	0.224	0.222	0.223	0.223	0.220	0.221	0.221	0.211	0.219	0.214	0.215	0.228	0.215	0.217	0.217	0.223	0.220	0.217	0.213	0.216	0.209	0.211	0.228	0.212	0.210	0.212	0.221	0.218	0.220	0.212	0.218	0.211	0.212	0.209	0.213	0.210	0.210	0.213	0.220	0.215	0.212	0.210	0.210	0.210	0.215	0.214	0.215	0.212	0.211	0.208	0.213	0.216	0.213	0.213	0.212	0.217	0.217	0.212	0.213	0.211	0.215	0.218	0.218	0.223	0.217	0.228	0.213	0.210	0.212	0.215	0.214	0.218	0.212	0.218	0.223	0.227	0.227	0.229	0.224	0.216	0.219	0.216	0.219	0.218	0.220	0.220	0.228
11:00:38	34.5	0.232	0.228	0.232	0.228	0.225	0.229	0.224	0.227	0.226	0.232	0.231	0.232	0.233	0.228	0.229	0.229	0.220	0.227	0.222	0.224	0.236	0.223	0.225	0.226	0.232	0.229	0.225	0.222	0.225	0.218	0.220	0.237	0.221	0.219	0.221	0.229	0.227	0.228	0.220	0.227	0.219	0.220	0.216	0.221	0.218	0.218	0.221	0.228	0.223	0.220	0.218	0.218	0.219	0.223	0.224	0.225	0.220	0.220	0.215	0.220	0.224	0.222	0.221	0.220	0.225	0.225	0.220	0.221	0.219	0.223	0.226	0.227	0.231	0.226	0.235	0.222	0.219	0.221	0.224	0.224	0.228	0.221	0.227	0.232	0.236	0.236	0.238	0.233	0.225	0.228	0.226	0.228	0.228	0.229	0.229	0.236
12:00:39	34.5	0.236	0.232	0.234	0.231	0.230	0.234	0.231	0.233	0.232	0.238	0.236	0.236	0.239	0.236	0.237	0.237	0.229	0.236	0.230	0.231	0.243	0.230	0.231	0.231	0.238	0.239	0.234	0.230	0.233	0.227	0.228	0.245	0.229	0.227	0.228	0.236	0.235	0.237	0.229	0.234	0.227	0.228	0.224	0.229	0.227	0.227	0.230	0.235	0.230	0.230	0.228	0.226	0.228	0.231	0.233	0.233	0.228	0.229	0.222	0.227	0.232	0.231	0.231	0.229	0.233	0.234	0.228	0.231	0.228	0.232	0.234	0.233	0.239	0.235	0.244	0.230	0.228	0.230	0.233	0.233	0.236	0.230	0.232	0.236	0.241	0.243	0.246	0.241	0.232	0.236	0.234	0.235	0.234	0.236	0.234	0.240
13:00:39	34.5	0.240	0.236	0.237	0.233	0.233	0.237	0.234	0.236	0.235	0.242	0.239	0.240	0.243	0.240	0.241	0.241	0.233	0.240	0.235	0.235	0.248	0.234	0.236	0.235	0.242	0.241	0.239	0.235	0.239	0.231	0.233	0.250	0.233	0.232	0.233	0.239	0.238	0.241	0.235	0.241	0.235	0.235	0.231	0.235	0.232	0.232	0.234	0.238	0.234	0.234	0.233	0.232	0.233	0.237	0.237	0.237	0.234	0.233	0.226	0.230	0.235	0.235	0.236	0.235	0.240	0.239	0.235	0.236	0.233	0.236	0.238	0.236	0.243	0.240	0.248	0.235	0.233	0.235	0.237	0.237	0.240	0.234	0.236	0.239	0.245	0.246	0.249	0.244	0.236	0.240	0.237	0.238	0.237	0.239	0.237	0.243
14:00:40	34.5	0.244	0.240	0.241	0.236	0.237	0.241	0.238	0.240	0.240	0.245	0.243	0.243	0.247	0.245	0.245	0.246	0.238	0.244	0.239	0.240	0.252	0.239	0.241	0.238	0.246	0.246	0.244	0.240	0.243	0.236	0.237	0.254	0.238	0.236	0.237	0.243	0.243	0.246	0.239	0.245	0.239	0.239	0.236	0.239	0.237	0.237	0.238	0.243	0.238	0.239	0.238	0.237	0.237	0.242	0.241	0.241	0.239	0.238	0.231	0.233	0.239	0.240	0.241	0.239	0.244	0.244	0.239	0.240	0.237	0.240	0.242	0.240	0.247	0.245	0.253	0.240	0.238	0.239	0.241	0.242	0.245	0.238	0.241	0.243	0.249	0.250	0.253	0.249	0.240	0.244	0.241	0.243	0.242	0.243	0.242	0.248
15:00:40	34.5	0.249	0.245	0.245	0.240	0.242	0.245	0.242	0.245	0.244	0.250	0.248	0.248	0.252	0.250	0.250	0.250	0.243	0.248	0.244	0.244	0.257	0.244	0.245	0.243	0.251	0.251	0.248	0.244	0.247	0.240	0.242	0.258	0.242	0.241	0.242	0.248	0.247	0.251	0.244	0.250	0.244	0.244	0.240	0.244	0.242	0.241	0.243	0.247	0.243	0.244	0.243	0.241	0.242	0.246	0.246	0.245	0.244	0.242	0.235	0.237	0.244	0.245	0.245	0.244	0.249	0.248	0.244	0.245	0.242	0.245	0.247	0.244	0.251	0.250	0.257	0.244	0.242	0.244	0.246	0.246	0.249	0.243	0.245	0.247	0.254	0.255	0.258	0.253	0.245	0.248	0.245	0.248	0.247	0.248	0.246	0.253
16:00:41	34.5	0.254	0.249	0.249	0.244	0.246	0.250	0.247	0.250	0.249	0.254	0.252	0.254	0.257	0.255	0.255	0.254	0.247	0.253	0.248	0.249	0.262	0.248	0.250	0.248	0.256	0.257	0.252	0.249	0.252	0.245	0.247	0.263	0.247	0.245	0.247	0.253	0.252	0.255	0.249	0.255	0.248	0.248	0.245	0.248	0.247	0.246	0.248	0.252	0.247	0.248	0.247	0.246	0.246	0.251	0.250	0.250	0.248	0.247	0.239	0.241	0.249	0.250	0.250	0.249	0.253	0.252	0.248	0.249	0.246	0.249	0.251	0.249	0.256	0.255	0.262	0.249	0.247	0.248	0.251	0.251	0.254	0.248	0.250	0.252	0.258	0.260	0.263	0.258	0.249	0.253	0.250	0.253	0.251	0.253	0.251	0.258
17:00:41	34.5	0.258	0.254	0.254	0.247	0.251	0.254	0.251	0.254	0.254	0.258	0.256	0.256	0.261	0.259	0.259	0.259	0.251	0.257	0.253	0.254	0.266	0.253	0.255	0.252	0.260	0.261	0.257	0.253	0.256	0.249	0.251	0.267	0.251	0.249	0.251	0.257	0.257	0.260	0.253	0.259	0.252	0.253	0.249	0.252	0.251	0.250	0.252	0.256	0.252	0.253	0.252	0.250	0.250	0.255	0.254	0.254	0.252	0.251	0.243	0.245	0.253	0.255	0.254	0.253	0.258	0.257	0.253	0.253	0.250	0.253	0.255	0.253	0.260	0.259	0.267	0.253	0.251	0.253	0.255	0.256	0.258	0.252	0.254	0.256	0.262	0.264	0.267	0.263	0.254	0.257	0.254	0.257	0.255	0.257	0.256	0.262
18:00:42	34.4	0.261	0.258	0.257	0.251	0.255	0.258	0.255	0.257	0.257	0.262	0.260	0.260	0.266	0.264	0.263	0.263	0.255	0.261	0.257	0.258	0.270	0.257	0.259	0.256	0.265	0.265	0.261	0.258	0.260	0.253	0.255	0.271	0.255	0.254	0.256	0.261	0.261	0.264	0.258	0.263	0.257	0.257	0.253	0.257	0.255	0.254	0.256	0.260	0.256	0.257	0.256	0.255	0.255	0.259	0.258	0.258	0.257	0.255	0.247	0.249	0.258	0.259	0.259	0.257	0.262	0.261	0.257	0.257	0.254	0.257	0.259	0.257	0.264	0.263	0.271	0.257	0.255	0.257	0.259	0.260	0.263	0.257	0.257	0.259	0.266	0.269	0.272	0.267	0.259	0.261	0.258	0.261	0.259	0.261	0.260	0.267
19:00:43	34.4	0.265	0.261	0.261	0.254	0.259	0.262	0.258	0.261	0.261	0.266	0.264	0.264	0.269	0.268	0.267	0.267	0.259	0.265	0.261	0.262	0.274	0.261	0.262	0.260	0.268	0.269	0.264	0.261	0.264	0.257	0.259	0.275	0.258	0.258	0.259	0.265	0.265	0.269	0.262	0.267	0.261	0.261	0.257	0.260	0.259	0.258	0.260	0.264	0.260	0.262	0.261	0.259	0.259	0.263	0.262	0.261	0.260	0.259	0.251	0.252	0.261	0.263	0.263	0.261	0.266	0.265	0.261	0.261	0.258	0.261	0.263	0.261	0.267	0.267	0.275	0.261	0.259	0.260	0.263	0.264	0.266	0.261	0.261	0.262	0.269	0.272	0.275	0.271	0.262	0.265	0.262	0.264	0.263	0.265	0.264	0.269
20:00:43	34.5	0.268	0.264	0.264	0.256	0.262	0.265	0.261	0.263	0.264	0.269	0.267	0.267	0.272	0.271	0.270	0.270	0.263	0.268	0.265	0.265	0.277	0.264	0.266	0.263	0.271	0.273	0.267	0.265	0.268	0.261	0.262	0.278	0.262	0.262	0.263	0.268	0.268	0.272	0.265	0.272	0.264	0.265	0.261	0.264	0.263	0.261	0.264	0.267	0.263	0.265	0.264	0.263	0.262	0.266	0.266	0.265	0.264	0.263	0.254	0.255	0.264	0.266	0.266	0.264	0.269	0.268	0.265	0.264	0.262	0.264	0.266	0.264	0.270	0.271	0.278	0.265	0.262	0.263	0.266	0.267	0.270	0.264	0.263	0.265	0.272	0.275	0.278	0.274	0.266	0.268	0.265	0.267	0.267	0.268	0.267	0.272
21:00:44	34.6	0.270	0.267	0.267	0.258	0.264	0.267	0.264	0.265	0.266	0.271	0.269	0.269	0.275	0.274	0.273	0.273	0.266	0.271	0.268	0.268	0.280	0.267	0.268	0.265	0.273	0.276	0.270	0.268	0.271	0.263	0.265	0.281	0.265	0.265	0.265	0.270	0.271	0.275	0.269	0.274	0.267	0.268	0.264	0.268	0.266	0.265	0.266	0.270	0.266	0.268	0.267	0.266	0.265	0.269	0.269	0.268	0.267	0.266	0.256	0.257	0.267	0.269	0.268	0.267	0.271	0.271	0.268	0.267	0.265	0.267	0.269	0.266	0.274	0.273	0.281	0.268	0.265	0.266	0.269	0.270	0.273	0.267	0.266	0.268	0.275	0.277	0.281	0.276	0.268	0.271	0.268	0.274	0.269	0.271	0.270	0.275
22:00:44	34.6	0.272	0.268	0.268	0.260	0.266	0.268	0.266	0.268	0.269	0.273	0.270	0.270	0.277	0.278	0.275	0.276	0.268	0.273	0.270	0.270	0.283	0.270	0.271	0.266	0.276	0.278	0.272	0.271	0.273	0.266	0.268	0.283	0.267	0.267	0.268	0.272	0.273	0.278	0.271	0.277	0.270	0.271	0.267	0.270	0.269	0.268	0.269	0.272	0.268	0.270	0.270	0.268	0.268	0.272	0.272	0.271	0.269	0.269	0.259	0.260	0.269	0.272	0.271	0.269	0.274	0.273	0.270	0.270	0.267	0.269	0.271	0.268	0.274	0.276	0.285	0.270	0.267	0.269	0.272	0.273	0.275	0.269	0.268	0.274	0.277	0.279	0.283	0.278	0.271	0.272	0.269	0.272	0.270	0.272	0.271	0.279
23:00:46	34.6	0.273	0.269	0.270	0.262	0.266	0.269	0.267	0.269	0.270	0.275	0.272	0.272	0.278	0.278	0.277	0.278	0.270	0.274	0.272	0.273	0.284	0.271	0.272	0.268	0.277	0.280	0.274	0.272	0.274	0.267	0.269	0.285	0.269	0.269	0.270	0.275	0.275	0.279	0.273	0.279	0.272	0.273	0.268	0.272	0.271	0.270	0.271	0.274	0.269	0.272	0.272	0.271	0.271	0.274	0.274	0.273	0.271	0.271	0.260	0.261	0.271	0.273	0.273	0.272	0.276	0.276	0.273	0.272	0.269	0.272	0.273	0.269	0.276	0.277	0.285	0.272	0.269	0.271	0.274	0.275	0.277	0.271	0.269	0.271	0.277	0.281	0.285	0.280	0.272	0.274	0.271	0.273	0.272	0.273	0.273	0.276
0:00:00																																																																																																	

Results
	1	2	3	4	5	6	7	8	9	10	11	12
A	0.137	0.137	0.143	0.131	0.134	0.130	0.129	0.128	0.130	0.129	0.132	0.139	Max V [600]
	0.998	0.996	0.998	0.999	0.996	0.997	0.998	0.997	0.999	0.996	0.997	0.997	R-Squared [600]
	9:00:38	9:00:38	9:00:38	9:00:38	9:00:38	9:00:38	10:00:38	9:00:38	9:00:38	9:00:38	9:00:38	9:00:38	t at Max V [600]
	3:56:54	4:20:07	4:34:14	4:24:22	4:30:03	4:24:23	4:29:07	4:26:47	4:25:55	4:51:18	4:33:51	4:26:36	Lagtime [600]
B	0.135	0.129	0.132	0.128	0.132	0.127	0.124	0.128	0.127	0.128	0.127	0.137	Max V [600]
	0.998	0.999	1.000	0.998	0.997	0.996	0.997	0.998	0.999	0.999	0.999	0.997	R-Squared [600]
	9:00:38	10:00:38	10:00:38	10:00:38	10:00:38	10:00:38	10:00:38	10:00:38	10:00:38	10:00:38	10:00:38	9:00:38	t at Max V [600]
	4:25:37	4:46:57	4:47:54	5:09:13	5:08:41	5:17:24	4:56:53	4:56:14	4:52:02	4:56:10	4:43:19	4:32:04	Lagtime [600]
C	0.130	0.143	0.130	0.128	0.124	0.127	0.127	0.128	0.130	0.131	0.130	0.129	Max V [600]
	0.999	0.995	0.994	0.995	0.997	0.996	0.997	0.997	0.997	0.997	0.998	0.998	R-Squared [600]
	10:00:38	10:00:38	10:00:38	10:00:38	11:00:39	10:00:38	10:00:38	10:00:38	10:00:38	10:00:38	10:00:38	10:00:38	t at Max V [600]
	4:35:38	4:48:56	5:04:00	5:28:29	5:30:20	5:13:46	5:17:56	5:26:50	5:15:15	5:08:00	4:50:14	4:33:14	Lagtime [600]
D	0.135	0.126	0.127	0.125	0.127	0.127	0.123	0.122	0.128	0.126	0.131	0.130	Max V [600]
	0.999	0.995	0.997	0.999	0.999	0.999	0.999	0.999	0.998	0.996	0.997	0.999	R-Squared [600]
	10:00:38	10:00:38	11:00:39	11:00:39	11:00:39	11:00:39	11:00:39	11:00:39	10:00:38	10:00:38	10:00:38	10:00:38	t at Max V [600]
	4:47:37	5:23:02	5:16:46	5:31:51	5:29:57	5:25:24	5:19:51	5:23:01	5:13:31	5:16:19	5:19:20	4:40:45	Lagtime [600]
E	0.129	0.132	0.133	0.127	0.132	0.125	0.140	0.144	0.123	0.130	0.110	0.111	Max V [600]
	0.999	0.994	0.993	0.998	0.997	0.999	0.996	0.997	0.998	0.997	0.996	0.999	R-Squared [600]
	10:00:38	10:00:38	10:00:38	11:00:39	10:00:38	11:00:39	10:00:38	10:00:38	11:00:39	10:00:38	10:00:38	10:00:38	t at Max V [600]
	4:38:29	5:03:47	5:08:48	5:16:22	5:09:17	5:19:57	5:26:59	5:31:03	5:15:50	5:10:40	4:47:00	4:29:06	Lagtime [600]
F	0.134	0.135	0.134	0.127	0.126	0.129	0.126	0.130	0.128	0.133	0.133	0.135	Max V [600]
	0.999	0.996	0.995	0.996	0.998	0.996	0.999	0.995	0.997	0.998	0.999	0.998	R-Squared [600]
	10:00:38	10:00:38	10:00:38	11:00:39	11:00:39	10:00:38	11:00:39	10:00:38	10:00:38	10:00:38	10:00:38	9:00:38	t at Max V [600]
	4:40:33	4:56:35	5:13:08	5:16:19	5:25:38	5:27:04	5:20:51	5:21:53	5:18:19	5:15:23	4:58:43	4:35:04	Lagtime [600]
G	0.138	0.138	0.123	0.133	0.132	0.135	0.136	0.139	0.138	0.135	0.140	0.140	Max V [600]
	0.999	0.998	0.996	0.998	0.996	0.995	0.997	0.996	0.997	0.998	0.997	0.997	R-Squared [600]
	10:00:38	10:00:38	10:00:38	10:00:38	10:00:38	10:00:38	10:00:38	10:00:38	10:00:38	10:00:38	9:00:38	9:00:38	t at Max V [600]
	4:49:45	5:05:57	5:20:17	5:02:15	5:18:20	5:14:00	5:16:53	5:24:59	5:18:34	5:09:29	4:59:53	4:43:31	Lagtime [600]
H	0.138	0.145	0.139	0.140	0.139	0.140	0.141	0.137	0.137	0.136	0.142	0.139	Max V [600]
	0.996	0.990	0.999	0.999	0.998	0.998	0.998	0.998	0.996	0.998	0.996	0.996	R-Squared [600]
	9:00:38	8:00:37	10:00:38	10:00:38	10:00:38	10:00:38	10:00:38	10:00:38	9:00:38	9:00:38	9:00:38	9:00:38	t at Max V [600]
	4:21:37	4:43:05	4:49:36	5:00:19	4:47:11	4:53:01	4:58:11	4:41:58	4:33:41	4:44:06	4:42:42	4:27:54	Lagtime [600]


