
Software Version	3.11.19



Experiment File Path:	C:\Users\patil-group\Desktop\Sweeteners_stacker\NT5007_07_24_76_Rep1.xpt
Protocol File Path:	C:\Users\Public\Documents\Protocols\Screening-protocol.prt



Plate Number	Plate 16
Date	12/12/2021
Time	15:23:57
Reader Type:	Epoch 2
Reader Serial Number:	2103223
Reading Type	Reader

Procedure Details

Plate Type	96 WELL PLATE
Discontinuous Kinetics	Runtime 1:00:00 (D:HH:MM), Interval 0:01:00, 25 Reads
	Pause after each run
Eject plate on completion	
Shake	Linear: 0:00:30 (HH:MM:SS)
	Frequency: 567 cpm (3 mm)
Read	Absorbance Endpoint
	Full Plate
	Wavelengths:  600
	Read Speed: Normal,  Delay: 100 msec,  Measurements/Data Point: 8

600

Time	T° 600	A1	A2	A3	A4	A5	A6	A7	A8	A9	A10	A11	A12	B1	B2	B3	B4	B5	B6	B7	B8	B9	B10	B11	B12	C1	C2	C3	C4	C5	C6	C7	C8	C9	C10	C11	C12	D1	D2	D3	D4	D5	D6	D7	D8	D9	D10	D11	D12	E1	E2	E3	E4	E5	E6	E7	E8	E9	E10	E11	E12	F1	F2	F3	F4	F5	F6	F7	F8	F9	F10	F11	F12	G1	G2	G3	G4	G5	G6	G7	G8	G9	G10	G11	G12	H1	H2	H3	H4	H5	H6	H7	H8	H9	H10	H11	H12
0:00:34	34.2	0.177	0.173	0.182	0.178	0.189	0.178	0.175	0.178	0.181	0.181	0.175	0.175	0.180	0.177	0.176	0.176	0.175	0.175	0.182	0.177	0.184	0.176	0.181	0.181	0.182	0.177	0.177	0.178	0.177	0.177	0.175	0.179	0.183	0.182	0.176	0.186	0.185	0.178	0.180	0.213	0.187	0.176	0.177	0.176	0.179	0.178	0.176	0.175	0.185	0.181	0.183	0.178	0.180	0.176	0.177	0.179	0.179	0.179	0.186	0.186	0.182	0.180	0.176	0.181	0.185	0.177	0.175	0.180	0.178	0.180	0.175	0.186	0.175	0.204	0.177	0.182	0.178	0.180	0.182	0.177	0.180	0.184	0.179	0.178	0.184	0.179	0.186	0.176	0.178	0.176	0.180	0.179	0.178	0.179	0.176	0.180
1:00:34	34.4	0.178	0.174	0.183	0.180	0.189	0.179	0.177	0.179	0.182	0.182	0.176	0.176	0.181	0.178	0.178	0.177	0.176	0.177	0.183	0.179	0.185	0.177	0.183	0.182	0.183	0.178	0.179	0.181	0.179	0.178	0.178	0.181	0.185	0.183	0.178	0.187	0.187	0.179	0.181	0.211	0.187	0.177	0.179	0.177	0.181	0.180	0.178	0.177	0.187	0.182	0.184	0.180	0.181	0.178	0.178	0.180	0.181	0.181	0.186	0.187	0.183	0.181	0.178	0.182	0.186	0.179	0.177	0.181	0.179	0.181	0.177	0.188	0.177	0.204	0.178	0.184	0.180	0.181	0.184	0.179	0.182	0.185	0.180	0.180	0.186	0.181	0.184	0.178	0.179	0.177	0.181	0.180	0.180	0.181	0.178	0.182
2:00:35	34.4	0.180	0.176	0.185	0.181	0.190	0.180	0.178	0.181	0.184	0.184	0.178	0.178	0.183	0.180	0.179	0.179	0.177	0.178	0.184	0.180	0.186	0.179	0.184	0.183	0.184	0.180	0.180	0.181	0.180	0.180	0.178	0.182	0.186	0.185	0.179	0.188	0.188	0.180	0.183	0.211	0.188	0.179	0.180	0.178	0.182	0.181	0.179	0.179	0.187	0.183	0.186	0.181	0.182	0.179	0.180	0.182	0.182	0.182	0.187	0.188	0.184	0.182	0.180	0.183	0.187	0.180	0.178	0.183	0.181	0.183	0.179	0.188	0.178	0.204	0.180	0.185	0.181	0.183	0.185	0.180	0.183	0.187	0.181	0.181	0.188	0.183	0.186	0.180	0.181	0.180	0.183	0.181	0.181	0.182	0.179	0.183
3:00:35	34.5	0.182	0.178	0.186	0.183	0.192	0.182	0.179	0.182	0.185	0.185	0.180	0.180	0.184	0.181	0.181	0.181	0.179	0.179	0.186	0.181	0.188	0.180	0.185	0.185	0.186	0.181	0.182	0.182	0.181	0.181	0.181	0.183	0.188	0.186	0.180	0.190	0.189	0.182	0.184	0.212	0.189	0.180	0.181	0.180	0.184	0.182	0.181	0.180	0.187	0.185	0.187	0.182	0.183	0.180	0.181	0.183	0.184	0.183	0.188	0.190	0.186	0.184	0.181	0.185	0.188	0.182	0.179	0.183	0.182	0.184	0.180	0.189	0.180	0.205	0.181	0.186	0.182	0.184	0.186	0.182	0.184	0.188	0.183	0.183	0.190	0.185	0.189	0.182	0.184	0.182	0.184	0.183	0.183	0.185	0.181	0.185
4:00:35	34.4	0.184	0.180	0.188	0.185	0.194	0.184	0.182	0.185	0.188	0.188	0.182	0.183	0.187	0.183	0.183	0.183	0.180	0.181	0.188	0.184	0.189	0.182	0.187	0.188	0.188	0.183	0.183	0.185	0.183	0.182	0.181	0.185	0.189	0.188	0.183	0.192	0.191	0.184	0.186	0.213	0.191	0.182	0.182	0.181	0.186	0.184	0.183	0.182	0.189	0.187	0.189	0.184	0.185	0.182	0.183	0.185	0.185	0.185	0.190	0.192	0.188	0.186	0.184	0.187	0.190	0.184	0.182	0.185	0.184	0.186	0.182	0.191	0.182	0.207	0.183	0.189	0.184	0.186	0.188	0.183	0.186	0.191	0.186	0.186	0.193	0.188	0.191	0.185	0.186	0.185	0.186	0.185	0.185	0.187	0.183	0.188
5:00:36	34.4	0.187	0.183	0.191	0.187	0.196	0.186	0.185	0.187	0.190	0.191	0.185	0.185	0.190	0.186	0.185	0.185	0.183	0.183	0.190	0.186	0.194	0.184	0.189	0.190	0.191	0.186	0.185	0.187	0.185	0.182	0.183	0.188	0.192	0.191	0.185	0.194	0.194	0.186	0.188	0.216	0.192	0.183	0.185	0.184	0.188	0.186	0.185	0.185	0.192	0.189	0.191	0.186	0.187	0.184	0.185	0.187	0.188	0.189	0.192	0.194	0.191	0.189	0.186	0.189	0.192	0.186	0.183	0.187	0.186	0.188	0.185	0.193	0.185	0.209	0.186	0.191	0.186	0.188	0.190	0.185	0.188	0.192	0.188	0.187	0.197	0.191	0.195	0.188	0.190	0.189	0.189	0.187	0.189	0.190	0.186	0.191
6:00:36	34.4	0.190	0.186	0.193	0.190	0.199	0.190	0.188	0.191	0.193	0.194	0.188	0.188	0.193	0.189	0.188	0.188	0.185	0.185	0.192	0.188	0.194	0.188	0.192	0.193	0.193	0.189	0.188	0.189	0.187	0.182	0.185	0.190	0.194	0.193	0.187	0.196	0.197	0.189	0.190	0.214	0.195	0.185	0.187	0.186	0.190	0.189	0.188	0.188	0.195	0.192	0.193	0.189	0.190	0.186	0.187	0.190	0.191	0.190	0.194	0.196	0.194	0.191	0.189	0.192	0.194	0.188	0.187	0.190	0.190	0.190	0.188	0.196	0.188	0.211	0.188	0.193	0.189	0.191	0.193	0.188	0.191	0.195	0.190	0.190	0.200	0.194	0.197	0.191	0.192	0.192	0.192	0.190	0.191	0.192	0.189	0.193
7:00:36	34.5	0.193	0.188	0.196	0.193	0.200	0.192	0.190	0.192	0.195	0.196	0.190	0.191	0.198	0.191	0.190	0.190	0.187	0.188	0.194	0.190	0.195	0.189	0.193	0.195	0.195	0.190	0.190	0.191	0.190	0.186	0.187	0.192	0.196	0.195	0.189	0.198	0.198	0.191	0.193	0.214	0.197	0.188	0.190	0.188	0.193	0.191	0.190	0.190	0.197	0.193	0.195	0.191	0.192	0.189	0.190	0.192	0.192	0.191	0.196	0.198	0.196	0.193	0.191	0.194	0.196	0.190	0.188	0.192	0.191	0.192	0.189	0.198	0.190	0.212	0.190	0.195	0.190	0.192	0.195	0.190	0.192	0.196	0.192	0.192	0.207	0.200	0.204	0.197	0.199	0.198	0.193	0.192	0.192	0.194	0.191	0.196
8:00:37	34.5	0.201	0.194	0.199	0.197	0.206	0.197	0.195	0.198	0.201	0.202	0.196	0.199	0.208	0.197	0.195	0.194	0.192	0.190	0.198	0.195	0.200	0.194	0.199	0.202	0.201	0.195	0.193	0.195	0.192	0.194	0.189	0.196	0.200	0.199	0.195	0.205	0.204	0.195	0.195	0.207	0.198	0.190	0.192	0.191	0.197	0.194	0.195	0.196	0.203	0.198	0.198	0.194	0.195	0.191	0.192	0.195	0.197	0.197	0.200	0.203	0.202	0.198	0.195	0.198	0.200	0.193	0.191	0.196	0.195	0.197	0.195	0.205	0.196	0.217	0.194	0.199	0.195	0.197	0.199	0.195	0.198	0.201	0.198	0.198	0.214	0.207	0.211	0.204	0.206	0.205	0.199	0.199	0.199	0.201	0.199	0.204
9:00:37	34.4	0.208	0.202	0.206	0.204	0.212	0.204	0.202	0.204	0.207	0.209	0.203	0.206	0.215	0.204	0.202	0.201	0.198	0.197	0.205	0.202	0.207	0.201	0.206	0.209	0.208	0.202	0.200	0.202	0.199	0.205	0.194	0.203	0.207	0.205	0.202	0.211	0.211	0.202	0.202	0.217	0.205	0.197	0.198	0.198	0.203	0.201	0.201	0.203	0.210	0.205	0.205	0.200	0.202	0.198	0.199	0.202	0.203	0.205	0.205	0.209	0.209	0.205	0.202	0.205	0.207	0.200	0.198	0.202	0.202	0.204	0.202	0.212	0.203	0.224	0.201	0.205	0.201	0.203	0.206	0.201	0.204	0.209	0.204	0.205	0.222	0.215	0.218	0.212	0.213	0.212	0.206	0.206	0.206	0.208	0.206	0.212
10:00:38	34.4	0.217	0.209	0.214	0.212	0.220	0.212	0.210	0.212	0.215	0.217	0.211	0.214	0.223	0.211	0.209	0.208	0.205	0.203	0.212	0.209	0.214	0.208	0.214	0.216	0.216	0.210	0.207	0.209	0.205	0.218	0.201	0.214	0.214	0.213	0.209	0.219	0.219	0.210	0.209	0.223	0.212	0.202	0.204	0.204	0.210	0.208	0.209	0.211	0.218	0.213	0.212	0.207	0.209	0.205	0.206	0.209	0.210	0.209	0.210	0.215	0.217	0.212	0.209	0.211	0.214	0.207	0.205	0.208	0.209	0.211	0.209	0.220	0.211	0.231	0.209	0.213	0.208	0.210	0.213	0.208	0.211	0.215	0.212	0.213	0.232	0.224	0.227	0.220	0.222	0.221	0.214	0.214	0.214	0.216	0.215	0.221
11:00:38	34.4	0.227	0.219	0.223	0.221	0.229	0.221	0.219	0.221	0.224	0.225	0.220	0.223	0.233	0.221	0.218	0.217	0.214	0.211	0.220	0.217	0.222	0.217	0.223	0.226	0.225	0.219	0.215	0.217	0.212	0.227	0.208	0.218	0.222	0.221	0.219	0.229	0.228	0.218	0.217	0.234	0.219	0.209	0.211	0.212	0.219	0.216	0.217	0.220	0.227	0.221	0.220	0.215	0.217	0.213	0.215	0.218	0.219	0.218	0.217	0.222	0.226	0.221	0.218	0.219	0.222	0.215	0.213	0.217	0.217	0.220	0.218	0.229	0.220	0.240	0.217	0.221	0.217	0.219	0.221	0.217	0.220	0.224	0.221	0.222	0.241	0.234	0.236	0.230	0.231	0.230	0.224	0.224	0.224	0.226	0.224	0.230
12:00:38	34.4	0.235	0.229	0.233	0.230	0.238	0.231	0.228	0.231	0.233	0.235	0.231	0.232	0.243	0.232	0.228	0.228	0.223	0.221	0.229	0.228	0.232	0.227	0.233	0.235	0.235	0.229	0.224	0.227	0.221	0.231	0.216	0.227	0.231	0.231	0.229	0.238	0.239	0.227	0.226	0.252	0.228	0.217	0.219	0.221	0.227	0.224	0.228	0.230	0.237	0.231	0.229	0.225	0.227	0.222	0.225	0.229	0.227	0.226	0.225	0.234	0.237	0.232	0.226	0.228	0.230	0.224	0.222	0.225	0.227	0.230	0.229	0.238	0.230	0.250	0.227	0.230	0.227	0.229	0.231	0.228	0.230	0.235	0.231	0.231	0.244	0.239	0.242	0.236	0.237	0.236	0.234	0.234	0.234	0.236	0.234	0.237
13:00:38	34.4	0.237	0.233	0.236	0.232	0.241	0.236	0.232	0.234	0.236	0.239	0.234	0.235	0.246	0.235	0.234	0.233	0.230	0.229	0.236	0.233	0.237	0.232	0.236	0.239	0.240	0.234	0.234	0.235	0.232	0.233	0.226	0.235	0.238	0.236	0.232	0.241	0.242	0.235	0.236	0.263	0.238	0.227	0.228	0.230	0.235	0.233	0.233	0.234	0.240	0.237	0.239	0.235	0.235	0.231	0.231	0.234	0.235	0.235	0.234	0.238	0.240	0.236	0.235	0.237	0.239	0.234	0.231	0.235	0.233	0.235	0.233	0.241	0.234	0.254	0.233	0.238	0.233	0.235	0.236	0.233	0.235	0.239	0.234	0.234	0.248	0.242	0.246	0.240	0.241	0.240	0.239	0.237	0.238	0.239	0.236	0.239
14:00:39	34.4	0.238	0.234	0.238	0.233	0.242	0.236	0.233	0.236	0.238	0.240	0.235	0.236	0.246	0.237	0.236	0.235	0.232	0.232	0.238	0.234	0.238	0.234	0.238	0.240	0.241	0.236	0.236	0.237	0.234	0.234	0.229	0.237	0.240	0.238	0.234	0.242	0.244	0.237	0.239	0.263	0.240	0.231	0.231	0.232	0.237	0.236	0.235	0.235	0.241	0.239	0.241	0.237	0.237	0.234	0.233	0.236	0.238	0.237	0.237	0.240	0.241	0.239	0.237	0.239	0.241	0.236	0.234	0.237	0.235	0.238	0.234	0.242	0.236	0.255	0.235	0.241	0.235	0.237	0.239	0.235	0.237	0.241	0.236	0.236	0.252	0.246	0.250	0.244	0.246	0.244	0.241	0.239	0.239	0.241	0.238	0.241
15:00:40	34.4	0.240	0.236	0.240	0.234	0.244	0.238	0.235	0.238	0.239	0.242	0.237	0.238	0.248	0.239	0.238	0.237	0.234	0.233	0.240	0.237	0.243	0.236	0.239	0.242	0.242	0.238	0.238	0.239	0.235	0.236	0.231	0.239	0.242	0.240	0.236	0.243	0.245	0.239	0.241	0.261	0.242	0.232	0.232	0.234	0.239	0.238	0.237	0.237	0.243	0.241	0.243	0.239	0.239	0.235	0.235	0.237	0.240	0.239	0.238	0.241	0.243	0.241	0.239	0.241	0.243	0.238	0.236	0.239	0.237	0.239	0.236	0.243	0.238	0.256	0.237	0.243	0.237	0.239	0.240	0.237	0.239	0.243	0.238	0.237	0.257	0.250	0.254	0.249	0.251	0.249	0.243	0.240	0.241	0.242	0.240	0.242
16:00:40	34.4	0.241	0.237	0.240	0.235	0.245	0.239	0.236	0.239	0.241	0.243	0.239	0.239	0.250	0.241	0.240	0.239	0.236	0.234	0.241	0.239	0.243	0.238	0.241	0.244	0.244	0.240	0.240	0.241	0.236	0.238	0.232	0.241	0.244	0.242	0.239	0.245	0.247	0.241	0.243	0.256	0.243	0.233	0.233	0.236	0.241	0.240	0.239	0.239	0.244	0.243	0.245	0.241	0.241	0.238	0.236	0.239	0.242	0.242	0.240	0.243	0.244	0.243	0.241	0.243	0.244	0.240	0.237	0.241	0.240	0.241	0.238	0.245	0.239	0.258	0.239	0.245	0.239	0.241	0.242	0.239	0.241	0.245	0.239	0.239	0.262	0.255	0.259	0.254	0.255	0.253	0.244	0.242	0.243	0.244	0.241	0.244
17:00:41	34.4	0.243	0.239	0.243	0.237	0.247	0.241	0.238	0.241	0.242	0.245	0.241	0.241	0.251	0.243	0.242	0.241	0.239	0.235	0.243	0.241	0.244	0.240	0.243	0.245	0.246	0.242	0.241	0.244	0.238	0.240	0.233	0.243	0.246	0.244	0.241	0.247	0.249	0.243	0.245	0.256	0.245	0.234	0.234	0.238	0.243	0.242	0.241	0.241	0.246	0.245	0.247	0.243	0.243	0.239	0.238	0.241	0.244	0.244	0.242	0.244	0.246	0.245	0.243	0.245	0.247	0.242	0.239	0.243	0.242	0.243	0.240	0.246	0.241	0.260	0.241	0.247	0.241	0.243	0.244	0.241	0.243	0.247	0.241	0.240	0.266	0.259	0.263	0.258	0.260	0.258	0.246	0.244	0.245	0.246	0.243	0.246
18:00:41	34.4	0.244	0.240	0.244	0.238	0.249	0.242	0.240	0.243	0.244	0.247	0.242	0.243	0.253	0.245	0.244	0.243	0.241	0.236	0.245	0.243	0.246	0.242	0.245	0.247	0.248	0.244	0.244	0.246	0.241	0.242	0.234	0.245	0.248	0.246	0.243	0.248	0.250	0.245	0.247	0.253	0.246	0.236	0.235	0.240	0.248	0.244	0.243	0.243	0.248	0.247	0.249	0.244	0.245	0.241	0.240	0.243	0.246	0.246	0.243	0.245	0.248	0.247	0.245	0.247	0.249	0.244	0.241	0.245	0.244	0.245	0.242	0.248	0.243	0.262	0.243	0.249	0.243	0.245	0.246	0.243	0.245	0.249	0.243	0.242	0.271	0.263	0.268	0.262	0.264	0.262	0.248	0.246	0.247	0.248	0.245	0.248
19:00:42	34.4	0.245	0.242	0.246	0.240	0.250	0.244	0.242	0.245	0.246	0.249	0.244	0.244	0.254	0.247	0.246	0.245	0.243	0.237	0.247	0.245	0.248	0.244	0.247	0.249	0.250	0.247	0.245	0.248	0.242	0.244	0.235	0.247	0.250	0.248	0.245	0.250	0.252	0.247	0.249	0.256	0.248	0.237	0.237	0.242	0.247	0.246	0.246	0.244	0.250	0.249	0.252	0.246	0.248	0.243	0.241	0.245	0.248	0.248	0.245	0.247	0.250	0.248	0.247	0.249	0.251	0.245	0.243	0.247	0.246	0.247	0.243	0.250	0.245	0.263	0.245	0.251	0.245	0.247	0.248	0.245	0.247	0.251	0.245	0.243	0.274	0.267	0.272	0.266	0.268	0.266	0.249	0.248	0.249	0.250	0.247	0.249
20:00:42	34.5	0.247	0.243	0.247	0.242	0.251	0.245	0.242	0.246	0.247	0.249	0.245	0.246	0.256	0.249	0.247	0.247	0.244	0.238	0.249	0.246	0.249	0.245	0.249	0.250	0.252	0.248	0.247	0.249	0.244	0.245	0.235	0.250	0.252	0.250	0.246	0.252	0.254	0.249	0.250	0.255	0.250	0.238	0.238	0.243	0.249	0.248	0.247	0.246	0.252	0.251	0.252	0.247	0.249	0.245	0.243	0.247	0.249	0.249	0.247	0.248	0.251	0.250	0.249	0.250	0.252	0.247	0.245	0.249	0.247	0.249	0.245	0.252	0.247	0.265	0.247	0.252	0.247	0.248	0.250	0.247	0.249	0.252	0.246	0.244	0.277	0.270	0.275	0.269	0.271	0.269	0.251	0.250	0.251	0.251	0.249	0.251
21:00:43	34.6	0.248	0.244	0.248	0.243	0.252	0.246	0.244	0.247	0.248	0.251	0.247	0.247	0.257	0.250	0.249	0.248	0.246	0.240	0.250	0.248	0.250	0.247	0.250	0.251	0.253	0.250	0.248	0.251	0.246	0.249	0.236	0.251	0.254	0.252	0.248	0.253	0.256	0.250	0.252	0.255	0.252	0.240	0.239	0.245	0.251	0.250	0.249	0.247	0.253	0.253	0.254	0.249	0.251	0.247	0.245	0.248	0.252	0.251	0.249	0.250	0.253	0.252	0.251	0.252	0.254	0.249	0.247	0.250	0.249	0.250	0.246	0.253	0.248	0.266	0.249	0.254	0.248	0.250	0.251	0.248	0.251	0.254	0.247	0.246	0.280	0.273	0.278	0.272	0.273	0.271	0.253	0.251	0.252	0.253	0.250	0.252
22:00:43	34.6	0.248	0.246	0.250	0.245	0.254	0.247	0.245	0.249	0.249	0.252	0.247	0.248	0.259	0.251	0.250	0.250	0.247	0.241	0.251	0.249	0.251	0.248	0.252	0.252	0.254	0.252	0.250	0.253	0.247	0.253	0.237	0.252	0.255	0.253	0.249	0.254	0.257	0.251	0.254	0.259	0.253	0.241	0.241	0.247	0.253	0.251	0.251	0.248	0.255	0.254	0.256	0.251	0.253	0.248	0.246	0.250	0.253	0.253	0.250	0.251	0.254	0.253	0.253	0.254	0.256	0.251	0.248	0.252	0.250	0.251	0.248	0.255	0.249	0.267	0.250	0.255	0.250	0.252	0.253	0.250	0.252	0.255	0.249	0.247	0.281	0.275	0.280	0.274	0.276	0.273	0.254	0.253	0.254	0.254	0.251	0.253
23:00:45	34.5	0.249	0.246	0.251	0.246	0.254	0.247	0.246	0.249	0.250	0.253	0.248	0.249	0.259	0.252	0.251	0.251	0.248	0.241	0.252	0.250	0.252	0.250	0.253	0.253	0.255	0.253	0.251	0.254	0.248	0.253	0.239	0.254	0.256	0.254	0.251	0.254	0.258	0.252	0.255	0.257	0.254	0.242	0.242	0.248	0.254	0.252	0.252	0.250	0.255	0.255	0.258	0.253	0.254	0.249	0.248	0.251	0.254	0.254	0.251	0.252	0.255	0.254	0.254	0.255	0.257	0.251	0.249	0.253	0.252	0.252	0.249	0.256	0.250	0.268	0.251	0.257	0.251	0.253	0.254	0.251	0.253	0.256	0.249	0.248	0.283	0.276	0.281	0.276	0.277	0.275	0.255	0.254	0.254	0.255	0.252	0.254
0:00:00																																																																																																	

Results
	1	2	3	4	5	6	7	8	9	10	11	12
A	0.144	0.147	0.143	0.138	0.136	0.138	0.138	0.138	0.136	0.139	0.143	0.140	Max V [600]
	0.999	0.995	0.997	0.998	0.991	0.994	0.997	0.994	0.996	0.997	0.995	0.998	R-Squared [600]
	10:00:38	10:00:38	10:00:38	10:00:38	10:00:38	10:00:38	10:00:38	10:00:38	10:00:38	10:00:38	10:00:38	10:00:38	t at Max V [600]
	5:22:24	5:44:04	6:05:38	5:51:22	6:05:01	5:46:06	5:41:04	5:47:28	5:39:35	5:35:25	5:38:27	5:11:53	Lagtime [600]
B	0.145	0.145	0.137	0.140	0.137	0.137	0.135	0.138	0.134	0.138	0.140	0.141	Max V [600]
	0.991	0.993	0.994	0.993	0.997	0.992	0.998	0.991	0.992	0.992	0.994	0.996	R-Squared [600]
	10:00:38	10:00:38	11:00:38	10:00:38	11:00:38	11:00:38	11:00:38	10:00:38	10:00:38	10:00:38	10:00:38	10:00:38	t at Max V [600]
	4:53:27	5:52:35	5:58:13	6:01:54	6:14:05	6:31:49	6:14:52	6:01:54	6:08:05	5:57:07	6:02:36	5:39:44	Lagtime [600]
C	0.143	0.142	0.144	0.139	0.135	0.176	0.130	0.130	0.132	0.131	0.143	0.140	Max V [600]
	0.992	0.994	0.994	0.998	0.986	0.992	0.993	0.986	0.998	0.994	0.992	0.995	R-Squared [600]
	10:00:38	10:00:38	11:00:38	11:00:38	11:00:38	9:00:37	11:00:38	11:00:38	11:00:38	11:00:38	10:00:38	10:00:38	t at Max V [600]
	5:57:07	6:01:02	6:30:16	6:17:04	6:27:31	6:14:12	6:40:28	5:50:54	6:05:54	6:06:56	5:58:30	5:55:03	Lagtime [600]
D	0.144	0.142	0.143	0.202	0.137	0.127	0.124	0.134	0.133	0.135	0.138	0.142	Max V [600]
	0.992	0.999	0.994	0.974	0.995	0.985	0.992	0.994	0.999	0.998	0.991	0.994	R-Squared [600]
	10:00:38	11:00:38	11:00:38	11:00:38	11:00:38	12:00:39	11:00:38	11:00:38	11:00:38	11:00:38	10:00:38	10:00:38	t at Max V [600]
	5:52:32	6:16:15	6:32:47	8:57:03	6:56:05	6:35:59	6:17:29	6:25:36	6:03:29	6:16:25	5:52:20	5:43:04	Lagtime [600]
E	0.140	0.136	0.142	0.145	0.141	0.139	0.135	0.140	0.135	0.127	0.120	0.128	Max V [600]
	0.994	0.997	0.993	0.994	0.997	0.997	0.995	0.993	0.999	0.991	0.991	0.986	R-Squared [600]
	10:00:38	11:00:38	11:00:38	11:00:38	11:00:38	11:00:38	11:00:38	10:00:38	11:00:38	11:00:38	11:00:38	11:00:38	t at Max V [600]
	5:56:37	6:07:34	6:37:21	6:36:17	6:29:12	6:32:31	6:20:28	6:13:13	6:09:24	5:51:17	6:30:02	6:03:54	Lagtime [600]
F	0.144	0.139	0.138	0.135	0.133	0.143	0.140	0.138	0.133	0.134	0.140	0.138	Max V [600]
	0.992	0.993	0.999	0.996	0.999	0.995	0.998	0.995	0.997	0.994	0.991	0.995	R-Squared [600]
	10:00:38	10:00:38	11:00:38	11:00:38	11:00:38	11:00:38	11:00:38	11:00:38	11:00:38	11:00:38	10:00:38	10:00:38	t at Max V [600]
	5:49:30	6:01:02	6:00:02	6:09:39	6:19:13	6:29:53	6:21:14	6:28:22	6:02:57	6:01:40	5:51:20	5:47:32	Lagtime [600]
G	0.141	0.137	0.137	0.139	0.137	0.135	0.133	0.137	0.136	0.140	0.139	0.138	Max V [600]
	0.996	0.991	0.997	0.998	0.994	0.995	0.994	0.992	0.992	0.989	0.994	0.997	R-Squared [600]
	10:00:38	10:00:38	11:00:38	11:00:38	11:00:38	11:00:38	11:00:38	11:00:38	11:00:38	10:00:38	10:00:38	10:00:38	t at Max V [600]
	5:40:56	6:31:14	6:08:39	6:20:34	6:14:59	6:11:22	6:04:27	6:04:38	6:07:05	6:05:02	5:52:33	5:35:28	Lagtime [600]
H	0.143	0.138	0.137	0.137	0.134	0.134	0.146	0.146	0.145	0.146	0.147	0.140	Max V [600]
	0.998	0.995	0.997	0.998	0.998	0.997	0.993	0.995	0.993	0.995	0.997	0.999	R-Squared [600]
	9:00:37	9:00:37	9:00:37	10:00:38	9:00:37	10:00:38	10:00:38	10:00:38	10:00:38	10:00:38	10:00:38	10:00:38	t at Max V [600]
	4:26:38	4:30:50	5:00:18	4:36:33	4:27:06	4:23:48	5:55:49	5:50:21	5:43:48	5:39:14	5:33:44	5:11:45	Lagtime [600]


