
Software Version	3.11.19



Experiment File Path:	C:\Users\patil-group\Desktop\Sweeteners_stacker\031221_NT5076_83_24007_Rep3\NT5076_83_24007_Rep3.xpt
Protocol File Path:	C:\Users\Public\Documents\Protocols\Screening-protocol.prt



Plate Number	Plate 5
Date	03/12/2021
Time	12:24:23
Reader Type:	Epoch 2
Reader Serial Number:	2103223
Reading Type	Reader

Procedure Details

Plate Type	96 WELL PLATE
Discontinuous Kinetics	Runtime 1:00:00 (D:HH:MM), Interval 0:01:00, 25 Reads
	Pause after each run
Eject plate on completion	
Shake	Linear: 0:00:30 (HH:MM:SS)
	Frequency: 567 cpm (3 mm)
Read	Absorbance Endpoint
	Full Plate
	Wavelengths:  600
	Read Speed: Normal,  Delay: 100 msec,  Measurements/Data Point: 8

600

Time	T° 600	A1	A2	A3	A4	A5	A6	A7	A8	A9	A10	A11	A12	B1	B2	B3	B4	B5	B6	B7	B8	B9	B10	B11	B12	C1	C2	C3	C4	C5	C6	C7	C8	C9	C10	C11	C12	D1	D2	D3	D4	D5	D6	D7	D8	D9	D10	D11	D12	E1	E2	E3	E4	E5	E6	E7	E8	E9	E10	E11	E12	F1	F2	F3	F4	F5	F6	F7	F8	F9	F10	F11	F12	G1	G2	G3	G4	G5	G6	G7	G8	G9	G10	G11	G12	H1	H2	H3	H4	H5	H6	H7	H8	H9	H10	H11	H12
0:00:34	34.2	0.176	0.172	0.180	0.179	0.191	0.175	0.179	0.176	0.175	0.174	0.190	0.176	0.173	0.173	0.176	0.182	0.174	0.173	0.174	0.177	0.185	0.180	0.181	0.181	0.172	0.175	0.177	0.176	0.180	0.175	0.173	0.183	0.178	0.175	0.178	0.184	0.176	0.178	0.174	0.175	0.176	0.179	0.174	0.172	0.176	0.181	0.176	0.179	0.195	0.177	0.176	0.176	0.176	0.178	0.181	0.175	0.178	0.179	0.175	0.181	0.173	0.172	0.175	0.172	0.181	0.177	0.172	0.175	0.167	0.193	0.177	0.179	0.177	0.172	0.173	0.180	0.184	0.178	0.172	0.180	0.186	0.181	0.186	0.185	0.184	0.186	0.184	0.177	0.177	0.176	0.179	0.179	0.171	0.178	0.178	0.183
1:00:33	34.5	0.176	0.174	0.182	0.180	0.191	0.177	0.179	0.176	0.176	0.175	0.188	0.177	0.174	0.174	0.177	0.183	0.176	0.176	0.175	0.178	0.185	0.180	0.181	0.181	0.174	0.176	0.179	0.178	0.181	0.176	0.172	0.183	0.178	0.175	0.178	0.185	0.176	0.179	0.176	0.176	0.177	0.184	0.175	0.172	0.176	0.180	0.176	0.179	0.194	0.178	0.176	0.177	0.177	0.180	0.181	0.176	0.177	0.179	0.176	0.181	0.174	0.173	0.176	0.173	0.181	0.178	0.172	0.175	0.166	0.192	0.190	0.180	0.178	0.172	0.173	0.180	0.184	0.180	0.172	0.181	0.185	0.184	0.185	0.186	0.185	0.189	0.183	0.176	0.176	0.178	0.180	0.179	0.171	0.178	0.176	0.183
2:00:33	34.6	0.178	0.175	0.183	0.180	0.192	0.177	0.179	0.178	0.177	0.177	0.187	0.179	0.175	0.175	0.177	0.183	0.176	0.176	0.176	0.178	0.186	0.181	0.185	0.182	0.175	0.177	0.180	0.178	0.182	0.177	0.174	0.184	0.179	0.175	0.179	0.185	0.178	0.180	0.176	0.177	0.177	0.185	0.176	0.172	0.177	0.180	0.177	0.180	0.195	0.179	0.177	0.178	0.178	0.181	0.181	0.177	0.178	0.180	0.177	0.182	0.175	0.174	0.176	0.174	0.182	0.179	0.173	0.175	0.167	0.192	0.192	0.181	0.179	0.173	0.175	0.181	0.185	0.181	0.173	0.180	0.185	0.183	0.185	0.186	0.185	0.189	0.184	0.177	0.177	0.178	0.180	0.179	0.170	0.179	0.173	0.183
3:00:34	34.7	0.177	0.175	0.182	0.180	0.192	0.178	0.179	0.178	0.177	0.177	0.186	0.179	0.174	0.175	0.177	0.183	0.176	0.178	0.177	0.178	0.186	0.181	0.182	0.182	0.175	0.177	0.180	0.178	0.181	0.177	0.174	0.184	0.178	0.175	0.179	0.185	0.178	0.181	0.176	0.177	0.177	0.181	0.176	0.172	0.177	0.179	0.177	0.181	0.196	0.180	0.178	0.179	0.179	0.181	0.181	0.177	0.178	0.179	0.176	0.182	0.176	0.173	0.177	0.175	0.182	0.179	0.173	0.175	0.167	0.192	0.194	0.181	0.179	0.174	0.175	0.181	0.185	0.181	0.173	0.180	0.184	0.184	0.184	0.186	0.185	0.188	0.185	0.176	0.176	0.177	0.179	0.178	0.171	0.178	0.172	0.183
4:00:34	34.7	0.178	0.175	0.182	0.181	0.191	0.178	0.178	0.177	0.178	0.178	0.187	0.180	0.174	0.175	0.177	0.183	0.176	0.178	0.176	0.178	0.186	0.181	0.183	0.182	0.175	0.176	0.180	0.177	0.181	0.177	0.174	0.184	0.179	0.175	0.179	0.185	0.178	0.181	0.176	0.177	0.178	0.181	0.177	0.172	0.177	0.179	0.177	0.180	0.196	0.180	0.177	0.179	0.179	0.181	0.181	0.177	0.178	0.179	0.176	0.182	0.176	0.173	0.176	0.175	0.182	0.179	0.173	0.175	0.167	0.191	0.192	0.181	0.179	0.174	0.175	0.184	0.184	0.180	0.173	0.178	0.183	0.187	0.183	0.186	0.184	0.188	0.185	0.176	0.180	0.176	0.178	0.178	0.170	0.178	0.171	0.183
5:00:35	34.7	0.178	0.175	0.182	0.180	0.191	0.178	0.179	0.177	0.178	0.178	0.186	0.180	0.175	0.174	0.177	0.183	0.175	0.177	0.176	0.178	0.187	0.181	0.182	0.183	0.175	0.176	0.180	0.177	0.182	0.177	0.173	0.184	0.178	0.175	0.179	0.185	0.178	0.180	0.177	0.177	0.178	0.180	0.176	0.173	0.177	0.179	0.176	0.181	0.196	0.180	0.177	0.178	0.179	0.181	0.181	0.177	0.178	0.179	0.177	0.182	0.177	0.173	0.177	0.174	0.181	0.179	0.173	0.175	0.167	0.189	0.193	0.181	0.180	0.174	0.174	0.184	0.183	0.180	0.172	0.177	0.182	0.182	0.182	0.187	0.183	0.187	0.184	0.175	0.176	0.176	0.178	0.177	0.170	0.178	0.177	0.184
6:00:36	34.7	0.177	0.174	0.182	0.179	0.190	0.177	0.178	0.177	0.178	0.179	0.186	0.181	0.174	0.174	0.176	0.182	0.175	0.176	0.175	0.177	0.187	0.181	0.182	0.182	0.175	0.176	0.180	0.176	0.181	0.177	0.173	0.184	0.177	0.175	0.179	0.185	0.178	0.179	0.176	0.177	0.177	0.180	0.175	0.172	0.176	0.179	0.176	0.180	0.196	0.180	0.177	0.178	0.179	0.181	0.181	0.178	0.177	0.179	0.177	0.182	0.177	0.173	0.176	0.174	0.181	0.178	0.173	0.175	0.166	0.187	0.191	0.182	0.180	0.173	0.174	0.183	0.183	0.180	0.172	0.176	0.182	0.181	0.181	0.186	0.182	0.185	0.183	0.174	0.175	0.175	0.178	0.177	0.170	0.178	0.175	0.183
7:00:36	34.7	0.177	0.174	0.181	0.179	0.188	0.177	0.178	0.177	0.179	0.180	0.186	0.182	0.173	0.173	0.176	0.182	0.175	0.176	0.176	0.177	0.187	0.181	0.181	0.182	0.174	0.175	0.179	0.175	0.181	0.176	0.173	0.184	0.177	0.174	0.178	0.184	0.177	0.179	0.175	0.176	0.177	0.179	0.175	0.172	0.176	0.178	0.177	0.180	0.195	0.179	0.177	0.177	0.179	0.181	0.181	0.177	0.177	0.178	0.177	0.181	0.176	0.173	0.175	0.174	0.181	0.178	0.172	0.175	0.166	0.187	0.191	0.182	0.179	0.173	0.173	0.182	0.182	0.179	0.172	0.176	0.181	0.180	0.180	0.187	0.182	0.185	0.182	0.174	0.175	0.174	0.178	0.177	0.170	0.178	0.173	0.184
8:00:37	34.6	0.178	0.174	0.181	0.179	0.186	0.177	0.177	0.176	0.178	0.181	0.185	0.183	0.173	0.174	0.176	0.181	0.174	0.175	0.176	0.177	0.186	0.180	0.182	0.183	0.174	0.175	0.178	0.175	0.181	0.176	0.172	0.183	0.176	0.174	0.178	0.184	0.177	0.178	0.175	0.175	0.176	0.179	0.175	0.172	0.176	0.178	0.176	0.180	0.195	0.178	0.176	0.176	0.178	0.180	0.181	0.177	0.177	0.178	0.176	0.181	0.176	0.172	0.175	0.173	0.181	0.178	0.172	0.175	0.166	0.184	0.191	0.182	0.179	0.173	0.173	0.181	0.181	0.179	0.172	0.175	0.181	0.180	0.180	0.187	0.181	0.184	0.180	0.173	0.175	0.174	0.177	0.176	0.169	0.179	0.171	0.182
9:00:37	34.7	0.178	0.174	0.180	0.179	0.186	0.177	0.177	0.177	0.178	0.182	0.185	0.184	0.172	0.173	0.176	0.181	0.174	0.175	0.175	0.177	0.186	0.180	0.181	0.183	0.173	0.174	0.178	0.174	0.180	0.175	0.172	0.183	0.175	0.174	0.178	0.185	0.177	0.178	0.174	0.175	0.176	0.178	0.174	0.172	0.175	0.178	0.176	0.180	0.195	0.178	0.176	0.176	0.178	0.179	0.180	0.176	0.177	0.177	0.176	0.181	0.175	0.172	0.174	0.172	0.180	0.177	0.172	0.174	0.166	0.183	0.191	0.182	0.179	0.173	0.173	0.181	0.181	0.179	0.172	0.175	0.181	0.180	0.180	0.188	0.181	0.184	0.180	0.173	0.174	0.173	0.177	0.176	0.169	0.180	0.171	0.184
10:00:38	34.7	0.177	0.173	0.180	0.180	0.185	0.177	0.178	0.177	0.178	0.185	0.186	0.188	0.173	0.173	0.176	0.181	0.174	0.175	0.175	0.177	0.187	0.180	0.181	0.183	0.173	0.175	0.178	0.175	0.180	0.175	0.172	0.182	0.175	0.173	0.178	0.184	0.177	0.178	0.174	0.175	0.175	0.178	0.173	0.172	0.175	0.177	0.176	0.179	0.195	0.178	0.176	0.176	0.177	0.179	0.180	0.176	0.177	0.178	0.176	0.181	0.175	0.172	0.174	0.172	0.180	0.177	0.172	0.174	0.166	0.182	0.190	0.183	0.179	0.172	0.172	0.180	0.181	0.178	0.171	0.175	0.181	0.178	0.180	0.188	0.181	0.183	0.180	0.172	0.174	0.172	0.177	0.176	0.169	0.181	0.170	0.183
11:00:38	34.7	0.178	0.174	0.180	0.179	0.185	0.177	0.179	0.177	0.178	0.198	0.194	0.202	0.172	0.173	0.176	0.180	0.174	0.174	0.175	0.177	0.187	0.180	0.181	0.184	0.173	0.174	0.177	0.174	0.179	0.174	0.172	0.182	0.175	0.173	0.178	0.183	0.177	0.178	0.173	0.174	0.175	0.177	0.173	0.172	0.175	0.176	0.176	0.180	0.195	0.177	0.175	0.176	0.176	0.178	0.180	0.176	0.176	0.177	0.176	0.181	0.176	0.171	0.173	0.172	0.179	0.177	0.172	0.174	0.165	0.182	0.190	0.182	0.179	0.172	0.172	0.180	0.180	0.178	0.171	0.175	0.181	0.178	0.180	0.188	0.180	0.182	0.180	0.172	0.173	0.172	0.176	0.176	0.169	0.185	0.170	0.183
12:00:39	34.6	0.180	0.174	0.180	0.179	0.184	0.181	0.181	0.179	0.183	0.210	0.208	0.215	0.172	0.173	0.175	0.179	0.174	0.174	0.175	0.177	0.187	0.180	0.181	0.189	0.173	0.173	0.176	0.174	0.180	0.173	0.171	0.182	0.174	0.172	0.178	0.188	0.176	0.177	0.173	0.174	0.175	0.177	0.172	0.172	0.175	0.176	0.176	0.181	0.195	0.177	0.174	0.175	0.176	0.178	0.180	0.176	0.175	0.177	0.176	0.181	0.175	0.170	0.173	0.172	0.179	0.177	0.171	0.174	0.165	0.181	0.189	0.184	0.179	0.171	0.171	0.179	0.180	0.177	0.171	0.175	0.180	0.178	0.179	0.192	0.180	0.182	0.179	0.172	0.173	0.172	0.176	0.175	0.169	0.198	0.169	0.187
13:00:39	34.6	0.189	0.176	0.182	0.184	0.190	0.192	0.189	0.189	0.194	0.232	0.224	0.241	0.172	0.173	0.175	0.180	0.174	0.175	0.175	0.177	0.188	0.180	0.182	0.203	0.173	0.173	0.176	0.174	0.179	0.173	0.171	0.182	0.174	0.172	0.178	0.197	0.177	0.177	0.173	0.174	0.175	0.177	0.173	0.172	0.175	0.175	0.176	0.183	0.195	0.177	0.174	0.176	0.177	0.178	0.179	0.176	0.175	0.177	0.176	0.183	0.177	0.170	0.173	0.171	0.179	0.176	0.171	0.173	0.165	0.181	0.189	0.194	0.189	0.171	0.171	0.179	0.180	0.177	0.171	0.175	0.180	0.178	0.179	0.207	0.180	0.182	0.179	0.171	0.173	0.171	0.177	0.180	0.169	0.210	0.171	0.201
14:00:39	34.6	0.204	0.185	0.190	0.196	0.203	0.204	0.203	0.203	0.206	0.261	0.257	0.267	0.174	0.174	0.174	0.180	0.176	0.179	0.178	0.181	0.194	0.183	0.191	0.213	0.177	0.173	0.176	0.174	0.179	0.173	0.171	0.182	0.173	0.171	0.178	0.209	0.182	0.176	0.173	0.174	0.175	0.177	0.172	0.173	0.175	0.175	0.180	0.193	0.202	0.176	0.173	0.175	0.176	0.178	0.180	0.176	0.175	0.176	0.178	0.191	0.185	0.170	0.173	0.171	0.179	0.176	0.172	0.174	0.165	0.180	0.188	0.207	0.212	0.171	0.171	0.179	0.180	0.177	0.171	0.178	0.180	0.179	0.181	0.217	0.181	0.182	0.180	0.172	0.172	0.172	0.185	0.191	0.171	0.236	0.178	0.212
15:00:39	34.6	0.221	0.198	0.204	0.209	0.215	0.224	0.217	0.223	0.227	0.278	0.276	0.290	0.182	0.182	0.178	0.185	0.185	0.197	0.188	0.192	0.208	0.195	0.204	0.238	0.189	0.173	0.175	0.174	0.180	0.175	0.172	0.182	0.175	0.172	0.182	0.226	0.197	0.179	0.174	0.174	0.176	0.179	0.174	0.177	0.177	0.177	0.189	0.204	0.216	0.178	0.174	0.176	0.177	0.183	0.186	0.179	0.176	0.177	0.185	0.203	0.199	0.174	0.173	0.172	0.180	0.178	0.171	0.176	0.165	0.182	0.193	0.219	0.249	0.176	0.172	0.182	0.192	0.180	0.172	0.190	0.186	0.184	0.191	0.243	0.183	0.182	0.180	0.173	0.174	0.171	0.220	0.202	0.179	0.256	0.190	0.250
16:00:40	34.6	0.257	0.216	0.220	0.233	0.242	0.259	0.248	0.258	0.261	0.294	0.300	0.301	0.196	0.195	0.186	0.197	0.197	0.203	0.200	0.203	0.218	0.205	0.217	0.265	0.200	0.177	0.180	0.178	0.187	0.182	0.176	0.187	0.181	0.176	0.194	0.260	0.207	0.190	0.178	0.179	0.182	0.188	0.180	0.188	0.188	0.186	0.201	0.219	0.229	0.185	0.179	0.182	0.184	0.195	0.199	0.189	0.184	0.185	0.199	0.218	0.274	0.261	0.181	0.179	0.186	0.185	0.174	0.184	0.165	0.190	0.204	0.252	0.254	0.190	0.182	0.200	0.198	0.190	0.177	0.246	0.199	0.200	0.203	0.268	0.193	0.184	0.193	0.183	0.183	0.172	0.253	0.240	0.191	0.277	0.202	0.263
17:00:40	34.6	0.278	0.253	0.257	0.265	0.272	0.279	0.271	0.278	0.279	0.293	0.299	0.298	0.210	0.207	0.198	0.207	0.211	0.226	0.216	0.219	0.242	0.224	0.248	0.287	0.220	0.188	0.191	0.189	0.200	0.196	0.189	0.199	0.195	0.188	0.204	0.275	0.235	0.200	0.191	0.192	0.197	0.202	0.194	0.198	0.199	0.199	0.217	0.253	0.261	0.198	0.193	0.195	0.196	0.218	0.209	0.201	0.197	0.198	0.210	0.248	0.252	0.188	0.192	0.191	0.200	0.198	0.183	0.196	0.170	0.202	0.215	0.271	0.301	0.201	0.190	0.256	0.269	0.202	0.192	0.359	0.209	0.210	0.220	0.286	0.213	0.212	0.196	0.201	0.303	0.180	0.343	0.262	0.205	0.287	0.231	0.282
18:00:41	34.6	0.302	0.273	0.276	0.284	0.292	0.296	0.294	0.297	0.298	0.285	0.295	0.289	0.244	0.241	0.211	0.234	0.245	0.259	0.250	0.254	0.276	0.257	0.269	0.300	0.256	0.199	0.202	0.198	0.210	0.207	0.199	0.209	0.204	0.199	0.221	0.296	0.264	0.219	0.201	0.202	0.205	0.214	0.203	0.214	0.213	0.210	0.251	0.274	0.284	0.216	0.201	0.212	0.233	0.226	0.230	0.216	0.208	0.208	0.238	0.271	0.284	0.202	0.204	0.201	0.209	0.212	0.196	0.209	0.181	0.213	0.232	0.294	0.279	0.225	0.203	0.224	0.232	0.217	0.206	0.278	0.231	0.232	0.261	0.300	0.226	0.206	0.212	0.238	0.384	0.216	0.315	0.296	0.254	0.285	0.247	0.291
19:00:42	34.6	0.302	0.296	0.298	0.301	0.300	0.296	0.299	0.298	0.298	0.279	0.288	0.285	0.265	0.264	0.243	0.265	0.268	0.277	0.272	0.275	0.294	0.276	0.293	0.296	0.274	0.217	0.219	0.223	0.234	0.235	0.217	0.226	0.228	0.216	0.256	0.295	0.286	0.258	0.224	0.223	0.228	0.245	0.226	0.247	0.245	0.238	0.272	0.297	0.308	0.245	0.224	0.231	0.250	0.262	0.262	0.250	0.236	0.233	0.264	0.293	0.298	0.230	0.296	0.251	0.235	0.238	0.209	0.239	0.192	0.240	0.266	0.299	0.300	0.257	0.234	0.280	0.270	0.251	0.226	0.271	0.263	0.264	0.271	0.299	0.262	0.239	0.240	0.240	0.263	0.204	0.331	0.290	0.256	0.279	0.271	0.289
20:00:43	34.6	0.292	0.295	0.300	0.297	0.300	0.287	0.294	0.291	0.291	0.275	0.282	0.278	0.292	0.289	0.268	0.287	0.294	0.297	0.296	0.299	0.310	0.300	0.297	0.287	0.296	0.254	0.257	0.258	0.270	0.267	0.253	0.263	0.262	0.253	0.276	0.286	0.300	0.277	0.262	0.260	0.264	0.272	0.261	0.268	0.269	0.267	0.296	0.301	0.317	0.270	0.260	0.263	0.286	0.282	0.280	0.273	0.265	0.266	0.286	0.297	0.306	0.265	0.265	0.261	0.270	0.278	0.242	0.262	0.207	0.268	0.284	0.292	0.299	0.280	0.260	0.277	0.287	0.270	0.258	0.289	0.280	0.284	0.295	0.290	0.281	0.262	0.266	0.262	0.265	0.313	0.295	0.290	0.279	0.273	0.277	0.281
21:00:43	34.6	0.282	0.290	0.293	0.289	0.292	0.280	0.288	0.282	0.285	0.270	0.278	0.270	0.292	0.293	0.293	0.302	0.296	0.294	0.300	0.300	0.312	0.300	0.293	0.282	0.295	0.273	0.275	0.280	0.287	0.288	0.273	0.283	0.281	0.271	0.300	0.279	0.298	0.301	0.281	0.280	0.282	0.292	0.278	0.290	0.291	0.290	0.300	0.293	0.314	0.293	0.279	0.285	0.293	0.300	0.312	0.296	0.285	0.287	0.300	0.292	0.291	0.285	0.285	0.284	0.288	0.286	0.266	0.282	0.240	0.290	0.310	0.286	0.294	0.286	0.283	0.296	0.298	0.296	0.279	0.289	0.301	0.303	0.295	0.285	0.300	0.281	0.288	0.287	0.285	0.268	0.291	0.285	0.283	0.267	0.273	0.275
22:00:44	34.6	0.277	0.282	0.286	0.284	0.286	0.276	0.282	0.277	0.281	0.265	0.271	0.266	0.288	0.286	0.295	0.296	0.290	0.289	0.290	0.294	0.303	0.293	0.284	0.277	0.285	0.299	0.303	0.296	0.307	0.301	0.296	0.306	0.299	0.297	0.301	0.273	0.290	0.299	0.297	0.298	0.304	0.307	0.299	0.294	0.299	0.302	0.294	0.287	0.307	0.300	0.298	0.300	0.303	0.300	0.305	0.302	0.300	0.303	0.296	0.284	0.284	0.293	0.299	0.295	0.306	0.298	0.290	0.284	0.258	0.301	0.309	0.280	0.287	0.287	0.292	0.298	0.299	0.298	0.297	0.283	0.299	0.299	0.288	0.280	0.296	0.298	0.292	0.289	0.287	0.309	0.283	0.277	0.277	0.263	0.265	0.271
23:00:45	34.6	0.271	0.275	0.281	0.279	0.280	0.270	0.276	0.269	0.276	0.259	0.267	0.260	0.280	0.280	0.289	0.290	0.285	0.284	0.287	0.288	0.296	0.287	0.281	0.273	0.279	0.297	0.305	0.297	0.304	0.297	0.296	0.310	0.299	0.297	0.294	0.268	0.282	0.293	0.299	0.299	0.304	0.302	0.299	0.289	0.295	0.296	0.288	0.281	0.300	0.296	0.298	0.298	0.300	0.293	0.297	0.298	0.298	0.300	0.289	0.280	0.278	0.288	0.296	0.295	0.301	0.300	0.296	0.282	0.282	0.298	0.301	0.277	0.281	0.281	0.291	0.292	0.290	0.293	0.293	0.277	0.293	0.291	0.282	0.274	0.288	0.296	0.292	0.284	0.282	0.283	0.278	0.271	0.270	0.257	0.261	0.265
24:00:45	34.6	0.266	0.269	0.276	0.274	0.275	0.265	0.271	0.265	0.269	0.254	0.262	0.255	0.274	0.273	0.283	0.284	0.280	0.279	0.282	0.285	0.292	0.282	0.277	0.267	0.273	0.292	0.296	0.289	0.297	0.290	0.291	0.303	0.291	0.288	0.288	0.264	0.279	0.288	0.291	0.293	0.293	0.295	0.291	0.282	0.287	0.288	0.283	0.276	0.295	0.288	0.291	0.291	0.292	0.290	0.292	0.289	0.290	0.291	0.283	0.277	0.274	0.281	0.289	0.286	0.294	0.291	0.294	0.275	0.285	0.290	0.294	0.272	0.277	0.275	0.282	0.286	0.286	0.286	0.287	0.273	0.286	0.284	0.276	0.269	0.281	0.289	0.284	0.276	0.274	0.280	0.280	0.268	0.264	0.252	0.255	0.260

Results
	1	2	3	4	5	6	7	8	9	10	11	12
A	0.419	0.422	0.409	0.392	0.391	0.399	0.395	0.404	0.393	0.358	0.392	0.380	Max V [600]
	0.989	0.988	0.987	0.987	0.983	0.985	0.990	0.989	0.987	0.987	0.991	0.990	R-Squared [600]
	16:00:40	17:00:41	17:00:41	17:00:41	16:00:40	16:00:40	16:00:40	16:00:40	16:00:40	14:00:40	14:00:40	13:00:39	t at Max V [600]
	12:57:28	14:03:46	14:08:29	13:37:10	13:42:15	12:45:17	13:09:04	12:52:24	12:38:20	10:13:20	11:20:19	10:05:07	Lagtime [600]
B	0.411	0.409	0.411	0.405	0.416	0.399	0.413	0.411	0.395	0.401	0.382	0.371	Max V [600]
	0.990	0.985	0.989	0.985	0.989	0.989	0.991	0.990	0.982	0.993	0.990	0.987	R-Squared [600]
	18:00:42	18:00:42	19:00:42	19:00:42	18:00:42	18:00:42	18:00:42	18:00:42	18:00:42	18:00:42	17:00:41	16:00:40	t at Max V [600]
	15:14:03	15:18:44	16:17:44	15:49:37	15:15:32	14:42:34	15:03:55	15:02:15	14:29:44	15:01:48	14:11:09	12:24:27	Lagtime [600]
C	0.409	0.426	0.430	0.421	0.413	0.407	0.416	0.418	0.408	0.420	0.409	0.370	Max V [600]
	0.989	0.989	0.987	0.984	0.984	0.981	0.989	0.986	0.986	0.990	0.991	0.986	R-Squared [600]
	18:00:42	20:00:43	20:00:43	20:00:43	20:00:43	19:00:42	20:00:43	20:00:43	20:00:43	20:00:43	19:00:42	16:00:40	t at Max V [600]
	14:52:42	17:08:03	17:08:32	17:03:23	16:43:31	16:24:15	17:00:13	17:03:31	16:53:24	17:08:23	16:01:10	12:53:06	Lagtime [600]
D	0.395	0.431	0.416	0.415	0.421	0.399	0.407	0.396	0.400	0.398	0.408	0.400	Max V [600]
	0.983	0.987	0.980	0.984	0.989	0.987	0.987	0.990	0.989	0.982	0.991	0.990	R-Squared [600]
	18:00:42	19:00:42	20:00:43	20:00:43	20:00:43	19:00:42	20:00:43	19:00:42	19:00:42	19:00:42	18:00:42	17:00:41	t at Max V [600]
	14:31:14	16:11:17	16:51:50	16:53:14	16:48:54	16:16:25	16:46:07	16:00:20	16:11:50	16:30:14	15:05:21	14:03:14	Lagtime [600]
E	0.399	0.407	0.414	0.384	0.429	0.365	0.426	0.410	0.389	0.404	0.381	0.387	Max V [600]
	0.989	0.996	0.986	0.988	0.978	0.971	0.993	0.991	0.983	0.984	0.985	0.991	R-Squared [600]
	17:00:41	19:00:42	20:00:43	19:00:42	18:00:42	19:00:42	19:00:42	19:00:42	19:00:42	20:00:43	18:00:42	17:00:41	t at Max V [600]
	14:20:05	16:15:14	16:55:15	16:21:02	15:55:26	15:23:54	15:57:31	16:06:03	16:23:52	16:40:52	15:12:45	14:11:41	Lagtime [600]
F	0.418	0.430	0.455	0.407	0.410	0.405	0.409	0.374	0.387	0.384	0.402	0.375	Max V [600]
	0.797	0.982	0.733	0.947	0.981	0.964	0.988	0.990	0.990	0.984	0.989	0.986	R-Squared [600]
	16:00:40	19:00:42	18:00:42	19:00:42	20:00:43	19:00:42	20:00:43	19:00:42	21:00:44	19:00:42	19:00:42	16:00:40	t at Max V [600]
	13:24:27	16:37:54	16:04:53	16:19:58	16:43:03	16:19:18	17:13:40	16:13:10	18:02:33	16:51:08	15:32:18	12:55:03	Lagtime [600]
G	0.444	0.395	0.405	0.366	0.328	0.401	0.391	0.727	0.389	0.398	0.391	0.352	Max V [600]
	0.960	0.980	0.989	0.750	0.694	0.990	0.990	0.785	0.991	0.990	0.969	0.984	R-Squared [600]
	15:00:40	18:00:42	19:00:42	17:00:41	15:00:40	19:00:42	20:00:43	15:00:40	19:00:42	19:00:42	18:00:42	15:00:40	t at Max V [600]
	12:37:00	15:31:56	16:28:41	14:48:04	13:59:48	16:09:07	16:33:53	13:53:05	16:00:24	15:45:09	15:15:57	12:12:45	Lagtime [600]
H	0.379	0.377	0.397	0.327	0.923	0.511	0.666	0.448	0.378	0.341	0.342	0.357	Max V [600]
	0.983	0.981	0.994	0.943	0.827	0.737	0.883	0.979	0.930	0.990	0.987	0.969	R-Squared [600]
	19:00:42	20:00:43	19:00:42	18:00:42	16:00:40	18:00:42	15:00:40	16:00:40	18:00:42	14:00:40	17:00:41	15:00:40	t at Max V [600]
	15:49:44	16:52:53	16:39:10	15:33:36	14:48:57	16:41:17	13:35:54	13:48:38	15:07:26	11:12:58	14:33:09	12:17:28	Lagtime [600]


