
Software Version	3.11.19



Experiment File Path:	C:\Users\patil-group\Desktop\Sweeteners_stacker\031221_NT5076_83_24007_Rep3\NT5076_83_24007_Rep3.xpt
Protocol File Path:	C:\Users\Public\Documents\Protocols\Screening-protocol.prt



Plate Number	Plate 6
Date	03/12/2021
Time	12:26:14
Reader Type:	Epoch 2
Reader Serial Number:	2103223
Reading Type	Reader

Procedure Details

Plate Type	96 WELL PLATE
Discontinuous Kinetics	Runtime 1:00:00 (D:HH:MM), Interval 0:01:00, 25 Reads
	Pause after each run
Eject plate on completion	
Shake	Linear: 0:00:30 (HH:MM:SS)
	Frequency: 567 cpm (3 mm)
Read	Absorbance Endpoint
	Full Plate
	Wavelengths:  600
	Read Speed: Normal,  Delay: 100 msec,  Measurements/Data Point: 8

600

Time	T° 600	A1	A2	A3	A4	A5	A6	A7	A8	A9	A10	A11	A12	B1	B2	B3	B4	B5	B6	B7	B8	B9	B10	B11	B12	C1	C2	C3	C4	C5	C6	C7	C8	C9	C10	C11	C12	D1	D2	D3	D4	D5	D6	D7	D8	D9	D10	D11	D12	E1	E2	E3	E4	E5	E6	E7	E8	E9	E10	E11	E12	F1	F2	F3	F4	F5	F6	F7	F8	F9	F10	F11	F12	G1	G2	G3	G4	G5	G6	G7	G8	G9	G10	G11	G12	H1	H2	H3	H4	H5	H6	H7	H8	H9	H10	H11	H12
0:00:34	34.2	0.172	0.178	0.176	0.178	0.173	0.178	0.177	0.178	0.178	0.178	0.176	0.176	0.179	0.181	0.178	0.179	0.176	0.175	0.179	0.174	0.175	0.173	0.177	0.183	0.175	0.181	0.174	0.176	0.178	0.175	0.177	0.176	0.181	0.176	0.174	0.183	0.184	0.182	0.185	0.181	0.188	0.183	0.174	0.176	0.190	0.186	0.187	0.194	0.172	0.176	0.175	0.179	0.183	0.178	0.175	0.175	0.176	0.178	0.176	0.173	0.186	0.189	0.186	0.175	0.179	0.181	0.176	0.180	0.174	0.175	0.178	0.179	0.178	0.188	0.182	0.181	0.178	0.181	0.177	0.193	0.183	0.177	0.180	0.183	0.172	0.175	0.173	0.176	0.178	0.177	0.184	0.177	0.175	0.174	0.174	0.178
1:00:33	34.5	0.172	0.176	0.175	0.178	0.173	0.175	0.180	0.178	0.183	0.177	0.175	0.174	0.177	0.181	0.178	0.179	0.176	0.173	0.179	0.175	0.176	0.173	0.176	0.182	0.174	0.181	0.174	0.176	0.178	0.176	0.177	0.176	0.181	0.175	0.173	0.182	0.189	0.181	0.186	0.185	0.187	0.183	0.174	0.175	0.197	0.191	0.191	0.198	0.172	0.176	0.176	0.178	0.183	0.178	0.175	0.176	0.176	0.178	0.175	0.173	0.190	0.192	0.190	0.176	0.179	0.181	0.177	0.180	0.174	0.175	0.179	0.178	0.178	0.183	0.180	0.182	0.178	0.181	0.177	0.193	0.183	0.175	0.178	0.182	0.172	0.176	0.173	0.177	0.178	0.176	0.182	0.177	0.175	0.174	0.173	0.178
2:00:33	34.6	0.171	0.176	0.175	0.178	0.173	0.175	0.177	0.177	0.181	0.177	0.174	0.174	0.175	0.182	0.179	0.178	0.175	0.172	0.179	0.174	0.175	0.173	0.175	0.181	0.173	0.180	0.174	0.175	0.178	0.175	0.177	0.176	0.181	0.175	0.173	0.182	0.191	0.182	0.186	0.185	0.186	0.183	0.175	0.176	0.194	0.192	0.193	0.199	0.172	0.177	0.175	0.178	0.181	0.177	0.174	0.175	0.176	0.177	0.175	0.174	0.192	0.194	0.191	0.176	0.179	0.180	0.176	0.180	0.173	0.173	0.178	0.178	0.175	0.182	0.179	0.182	0.177	0.179	0.177	0.191	0.182	0.174	0.177	0.181	0.171	0.174	0.173	0.179	0.178	0.176	0.182	0.176	0.173	0.173	0.173	0.179
3:00:34	34.6	0.171	0.175	0.175	0.176	0.172	0.174	0.175	0.176	0.177	0.177	0.173	0.173	0.175	0.180	0.179	0.177	0.176	0.172	0.178	0.173	0.175	0.173	0.175	0.180	0.173	0.179	0.174	0.175	0.177	0.174	0.178	0.176	0.180	0.175	0.173	0.180	0.191	0.182	0.185	0.184	0.185	0.181	0.174	0.174	0.195	0.193	0.194	0.198	0.172	0.176	0.174	0.177	0.179	0.177	0.174	0.175	0.176	0.177	0.174	0.173	0.193	0.194	0.191	0.175	0.177	0.179	0.175	0.179	0.173	0.172	0.177	0.177	0.174	0.180	0.179	0.180	0.177	0.177	0.177	0.189	0.181	0.174	0.177	0.181	0.171	0.174	0.173	0.176	0.178	0.175	0.191	0.174	0.173	0.173	0.173	0.178
4:00:34	34.7	0.170	0.174	0.175	0.176	0.170	0.172	0.174	0.175	0.173	0.176	0.172	0.173	0.174	0.179	0.178	0.176	0.174	0.172	0.177	0.172	0.175	0.173	0.174	0.180	0.172	0.178	0.173	0.175	0.176	0.173	0.177	0.176	0.180	0.174	0.173	0.179	0.192	0.181	0.186	0.180	0.184	0.181	0.173	0.173	0.194	0.193	0.195	0.198	0.172	0.176	0.174	0.178	0.178	0.176	0.173	0.175	0.175	0.175	0.174	0.172	0.193	0.194	0.191	0.176	0.177	0.178	0.175	0.178	0.172	0.172	0.176	0.176	0.174	0.177	0.176	0.180	0.177	0.177	0.176	0.188	0.180	0.175	0.176	0.180	0.171	0.173	0.173	0.174	0.177	0.175	0.178	0.173	0.173	0.171	0.172	0.177
5:00:35	34.7	0.170	0.174	0.174	0.176	0.169	0.171	0.173	0.175	0.174	0.176	0.172	0.173	0.173	0.178	0.177	0.175	0.173	0.172	0.176	0.172	0.175	0.172	0.174	0.180	0.173	0.177	0.173	0.174	0.176	0.173	0.177	0.175	0.179	0.174	0.172	0.178	0.192	0.180	0.185	0.179	0.182	0.180	0.172	0.173	0.194	0.192	0.195	0.196	0.171	0.175	0.173	0.176	0.177	0.175	0.173	0.174	0.175	0.173	0.173	0.172	0.193	0.194	0.191	0.177	0.176	0.177	0.174	0.178	0.172	0.172	0.176	0.176	0.174	0.175	0.176	0.178	0.176	0.176	0.174	0.185	0.180	0.173	0.176	0.179	0.170	0.173	0.173	0.174	0.176	0.174	0.176	0.172	0.172	0.172	0.171	0.176
6:00:36	34.7	0.170	0.174	0.173	0.175	0.169	0.170	0.173	0.174	0.173	0.175	0.173	0.172	0.173	0.177	0.176	0.174	0.171	0.171	0.175	0.171	0.174	0.172	0.174	0.179	0.172	0.177	0.172	0.174	0.175	0.172	0.176	0.175	0.178	0.173	0.172	0.177	0.192	0.180	0.185	0.182	0.181	0.180	0.173	0.172	0.192	0.192	0.194	0.195	0.170	0.175	0.173	0.175	0.176	0.174	0.172	0.174	0.174	0.173	0.172	0.171	0.193	0.193	0.190	0.177	0.176	0.176	0.174	0.178	0.171	0.171	0.176	0.175	0.174	0.175	0.175	0.178	0.175	0.174	0.174	0.185	0.179	0.172	0.174	0.179	0.170	0.173	0.172	0.173	0.175	0.174	0.176	0.172	0.172	0.171	0.171	0.175
7:00:36	34.6	0.170	0.175	0.173	0.175	0.169	0.170	0.172	0.174	0.172	0.175	0.172	0.172	0.173	0.177	0.176	0.174	0.170	0.171	0.175	0.171	0.174	0.172	0.174	0.179	0.172	0.176	0.172	0.173	0.174	0.170	0.175	0.175	0.176	0.173	0.172	0.177	0.192	0.179	0.184	0.179	0.180	0.179	0.171	0.172	0.192	0.192	0.194	0.194	0.170	0.174	0.172	0.175	0.175	0.173	0.172	0.174	0.174	0.172	0.172	0.170	0.192	0.193	0.190	0.177	0.175	0.175	0.173	0.177	0.171	0.171	0.175	0.175	0.173	0.175	0.177	0.178	0.175	0.173	0.173	0.182	0.178	0.172	0.173	0.178	0.170	0.172	0.172	0.173	0.175	0.173	0.175	0.172	0.171	0.174	0.171	0.174
8:00:37	34.6	0.169	0.175	0.173	0.175	0.169	0.169	0.172	0.173	0.172	0.175	0.172	0.172	0.172	0.176	0.176	0.174	0.170	0.171	0.176	0.171	0.173	0.171	0.173	0.178	0.172	0.176	0.171	0.173	0.174	0.170	0.175	0.175	0.175	0.172	0.171	0.176	0.190	0.178	0.183	0.178	0.179	0.178	0.171	0.171	0.191	0.191	0.193	0.193	0.169	0.173	0.172	0.174	0.174	0.173	0.172	0.174	0.173	0.172	0.172	0.170	0.192	0.192	0.188	0.177	0.174	0.175	0.173	0.177	0.170	0.170	0.173	0.175	0.179	0.176	0.178	0.178	0.174	0.172	0.173	0.182	0.178	0.171	0.173	0.178	0.170	0.172	0.172	0.172	0.174	0.173	0.175	0.171	0.175	0.170	0.171	0.174
9:00:38	34.6	0.168	0.175	0.172	0.174	0.168	0.169	0.172	0.172	0.172	0.174	0.172	0.172	0.172	0.176	0.175	0.174	0.170	0.170	0.174	0.170	0.172	0.170	0.173	0.178	0.171	0.176	0.171	0.173	0.174	0.169	0.174	0.174	0.175	0.172	0.171	0.176	0.190	0.178	0.182	0.178	0.179	0.177	0.181	0.172	0.190	0.190	0.193	0.193	0.169	0.175	0.171	0.174	0.174	0.173	0.171	0.173	0.173	0.172	0.171	0.170	0.191	0.192	0.187	0.176	0.174	0.174	0.173	0.176	0.170	0.170	0.173	0.174	0.173	0.174	0.173	0.177	0.174	0.171	0.172	0.181	0.177	0.171	0.172	0.177	0.169	0.171	0.170	0.172	0.173	0.172	0.174	0.171	0.170	0.176	0.170	0.173
10:00:38	34.6	0.168	0.175	0.172	0.173	0.168	0.170	0.172	0.172	0.171	0.174	0.172	0.171	0.171	0.175	0.175	0.174	0.169	0.169	0.174	0.170	0.171	0.169	0.171	0.178	0.171	0.175	0.171	0.172	0.174	0.169	0.174	0.173	0.174	0.171	0.170	0.175	0.189	0.177	0.180	0.177	0.179	0.176	0.170	0.171	0.189	0.190	0.192	0.192	0.168	0.172	0.170	0.174	0.173	0.172	0.171	0.172	0.172	0.172	0.171	0.169	0.191	0.192	0.186	0.175	0.174	0.174	0.171	0.175	0.172	0.169	0.173	0.176	0.172	0.174	0.177	0.175	0.173	0.171	0.172	0.179	0.176	0.171	0.171	0.177	0.169	0.171	0.170	0.171	0.173	0.176	0.173	0.171	0.170	0.169	0.170	0.172
11:00:39	34.6	0.167	0.174	0.171	0.173	0.168	0.170	0.172	0.172	0.171	0.174	0.171	0.171	0.171	0.175	0.174	0.173	0.169	0.169	0.172	0.170	0.172	0.169	0.171	0.177	0.170	0.175	0.170	0.172	0.173	0.169	0.172	0.173	0.173	0.171	0.170	0.175	0.189	0.177	0.180	0.177	0.178	0.175	0.174	0.170	0.189	0.189	0.191	0.190	0.168	0.172	0.170	0.173	0.173	0.171	0.170	0.172	0.171	0.171	0.171	0.169	0.190	0.190	0.186	0.175	0.173	0.173	0.174	0.175	0.169	0.169	0.172	0.174	0.172	0.173	0.172	0.175	0.172	0.171	0.172	0.178	0.176	0.171	0.171	0.176	0.169	0.170	0.170	0.171	0.173	0.171	0.173	0.170	0.169	0.169	0.169	0.172
12:00:39	34.6	0.167	0.174	0.171	0.172	0.168	0.170	0.171	0.171	0.171	0.174	0.171	0.170	0.171	0.174	0.173	0.172	0.169	0.169	0.172	0.169	0.171	0.169	0.171	0.177	0.170	0.174	0.170	0.171	0.173	0.169	0.172	0.172	0.172	0.170	0.169	0.174	0.188	0.176	0.179	0.176	0.177	0.176	0.171	0.170	0.188	0.188	0.191	0.189	0.168	0.172	0.169	0.172	0.173	0.171	0.170	0.172	0.171	0.171	0.171	0.168	0.190	0.190	0.185	0.171	0.173	0.172	0.170	0.175	0.169	0.169	0.172	0.173	0.172	0.173	0.172	0.174	0.171	0.170	0.171	0.177	0.174	0.170	0.171	0.175	0.168	0.170	0.169	0.171	0.172	0.170	0.173	0.172	0.169	0.169	0.169	0.172
13:00:40	34.6	0.167	0.175	0.171	0.172	0.168	0.171	0.171	0.171	0.171	0.174	0.171	0.170	0.170	0.175	0.173	0.172	0.169	0.168	0.172	0.169	0.170	0.168	0.171	0.177	0.169	0.174	0.169	0.171	0.172	0.168	0.172	0.172	0.172	0.170	0.169	0.174	0.187	0.175	0.178	0.176	0.177	0.174	0.169	0.169	0.187	0.188	0.190	0.188	0.168	0.171	0.168	0.171	0.172	0.170	0.170	0.171	0.170	0.170	0.170	0.168	0.189	0.189	0.184	0.170	0.172	0.172	0.169	0.173	0.167	0.168	0.171	0.172	0.172	0.172	0.175	0.175	0.171	0.169	0.172	0.177	0.174	0.170	0.170	0.175	0.168	0.170	0.169	0.171	0.172	0.170	0.173	0.170	0.168	0.168	0.169	0.172
14:00:39	34.6	0.167	0.175	0.171	0.172	0.168	0.170	0.171	0.171	0.170	0.173	0.171	0.170	0.170	0.174	0.172	0.172	0.168	0.167	0.171	0.168	0.170	0.168	0.172	0.176	0.169	0.173	0.168	0.170	0.172	0.168	0.171	0.171	0.171	0.169	0.168	0.173	0.187	0.175	0.177	0.175	0.177	0.174	0.168	0.169	0.186	0.187	0.189	0.187	0.166	0.170	0.168	0.174	0.172	0.169	0.169	0.170	0.170	0.169	0.170	0.168	0.188	0.189	0.183	0.169	0.172	0.172	0.174	0.173	0.167	0.168	0.171	0.172	0.172	0.172	0.171	0.173	0.170	0.169	0.170	0.176	0.173	0.169	0.170	0.174	0.168	0.170	0.168	0.171	0.172	0.172	0.173	0.169	0.168	0.171	0.168	0.171
15:00:40	34.6	0.167	0.175	0.171	0.172	0.169	0.170	0.171	0.172	0.170	0.173	0.170	0.170	0.171	0.173	0.172	0.172	0.169	0.167	0.171	0.169	0.169	0.168	0.170	0.176	0.169	0.173	0.168	0.170	0.172	0.167	0.171	0.171	0.171	0.169	0.168	0.173	0.186	0.174	0.177	0.175	0.177	0.173	0.168	0.168	0.185	0.186	0.189	0.186	0.166	0.170	0.167	0.171	0.171	0.169	0.169	0.170	0.169	0.169	0.169	0.167	0.187	0.188	0.183	0.169	0.171	0.171	0.168	0.173	0.166	0.167	0.171	0.172	0.171	0.172	0.172	0.173	0.170	0.169	0.170	0.175	0.173	0.169	0.170	0.174	0.168	0.169	0.168	0.170	0.172	0.170	0.173	0.170	0.167	0.170	0.169	0.171
16:00:40	34.6	0.167	0.177	0.171	0.173	0.176	0.176	0.178	0.171	0.171	0.174	0.171	0.174	0.171	0.173	0.172	0.172	0.169	0.167	0.171	0.168	0.170	0.169	0.170	0.177	0.169	0.173	0.168	0.170	0.171	0.167	0.170	0.171	0.171	0.169	0.168	0.173	0.186	0.174	0.176	0.174	0.176	0.172	0.167	0.168	0.185	0.187	0.188	0.185	0.166	0.170	0.167	0.171	0.171	0.169	0.169	0.169	0.168	0.169	0.169	0.167	0.187	0.187	0.182	0.169	0.171	0.171	0.168	0.172	0.166	0.168	0.171	0.172	0.210	0.171	0.170	0.172	0.170	0.169	0.170	0.176	0.173	0.169	0.170	0.174	0.214	0.176	0.168	0.169	0.172	0.200	0.176	0.169	0.167	0.172	0.169	0.172
17:00:41	34.6	0.173	0.182	0.173	0.178	0.184	0.185	0.187	0.175	0.181	0.178	0.179	0.183	0.172	0.173	0.172	0.171	0.171	0.167	0.171	0.167	0.169	0.170	0.170	0.186	0.170	0.172	0.168	0.170	0.171	0.167	0.170	0.171	0.170	0.168	0.167	0.172	0.185	0.173	0.175	0.176	0.175	0.172	0.167	0.167	0.184	0.185	0.186	0.184	0.165	0.169	0.167	0.172	0.171	0.168	0.168	0.169	0.168	0.169	0.169	0.167	0.186	0.187	0.181	0.168	0.170	0.170	0.167	0.172	0.165	0.167	0.171	0.172	0.220	0.180	0.170	0.172	0.170	0.168	0.170	0.174	0.172	0.169	0.170	0.173	0.232	0.243	0.176	0.174	0.191	0.329	0.199	0.182	0.171	0.184	0.169	0.181
18:00:41	34.6	0.182	0.191	0.181	0.186	0.203	0.204	0.202	0.186	0.188	0.188	0.187	0.199	0.181	0.175	0.172	0.173	0.182	0.172	0.171	0.172	0.171	0.176	0.174	0.195	0.173	0.172	0.167	0.170	0.171	0.167	0.169	0.171	0.169	0.171	0.168	0.177	0.184	0.172	0.174	0.172	0.175	0.171	0.166	0.168	0.183	0.184	0.186	0.184	0.165	0.168	0.166	0.172	0.170	0.168	0.168	0.169	0.168	0.169	0.169	0.168	0.186	0.186	0.180	0.168	0.170	0.170	0.167	0.172	0.166	0.171	0.170	0.173	0.233	0.219	0.192	0.178	0.172	0.168	0.171	0.173	0.173	0.169	0.173	0.174	0.252	0.235	0.208	0.220	0.308	0.310	0.195	0.234	0.226	0.252	0.204	0.207
19:00:42	34.6	0.199	0.207	0.189	0.199	0.237	0.238	0.234	0.195	0.213	0.202	0.208	0.229	0.191	0.184	0.177	0.179	0.191	0.180	0.177	0.180	0.179	0.184	0.185	0.219	0.183	0.175	0.168	0.171	0.172	0.169	0.172	0.172	0.169	0.180	0.175	0.187	0.184	0.172	0.173	0.172	0.176	0.170	0.166	0.168	0.183	0.183	0.185	0.184	0.165	0.168	0.167	0.184	0.170	0.168	0.168	0.169	0.168	0.172	0.170	0.177	0.186	0.185	0.180	0.177	0.170	0.170	0.166	0.172	0.166	0.222	0.174	0.180	0.291	0.324	0.251	0.190	0.182	0.211	0.178	0.179	0.178	0.172	0.185	0.191	0.255	0.276	0.282	0.316	0.295	0.428	0.320	0.288	0.312	0.223	0.289	0.228
20:00:43	34.6	0.229	0.236	0.210	0.227	0.252	0.253	0.250	0.218	0.240	0.234	0.235	0.244	0.210	0.194	0.188	0.187	0.215	0.194	0.185	0.192	0.192	0.206	0.194	0.249	0.190	0.185	0.173	0.177	0.176	0.177	0.179	0.176	0.171	0.201	0.182	0.196	0.189	0.172	0.173	0.171	0.182	0.176	0.170	0.173	0.182	0.183	0.184	0.183	0.166	0.168	0.167	0.169	0.173	0.173	0.170	0.171	0.170	0.194	0.186	0.206	0.214	0.185	0.179	0.236	0.173	0.175	0.166	0.173	0.165	0.338	0.185	0.202	0.318	0.259	0.230	0.272	0.191	0.284	0.199	0.190	0.193	0.185	0.190	0.267	0.241	0.282	0.320	0.375	0.427	0.426	0.305	0.221	0.260	0.228	0.313	0.294
21:00:43	34.6	0.245	0.250	0.236	0.242	0.269	0.269	0.270	0.245	0.258	0.254	0.254	0.262	0.239	0.215	0.198	0.202	0.247	0.222	0.198	0.223	0.221	0.236	0.217	0.262	0.211	0.192	0.183	0.186	0.187	0.185	0.186	0.187	0.180	0.256	0.201	0.225	0.193	0.172	0.172	0.170	0.190	0.186	0.180	0.180	0.181	0.185	0.185	0.186	0.168	0.168	0.171	0.169	0.181	0.183	0.177	0.180	0.178	0.193	0.192	0.221	0.230	0.185	0.185	0.252	0.204	0.186	0.166	0.175	0.166	0.379	0.204	0.208	0.296	0.321	0.229	0.397	0.206	0.284	0.215	0.239	0.220	0.235	0.264	0.280	0.311	0.312	0.426	0.448	0.280	0.435	0.361	0.389	0.282	0.347	0.359	0.310
22:00:44	34.6	0.258	0.269	0.255	0.262	0.268	0.268	0.270	0.263	0.268	0.273	0.264	0.259	0.254	0.244	0.224	0.234	0.261	0.240	0.226	0.243	0.242	0.253	0.246	0.277	0.240	0.208	0.191	0.196	0.192	0.199	0.199	0.191	0.187	0.246	0.237	0.245	0.201	0.176	0.174	0.171	0.199	0.194	0.188	0.191	0.182	0.193	0.188	0.193	0.175	0.168	0.182	0.171	0.198	0.209	0.185	0.188	0.186	0.261	0.227	0.313	0.238	0.189	0.208	0.284	0.308	0.203	0.167	0.186	0.170	0.428	0.227	0.246	0.287	0.360	0.297	0.272	0.238	0.371	0.352	0.336	0.240	0.239	0.237	0.279	0.261	0.352	0.444	0.492	0.408	0.355	0.293	0.434	0.301	0.278	0.304	0.340
23:00:45	34.6	0.259	0.268	0.265	0.263	0.264	0.269	0.269	0.269	0.266	0.273	0.263	0.259	0.272	0.260	0.254	0.252	0.273	0.256	0.247	0.265	0.263	0.269	0.257	0.275	0.257	0.241	0.212	0.219	0.209	0.228	0.229	0.209	0.201	0.265	0.246	0.265	0.220	0.185	0.177	0.177	0.223	0.215	0.206	0.218	0.185	0.197	0.197	0.198	0.186	0.169	0.189	0.179	0.248	0.217	0.196	0.201	0.206	0.255	0.277	0.324	0.230	0.198	0.192	0.413	0.296	0.242	0.171	0.193	0.179	0.269	0.265	0.277	0.268	0.329	0.281	0.342	0.258	0.299	0.318	0.386	0.282	0.251	0.325	0.288	0.262	0.293	0.312	0.300	0.319	0.270	0.367	0.303	0.303	0.281	0.273	0.259
24:00:45	34.6	0.257	0.267	0.264	0.260	0.258	0.261	0.262	0.268	0.264	0.271	0.262	0.253	0.269	0.276	0.272	0.270	0.273	0.261	0.269	0.266	0.266	0.268	0.274	0.271	0.268	0.261	0.243	0.250	0.240	0.250	0.253	0.237	0.230	0.260	0.262	0.266	0.245	0.239	0.187	0.186	0.251	0.243	0.239	0.243	0.194	0.211	0.200	0.210	0.192	0.174	0.205	0.191	0.245	0.243	0.221	0.232	0.231	0.272	0.277	0.358	0.231	0.203	0.230	0.288	0.277	0.271	0.184	0.201	0.186	0.270	0.274	0.270	0.258	0.271	0.290	0.285	0.276	0.375	0.344	0.400	0.263	0.284	0.313	0.302	0.258	0.293	0.267	0.276	0.313	0.277	0.282	0.256	0.259	0.262	0.302	0.259

Results
	1	2	3	4	5	6	7	8	9	10	11	12
A	0.333	0.330	0.326	0.324	0.364	0.361	0.358	0.340	0.344	0.370	0.331	0.336	Max V [600]
	0.980	0.988	0.978	0.991	0.980	0.981	0.988	0.981	0.972	0.988	0.977	0.987	R-Squared [600]
	20:00:43	20:00:43	21:00:44	20:00:43	19:00:42	19:00:42	19:00:42	20:00:43	19:00:42	20:00:43	20:00:43	19:00:42	t at Max V [600]
	17:29:23	17:22:04	18:12:55	17:42:41	16:28:18	16:36:47	16:37:32	17:52:24	17:10:31	17:38:59	17:17:05	16:39:15	Lagtime [600]
B	0.346	0.348	0.375	0.358	0.353	0.329	0.359	0.370	0.362	0.361	0.334	0.347	Max V [600]
	0.989	0.984	0.981	0.987	0.970	0.991	0.990	0.989	0.990	0.984	0.975	0.973	R-Squared [600]
	21:00:44	22:00:44	22:00:44	22:00:44	20:00:43	21:00:44	22:00:44	21:00:44	21:00:44	21:00:44	22:00:44	20:00:43	t at Max V [600]
	18:22:20	19:17:05	19:49:21	19:40:40	17:58:28	18:49:28	19:52:34	18:55:18	18:58:29	18:25:15	19:00:05	17:14:18	Lagtime [600]
C	0.336	0.335	0.282	0.298	0.248	0.317	0.317	0.238	0.232	0.374	0.341	0.343	Max V [600]
	0.972	0.955	0.923	0.925	0.903	0.955	0.947	0.913	0.915	0.864	0.959	0.984	R-Squared [600]
	22:00:44	22:00:44	22:00:44	22:00:44	22:00:44	22:00:44	22:00:44	22:00:44	22:00:44	20:00:43	22:00:44	21:00:44	t at Max V [600]
	19:06:44	20:10:42	20:25:20	20:21:11	20:28:47	20:18:11	20:20:33	20:21:22	21:06:25	18:27:41	19:29:14	19:01:45	Lagtime [600]
D	0.234	0.249	0.056	0.061	0.284	0.274	0.272	0.296	0.048	0.112	0.071	0.109	Max V [600]
	0.909	0.671	0.738	0.732	0.929	0.931	0.915	0.940	0.681	0.909	0.904	0.946	R-Squared [600]
	22:00:44	22:00:44	22:00:44	22:00:44	22:00:44	22:00:44	22:00:44	22:00:44	22:00:44	22:00:44	22:00:44	22:00:44	t at Max V [600]
	20:12:25	21:33:19	?????	23:32:53	20:46:33	20:49:24	20:39:16	20:35:56	23:53:15	20:55:34	21:08:54	22:00:33	Lagtime [600]
E	0.120	0.023	0.158	0.091	0.351	0.289	0.201	0.236	0.249	0.385	0.443	0.676	Max V [600]
	0.962	0.683	0.956	0.835	0.889	0.973	0.922	0.907	0.940	0.835	0.913	0.921	R-Squared [600]
	22:00:44	22:00:44	22:00:44	22:00:44	22:00:44	22:00:44	22:00:44	22:00:44	22:00:44	21:00:44	22:00:44	22:00:44	t at Max V [600]
	21:19:11	?????	21:10:08	22:31:24	20:47:10	20:25:52	20:48:41	20:40:03	20:48:37	19:25:58	19:53:54	19:16:33	Lagtime [600]
F	0.248	0.081	0.181	0.865	0.644	0.413	0.069	0.123	0.092	1.119	0.400	0.396	Max V [600]
	0.935	0.915	0.698	0.878	0.830	0.955	0.708	0.971	0.908	0.968	0.975	0.952	R-Squared [600]
	20:00:43	22:00:44	22:00:44	21:00:44	21:00:44	22:00:44	22:00:44	22:00:44	22:00:44	20:00:43	22:00:44	21:00:44	t at Max V [600]
	18:18:46	21:20:54	20:48:43	19:08:30	19:40:29	20:37:34	23:13:13	21:18:18	22:07:53	18:02:27	19:47:45	19:09:53	Lagtime [600]
G	0.474	0.587	0.335	0.905	0.371	0.796	0.722	0.946	0.426	0.356	0.544	0.510	Max V [600]
	0.912	0.736	0.753	0.807	0.988	0.945	0.781	0.945	0.968	0.897	0.797	0.862	R-Squared [600]
	18:00:42	17:00:41	18:00:42	19:00:42	22:00:44	20:00:43	21:00:44	22:00:44	21:00:44	22:00:44	21:00:44	19:00:42	t at Max V [600]
	15:19:29	16:17:27	16:59:38	17:54:01	19:31:54	18:16:49	19:16:46	19:56:38	19:28:41	19:07:16	19:09:58	17:53:58	Lagtime [600]
H	0.387	0.454	1.022	1.169	1.024	1.043	0.725	0.835	0.582	0.503	0.816	0.578	Max V [600]
	0.938	0.884	0.964	0.991	0.895	0.901	0.839	0.700	0.764	0.610	0.971	0.959	R-Squared [600]
	16:00:40	17:00:41	20:00:43	19:00:42	18:00:42	17:00:41	19:00:42	20:00:43	17:00:41	19:00:42	19:00:42	20:00:43	t at Max V [600]
	14:31:48	15:21:50	17:21:30	17:08:55	16:22:30	15:15:09	16:54:05	17:17:04	16:02:14	16:35:47	17:07:28	17:11:56	Lagtime [600]


