
Software Version	3.11.19



Experiment File Path:	C:\Users\patil-group\Desktop\Sweeteners_stacker\301121_NT5071_72_74_Rep3\NT5071_72_74_Rep3.xpt
Protocol File Path:	C:\Users\Public\Documents\Protocols\Screening-protocol.prt



Plate Number	Plate 18
Date	30/11/2021
Time	13:18:23
Reader Type:	Epoch 2
Reader Serial Number:	2103223
Reading Type	Reader

Procedure Details

Plate Type	96 WELL PLATE
Discontinuous Kinetics	Runtime 1:00:00 (D:HH:MM), Interval 0:01:00, 25 Reads
	Pause after each run
Eject plate on completion	
Shake	Linear: 0:00:30 (HH:MM:SS)
	Frequency: 567 cpm (3 mm)
Read	Absorbance Endpoint
	Full Plate
	Wavelengths:  600
	Read Speed: Normal,  Delay: 100 msec,  Measurements/Data Point: 8

600

Time	T° 600	A1	A2	A3	A4	A5	A6	A7	A8	A9	A10	A11	A12	B1	B2	B3	B4	B5	B6	B7	B8	B9	B10	B11	B12	C1	C2	C3	C4	C5	C6	C7	C8	C9	C10	C11	C12	D1	D2	D3	D4	D5	D6	D7	D8	D9	D10	D11	D12	E1	E2	E3	E4	E5	E6	E7	E8	E9	E10	E11	E12	F1	F2	F3	F4	F5	F6	F7	F8	F9	F10	F11	F12	G1	G2	G3	G4	G5	G6	G7	G8	G9	G10	G11	G12	H1	H2	H3	H4	H5	H6	H7	H8	H9	H10	H11	H12
0:00:34	34.2	0.178	0.180	0.177	0.179	0.203	0.175	0.180	0.180	0.180	0.181	0.185	0.177	0.205	0.192	0.181	0.190	0.181	0.174	0.181	0.186	0.190	0.176	0.179	0.177	0.174	0.178	0.180	0.181	0.178	0.179	0.175	0.187	0.175	0.189	0.175	0.175	0.191	0.191	0.201	0.188	0.177	0.200	0.180	0.184	0.187	0.192	0.190	0.188	0.173	0.187	0.177	0.176	0.176	0.190	0.178	0.179	0.178	0.174	0.177	0.176	0.182	0.193	0.198	0.177	0.189	0.180	0.181	0.178	0.180	0.177	0.180	0.177	0.177	0.173	0.180	0.182	0.178	0.184	0.179	0.175	0.178	0.190	0.180	0.203	0.189	0.186	0.181	0.176	0.187	0.174	0.221	0.179	0.177	0.179	0.176	0.177
1:00:35	34.5	0.181	0.185	0.182	0.185	0.208	0.180	0.184	0.183	0.183	0.183	0.188	0.181	0.204	0.197	0.186	0.192	0.187	0.179	0.186	0.190	0.193	0.179	0.182	0.180	0.178	0.184	0.186	0.185	0.183	0.183	0.180	0.191	0.179	0.193	0.179	0.180	0.194	0.194	0.203	0.191	0.180	0.203	0.184	0.188	0.190	0.195	0.194	0.191	0.176	0.190	0.182	0.180	0.178	0.192	0.181	0.183	0.182	0.177	0.181	0.179	0.184	0.197	0.200	0.180	0.190	0.183	0.184	0.180	0.183	0.180	0.184	0.181	0.180	0.178	0.181	0.185	0.179	0.186	0.182	0.178	0.182	0.194	0.184	0.205	0.192	0.190	0.183	0.179	0.190	0.178	0.226	0.182	0.180	0.182	0.180	0.180
2:00:35	34.6	0.188	0.190	0.187	0.192	0.212	0.186	0.190	0.189	0.189	0.189	0.193	0.187	0.207	0.203	0.192	0.197	0.193	0.185	0.192	0.195	0.197	0.184	0.186	0.183	0.182	0.190	0.191	0.191	0.188	0.189	0.185	0.196	0.185	0.197	0.185	0.186	0.196	0.195	0.205	0.193	0.185	0.207	0.190	0.193	0.192	0.197	0.195	0.194	0.180	0.194	0.186	0.184	0.182	0.195	0.185	0.188	0.186	0.184	0.186	0.185	0.186	0.198	0.202	0.184	0.194	0.187	0.187	0.184	0.187	0.185	0.190	0.187	0.184	0.183	0.185	0.189	0.182	0.188	0.187	0.183	0.187	0.198	0.189	0.210	0.196	0.194	0.187	0.184	0.195	0.183	0.231	0.188	0.186	0.188	0.186	0.186
3:00:36	34.6	0.197	0.198	0.196	0.202	0.220	0.196	0.199	0.198	0.198	0.200	0.201	0.197	0.213	0.211	0.201	0.203	0.201	0.193	0.200	0.203	0.202	0.189	0.191	0.188	0.191	0.198	0.199	0.199	0.196	0.197	0.194	0.204	0.194	0.206	0.194	0.195	0.199	0.198	0.208	0.196	0.192	0.215	0.198	0.200	0.194	0.200	0.198	0.197	0.183	0.198	0.189	0.188	0.190	0.204	0.193	0.195	0.194	0.191	0.194	0.194	0.188	0.201	0.205	0.191	0.201	0.194	0.192	0.188	0.190	0.193	0.198	0.195	0.192	0.190	0.192	0.193	0.186	0.192	0.195	0.190	0.194	0.206	0.198	0.219	0.205	0.202	0.195	0.192	0.202	0.192	0.240	0.197	0.195	0.197	0.194	0.197
4:00:36	34.6	0.209	0.211	0.209	0.215	0.233	0.209	0.212	0.211	0.211	0.213	0.214	0.211	0.221	0.223	0.212	0.216	0.212	0.205	0.212	0.214	0.207	0.196	0.197	0.193	0.203	0.209	0.211	0.212	0.207	0.209	0.207	0.216	0.206	0.218	0.206	0.209	0.202	0.200	0.210	0.198	0.203	0.227	0.210	0.212	0.196	0.202	0.200	0.200	0.188	0.203	0.194	0.192	0.201	0.216	0.205	0.208	0.205	0.203	0.206	0.207	0.191	0.204	0.207	0.202	0.212	0.205	0.196	0.193	0.195	0.205	0.210	0.209	0.205	0.201	0.203	0.198	0.190	0.197	0.205	0.202	0.206	0.218	0.210	0.232	0.218	0.214	0.208	0.203	0.214	0.204	0.252	0.209	0.208	0.210	0.207	0.210
5:00:37	34.6	0.227	0.228	0.227	0.233	0.249	0.227	0.229	0.228	0.229	0.231	0.232	0.230	0.234	0.239	0.229	0.233	0.228	0.221	0.228	0.230	0.214	0.204	0.204	0.200	0.219	0.226	0.227	0.228	0.223	0.225	0.224	0.233	0.222	0.234	0.226	0.226	0.203	0.202	0.212	0.201	0.220	0.243	0.225	0.228	0.199	0.205	0.203	0.202	0.193	0.209	0.198	0.197	0.217	0.231	0.221	0.224	0.220	0.219	0.222	0.224	0.193	0.206	0.209	0.216	0.226	0.221	0.201	0.197	0.200	0.221	0.225	0.225	0.221	0.217	0.218	0.204	0.195	0.203	0.221	0.218	0.222	0.233	0.226	0.248	0.235	0.231	0.225	0.219	0.229	0.220	0.269	0.227	0.224	0.227	0.224	0.228
6:00:38	34.6	0.249	0.249	0.249	0.255	0.271	0.249	0.251	0.250	0.252	0.253	0.254	0.253	0.253	0.260	0.250	0.254	0.249	0.242	0.250	0.250	0.221	0.213	0.212	0.208	0.239	0.248	0.248	0.248	0.243	0.246	0.245	0.253	0.243	0.255	0.248	0.249	0.206	0.204	0.215	0.203	0.240	0.263	0.245	0.248	0.201	0.207	0.204	0.203	0.198	0.215	0.204	0.202	0.237	0.252	0.240	0.244	0.240	0.238	0.242	0.244	0.195	0.208	0.211	0.235	0.245	0.240	0.207	0.203	0.206	0.241	0.245	0.245	0.241	0.236	0.239	0.211	0.201	0.210	0.240	0.237	0.242	0.253	0.247	0.269	0.256	0.252	0.246	0.239	0.249	0.241	0.289	0.248	0.246	0.249	0.245	0.250
7:00:39	34.6	0.273	0.274	0.272	0.281	0.295	0.274	0.276	0.274	0.275	0.277	0.279	0.279	0.277	0.284	0.275	0.278	0.274	0.267	0.275	0.274	0.230	0.225	0.221	0.217	0.262	0.272	0.272	0.272	0.265	0.268	0.268	0.276	0.266	0.279	0.272	0.273	0.206	0.204	0.215	0.204	0.264	0.287	0.269	0.272	0.201	0.207	0.205	0.204	0.205	0.222	0.210	0.208	0.260	0.274	0.263	0.267	0.263	0.260	0.265	0.271	0.196	0.209	0.212	0.258	0.268	0.264	0.213	0.208	0.213	0.265	0.268	0.270	0.264	0.258	0.261	0.220	0.210	0.218	0.263	0.260	0.265	0.276	0.270	0.292	0.279	0.277	0.270	0.262	0.272	0.265	0.311	0.272	0.270	0.273	0.268	0.275
8:00:40	34.6	0.298	0.298	0.295	0.306	0.319	0.298	0.300	0.297	0.299	0.301	0.305	0.304	0.301	0.308	0.301	0.303	0.299	0.291	0.299	0.299	0.240	0.237	0.232	0.227	0.285	0.296	0.296	0.294	0.288	0.289	0.290	0.299	0.291	0.304	0.296	0.297	0.207	0.205	0.216	0.204	0.288	0.312	0.292	0.297	0.202	0.207	0.206	0.204	0.212	0.231	0.219	0.215	0.284	0.298	0.287	0.291	0.288	0.284	0.289	0.294	0.196	0.210	0.212	0.281	0.292	0.290	0.219	0.215	0.220	0.289	0.292	0.295	0.287	0.282	0.284	0.230	0.217	0.228	0.286	0.282	0.287	0.300	0.295	0.316	0.303	0.300	0.293	0.287	0.296	0.289	0.335	0.295	0.293	0.297	0.292	0.298
9:00:40	34.6	0.319	0.321	0.316	0.328	0.342	0.320	0.322	0.319	0.321	0.322	0.328	0.327	0.323	0.331	0.324	0.326	0.323	0.315	0.323	0.322	0.251	0.251	0.245	0.238	0.306	0.318	0.317	0.315	0.308	0.309	0.311	0.321	0.314	0.328	0.320	0.320	0.206	0.205	0.216	0.205	0.311	0.336	0.315	0.321	0.203	0.208	0.206	0.204	0.219	0.237	0.226	0.221	0.306	0.321	0.309	0.314	0.310	0.305	0.312	0.316	0.196	0.210	0.213	0.305	0.316	0.314	0.228	0.220	0.227	0.314	0.316	0.318	0.309	0.304	0.307	0.241	0.226	0.239	0.308	0.304	0.309	0.322	0.318	0.338	0.325	0.323	0.316	0.309	0.318	0.312	0.356	0.317	0.315	0.318	0.314	0.319
10:00:40	34.6	0.337	0.340	0.333	0.347	0.361	0.338	0.340	0.336	0.340	0.340	0.348	0.345	0.343	0.350	0.344	0.346	0.344	0.335	0.344	0.342	0.263	0.266	0.258	0.249	0.323	0.336	0.336	0.333	0.326	0.327	0.330	0.339	0.334	0.348	0.341	0.338	0.206	0.205	0.216	0.205	0.332	0.356	0.335	0.342	0.202	0.207	0.205	0.206	0.226	0.244	0.233	0.227	0.325	0.340	0.329	0.334	0.331	0.324	0.331	0.335	0.196	0.211	0.213	0.326	0.337	0.336	0.233	0.226	0.233	0.335	0.337	0.338	0.328	0.324	0.328	0.253	0.236	0.251	0.327	0.322	0.328	0.342	0.338	0.357	0.343	0.342	0.335	0.329	0.337	0.332	0.373	0.335	0.334	0.337	0.331	0.337
11:00:40	34.6	0.354	0.355	0.346	0.363	0.378	0.354	0.356	0.351	0.355	0.355	0.365	0.362	0.359	0.366	0.362	0.362	0.366	0.352	0.362	0.360	0.275	0.280	0.270	0.262	0.339	0.353	0.352	0.349	0.341	0.342	0.346	0.355	0.350	0.366	0.358	0.354	0.206	0.205	0.216	0.205	0.350	0.375	0.352	0.361	0.203	0.208	0.206	0.206	0.231	0.247	0.238	0.234	0.342	0.357	0.345	0.351	0.348	0.340	0.347	0.350	0.196	0.210	0.213	0.344	0.355	0.355	0.238	0.231	0.239	0.353	0.353	0.355	0.344	0.342	0.346	0.265	0.247	0.263	0.344	0.339	0.344	0.359	0.355	0.373	0.358	0.358	0.351	0.346	0.353	0.350	0.389	0.351	0.349	0.352	0.347	0.353
12:00:41	34.6	0.368	0.369	0.359	0.378	0.391	0.368	0.369	0.364	0.369	0.368	0.380	0.376	0.372	0.380	0.377	0.376	0.377	0.366	0.378	0.374	0.286	0.294	0.282	0.272	0.353	0.367	0.367	0.363	0.353	0.355	0.360	0.370	0.365	0.381	0.373	0.367	0.206	0.205	0.216	0.205	0.365	0.390	0.366	0.377	0.203	0.208	0.206	0.207	0.236	0.251	0.241	0.238	0.357	0.371	0.360	0.366	0.361	0.353	0.360	0.362	0.196	0.211	0.213	0.359	0.371	0.372	0.243	0.234	0.243	0.368	0.368	0.369	0.357	0.355	0.361	0.276	0.259	0.274	0.360	0.354	0.359	0.373	0.369	0.388	0.369	0.371	0.365	0.359	0.366	0.364	0.402	0.364	0.362	0.366	0.359	0.365
13:00:42	34.6	0.380	0.380	0.371	0.390	0.403	0.379	0.381	0.375	0.381	0.379	0.392	0.389	0.385	0.391	0.390	0.388	0.392	0.379	0.392	0.388	0.297	0.308	0.293	0.280	0.365	0.380	0.380	0.375	0.365	0.367	0.374	0.382	0.378	0.395	0.386	0.380	0.206	0.205	0.216	0.205	0.378	0.404	0.378	0.391	0.203	0.208	0.207	0.206	0.240	0.256	0.244	0.240	0.370	0.384	0.372	0.379	0.374	0.365	0.373	0.373	0.196	0.212	0.213	0.373	0.385	0.387	0.247	0.238	0.249	0.382	0.381	0.382	0.368	0.367	0.373	0.288	0.268	0.284	0.373	0.367	0.372	0.386	0.381	0.399	0.381	0.382	0.376	0.371	0.378	0.377	0.413	0.376	0.374	0.377	0.371	0.377
14:00:43	34.6	0.391	0.391	0.380	0.400	0.414	0.390	0.392	0.385	0.391	0.389	0.404	0.399	0.395	0.402	0.401	0.399	0.402	0.390	0.404	0.399	0.306	0.319	0.303	0.288	0.376	0.391	0.392	0.386	0.375	0.377	0.386	0.394	0.390	0.408	0.398	0.390	0.206	0.206	0.216	0.206	0.390	0.416	0.390	0.404	0.204	0.208	0.207	0.206	0.244	0.260	0.249	0.245	0.382	0.395	0.384	0.391	0.384	0.375	0.384	0.383	0.196	0.212	0.212	0.384	0.397	0.399	0.253	0.242	0.255	0.395	0.392	0.393	0.378	0.378	0.384	0.297	0.277	0.294	0.385	0.378	0.383	0.396	0.392	0.408	0.389	0.393	0.387	0.382	0.389	0.388	0.424	0.387	0.384	0.388	0.382	0.386
15:00:43	34.6	0.401	0.401	0.389	0.410	0.425	0.400	0.402	0.394	0.400	0.399	0.414	0.408	0.405	0.410	0.411	0.412	0.413	0.399	0.415	0.409	0.315	0.331	0.309	0.297	0.385	0.402	0.403	0.396	0.385	0.387	0.396	0.405	0.402	0.419	0.410	0.399	0.205	0.205	0.216	0.207	0.401	0.427	0.400	0.415	0.203	0.208	0.207	0.208	0.247	0.265	0.253	0.249	0.393	0.405	0.395	0.402	0.395	0.385	0.394	0.392	0.196	0.212	0.211	0.395	0.408	0.411	0.256	0.246	0.261	0.406	0.402	0.403	0.387	0.388	0.395	0.306	0.284	0.303	0.396	0.388	0.393	0.406	0.403	0.417	0.399	0.402	0.397	0.392	0.399	0.398	0.433	0.397	0.394	0.398	0.391	0.396
16:00:44	34.6	0.410	0.409	0.396	0.419	0.435	0.409	0.410	0.403	0.408	0.407	0.424	0.418	0.414	0.418	0.421	0.419	0.431	0.408	0.424	0.419	0.326	0.339	0.320	0.312	0.394	0.411	0.413	0.405	0.395	0.396	0.407	0.415	0.413	0.429	0.419	0.407	0.205	0.205	0.216	0.208	0.411	0.438	0.410	0.425	0.203	0.208	0.206	0.209	0.251	0.268	0.255	0.253	0.403	0.415	0.405	0.413	0.404	0.395	0.404	0.400	0.195	0.212	0.211	0.404	0.418	0.423	0.258	0.249	0.265	0.416	0.413	0.412	0.395	0.397	0.405	0.315	0.292	0.311	0.406	0.398	0.403	0.416	0.410	0.426	0.406	0.409	0.406	0.401	0.407	0.407	0.442	0.406	0.403	0.407	0.399	0.404
17:00:46	34.6	0.419	0.417	0.402	0.428	0.443	0.418	0.418	0.410	0.415	0.415	0.433	0.426	0.421	0.426	0.430	0.426	0.433	0.417	0.434	0.427	0.338	0.348	0.329	0.320	0.403	0.420	0.423	0.414	0.403	0.405	0.416	0.424	0.422	0.439	0.429	0.416	0.205	0.206	0.216	0.209	0.421	0.449	0.420	0.436	0.204	0.208	0.208	0.211	0.254	0.272	0.259	0.257	0.413	0.425	0.415	0.422	0.414	0.403	0.413	0.407	0.195	0.213	0.212	0.413	0.428	0.434	0.259	0.253	0.268	0.425	0.421	0.421	0.402	0.405	0.414	0.324	0.300	0.321	0.416	0.407	0.411	0.424	0.419	0.433	0.413	0.420	0.415	0.410	0.415	0.416	0.449	0.414	0.411	0.415	0.406	0.411
18:00:46	34.6	0.425	0.424	0.409	0.436	0.452	0.425	0.424	0.417	0.423	0.421	0.441	0.432	0.428	0.433	0.439	0.431	0.447	0.424	0.443	0.434	0.348	0.356	0.338	0.327	0.412	0.428	0.432	0.421	0.410	0.413	0.426	0.432	0.431	0.448	0.438	0.423	0.205	0.207	0.216	0.212	0.430	0.458	0.427	0.446	0.205	0.209	0.209	0.214	0.258	0.275	0.262	0.259	0.422	0.433	0.423	0.431	0.422	0.409	0.421	0.413	0.195	0.214	0.212	0.422	0.436	0.445	0.262	0.256	0.271	0.434	0.427	0.429	0.407	0.412	0.422	0.334	0.308	0.328	0.425	0.416	0.419	0.432	0.426	0.440	0.419	0.427	0.421	0.417	0.422	0.423	0.456	0.421	0.418	0.422	0.413	0.417
19:00:46	34.6	0.434	0.429	0.414	0.442	0.459	0.432	0.431	0.423	0.429	0.426	0.448	0.438	0.435	0.439	0.446	0.438	0.450	0.430	0.450	0.441	0.359	0.364	0.346	0.334	0.418	0.436	0.440	0.429	0.417	0.420	0.434	0.441	0.440	0.457	0.445	0.429	0.205	0.209	0.218	0.215	0.439	0.466	0.434	0.455	0.208	0.213	0.212	0.217	0.261	0.279	0.266	0.264	0.430	0.441	0.431	0.440	0.429	0.416	0.428	0.419	0.196	0.217	0.213	0.430	0.445	0.454	0.265	0.260	0.275	0.443	0.434	0.436	0.413	0.419	0.429	0.343	0.318	0.337	0.433	0.424	0.426	0.439	0.432	0.446	0.425	0.433	0.428	0.424	0.429	0.430	0.462	0.427	0.424	0.428	0.419	0.423
20:00:48	34.6	0.445	0.434	0.419	0.449	0.464	0.437	0.441	0.428	0.433	0.432	0.454	0.445	0.439	0.443	0.452	0.443	0.456	0.436	0.457	0.447	0.367	0.373	0.355	0.338	0.424	0.444	0.447	0.436	0.423	0.427	0.442	0.448	0.447	0.464	0.454	0.435	0.205	0.211	0.221	0.219	0.446	0.474	0.442	0.463	0.211	0.213	0.215	0.223	0.265	0.283	0.270	0.267	0.437	0.448	0.438	0.448	0.436	0.422	0.434	0.424	0.197	0.221	0.214	0.436	0.452	0.461	0.270	0.264	0.280	0.451	0.440	0.441	0.419	0.424	0.435	0.350	0.325	0.345	0.441	0.430	0.433	0.445	0.438	0.452	0.430	0.439	0.434	0.429	0.433	0.436	0.467	0.433	0.429	0.433	0.424	0.429
21:00:48	34.6	0.458	0.440	0.429	0.456	0.471	0.442	0.451	0.434	0.438	0.437	0.458	0.449	0.444	0.449	0.459	0.447	0.464	0.442	0.464	0.453	0.374	0.384	0.364	0.346	0.430	0.451	0.455	0.443	0.429	0.433	0.448	0.455	0.454	0.471	0.461	0.441	0.206	0.215	0.224	0.225	0.454	0.482	0.447	0.471	0.215	0.217	0.220	0.228	0.270	0.288	0.274	0.271	0.444	0.455	0.444	0.455	0.441	0.428	0.440	0.429	0.198	0.226	0.216	0.443	0.458	0.469	0.274	0.268	0.285	0.458	0.446	0.447	0.424	0.429	0.441	0.359	0.337	0.353	0.448	0.437	0.440	0.450	0.444	0.457	0.437	0.444	0.439	0.435	0.439	0.443	0.472	0.438	0.435	0.439	0.430	0.435
22:00:48	34.6	0.470	0.448	0.437	0.461	0.481	0.449	0.460	0.444	0.445	0.446	0.463	0.453	0.449	0.454	0.464	0.452	0.470	0.446	0.471	0.459	0.383	0.391	0.372	0.354	0.437	0.457	0.461	0.449	0.435	0.439	0.456	0.462	0.460	0.478	0.468	0.447	0.210	0.222	0.230	0.233	0.461	0.489	0.454	0.479	0.223	0.224	0.227	0.237	0.275	0.293	0.279	0.278	0.451	0.461	0.451	0.462	0.448	0.434	0.445	0.436	0.203	0.234	0.221	0.449	0.465	0.477	0.279	0.274	0.291	0.464	0.452	0.453	0.433	0.434	0.446	0.366	0.343	0.361	0.454	0.443	0.446	0.456	0.449	0.463	0.445	0.450	0.445	0.440	0.444	0.448	0.478	0.444	0.440	0.445	0.436	0.441
23:00:50	34.4	0.478	0.458	0.446	0.463	0.491	0.458	0.467	0.452	0.452	0.453	0.466	0.458	0.454	0.456	0.468	0.454	0.475	0.450	0.476	0.463	0.386	0.397	0.376	0.354	0.443	0.463	0.467	0.454	0.440	0.444	0.462	0.467	0.466	0.484	0.472	0.454	0.211	0.227	0.235	0.240	0.465	0.494	0.459	0.485	0.229	0.230	0.233	0.243	0.279	0.299	0.284	0.281	0.456	0.466	0.456	0.467	0.452	0.440	0.450	0.445	0.206	0.240	0.225	0.453	0.470	0.483	0.284	0.279	0.296	0.470	0.456	0.458	0.438	0.439	0.450	0.370	0.348	0.367	0.460	0.449	0.451	0.461	0.453	0.468	0.453	0.457	0.450	0.446	0.449	0.452	0.481	0.449	0.445	0.449	0.441	0.447
0:00:00																																																																																																	

Results
	1	2	3	4	5	6	7	8	9	10	11	12
A	0.388	0.390	0.376	0.403	0.388	0.392	0.390	0.380	0.388	0.383	0.405	0.408	Max V [600]
	0.999	0.999	0.999	0.999	1.000	1.000	1.000	1.000	1.000	1.000	1.000	1.000	R-Squared [600]
	7:00:39	7:00:39	7:00:39	7:00:39	7:00:39	7:00:39	7:00:39	7:00:39	7:00:39	7:00:39	7:00:39	7:00:39	t at Max V [600]
	2:54:22	3:00:51	2:49:09	2:50:05	3:03:50	2:49:53	2:54:36	2:54:23	2:54:18	2:49:03	3:06:49	2:52:18	Lagtime [600]
B	0.378	0.386	0.401	0.391	0.398	0.392	0.398	0.389	0.196	0.237	0.209	0.190	Max V [600]
	0.999	1.000	0.999	0.999	0.999	0.999	0.999	0.999	1.000	1.000	1.000	1.000	R-Squared [600]
	7:00:39	7:00:39	7:00:39	7:00:39	7:00:39	7:00:39	7:00:39	7:00:39	10:00:41	10:00:41	10:00:41	10:00:41	t at Max V [600]
	3:47:59	3:02:27	3:05:49	3:14:28	3:06:04	3:02:44	3:03:52	3:13:06	3:50:20	3:42:30	3:44:44	3:35:34	Lagtime [600]
C	0.365	0.386	0.379	0.366	0.355	0.351	0.368	0.371	0.384	0.392	0.393	0.394	Max V [600]
	1.000	1.000	1.000	0.999	0.999	1.000	1.000	0.999	0.999	0.999	1.000	1.000	R-Squared [600]
	7:00:39	7:00:39	7:00:39	7:00:39	7:00:39	7:00:39	7:00:39	7:00:39	7:00:39	7:00:39	7:00:39	7:00:39	t at Max V [600]
	2:57:48	2:57:48	2:58:16	2:52:30	2:55:05	2:49:39	2:50:29	2:59:37	3:00:39	3:09:00	2:53:16	2:52:52	Lagtime [600]
D	0.045	0.075	0.076	0.103	0.385	0.390	0.379	0.395	0.091	0.076	0.090	0.109	Max V [600]
	0.994	0.971	0.976	0.987	0.999	0.999	0.999	0.999	0.972	0.937	0.981	0.992	R-Squared [600]
	2:00:35	21:00:48	21:00:48	21:00:48	7:00:39	8:00:39	7:00:39	8:00:39	21:00:48	21:00:48	21:00:48	21:00:48	t at Max V [600]
	?????	15:19:23	15:33:37	14:50:05	3:12:19	3:15:54	3:05:14	3:18:03	15:31:20	14:51:28	15:14:25	14:35:04	Lagtime [600]
E	0.116	0.122	0.125	0.108	0.374	0.376	0.373	0.380	0.380	0.367	0.376	0.390	Max V [600]
	1.000	0.997	0.998	0.998	0.999	0.999	0.999	0.999	0.999	0.999	0.999	0.999	R-Squared [600]
	8:00:39	8:00:39	8:00:39	8:00:39	7:00:39	7:00:39	7:00:39	7:00:39	8:00:39	7:00:39	7:00:39	7:00:39	t at Max V [600]
	2:29:01	2:13:24	2:33:47	2:03:23	3:14:27	3:12:53	3:09:24	3:05:52	3:15:50	3:03:06	3:03:57	3:00:33	Lagtime [600]
F	0.045	0.098	0.055	0.380	0.383	0.400	0.112	0.095	0.113	0.393	0.385	0.394	Max V [600]
	0.933	0.980	0.955	1.000	1.000	1.000	0.994	0.998	0.998	0.999	0.999	0.999	R-Squared [600]
	21:00:48	21:00:48	21:00:48	8:00:39	8:00:39	8:00:39	8:00:39	7:00:39	8:00:39	8:00:39	8:00:39	7:00:39	t at Max V [600]
	14:09:36	15:11:20	14:58:32	3:26:15	3:31:48	3:29:18	2:15:27	1:37:12	2:15:05	3:15:35	3:11:20	3:03:23	Lagtime [600]
G	0.371	0.370	0.376	0.195	0.177	0.193	0.366	0.361	0.366	0.376	0.386	0.381	Max V [600]
	0.999	0.999	1.000	1.000	0.999	1.000	0.999	0.999	1.000	0.999	0.999	1.000	R-Squared [600]
	7:00:39	8:00:39	8:00:39	11:00:41	11:00:41	10:00:41	7:00:39	7:00:39	7:00:39	7:00:39	7:00:39	7:00:39	t at Max V [600]
	3:05:30	3:10:11	3:25:29	4:00:46	4:27:17	4:10:43	3:10:00	3:03:32	3:03:03	3:10:10	3:04:53	3:03:48	Lagtime [600]
H	0.379	0.384	0.382	0.379	0.373	0.386	0.366	0.379	0.382	0.385	0.376	0.386	Max V [600]
	1.000	1.000	1.000	0.999	0.999	0.999	1.000	1.000	1.000	1.000	1.000	0.999	R-Squared [600]
	7:00:39	7:00:39	7:00:39	7:00:39	7:00:39	7:00:39	7:00:39	7:00:39	7:00:39	7:00:39	7:00:39	7:00:39	t at Max V [600]
	3:01:07	3:05:48	3:08:43	3:09:18	3:10:56	3:05:09	2:53:33	2:54:41	2:57:49	2:56:32	2:54:38	2:49:12	Lagtime [600]

