
Software Version	3.11.19



Experiment File Path:	C:\Users\patil-group\Desktop\Sweeteners_stacker\301121_NT5071_72_74_Rep3\NT5071_72_74_Rep3.xpt
Protocol File Path:	C:\Users\Public\Documents\Protocols\Screening-protocol.prt



Plate Number	Plate 14
Date	30/11/2021
Time	13:10:59
Reader Type:	Epoch 2
Reader Serial Number:	2103223
Reading Type	Reader

Procedure Details

Plate Type	96 WELL PLATE
Discontinuous Kinetics	Runtime 1:00:00 (D:HH:MM), Interval 0:01:00, 25 Reads
	Pause after each run
Eject plate on completion	
Shake	Linear: 0:00:30 (HH:MM:SS)
	Frequency: 567 cpm (3 mm)
Read	Absorbance Endpoint
	Full Plate
	Wavelengths:  600
	Read Speed: Normal,  Delay: 100 msec,  Measurements/Data Point: 8

600

Time	T° 600	A1	A2	A3	A4	A5	A6	A7	A8	A9	A10	A11	A12	B1	B2	B3	B4	B5	B6	B7	B8	B9	B10	B11	B12	C1	C2	C3	C4	C5	C6	C7	C8	C9	C10	C11	C12	D1	D2	D3	D4	D5	D6	D7	D8	D9	D10	D11	D12	E1	E2	E3	E4	E5	E6	E7	E8	E9	E10	E11	E12	F1	F2	F3	F4	F5	F6	F7	F8	F9	F10	F11	F12	G1	G2	G3	G4	G5	G6	G7	G8	G9	G10	G11	G12	H1	H2	H3	H4	H5	H6	H7	H8	H9	H10	H11	H12
0:00:34	34.2	0.191	0.182	0.191	0.200	0.185	0.191	0.186	0.185	0.182	0.184	0.183	0.187	0.185	0.184	0.188	0.188	0.181	0.184	0.185	0.182	0.191	0.182	0.183	0.188	0.183	0.186	0.186	0.184	0.185	0.184	0.185	0.189	0.180	0.182	0.182	0.184	0.183	0.184	0.184	0.185	0.195	0.191	0.179	0.182	0.181	0.180	0.181	0.183	0.182	0.183	0.185	0.192	0.193	0.192	0.184	0.182	0.183	0.182	0.187	0.186	0.185	0.181	0.182	0.178	0.192	0.185	0.182	0.179	0.180	0.182	0.186	0.185	0.182	0.187	0.184	0.189	0.187	0.183	0.184	0.181	0.182	0.185	0.187	0.186	0.180	0.182	0.179	0.177	0.178	0.179	0.183	0.186	0.185	0.179	0.183	0.187
1:00:35	34.5	0.195	0.186	0.194	0.199	0.188	0.195	0.188	0.188	0.186	0.186	0.203	0.188	0.188	0.188	0.192	0.192	0.185	0.189	0.189	0.186	0.194	0.185	0.186	0.191	0.187	0.190	0.190	0.188	0.189	0.188	0.190	0.192	0.184	0.185	0.185	0.206	0.186	0.188	0.188	0.189	0.198	0.195	0.183	0.185	0.184	0.182	0.184	0.210	0.186	0.186	0.191	0.194	0.196	0.195	0.187	0.185	0.185	0.185	0.189	0.204	0.189	0.184	0.186	0.181	0.195	0.189	0.185	0.181	0.183	0.185	0.190	0.188	0.186	0.190	0.188	0.193	0.191	0.186	0.187	0.184	0.186	0.188	0.191	0.189	0.184	0.185	0.182	0.180	0.180	0.183	0.185	0.189	0.188	0.183	0.189	0.191
2:00:35	34.6	0.200	0.191	0.199	0.202	0.194	0.200	0.193	0.193	0.190	0.190	0.209	0.193	0.193	0.193	0.198	0.197	0.190	0.194	0.194	0.191	0.199	0.189	0.190	0.196	0.192	0.196	0.195	0.193	0.194	0.194	0.194	0.196	0.188	0.189	0.189	0.205	0.191	0.193	0.193	0.193	0.202	0.199	0.187	0.189	0.188	0.187	0.189	0.202	0.191	0.192	0.204	0.198	0.200	0.199	0.191	0.189	0.190	0.189	0.192	0.202	0.195	0.189	0.191	0.186	0.199	0.199	0.189	0.185	0.188	0.189	0.194	0.193	0.191	0.196	0.193	0.198	0.195	0.192	0.192	0.189	0.191	0.193	0.195	0.194	0.189	0.190	0.187	0.185	0.185	0.188	0.190	0.194	0.193	0.188	0.200	0.197
3:00:35	34.6	0.209	0.199	0.207	0.209	0.202	0.208	0.201	0.202	0.196	0.197	0.216	0.202	0.201	0.202	0.205	0.205	0.197	0.203	0.201	0.197	0.206	0.196	0.197	0.204	0.201	0.204	0.202	0.201	0.201	0.201	0.200	0.202	0.195	0.195	0.198	0.213	0.197	0.200	0.199	0.199	0.209	0.206	0.194	0.196	0.195	0.193	0.195	0.211	0.198	0.199	0.215	0.204	0.206	0.205	0.195	0.194	0.195	0.195	0.199	0.210	0.201	0.196	0.198	0.193	0.205	0.205	0.195	0.192	0.194	0.196	0.200	0.200	0.200	0.204	0.201	0.205	0.202	0.200	0.200	0.196	0.199	0.199	0.202	0.202	0.195	0.197	0.195	0.192	0.193	0.196	0.197	0.202	0.200	0.196	0.198	0.205
4:00:36	34.6	0.223	0.212	0.219	0.221	0.214	0.221	0.213	0.213	0.206	0.210	0.226	0.215	0.214	0.215	0.217	0.217	0.208	0.215	0.211	0.208	0.217	0.207	0.209	0.217	0.214	0.216	0.213	0.212	0.213	0.212	0.210	0.212	0.205	0.205	0.206	0.226	0.206	0.211	0.210	0.208	0.218	0.217	0.203	0.205	0.205	0.202	0.206	0.224	0.210	0.210	0.226	0.213	0.216	0.214	0.201	0.202	0.205	0.205	0.208	0.222	0.213	0.207	0.208	0.202	0.215	0.214	0.204	0.201	0.204	0.205	0.210	0.212	0.211	0.217	0.213	0.216	0.212	0.211	0.210	0.208	0.210	0.210	0.212	0.213	0.206	0.206	0.207	0.204	0.204	0.208	0.206	0.213	0.212	0.208	0.210	0.219
5:00:37	34.6	0.239	0.229	0.236	0.237	0.230	0.237	0.229	0.229	0.220	0.226	0.242	0.233	0.231	0.231	0.234	0.233	0.223	0.232	0.226	0.223	0.232	0.222	0.224	0.234	0.230	0.232	0.228	0.228	0.227	0.227	0.224	0.226	0.220	0.220	0.221	0.246	0.219	0.226	0.224	0.222	0.231	0.232	0.217	0.219	0.218	0.216	0.220	0.240	0.225	0.224	0.242	0.226	0.229	0.227	0.210	0.213	0.219	0.219	0.222	0.237	0.228	0.222	0.222	0.216	0.228	0.228	0.218	0.215	0.218	0.219	0.224	0.228	0.228	0.233	0.229	0.230	0.227	0.227	0.225	0.222	0.226	0.225	0.227	0.227	0.221	0.222	0.223	0.219	0.219	0.224	0.221	0.228	0.226	0.223	0.227	0.236
6:00:37	34.6	0.261	0.249	0.256	0.256	0.250	0.257	0.248	0.249	0.238	0.246	0.262	0.255	0.251	0.252	0.253	0.251	0.241	0.252	0.244	0.241	0.250	0.240	0.243	0.255	0.251	0.252	0.247	0.246	0.245	0.245	0.241	0.243	0.238	0.237	0.238	0.269	0.238	0.244	0.242	0.239	0.247	0.249	0.233	0.235	0.236	0.233	0.237	0.280	0.244	0.242	0.259	0.242	0.246	0.243	0.223	0.227	0.236	0.236	0.238	0.256	0.248	0.241	0.240	0.233	0.245	0.246	0.235	0.232	0.235	0.236	0.241	0.246	0.248	0.254	0.248	0.249	0.244	0.245	0.243	0.240	0.243	0.243	0.243	0.245	0.241	0.241	0.242	0.238	0.238	0.242	0.239	0.246	0.245	0.243	0.248	0.258
7:00:38	34.6	0.285	0.273	0.280	0.279	0.273	0.281	0.272	0.273	0.260	0.270	0.283	0.280	0.275	0.276	0.275	0.274	0.263	0.276	0.265	0.263	0.273	0.263	0.266	0.280	0.275	0.275	0.270	0.269	0.267	0.268	0.263	0.264	0.259	0.259	0.260	0.292	0.259	0.266	0.263	0.259	0.267	0.270	0.254	0.256	0.256	0.253	0.259	0.304	0.267	0.265	0.281	0.263	0.267	0.262	0.238	0.241	0.256	0.256	0.258	0.279	0.270	0.263	0.262	0.254	0.265	0.267	0.256	0.252	0.256	0.257	0.262	0.269	0.273	0.279	0.271	0.271	0.266	0.268	0.264	0.261	0.265	0.266	0.264	0.267	0.263	0.264	0.265	0.261	0.261	0.266	0.261	0.269	0.268	0.266	0.270	0.282
8:00:39	34.6	0.311	0.299	0.305	0.305	0.299	0.307	0.296	0.299	0.285	0.295	0.304	0.306	0.300	0.300	0.299	0.299	0.288	0.301	0.290	0.287	0.298	0.287	0.292	0.306	0.301	0.301	0.295	0.294	0.291	0.293	0.288	0.287	0.283	0.282	0.284	0.318	0.281	0.291	0.287	0.282	0.291	0.293	0.277	0.278	0.280	0.277	0.282	0.333	0.292	0.289	0.305	0.285	0.290	0.284	0.255	0.258	0.280	0.280	0.282	0.312	0.295	0.288	0.287	0.278	0.288	0.290	0.279	0.275	0.280	0.280	0.287	0.292	0.298	0.305	0.296	0.296	0.290	0.291	0.288	0.285	0.289	0.288	0.287	0.291	0.285	0.285	0.290	0.287	0.286	0.290	0.286	0.294	0.293	0.290	0.295	0.308
9:00:40	34.6	0.335	0.323	0.330	0.329	0.324	0.332	0.321	0.324	0.309	0.317	0.327	0.330	0.324	0.324	0.323	0.322	0.313	0.328	0.315	0.311	0.323	0.312	0.318	0.331	0.326	0.327	0.320	0.320	0.315	0.318	0.313	0.312	0.308	0.305	0.307	0.345	0.302	0.316	0.312	0.307	0.316	0.318	0.301	0.303	0.303	0.301	0.306	0.362	0.316	0.314	0.332	0.310	0.314	0.308	0.270	0.277	0.304	0.304	0.305	0.335	0.320	0.314	0.312	0.303	0.311	0.315	0.305	0.299	0.303	0.303	0.322	0.316	0.323	0.332	0.322	0.322	0.315	0.316	0.312	0.310	0.314	0.312	0.311	0.315	0.307	0.307	0.315	0.313	0.311	0.316	0.311	0.321	0.317	0.314	0.320	0.332
10:00:40	34.6	0.355	0.344	0.351	0.349	0.346	0.355	0.342	0.346	0.331	0.338	0.346	0.351	0.344	0.344	0.345	0.344	0.337	0.350	0.337	0.333	0.347	0.334	0.341	0.352	0.347	0.349	0.344	0.344	0.338	0.342	0.338	0.335	0.330	0.328	0.328	0.377	0.322	0.339	0.335	0.330	0.338	0.340	0.324	0.325	0.326	0.324	0.328	0.381	0.338	0.337	0.355	0.333	0.336	0.331	0.285	0.294	0.326	0.327	0.327	0.356	0.342	0.337	0.336	0.327	0.334	0.339	0.329	0.322	0.325	0.326	0.402	0.338	0.345	0.356	0.346	0.347	0.338	0.339	0.335	0.333	0.336	0.334	0.334	0.336	0.328	0.327	0.337	0.336	0.335	0.337	0.334	0.344	0.340	0.334	0.341	0.353
11:00:40	34.6	0.372	0.361	0.370	0.367	0.366	0.374	0.360	0.364	0.351	0.355	0.363	0.369	0.362	0.363	0.365	0.363	0.358	0.370	0.358	0.353	0.370	0.353	0.360	0.370	0.366	0.370	0.364	0.366	0.358	0.362	0.359	0.356	0.349	0.347	0.347	0.394	0.339	0.361	0.356	0.350	0.358	0.360	0.345	0.346	0.346	0.344	0.348	0.400	0.357	0.357	0.377	0.353	0.357	0.351	0.300	0.310	0.345	0.347	0.347	0.376	0.362	0.356	0.357	0.348	0.354	0.361	0.351	0.342	0.346	0.345	0.501	0.356	0.364	0.378	0.365	0.369	0.359	0.359	0.354	0.353	0.356	0.353	0.354	0.355	0.345	0.345	0.356	0.357	0.354	0.357	0.353	0.365	0.359	0.352	0.363	0.371
12:00:41	34.6	0.386	0.377	0.385	0.383	0.382	0.391	0.376	0.379	0.368	0.370	0.377	0.384	0.377	0.378	0.382	0.379	0.376	0.388	0.376	0.370	0.393	0.371	0.378	0.386	0.382	0.388	0.382	0.384	0.375	0.380	0.379	0.375	0.367	0.364	0.363	0.409	0.354	0.388	0.376	0.369	0.376	0.377	0.363	0.364	0.363	0.363	0.365	0.419	0.374	0.374	0.396	0.372	0.375	0.369	0.313	0.324	0.363	0.365	0.365	0.392	0.379	0.374	0.376	0.367	0.372	0.380	0.371	0.360	0.364	0.363	0.560	0.373	0.380	0.398	0.385	0.388	0.377	0.376	0.371	0.371	0.372	0.370	0.371	0.371	0.360	0.360	0.372	0.375	0.371	0.374	0.370	0.384	0.376	0.368	0.375	0.386
13:00:42	34.6	0.399	0.390	0.399	0.396	0.395	0.406	0.389	0.392	0.383	0.383	0.390	0.397	0.390	0.391	0.397	0.393	0.392	0.404	0.391	0.385	0.428	0.386	0.394	0.400	0.397	0.402	0.399	0.402	0.391	0.397	0.397	0.391	0.382	0.379	0.377	0.422	0.367	0.422	0.392	0.385	0.392	0.391	0.380	0.379	0.379	0.379	0.380	0.432	0.388	0.389	0.413	0.388	0.391	0.386	0.324	0.335	0.379	0.381	0.379	0.407	0.394	0.389	0.393	0.384	0.389	0.397	0.390	0.375	0.379	0.378	0.592	0.387	0.394	0.415	0.401	0.406	0.393	0.392	0.387	0.387	0.387	0.384	0.387	0.385	0.372	0.374	0.387	0.392	0.386	0.388	0.385	0.400	0.391	0.381	0.395	0.399
14:00:43	34.6	0.410	0.402	0.411	0.407	0.407	0.416	0.401	0.404	0.396	0.394	0.401	0.408	0.402	0.403	0.410	0.405	0.405	0.418	0.403	0.398	0.452	0.399	0.407	0.412	0.409	0.415	0.412	0.418	0.405	0.411	0.413	0.406	0.394	0.393	0.389	0.434	0.378	0.442	0.406	0.399	0.405	0.405	0.394	0.393	0.392	0.394	0.393	0.444	0.400	0.402	0.427	0.404	0.404	0.400	0.334	0.345	0.391	0.394	0.393	0.420	0.406	0.403	0.407	0.399	0.402	0.412	0.406	0.389	0.393	0.392	0.617	0.400	0.407	0.430	0.415	0.422	0.406	0.404	0.399	0.401	0.399	0.397	0.401	0.398	0.384	0.387	0.400	0.407	0.400	0.401	0.399	0.413	0.403	0.392	0.400	0.411
15:00:43	34.6	0.419	0.413	0.422	0.417	0.418	0.426	0.411	0.414	0.408	0.405	0.411	0.418	0.411	0.413	0.421	0.415	0.416	0.430	0.415	0.409	0.477	0.411	0.420	0.423	0.420	0.427	0.424	0.431	0.416	0.424	0.428	0.418	0.406	0.403	0.399	0.445	0.389	0.471	0.418	0.411	0.417	0.416	0.408	0.405	0.404	0.407	0.405	0.455	0.412	0.414	0.440	0.416	0.416	0.412	0.341	0.354	0.403	0.406	0.405	0.432	0.417	0.415	0.420	0.411	0.413	0.425	0.420	0.400	0.405	0.403	0.641	0.411	0.418	0.445	0.428	0.436	0.417	0.415	0.411	0.412	0.410	0.409	0.413	0.409	0.395	0.398	0.411	0.420	0.412	0.413	0.410	0.424	0.414	0.402	0.411	0.421
16:00:44	34.6	0.428	0.421	0.431	0.427	0.426	0.436	0.421	0.424	0.418	0.414	0.420	0.427	0.420	0.423	0.431	0.425	0.426	0.440	0.425	0.420	0.530	0.421	0.430	0.432	0.430	0.437	0.434	0.442	0.426	0.434	0.442	0.430	0.417	0.414	0.409	0.454	0.398	0.524	0.429	0.421	0.426	0.425	0.419	0.416	0.414	0.417	0.416	0.464	0.421	0.424	0.451	0.428	0.426	0.423	0.348	0.361	0.413	0.416	0.415	0.442	0.427	0.426	0.431	0.422	0.424	0.437	0.433	0.411	0.416	0.414	0.667	0.421	0.429	0.457	0.439	0.449	0.427	0.424	0.421	0.423	0.420	0.418	0.425	0.419	0.404	0.408	0.422	0.432	0.422	0.423	0.421	0.435	0.424	0.411	0.431	0.430
17:00:45	34.6	0.435	0.430	0.439	0.436	0.435	0.444	0.431	0.433	0.427	0.421	0.427	0.436	0.429	0.432	0.440	0.434	0.436	0.449	0.434	0.429	0.565	0.430	0.440	0.442	0.440	0.446	0.445	0.453	0.435	0.443	0.453	0.440	0.426	0.423	0.417	0.463	0.407	0.550	0.438	0.431	0.435	0.434	0.428	0.426	0.424	0.428	0.425	0.474	0.431	0.434	0.461	0.438	0.434	0.433	0.355	0.369	0.423	0.427	0.425	0.451	0.436	0.435	0.440	0.433	0.434	0.447	0.444	0.421	0.425	0.424	0.694	0.430	0.439	0.469	0.449	0.460	0.436	0.433	0.431	0.432	0.429	0.428	0.435	0.427	0.412	0.417	0.432	0.444	0.433	0.433	0.431	0.444	0.433	0.419	0.440	0.438
18:00:46	34.6	0.443	0.438	0.447	0.442	0.443	0.453	0.438	0.441	0.435	0.429	0.434	0.445	0.436	0.440	0.449	0.443	0.444	0.458	0.443	0.439	0.579	0.440	0.449	0.450	0.446	0.454	0.453	0.463	0.444	0.452	0.465	0.449	0.435	0.432	0.424	0.471	0.414	0.563	0.447	0.440	0.442	0.441	0.437	0.435	0.433	0.437	0.433	0.482	0.438	0.443	0.470	0.447	0.442	0.441	0.360	0.375	0.432	0.435	0.434	0.461	0.444	0.444	0.448	0.442	0.442	0.455	0.456	0.430	0.434	0.433	0.724	0.438	0.447	0.480	0.459	0.472	0.445	0.441	0.439	0.441	0.438	0.436	0.444	0.435	0.421	0.426	0.440	0.455	0.442	0.442	0.440	0.452	0.442	0.426	0.437	0.446
19:00:46	34.6	0.449	0.444	0.454	0.450	0.450	0.460	0.445	0.447	0.443	0.436	0.440	0.453	0.442	0.447	0.456	0.449	0.451	0.466	0.450	0.446	0.593	0.447	0.457	0.457	0.454	0.462	0.461	0.471	0.452	0.459	0.475	0.458	0.442	0.440	0.431	0.478	0.421	0.577	0.454	0.447	0.449	0.448	0.445	0.444	0.441	0.446	0.441	0.488	0.445	0.450	0.477	0.455	0.450	0.449	0.365	0.380	0.440	0.443	0.442	0.468	0.451	0.453	0.456	0.450	0.450	0.464	0.465	0.438	0.442	0.440	0.756	0.446	0.456	0.490	0.468	0.481	0.453	0.448	0.447	0.448	0.445	0.444	0.452	0.442	0.428	0.434	0.448	0.465	0.451	0.450	0.449	0.460	0.449	0.432	0.450	0.453
20:00:48	34.6	0.454	0.451	0.460	0.455	0.457	0.467	0.451	0.454	0.451	0.441	0.447	0.458	0.448	0.453	0.463	0.456	0.459	0.474	0.457	0.454	0.605	0.454	0.464	0.464	0.460	0.469	0.468	0.480	0.458	0.466	0.486	0.466	0.450	0.446	0.438	0.484	0.428	0.589	0.462	0.454	0.455	0.455	0.452	0.451	0.449	0.453	0.448	0.495	0.451	0.458	0.484	0.464	0.457	0.456	0.370	0.385	0.447	0.450	0.449	0.475	0.458	0.460	0.464	0.458	0.457	0.471	0.475	0.444	0.449	0.447	0.789	0.452	0.462	0.499	0.477	0.491	0.460	0.455	0.454	0.457	0.452	0.451	0.460	0.447	0.436	0.442	0.456	0.474	0.459	0.458	0.457	0.467	0.456	0.439	0.450	0.459
21:00:48	34.6	0.458	0.456	0.466	0.461	0.464	0.473	0.457	0.460	0.458	0.446	0.453	0.464	0.453	0.459	0.469	0.462	0.464	0.479	0.463	0.460	0.613	0.460	0.470	0.470	0.466	0.475	0.475	0.487	0.464	0.472	0.495	0.473	0.455	0.452	0.443	0.489	0.434	0.595	0.467	0.460	0.461	0.460	0.459	0.457	0.455	0.460	0.455	0.501	0.456	0.464	0.490	0.471	0.463	0.462	0.374	0.389	0.454	0.457	0.456	0.481	0.464	0.467	0.470	0.464	0.463	0.477	0.484	0.451	0.456	0.453	0.823	0.458	0.469	0.507	0.485	0.500	0.466	0.461	0.461	0.462	0.458	0.457	0.466	0.452	0.442	0.449	0.462	0.484	0.466	0.465	0.464	0.473	0.462	0.444	0.455	0.465
22:00:48	34.6	0.464	0.461	0.471	0.467	0.468	0.479	0.462	0.466	0.464	0.453	0.460	0.468	0.458	0.466	0.476	0.468	0.471	0.486	0.470	0.467	0.622	0.467	0.477	0.476	0.471	0.482	0.482	0.494	0.470	0.479	0.506	0.480	0.462	0.459	0.449	0.496	0.439	0.605	0.473	0.467	0.468	0.466	0.466	0.464	0.461	0.467	0.462	0.508	0.461	0.471	0.496	0.478	0.470	0.469	0.378	0.393	0.460	0.464	0.463	0.488	0.470	0.473	0.476	0.471	0.470	0.484	0.493	0.457	0.463	0.460	0.856	0.464	0.476	0.514	0.492	0.509	0.473	0.467	0.468	0.469	0.465	0.463	0.472	0.458	0.448	0.456	0.467	0.492	0.472	0.472	0.472	0.480	0.468	0.450	0.460	0.471
23:00:49	34.4	0.468	0.464	0.476	0.471	0.472	0.483	0.467	0.470	0.469	0.457	0.459	0.472	0.461	0.471	0.482	0.473	0.476	0.491	0.475	0.472	0.630	0.473	0.483	0.479	0.476	0.488	0.488	0.501	0.475	0.484	0.514	0.485	0.467	0.464	0.453	0.498	0.444	0.616	0.478	0.471	0.473	0.470	0.471	0.469	0.466	0.473	0.467	0.511	0.466	0.476	0.503	0.483	0.475	0.474	0.381	0.397	0.466	0.469	0.468	0.492	0.473	0.478	0.481	0.477	0.475	0.490	0.501	0.463	0.469	0.465	0.883	0.469	0.481	0.522	0.499	0.518	0.479	0.473	0.474	0.474	0.470	0.469	0.477	0.461	0.453	0.463	0.473	0.501	0.479	0.477	0.478	0.485	0.473	0.455	0.465	0.474
0:00:00																																																																																																	

Results
	1	2	3	4	5	6	7	8	9	10	11	12
A	0.402	0.398	0.402	0.394	0.408	0.413	0.395	0.407	0.392	0.385	0.353	0.410	Max V [600]
	0.999	0.999	0.999	0.999	1.000	0.999	0.999	0.999	0.999	0.999	1.000	0.999	R-Squared [600]
	7:00:39	7:00:39	8:00:39	8:00:39	8:00:39	8:00:39	8:00:39	8:00:39	8:00:39	8:00:39	8:00:39	7:00:39	t at Max V [600]
	3:04:37	3:08:40	3:18:44	3:38:44	3:22:42	3:20:57	3:23:09	3:23:20	3:38:11	3:16:15	2:16:56	3:12:56	Lagtime [600]
B	0.393	0.388	0.385	0.388	0.404	0.414	0.393	0.390	0.586	0.394	0.409	0.407	Max V [600]
	0.999	0.999	1.000	1.000	1.000	0.999	0.999	1.000	0.977	1.000	0.999	0.999	R-Squared [600]
	8:00:39	7:00:39	8:00:39	8:00:39	8:00:39	8:00:39	8:00:39	8:00:39	15:00:44	8:00:39	8:00:39	7:00:39	t at Max V [600]
	3:12:18	3:01:46	3:11:57	3:16:02	3:34:53	3:16:26	3:33:14	3:32:10	6:29:01	3:34:32	3:34:56	3:11:00	Lagtime [600]
C	0.405	0.411	0.406	0.410	0.391	0.407	0.406	0.389	0.389	0.382	0.378	0.447	Max V [600]
	0.999	0.999	1.000	1.000	1.000	1.000	0.999	0.999	1.000	1.000	0.999	0.997	R-Squared [600]
	8:00:39	8:00:39	8:00:39	8:00:39	8:00:39	8:00:39	8:00:39	9:00:39	8:00:39	8:00:39	8:00:39	8:00:39	t at Max V [600]
	3:13:06	3:21:22	3:30:32	3:29:56	3:29:42	3:32:50	3:46:01	3:47:17	3:35:21	3:38:23	3:31:24	2:55:56	Lagtime [600]
D	0.349	0.562	0.394	0.385	0.384	0.383	0.384	0.377	0.379	0.381	0.382	0.492	Max V [600]
	1.000	0.974	0.999	0.999	0.999	0.999	1.000	0.999	0.999	0.999	1.000	0.995	R-Squared [600]
	8:00:39	15:00:44	8:00:39	8:00:39	8:00:39	8:00:39	9:00:39	9:00:39	8:00:39	8:00:39	8:00:39	7:00:39	t at Max V [600]
	3:21:15	6:10:21	3:37:30	3:43:49	3:48:59	3:30:36	3:46:33	3:43:41	3:39:05	3:44:06	3:33:33	2:56:43	Lagtime [600]
E	0.392	0.397	0.405	0.381	0.378	0.376	0.261	0.290	0.378	0.381	0.372	0.429	Max V [600]
	0.999	1.000	0.999	0.999	0.999	0.999	1.000	0.999	0.999	0.999	0.999	0.995	R-Squared [600]
	8:00:39	8:00:39	8:00:39	9:00:39	8:00:39	9:00:39	8:00:39	9:00:39	8:00:39	9:00:39	8:00:39	8:00:39	t at Max V [600]
	3:22:35	3:31:43	3:00:10	3:53:39	3:43:27	3:54:32	3:31:30	3:38:04	3:42:41	3:44:45	3:45:08	3:17:27	Lagtime [600]
F	0.400	0.403	0.402	0.395	0.374	0.394	0.401	0.379	0.380	0.377	1.206	0.386	Max V [600]
	0.999	1.000	0.999	0.999	0.999	1.000	0.999	0.999	0.999	0.999	0.980	1.000	R-Squared [600]
	8:00:39	8:00:39	8:00:39	9:00:39	9:00:39	9:00:39	9:00:39	8:00:39	8:00:39	8:00:39	10:00:40	8:00:39	t at Max V [600]
	3:27:11	3:32:54	3:38:14	3:46:12	3:43:09	3:32:55	3:56:43	3:44:05	3:37:49	3:38:31	6:51:24	3:23:18	Lagtime [600]
G	0.406	0.430	0.410	0.411	0.393	0.392	0.387	0.394	0.390	0.377	0.381	0.383	Max V [600]
	0.999	1.000	1.000	0.999	1.000	1.000	1.000	0.999	1.000	1.000	0.999	1.000	R-Squared [600]
	8:00:39	8:00:39	8:00:39	8:00:39	8:00:39	8:00:39	8:00:39	8:00:39	8:00:39	8:00:39	8:00:39	8:00:39	t at Max V [600]
	3:17:52	3:24:50	3:26:49	3:37:56	3:38:17	3:22:20	3:30:58	3:33:49	3:24:43	3:24:48	3:36:54	3:28:25	Lagtime [600]
H	0.362	0.359	0.399	0.413	0.406	0.400	0.400	0.414	0.395	0.384	0.392	0.404	Max V [600]
	1.000	1.000	1.000	1.000	1.000	0.999	1.000	0.999	1.000	0.999	0.999	0.999	R-Squared [600]
	7:00:39	8:00:39	8:00:39	8:00:39	8:00:39	8:00:39	8:00:39	8:00:39	8:00:39	8:00:39	8:00:39	7:00:39	t at Max V [600]
	3:10:19	3:14:03	3:23:34	3:35:52	3:34:29	3:23:36	3:42:14	3:37:45	3:27:57	3:14:29	3:16:37	3:03:04	Lagtime [600]

