
Software Version	3.11.19



Experiment File Path:	C:\Users\patil-group\Desktop\Sweeteners_stacker\291121_NT5071_72_74_Rep2\NT5071_72_74_Rep2.xpt
Protocol File Path:	C:\Users\Public\Documents\Protocols\Screening-protocol.prt



Plate Number	Plate 5
Date	29/11/2021
Time	13:14:37
Reader Type:	Epoch 2
Reader Serial Number:	2103223
Reading Type	Reader

Procedure Details

Plate Type	96 WELL PLATE
Discontinuous Kinetics	Runtime 1:00:00 (D:HH:MM), Interval 0:01:00, 25 Reads
	Pause after each run
Eject plate on completion	
Shake	Linear: 0:00:30 (HH:MM:SS)
	Frequency: 567 cpm (3 mm)
Read	Absorbance Endpoint
	Full Plate
	Wavelengths:  600
	Read Speed: Normal,  Delay: 100 msec,  Measurements/Data Point: 8

600

Time	T° 600	A1	A2	A3	A4	A5	A6	A7	A8	A9	A10	A11	A12	B1	B2	B3	B4	B5	B6	B7	B8	B9	B10	B11	B12	C1	C2	C3	C4	C5	C6	C7	C8	C9	C10	C11	C12	D1	D2	D3	D4	D5	D6	D7	D8	D9	D10	D11	D12	E1	E2	E3	E4	E5	E6	E7	E8	E9	E10	E11	E12	F1	F2	F3	F4	F5	F6	F7	F8	F9	F10	F11	F12	G1	G2	G3	G4	G5	G6	G7	G8	G9	G10	G11	G12	H1	H2	H3	H4	H5	H6	H7	H8	H9	H10	H11	H12
0:00:34	34.1	0.186	0.197	0.187	0.180	0.178	0.179	0.186	0.181	0.188	0.188	0.180	0.185	0.188	0.195	0.186	0.182	0.184	0.183	0.182	0.184	0.180	0.179	0.179	0.186	0.182	0.183	0.185	0.181	0.199	0.186	0.184	0.182	0.183	0.181	0.180	0.185	0.183	0.182	0.182	0.183	0.185	0.180	0.180	0.183	0.180	0.187	0.183	0.188	0.180	0.181	0.184	0.184	0.181	0.178	0.176	0.178	0.179	0.182	0.184	0.190	0.193	0.183	0.183	0.189	0.187	0.185	0.187	0.187	0.192	0.181	0.183	0.185	0.187	0.183	0.189	0.181	0.182	0.193	0.193	0.184	0.179	0.188	0.179	0.184	0.185	0.183	0.198	0.178	0.185	0.181	0.185	0.212	0.186	0.182	0.189	0.201
1:00:35	34.5	0.227	0.239	0.228	0.216	0.218	0.219	0.221	0.220	0.229	0.231	0.220	0.225	0.228	0.229	0.222	0.217	0.218	0.219	0.214	0.213	0.214	0.209	0.211	0.221	0.218	0.213	0.215	0.209	0.228	0.210	0.207	0.206	0.208	0.207	0.209	0.221	0.217	0.210	0.208	0.209	0.213	0.205	0.203	0.208	0.204	0.214	0.216	0.222	0.211	0.207	0.209	0.209	0.206	0.203	0.198	0.201	0.203	0.207	0.213	0.220	0.227	0.213	0.211	0.218	0.214	0.210	0.211	0.210	0.218	0.209	0.214	0.219	0.222	0.215	0.216	0.207	0.208	0.217	0.218	0.211	0.208	0.216	0.209	0.215	0.224	0.220	0.228	0.208	0.217	0.212	0.217	0.238	0.220	0.217	0.227	0.238
2:00:36	34.5	0.361	0.367	0.356	0.347	0.352	0.347	0.342	0.338	0.347	0.355	0.345	0.358	0.365	0.358	0.340	0.336	0.330	0.347	0.323	0.316	0.322	0.309	0.317	0.333	0.337	0.329	0.325	0.318	0.332	0.311	0.303	0.302	0.311	0.303	0.308	0.340	0.339	0.320	0.318	0.323	0.331	0.313	0.297	0.309	0.307	0.316	0.324	0.340	0.326	0.312	0.312	0.315	0.310	0.318	0.290	0.295	0.307	0.306	0.319	0.320	0.358	0.339	0.334	0.325	0.334	0.322	0.313	0.322	0.331	0.322	0.323	0.335	0.355	0.345	0.333	0.314	0.321	0.326	0.321	0.322	0.328	0.321	0.315	0.327	0.363	0.356	0.345	0.331	0.346	0.354	0.351	0.374	0.354	0.336	0.365	0.373
3:00:37	34.5	0.490	0.504	0.491	0.485	0.496	0.478	0.481	0.480	0.482	0.490	0.485	0.480	0.514	0.518	0.493	0.490	0.477	0.504	0.477	0.471	0.484	0.471	0.467	0.466	0.483	0.494	0.494	0.493	0.504	0.490	0.476	0.477	0.489	0.475	0.468	0.482	0.500	0.494	0.492	0.508	0.516	0.496	0.466	0.493	0.487	0.490	0.486	0.486	0.480	0.481	0.480	0.492	0.486	0.497	0.454	0.460	0.472	0.474	0.476	0.471	0.510	0.500	0.507	0.503	0.499	0.481	0.466	0.490	0.488	0.476	0.477	0.473	0.510	0.516	0.496	0.479	0.482	0.487	0.472	0.476	0.487	0.473	0.464	0.464	0.522	0.510	0.501	0.489	0.501	0.517	0.507	0.531	0.510	0.486	0.506	0.505
4:00:37	34.5	0.541	0.546	0.537	0.532	0.533	0.523	0.524	0.520	0.531	0.536	0.530	0.534	0.560	0.567	0.541	0.538	0.527	0.549	0.527	0.521	0.532	0.517	0.516	0.524	0.532	0.543	0.544	0.543	0.555	0.535	0.525	0.527	0.536	0.525	0.516	0.534	0.545	0.543	0.544	0.554	0.567	0.545	0.520	0.542	0.541	0.542	0.532	0.535	0.529	0.533	0.531	0.545	0.543	0.555	0.511	0.516	0.528	0.532	0.527	0.523	0.561	0.555	0.558	0.555	0.546	0.536	0.524	0.549	0.541	0.530	0.529	0.526	0.556	0.560	0.542	0.523	0.534	0.540	0.524	0.535	0.532	0.522	0.508	0.514	0.571	0.552	0.544	0.539	0.551	0.563	0.550	0.563	0.550	0.528	0.551	0.554
5:00:38	34.5	0.575	0.576	0.568	0.564	0.563	0.555	0.556	0.551	0.567	0.568	0.564	0.571	0.591	0.597	0.575	0.572	0.560	0.581	0.559	0.556	0.566	0.554	0.553	0.563	0.567	0.575	0.575	0.575	0.591	0.571	0.555	0.560	0.568	0.558	0.553	0.569	0.576	0.573	0.574	0.583	0.596	0.576	0.555	0.568	0.577	0.576	0.565	0.573	0.565	0.565	0.565	0.574	0.576	0.583	0.544	0.549	0.563	0.564	0.563	0.559	0.593	0.587	0.588	0.588	0.576	0.567	0.558	0.574	0.575	0.563	0.562	0.562	0.587	0.588	0.574	0.551	0.564	0.569	0.556	0.561	0.564	0.555	0.538	0.547	0.600	0.583	0.578	0.573	0.582	0.590	0.576	0.590	0.580	0.561	0.582	0.587
6:00:39	34.5	0.612	0.611	0.600	0.596	0.596	0.588	0.591	0.587	0.604	0.604	0.602	0.611	0.624	0.628	0.609	0.604	0.593	0.615	0.593	0.590	0.600	0.590	0.591	0.603	0.603	0.609	0.606	0.606	0.621	0.604	0.585	0.592	0.599	0.590	0.587	0.607	0.610	0.606	0.604	0.611	0.624	0.605	0.584	0.598	0.611	0.609	0.599	0.610	0.600	0.599	0.598	0.604	0.604	0.612	0.573	0.577	0.595	0.594	0.597	0.594	0.627	0.618	0.620	0.620	0.603	0.602	0.588	0.601	0.606	0.596	0.596	0.598	0.626	0.619	0.606	0.579	0.596	0.600	0.588	0.592	0.595	0.589	0.569	0.580	0.637	0.618	0.614	0.609	0.617	0.624	0.609	0.627	0.617	0.597	0.618	0.623
7:00:39	34.5	0.652	0.649	0.635	0.631	0.634	0.626	0.627	0.626	0.645	0.643	0.643	0.654	0.663	0.665	0.647	0.642	0.631	0.650	0.629	0.627	0.638	0.628	0.630	0.644	0.642	0.647	0.642	0.642	0.658	0.638	0.622	0.626	0.637	0.627	0.625	0.647	0.650	0.644	0.639	0.646	0.657	0.639	0.617	0.633	0.646	0.645	0.637	0.649	0.639	0.637	0.635	0.637	0.639	0.644	0.604	0.608	0.629	0.630	0.633	0.632	0.665	0.658	0.657	0.656	0.636	0.636	0.623	0.634	0.642	0.631	0.632	0.637	0.666	0.658	0.643	0.611	0.631	0.634	0.623	0.630	0.632	0.626	0.603	0.614	0.681	0.660	0.655	0.649	0.656	0.663	0.645	0.664	0.655	0.636	0.658	0.663
8:00:39	34.5	0.694	0.690	0.674	0.669	0.675	0.668	0.667	0.665	0.686	0.685	0.685	0.698	0.704	0.704	0.688	0.682	0.672	0.690	0.668	0.667	0.679	0.669	0.671	0.687	0.685	0.689	0.681	0.682	0.696	0.679	0.657	0.665	0.676	0.665	0.664	0.688	0.691	0.684	0.677	0.683	0.694	0.679	0.655	0.673	0.683	0.685	0.679	0.692	0.681	0.677	0.675	0.676	0.677	0.682	0.638	0.642	0.670	0.669	0.673	0.673	0.707	0.698	0.696	0.697	0.672	0.675	0.661	0.673	0.682	0.671	0.672	0.678	0.709	0.698	0.685	0.646	0.672	0.671	0.661	0.669	0.675	0.667	0.639	0.651	0.727	0.705	0.698	0.691	0.699	0.704	0.684	0.706	0.694	0.678	0.701	0.705
9:00:40	34.5	0.738	0.732	0.714	0.709	0.717	0.711	0.710	0.708	0.731	0.729	0.726	0.742	0.746	0.747	0.733	0.726	0.716	0.736	0.713	0.711	0.723	0.713	0.713	0.731	0.728	0.733	0.724	0.725	0.739	0.722	0.702	0.709	0.721	0.711	0.707	0.732	0.734	0.729	0.719	0.725	0.737	0.723	0.698	0.716	0.726	0.727	0.724	0.737	0.726	0.722	0.720	0.719	0.720	0.725	0.673	0.677	0.716	0.713	0.717	0.714	0.751	0.744	0.741	0.740	0.714	0.718	0.704	0.718	0.727	0.715	0.716	0.721	0.755	0.741	0.730	0.682	0.716	0.715	0.703	0.712	0.718	0.710	0.676	0.689	0.773	0.749	0.744	0.737	0.744	0.750	0.728	0.750	0.740	0.722	0.746	0.749
10:00:40	34.5	0.782	0.773	0.755	0.749	0.759	0.754	0.751	0.750	0.773	0.771	0.766	0.784	0.789	0.789	0.777	0.769	0.759	0.780	0.754	0.752	0.767	0.757	0.756	0.773	0.772	0.778	0.765	0.769	0.783	0.765	0.746	0.751	0.766	0.753	0.751	0.776	0.777	0.772	0.760	0.767	0.779	0.765	0.741	0.758	0.768	0.770	0.767	0.780	0.769	0.766	0.763	0.765	0.764	0.767	0.710	0.713	0.761	0.755	0.761	0.755	0.795	0.790	0.784	0.785	0.755	0.761	0.748	0.760	0.770	0.758	0.759	0.764	0.800	0.785	0.772	0.718	0.759	0.758	0.745	0.755	0.759	0.753	0.714	0.726	0.817	0.792	0.786	0.782	0.787	0.795	0.771	0.793	0.784	0.765	0.788	0.791
11:00:40	34.5	0.813	0.808	0.791	0.786	0.797	0.791	0.788	0.785	0.809	0.805	0.801	0.819	0.827	0.829	0.817	0.809	0.798	0.822	0.793	0.793	0.805	0.795	0.793	0.810	0.810	0.820	0.805	0.810	0.824	0.806	0.787	0.793	0.807	0.793	0.789	0.813	0.816	0.813	0.801	0.808	0.821	0.806	0.783	0.801	0.809	0.811	0.807	0.817	0.808	0.807	0.805	0.806	0.805	0.808	0.745	0.746	0.803	0.797	0.801	0.792	0.832	0.831	0.824	0.828	0.797	0.802	0.790	0.802	0.812	0.799	0.801	0.801	0.836	0.825	0.813	0.754	0.799	0.799	0.786	0.795	0.800	0.793	0.751	0.762	0.855	0.828	0.824	0.820	0.824	0.833	0.809	0.832	0.823	0.803	0.825	0.825
12:00:40	34.5	0.844	0.838	0.821	0.817	0.829	0.823	0.820	0.817	0.841	0.838	0.831	0.851	0.859	0.861	0.852	0.844	0.832	0.855	0.827	0.828	0.839	0.828	0.825	0.843	0.844	0.855	0.839	0.847	0.859	0.842	0.822	0.828	0.843	0.830	0.822	0.844	0.849	0.848	0.834	0.842	0.855	0.846	0.819	0.837	0.844	0.846	0.846	0.851	0.842	0.843	0.842	0.845	0.842	0.845	0.778	0.779	0.839	0.831	0.836	0.825	0.867	0.865	0.858	0.865	0.834	0.840	0.825	0.838	0.848	0.833	0.835	0.834	0.868	0.858	0.847	0.783	0.836	0.834	0.820	0.831	0.836	0.829	0.783	0.794	0.887	0.860	0.855	0.853	0.857	0.864	0.843	0.865	0.859	0.836	0.858	0.858
13:00:41	34.5	0.873	0.868	0.850	0.846	0.859	0.853	0.851	0.848	0.873	0.869	0.859	0.881	0.890	0.893	0.884	0.876	0.865	0.887	0.859	0.859	0.870	0.861	0.856	0.875	0.873	0.887	0.871	0.879	0.893	0.876	0.854	0.861	0.875	0.860	0.854	0.876	0.879	0.881	0.866	0.874	0.887	0.877	0.852	0.867	0.877	0.879	0.878	0.883	0.874	0.876	0.876	0.878	0.877	0.879	0.805	0.805	0.874	0.865	0.868	0.855	0.902	0.900	0.894	0.898	0.868	0.875	0.861	0.873	0.883	0.867	0.868	0.864	0.900	0.889	0.881	0.810	0.868	0.868	0.855	0.865	0.871	0.862	0.812	0.822	0.918	0.890	0.890	0.886	0.890	0.896	0.876	0.896	0.892	0.868	0.890	0.887
14:00:42	34.5	0.902	0.895	0.878	0.874	0.888	0.883	0.881	0.876	0.902	0.897	0.886	0.910	0.919	0.922	0.916	0.908	0.896	0.919	0.891	0.892	0.901	0.892	0.886	0.904	0.903	0.920	0.904	0.909	0.925	0.907	0.885	0.894	0.909	0.892	0.883	0.905	0.910	0.913	0.897	0.905	0.919	0.910	0.884	0.897	0.910	0.910	0.911	0.912	0.904	0.911	0.908	0.913	0.908	0.911	0.831	0.830	0.905	0.899	0.900	0.884	0.931	0.932	0.926	0.931	0.901	0.909	0.893	0.906	0.916	0.899	0.899	0.893	0.929	0.920	0.912	0.836	0.900	0.898	0.888	0.898	0.903	0.895	0.840	0.848	0.949	0.919	0.918	0.917	0.922	0.927	0.904	0.926	0.923	0.897	0.920	0.914
15:00:42	34.5	0.935	0.922	0.906	0.902	0.916	0.912	0.909	0.905	0.930	0.925	0.913	0.936	0.947	0.952	0.947	0.940	0.926	0.950	0.922	0.922	0.931	0.921	0.914	0.933	0.932	0.951	0.934	0.943	0.957	0.940	0.916	0.924	0.938	0.924	0.913	0.934	0.940	0.945	0.928	0.937	0.951	0.940	0.916	0.929	0.942	0.944	0.942	0.941	0.934	0.942	0.939	0.944	0.943	0.944	0.856	0.854	0.938	0.931	0.930	0.912	0.959	0.965	0.959	0.964	0.935	0.942	0.926	0.938	0.946	0.933	0.932	0.922	0.958	0.951	0.945	0.862	0.931	0.930	0.919	0.929	0.935	0.927	0.867	0.873	0.977	0.948	0.947	0.946	0.949	0.959	0.932	0.955	0.954	0.927	0.949	0.941
16:00:42	34.5	0.954	0.947	0.932	0.927	0.942	0.937	0.935	0.931	0.955	0.951	0.938	0.961	0.972	0.976	0.974	0.968	0.953	0.976	0.949	0.948	0.958	0.949	0.940	0.960	0.958	0.977	0.961	0.970	0.984	0.969	0.945	0.952	0.966	0.951	0.940	0.959	0.966	0.972	0.956	0.965	0.979	0.970	0.948	0.956	0.970	0.972	0.967	0.966	0.961	0.970	0.968	0.972	0.973	0.971	0.880	0.876	0.966	0.960	0.958	0.938	0.984	0.993	0.989	0.994	0.963	0.972	0.953	0.967	0.975	0.961	0.959	0.948	0.984	0.979	0.973	0.885	0.960	0.958	0.947	0.956	0.961	0.954	0.891	0.897	1.002	0.971	0.974	0.974	0.974	0.983	0.959	0.982	0.979	0.952	0.975	0.966
17:00:43	34.5	0.975	0.969	0.956	0.952	0.963	0.960	0.959	0.954	0.980	0.973	0.960	0.982	0.995	0.999	0.999	0.992	0.978	1.001	0.974	0.973	0.983	0.973	0.965	0.983	0.982	1.002	0.984	0.995	1.008	0.993	0.970	0.979	0.991	0.975	0.964	0.982	0.989	0.997	0.980	0.991	1.003	0.994	0.974	0.980	0.995	0.996	0.991	0.988	0.985	0.993	0.995	0.997	0.998	0.997	0.901	0.897	0.988	0.983	0.982	0.961	1.005	1.016	1.017	1.018	0.989	0.999	0.978	0.991	1.002	0.986	0.984	0.971	1.007	1.004	0.997	0.907	0.985	0.983	0.971	0.980	0.985	0.977	0.914	0.919	1.022	0.994	0.996	0.998	1.000	1.006	0.981	1.004	1.002	0.976	0.996	0.988
18:00:43	34.6	0.996	0.989	0.976	0.973	0.984	0.980	0.980	0.975	1.000	0.993	0.978	1.000	1.015	1.021	1.020	1.013	1.000	1.024	0.995	0.995	1.004	0.994	0.988	1.003	1.002	1.024	1.007	1.018	1.031	1.017	0.994	1.002	1.012	0.997	0.986	1.003	1.010	1.019	1.001	1.014	1.028	1.018	0.996	1.002	1.017	1.017	1.012	1.008	1.007	1.015	1.017	1.020	1.021	1.022	0.920	0.916	1.012	1.007	1.004	0.983	1.027	1.039	1.038	1.041	1.013	1.024	1.002	1.015	1.024	1.009	1.005	0.992	1.028	1.026	1.018	0.929	1.008	1.005	0.994	1.001	1.006	0.999	0.936	0.940	1.042	1.014	1.018	1.018	1.020	1.026	1.002	1.026	1.023	0.996	1.016	1.007
19:00:44	34.6	1.012	1.007	0.996	0.992	1.001	0.999	0.998	0.993	1.018	1.011	0.995	1.016	1.032	1.039	1.039	1.032	1.019	1.042	1.015	1.014	1.024	1.012	1.006	1.021	1.020	1.042	1.026	1.037	1.051	1.037	1.014	1.022	1.030	1.016	1.004	1.021	1.028	1.036	1.021	1.034	1.049	1.038	1.018	1.019	1.037	1.038	1.030	1.026	1.026	1.034	1.037	1.038	1.041	1.044	0.940	0.935	1.034	1.027	1.022	1.001	1.043	1.058	1.056	1.063	1.032	1.044	1.023	1.035	1.043	1.029	1.024	1.010	1.045	1.045	1.039	0.947	1.026	1.025	1.012	1.021	1.025	1.017	0.954	0.959	1.058	1.033	1.036	1.036	1.036	1.044	1.021	1.042	1.040	1.013	1.033	1.024
20:00:44	34.5	1.028	1.022	1.011	1.009	1.016	1.013	1.015	1.009	1.033	1.026	1.009	1.030	1.047	1.054	1.054	1.048	1.035	1.058	1.031	1.029	1.038	1.029	1.022	1.035	1.034	1.056	1.042	1.053	1.067	1.054	1.032	1.037	1.047	1.031	1.020	1.036	1.042	1.052	1.037	1.051	1.066	1.055	1.033	1.038	1.054	1.053	1.043	1.041	1.040	1.052	1.054	1.055	1.059	1.060	0.957	0.950	1.050	1.043	1.038	1.017	1.055	1.073	1.072	1.080	1.049	1.060	1.038	1.051	1.061	1.044	1.039	1.026	1.059	1.059	1.054	0.965	1.042	1.041	1.030	1.038	1.040	1.033	0.972	0.975	1.073	1.047	1.050	1.051	1.053	1.059	1.036	1.056	1.054	1.028	1.046	1.038
21:00:45	34.6	1.040	1.035	1.025	1.022	1.029	1.026	1.028	1.023	1.047	1.039	1.022	1.041	1.060	1.067	1.067	1.061	1.049	1.069	1.043	1.042	1.051	1.042	1.036	1.048	1.048	1.068	1.056	1.067	1.081	1.068	1.046	1.050	1.059	1.045	1.034	1.048	1.055	1.064	1.052	1.063	1.080	1.070	1.047	1.050	1.068	1.064	1.055	1.053	1.053	1.065	1.067	1.069	1.074	1.073	0.973	0.966	1.065	1.057	1.051	1.030	1.069	1.085	1.085	1.093	1.063	1.076	1.054	1.067	1.071	1.058	1.052	1.039	1.070	1.071	1.066	0.980	1.056	1.053	1.042	1.052	1.052	1.046	0.989	0.991	1.085	1.060	1.061	1.064	1.065	1.071	1.049	1.067	1.067	1.041	1.057	1.050
22:00:45	34.7	1.050	1.044	1.036	1.034	1.040	1.037	1.039	1.034	1.057	1.050	1.032	1.050	1.071	1.078	1.078	1.072	1.060	1.083	1.055	1.054	1.062	1.054	1.048	1.059	1.059	1.079	1.067	1.078	1.093	1.080	1.059	1.063	1.071	1.057	1.046	1.059	1.066	1.075	1.063	1.075	1.091	1.082	1.061	1.062	1.081	1.077	1.066	1.064	1.065	1.075	1.079	1.079	1.087	1.087	0.987	0.980	1.076	1.068	1.062	1.042	1.079	1.096	1.098	1.105	1.073	1.089	1.065	1.078	1.083	1.069	1.061	1.050	1.083	1.083	1.076	0.991	1.068	1.063	1.053	1.061	1.064	1.055	1.003	1.003	1.094	1.070	1.071	1.075	1.075	1.080	1.059	1.078	1.075	1.051	1.067	1.060
23:00:46	34.7	1.058	1.052	1.047	1.045	1.048	1.046	1.048	1.043	1.066	1.058	1.042	1.058	1.079	1.086	1.086	1.080	1.070	1.089	1.064	1.063	1.073	1.063	1.058	1.068	1.068	1.086	1.076	1.087	1.101	1.088	1.067	1.072	1.079	1.064	1.056	1.068	1.075	1.083	1.072	1.085	1.101	1.090	1.070	1.072	1.086	1.083	1.074	1.073	1.074	1.082	1.087	1.091	1.096	1.096	1.000	0.993	1.082	1.075	1.070	1.051	1.085	1.103	1.106	1.113	1.083	1.096	1.074	1.087	1.092	1.077	1.071	1.060	1.091	1.089	1.086	1.008	1.076	1.073	1.061	1.069	1.070	1.063	1.014	1.015	1.103	1.080	1.080	1.082	1.084	1.087	1.067	1.085	1.083	1.060	1.075	1.067
0:00:00																																																																																																	

Results
	1	2	3	4	5	6	7	8	9	10	11	12
A	1.622	1.603	1.604	1.622	1.645	1.580	1.560	1.563	1.566	1.590	1.609	1.589	Max V [600]
	0.970	0.966	0.967	0.965	0.960	0.967	0.963	0.963	0.970	0.969	0.966	0.972	R-Squared [600]
	2:00:36	2:00:36	2:00:36	2:00:36	2:00:36	2:00:36	2:00:36	2:00:36	2:00:36	2:00:36	2:00:36	2:00:36	t at Max V [600]
	0:12:32	0:12:18	0:12:58	0:14:18	0:12:43	0:12:48	0:14:51	0:13:48	0:13:39	0:12:27	0:13:49	0:12:39	Lagtime [600]
B	1.719	1.720	1.635	1.643	1.576	1.697	1.591	1.554	1.623	1.563	1.548	1.534	Max V [600]
	0.963	0.959	0.962	0.961	0.962	0.959	0.958	0.955	0.957	0.951	0.959	0.970	R-Squared [600]
	2:00:36	2:00:36	2:00:36	2:00:36	2:00:36	2:00:36	2:00:36	2:00:36	2:00:36	2:00:36	2:00:36	2:00:36	t at Max V [600]
	0:14:04	0:16:58	0:16:31	0:16:34	0:16:56	0:16:00	0:18:15	0:19:22	0:17:54	0:19:28	0:17:58	0:16:31	Lagtime [600]
C	1.609	1.668	1.662	1.678	1.648	1.632	1.587	1.603	1.643	1.592	1.552	1.597	Max V [600]
	0.964	0.953	0.952	0.948	0.949	0.940	0.941	0.942	0.943	0.945	0.952	0.966	R-Squared [600]
	2:00:36	2:00:36	2:00:36	2:00:36	2:00:36	2:00:36	2:00:36	2:00:36	2:00:36	2:00:36	2:00:36	2:00:36	t at Max V [600]
	0:15:47	0:19:12	0:19:48	0:20:42	0:20:46	0:22:07	0:22:39	0:22:40	0:21:41	0:21:50	0:20:02	0:15:47	Lagtime [600]
D	1.677	1.675	1.678	1.736	1.774	1.699	1.572	1.668	1.674	1.640	1.613	1.596	Max V [600]
	0.957	0.948	0.948	0.943	0.947	0.942	0.943	0.940	0.943	0.946	0.955	0.963	R-Squared [600]
	2:00:36	2:00:36	2:00:36	2:00:36	2:00:36	2:00:36	2:00:36	2:00:36	2:00:36	2:00:36	2:00:36	2:00:36	t at Max V [600]
	0:17:06	0:20:24	0:21:23	0:21:26	0:20:52	0:21:58	0:22:58	0:22:33	0:22:35	0:21:38	0:18:22	0:16:24	Lagtime [600]
E	1.610	1.628	1.606	1.677	1.675	1.747	1.542	1.557	1.612	1.609	1.583	1.529	Max V [600]
	0.958	0.949	0.947	0.946	0.946	0.948	0.944	0.945	0.949	0.948	0.956	0.958	R-Squared [600]
	2:00:36	2:00:36	2:00:36	2:00:36	2:00:36	2:00:36	2:00:36	2:00:36	2:00:36	2:00:36	2:00:36	2:00:36	t at Max V [600]
	0:18:03	0:21:17	0:21:46	0:22:00	0:22:24	0:21:58	0:23:25	0:23:12	0:21:53	0:22:19	0:19:27	0:19:07	Lagtime [600]
F	1.698	1.720	1.743	1.694	1.671	1.622	1.546	1.672	1.613	1.607	1.591	1.558	Max V [600]
	0.962	0.958	0.952	0.948	0.951	0.952	0.954	0.950	0.954	0.958	0.958	0.966	R-Squared [600]
	2:00:36	2:00:36	2:00:36	2:00:36	2:00:36	2:00:36	2:00:36	2:00:36	2:00:36	2:00:36	2:00:36	2:00:36	t at Max V [600]
	0:16:22	0:18:41	0:19:43	0:20:58	0:19:25	0:21:04	0:21:41	0:22:04	0:20:14	0:19:16	0:18:50	0:16:26	Lagtime [600]
G	1.712	1.757	1.642	1.592	1.628	1.605	1.525	1.610	1.644	1.542	1.522	1.512	Max V [600]
	0.959	0.953	0.951	0.947	0.952	0.951	0.953	0.957	0.954	0.955	0.956	0.963	R-Squared [600]
	2:00:36	2:00:36	2:00:36	2:00:36	2:00:36	2:00:36	2:00:36	2:00:36	2:00:36	2:00:36	2:00:36	2:00:36	t at Max V [600]
	0:15:56	0:17:43	0:19:27	0:20:24	0:20:25	0:21:04	0:20:50	0:20:17	0:18:21	0:19:23	0:18:11	0:17:08	Lagtime [600]
H	1.784	1.712	1.606	1.670	1.692	1.780	1.698	1.658	1.696	1.603	1.670	1.623	Max V [600]
	0.962	0.959	0.954	0.957	0.959	0.955	0.955	0.946	0.956	0.959	0.963	0.966	R-Squared [600]
	2:00:36	2:00:36	2:00:36	2:00:36	2:00:36	2:00:36	2:00:36	2:00:36	2:00:36	2:00:36	2:00:36	2:00:36	t at Max V [600]
	0:15:03	0:15:00	0:17:58	0:18:25	0:17:17	0:16:54	0:16:27	0:17:07	0:15:40	0:15:52	0:13:35	0:13:44	Lagtime [600]


