

Software Version	3.10.06



Experiment File Path:	C:\Users\patil-group\Desktop\Sweeteners_stacker\141021_NT5001_02_03_Rep2\NT5001_02_03_Rep2.xpt
Protocol File Path:	C:\Users\Public\Documents\Protocols\Screening-protocol.prt



Plate Number	Plate 13
Date	14/10/2021
Time	14:00:36
Reader Type:	Epoch 2
Reader Serial Number:	2103223
Reading Type	Reader

Procedure Details

Plate Type	96 WELL PLATE
Discontinuous Kinetics	Runtime 1:00:00 (D:HH:MM), Interval 0:01:00, 25 Reads
	Pause after each run
Eject plate on completion	
Set Temperature	Setpoint 37°C, Gradient 0 °C
Shake	Linear: 0:00:30 (HH:MM:SS)
	Frequency: 567 cpm (3 mm)
Read	Absorbance Endpoint
	Full Plate
	Wavelengths:  600
	Read Speed: Normal,  Delay: 100 msec,  Measurements/Data Point: 8

600

Time	T° 600	A1	A2	A3	A4	A5	A6	A7	A8	A9	A10	A11	A12	B1	B2	B3	B4	B5	B6	B7	B8	B9	B10	B11	B12	C1	C2	C3	C4	C5	C6	C7	C8	C9	C10	C11	C12	D1	D2	D3	D4	D5	D6	D7	D8	D9	D10	D11	D12	E1	E2	E3	E4	E5	E6	E7	E8	E9	E10	E11	E12	F1	F2	F3	F4	F5	F6	F7	F8	F9	F10	F11	F12	G1	G2	G3	G4	G5	G6	G7	G8	G9	G10	G11	G12	H1	H2	H3	H4	H5	H6	H7	H8	H9	H10	H11	H12
0:00:34	37.1	0.183	0.174	0.184	0.180	0.182	0.188	0.174	0.177	0.182	0.198	0.178	0.187	0.184	0.179	0.178	0.177	0.186	0.180	0.182	0.180	0.332	0.176	0.171	0.173	0.186	0.178	0.197	0.173	0.177	0.190	0.181	0.178	0.177	0.175	0.174	0.211	0.390	0.176	0.176	0.199	0.177	0.180	0.176	0.173	0.174	0.585	0.778	0.166	0.192	0.293	0.185	0.181	0.182	0.177	0.178	0.185	0.174	0.183	0.180	0.472	0.182	0.201	0.262	0.187	0.203	0.183	0.185	0.185	0.183	0.184	0.175	0.625	0.178	0.174	0.179	0.281	0.173	0.191	0.187	0.179	0.178	0.181	0.176	0.485	0.172	0.168	0.180	0.183	0.180	0.176	0.179	0.170	0.171	0.171	0.176	0.179
1:00:34	37.0	0.192	0.183	0.191	0.194	0.193	0.434	0.181	0.173	0.178	0.173	0.179	0.190	0.192	0.186	0.182	0.183	0.189	0.184	0.178	0.513	0.650	0.184	0.178	0.178	0.194	0.185	0.200	0.179	0.182	0.191	0.187	0.185	0.187	0.183	0.184	0.181	0.208	0.181	0.183	0.181	0.184	0.184	0.183	0.178	0.179	0.365	0.172	0.176	0.198	0.205	0.187	0.185	0.185	0.189	0.183	0.187	0.179	0.185	0.186	0.185	0.189	0.187	0.196	0.189	0.204	0.185	0.187	0.186	0.184	0.184	0.178	0.196	0.187	0.183	0.184	0.181	0.177	0.193	0.196	0.184	0.184	0.187	0.183	0.181	0.178	0.173	0.179	0.185	0.179	0.173	0.179	0.412	0.201	0.176	0.177	0.182
2:00:35	37.1	0.214	0.205	0.206	0.209	0.203	0.393	0.184	0.188	0.195	0.190	0.196	0.208	0.213	0.205	0.199	0.200	0.204	0.198	0.190	0.189	0.191	0.197	0.191	0.195	0.214	0.201	0.212	0.193	0.194	0.202	0.196	0.195	0.197	0.193	0.194	0.197	0.221	0.197	0.197	0.193	0.195	0.195	0.193	0.188	0.189	0.278	0.188	0.189	0.214	0.211	0.199	0.195	0.196	0.200	0.190	0.194	0.190	0.193	0.197	0.200	0.205	0.200	0.204	0.208	0.214	0.194	0.195	0.195	0.191	0.193	0.187	0.212	0.206	0.198	0.198	0.195	0.190	0.201	0.204	0.194	0.196	0.197	0.193	0.200	0.194	0.188	0.193	0.198	0.193	0.187	0.192	0.245	0.205	0.190	0.192	0.197
3:00:35	37.1	0.253	0.248	0.246	0.249	0.239	0.419	0.220	0.223	0.230	0.224	0.238	0.245	0.255	0.243	0.236	0.235	0.238	0.233	0.222	0.225	0.224	0.230	0.228	0.233	0.253	0.237	0.245	0.226	0.225	0.232	0.226	0.225	0.227	0.225	0.225	0.231	0.248	0.230	0.230	0.223	0.224	0.223	0.220	0.215	0.216	0.254	0.219	0.222	0.249	0.239	0.231	0.223	0.223	0.229	0.216	0.220	0.218	0.222	0.226	0.234	0.242	0.232	0.231	0.230	0.243	0.222	0.220	0.221	0.216	0.221	0.218	0.243	0.245	0.233	0.231	0.228	0.221	0.228	0.231	0.221	0.220	0.225	0.221	0.232	0.232	0.222	0.224	0.221	0.226	0.221	0.219	0.210	0.213	0.218	0.221	0.226
4:00:35	37.1	0.359	0.352	0.341	0.335	0.322	0.334	0.294	0.297	0.311	0.303	0.326	0.328	0.358	0.331	0.317	0.311	0.311	0.306	0.287	0.293	0.295	0.305	0.306	0.317	0.345	0.318	0.318	0.295	0.292	0.294	0.287	0.289	0.294	0.296	0.297	0.306	0.329	0.302	0.299	0.286	0.285	0.276	0.277	0.269	0.271	0.289	0.282	0.288	0.331	0.304	0.297	0.284	0.282	0.291	0.270	0.274	0.274	0.282	0.293	0.308	0.324	0.300	0.293	0.290	0.304	0.281	0.275	0.275	0.271	0.282	0.286	0.314	0.333	0.313	0.306	0.301	0.289	0.291	0.291	0.283	0.283	0.288	0.292	0.309	0.317	0.297	0.293	0.285	0.296	0.287	0.278	0.273	0.276	0.283	0.293	0.300
5:00:36	37.0	0.531	0.532	0.519	0.498	0.487	0.516	0.442	0.446	0.477	0.465	0.489	0.480	0.536	0.500	0.476	0.466	0.460	0.462	0.430	0.447	0.452	0.463	0.472	0.479	0.513	0.482	0.472	0.447	0.438	0.435	0.425	0.428	0.434	0.438	0.449	0.457	0.483	0.448	0.449	0.422	0.417	0.393	0.403	0.390	0.392	0.397	0.410	0.417	0.493	0.447	0.442	0.424	0.415	0.420	0.392	0.396	0.398	0.412	0.437	0.455	0.483	0.450	0.427	0.422	0.441	0.415	0.404	0.397	0.393	0.411	0.432	0.462	0.496	0.477	0.464	0.451	0.426	0.427	0.477	0.416	0.417	0.425	0.440	0.463	0.472	0.444	0.429	0.425	0.436	0.424	0.403	0.405	0.407	0.445	0.438	0.445
6:00:36	37.1	0.635	0.635	0.636	0.619	0.621	0.622	0.556	0.562	0.587	0.555	0.586	0.564	0.640	0.625	0.607	0.609	0.607	0.613	0.572	0.590	0.590	0.589	0.585	0.582	0.637	0.619	0.617	0.605	0.597	0.602	0.581	0.586	0.563	0.584	0.583	0.576	0.607	0.590	0.601	0.581	0.572	0.553	0.565	0.547	0.555	0.543	0.558	0.542	0.607	0.586	0.597	0.582	0.577	0.583	0.558	0.562	0.565	0.571	0.590	0.598	0.599	0.597	0.580	0.579	0.600	0.577	0.567	0.558	0.556	0.571	0.582	0.598	0.603	0.598	0.602	0.603	0.581	0.589	0.592	0.581	0.581	0.583	0.594	0.593	0.584	0.565	0.538	0.567	0.579	0.567	0.553	0.555	0.561	0.557	0.577	0.571
7:00:36	37.0	0.723	0.731	0.802	0.728	0.694	0.699	0.622	0.625	0.646	0.628	0.646	0.626	0.711	0.696	0.685	0.695	0.692	0.802	0.662	0.669	0.663	0.652	0.647	0.643	0.711	0.703	0.698	0.688	0.682	0.690	0.670	0.676	0.658	0.658	0.640	0.638	0.682	0.674	0.681	0.667	0.657	0.651	0.653	0.640	0.648	0.632	0.640	0.617	0.675	0.664	0.678	0.667	0.663	0.665	0.649	0.651	0.659	0.662	0.664	0.669	0.667	0.671	0.655	0.663	0.680	0.663	0.653	0.648	0.648	0.664	0.660	0.672	0.665	0.663	0.663	0.670	0.658	0.665	0.661	0.672	0.663	0.665	0.672	0.668	0.649	0.635	0.597	0.639	0.649	0.648	0.637	0.634	0.642	0.641	0.659	0.648
8:00:37	37.0	0.776	0.784	0.815	0.786	0.752	0.756	0.679	0.680	0.699	0.681	0.700	0.679	0.770	0.750	0.742	0.754	0.753	0.800	0.726	0.725	0.715	0.710	0.698	0.704	0.769	0.758	0.759	0.751	0.741	0.754	0.730	0.737	0.721	0.712	0.694	0.692	0.737	0.733	0.742	0.728	0.719	0.719	0.720	0.704	0.711	0.694	0.695	0.675	0.728	0.720	0.739	0.732	0.725	0.726	0.714	0.721	0.724	0.728	0.720	0.731	0.719	0.728	0.715	0.726	0.745	0.728	0.719	0.715	0.714	0.729	0.715	0.729	0.717	0.715	0.715	0.727	0.715	0.722	0.726	0.735	0.729	0.728	0.733	0.728	0.700	0.686	0.647	0.694	0.705	0.709	0.701	0.701	0.706	0.700	0.721	0.705
9:00:37	37.1	0.820	0.825	0.849	0.894	0.797	0.802	0.721	0.722	0.739	0.721	0.734	0.710	0.813	0.795	0.793	0.801	0.798	0.830	0.772	0.770	0.759	0.755	0.750	0.742	0.818	0.808	0.809	0.802	0.798	0.806	0.784	0.788	0.772	0.760	0.740	0.733	0.782	0.779	0.792	0.782	0.772	0.768	0.772	0.756	0.762	0.745	0.741	0.722	0.774	0.766	0.791	0.780	0.782	0.781	0.769	0.774	0.776	0.782	0.770	0.781	0.761	0.774	0.760	0.779	0.794	0.779	0.771	0.767	0.770	0.778	0.762	0.777	0.759	0.756	0.763	0.776	0.764	0.771	0.778	0.790	0.782	0.779	0.782	0.774	0.743	0.727	0.688	0.743	0.752	0.775	0.753	0.753	0.757	0.753	0.765	0.751
10:00:38	37.0	0.856	0.856	0.840	0.842	0.833	0.837	0.758	0.759	0.775	0.753	0.764	0.739	0.839	0.829	0.830	0.842	0.840	0.862	0.814	0.808	0.800	0.793	0.778	0.775	0.847	0.841	0.851	0.846	0.840	0.850	0.825	0.832	0.818	0.802	0.779	0.770	0.813	0.813	0.831	0.822	0.810	0.811	0.818	0.796	0.807	0.785	0.780	0.755	0.808	0.806	0.831	0.824	0.827	0.825	0.814	0.819	0.823	0.825	0.811	0.822	0.796	0.809	0.801	0.820	0.839	0.822	0.818	0.813	0.813	0.823	0.805	0.814	0.793	0.795	0.800	0.815	0.807	0.815	0.822	0.832	0.826	0.820	0.822	0.813	0.776	0.760	0.723	0.777	0.790	0.824	0.792	0.789	0.801	0.792	0.804	0.788
11:00:37	37.0	0.880	0.884	0.873	0.876	0.866	0.870	0.787	0.787	0.805	0.781	0.787	0.764	0.870	0.860	0.864	0.878	0.877	0.892	0.841	0.840	0.833	0.825	0.808	0.794	0.876	0.873	0.885	0.882	0.875	0.885	0.857	0.973	0.850	0.827	0.810	0.791	0.843	0.847	0.867	0.858	0.841	0.849	0.851	0.830	0.842	0.894	0.806	0.766	0.840	0.840	0.867	0.861	0.861	0.864	0.851	0.855	0.861	0.862	0.845	0.835	0.830	0.843	0.836	0.858	0.873	0.864	0.854	0.848	0.850	0.859	0.839	0.843	0.821	0.825	0.832	0.852	0.840	0.850	0.856	0.869	0.864	0.856	0.856	0.845	0.804	0.788	0.752	0.805	0.822	0.830	0.825	0.819	0.834	0.827	0.837	0.820
12:00:38	37.1	0.901	0.907	0.899	0.905	0.895	0.899	0.816	0.813	0.832	0.804	0.808	0.782	0.896	0.889	0.892	0.906	0.905	0.915	0.870	0.869	0.862	0.853	0.835	0.816	0.904	0.900	0.913	0.914	0.906	0.917	0.887	0.955	0.884	0.861	0.840	0.817	0.871	0.875	0.897	0.886	0.869	0.881	0.880	0.857	0.874	0.912	0.835	0.791	0.870	0.900	0.899	0.893	0.891	0.896	0.882	0.884	0.893	0.893	0.871	0.860	0.855	0.872	0.864	0.888	0.902	0.892	0.883	0.877	0.881	0.889	0.870	0.855	0.846	0.851	0.862	0.881	0.869	0.878	0.886	0.899	0.895	0.886	0.886	0.871	0.831	0.806	0.770	0.830	0.847	0.909	0.853	0.846	0.864	0.855	0.865	0.846
13:00:40	37.0	0.922	0.929	0.924	0.922	0.920	0.921	0.837	0.832	0.853	0.829	0.829	0.802	0.923	0.914	0.916	0.932	0.930	0.945	0.895	0.896	0.888	0.877	0.859	0.836	0.930	0.924	0.940	0.941	0.933	0.944	0.913	0.935	0.903	0.887	0.864	0.838	0.896	0.900	0.923	0.913	0.895	0.909	0.908	0.882	0.901	0.974	0.857	0.810	0.894	0.922	0.925	0.920	0.919	0.922	0.908	0.911	0.920	0.921	0.895	0.886	0.882	0.895	0.891	0.915	0.930	0.918	0.912	0.903	0.908	0.915	0.896	0.878	0.870	0.873	0.885	0.908	0.896	0.905	0.914	0.926	0.922	0.912	0.912	0.897	0.852	0.833	0.792	0.856	0.874	0.882	0.877	0.871	0.891	0.881	0.891	0.869
14:00:40	37.0	0.940	0.949	0.945	0.945	0.942	0.944	0.859	0.851	0.874	0.848	0.851	0.813	0.946	0.938	0.939	0.954	0.953	0.959	0.917	0.919	0.912	0.902	0.882	0.858	0.951	0.946	0.961	0.966	0.959	0.968	0.937	0.953	0.930	0.913	0.886	0.857	0.920	1.080	0.947	0.938	0.919	0.934	0.933	0.903	0.924	0.944	0.883	0.830	0.921	0.918	1.090	0.945	0.943	0.947	0.933	0.935	0.944	0.945	0.921	0.909	0.899	0.920	0.913	0.929	0.953	0.943	0.936	0.927	0.933	0.940	0.922	0.901	0.886	0.899	0.910	0.931	0.916	0.928	0.938	0.951	0.948	0.937	0.936	0.919	0.870	0.850	0.814	0.878	0.896	0.901	0.901	0.894	0.916	0.905	0.914	0.890
15:00:41	37.0	0.957	0.968	0.962	0.974	0.961	0.965	0.879	0.873	0.888	0.861	0.858	0.824	0.967	0.959	0.960	0.976	0.976	1.075	0.935	0.940	0.933	0.917	0.887	0.859	0.971	0.966	0.984	0.988	0.980	0.990	0.958	0.980	0.953	0.934	0.905	0.872	0.941	1.014	0.969	0.959	0.941	0.955	0.955	0.922	0.945	0.930	0.904	0.846	0.938	0.942	1.034	0.967	0.966	0.968	0.956	0.957	0.966	0.967	0.942	0.929	0.916	0.941	0.935	0.952	0.976	0.965	0.959	0.948	0.954	0.962	0.945	0.922	0.902	0.919	0.932	0.955	0.939	0.951	0.960	0.973	0.971	0.959	0.959	0.937	0.885	0.866	0.831	0.896	0.917	0.927	0.922	0.915	0.938	0.926	0.933	0.907
16:00:41	37.0	0.974	0.986	0.980	0.991	0.980	0.984	0.896	0.889	0.907	0.876	0.872	0.831	0.985	0.978	0.980	0.995	0.995	1.068	0.956	0.958	0.953	0.938	0.903	0.869	0.994	0.984	1.002	1.008	0.999	1.010	0.978	1.002	0.975	0.956	0.925	0.889	0.959	0.954	0.989	0.978	0.960	0.976	0.974	0.941	0.965	0.948	0.922	0.863	0.955	0.964	1.180	0.988	0.986	0.987	0.977	0.976	0.986	1.127	0.963	0.944	0.936	0.960	0.953	0.972	0.997	0.987	0.979	0.968	0.975	0.982	0.954	0.934	0.918	0.939	0.951	0.974	0.959	0.971	0.982	0.993	0.992	0.980	0.978	0.939	0.902	0.885	0.849	0.915	0.935	0.948	0.941	0.934	0.958	0.945	0.952	0.924
17:00:41	37.0	0.990	1.002	0.996	1.010	0.998	1.002	0.893	0.905	0.921	0.887	0.883	0.840	1.002	0.997	0.998	1.012	1.013	1.068	0.973	0.976	0.973	0.955	0.920	0.876	1.010	1.001	1.020	1.027	1.018	1.029	0.997	1.019	0.995	0.976	0.945	0.905	0.975	0.971	1.007	0.997	0.978	0.994	0.993	0.958	0.984	0.965	0.942	0.879	0.970	0.982	1.067	1.007	1.004	1.006	0.996	0.993	1.005	1.063	0.980	0.962	0.951	0.977	0.970	0.991	1.014	1.004	0.998	0.986	0.993	1.000	0.974	0.950	0.931	0.953	0.969	0.994	0.977	0.991	1.000	1.012	1.012	0.999	0.997	0.960	0.914	0.898	0.866	0.932	0.952	1.009	0.959	0.953	0.977	0.962	0.969	0.940
18:00:42	37.0	1.005	1.016	1.010	1.026	1.012	1.017	0.905	0.919	0.936	0.902	0.898	0.854	1.017	1.013	1.013	1.027	1.029	1.077	0.990	0.992	0.990	0.970	0.935	0.887	1.024	1.015	1.036	1.044	1.035	1.045	1.014	1.033	1.014	0.993	0.959	0.919	0.989	0.988	1.023	1.013	0.995	1.011	1.010	0.974	1.000	0.985	0.959	0.886	0.985	1.001	1.072	1.023	1.022	1.024	1.013	1.009	1.021	1.071	0.997	0.977	0.968	0.994	0.987	1.007	1.032	1.022	1.016	1.003	1.010	1.017	0.992	0.966	0.949	0.970	0.985	1.011	0.993	1.007	1.017	1.028	1.030	1.018	1.014	0.976	0.927	0.914	0.877	0.948	0.968	0.971	0.974	0.969	0.994	0.978	0.986	0.955
19:00:43	37.0	1.020	1.031	1.024	1.052	1.027	1.026	0.916	0.931	0.945	0.902	0.901	0.849	1.030	1.026	1.027	1.041	1.043	1.086	1.005	1.007	1.006	0.982	0.943	0.895	1.036	1.028	1.050	1.060	1.050	1.060	1.029	1.048	1.029	1.005	0.973	0.929	1.003	1.002	1.038	1.029	1.010	1.026	1.024	0.988	1.015	1.006	0.974	0.899	0.997	1.015	1.076	1.038	1.037	1.039	1.028	1.023	1.035	1.078	1.013	0.991	0.979	1.009	1.001	1.022	1.047	1.037	1.032	1.018	1.024	1.031	1.007	0.980	0.962	0.983	0.998	1.026	1.009	1.022	1.032	1.044	1.046	1.033	1.029	0.990	0.932	0.924	0.889	0.961	0.981	1.003	0.988	0.984	1.010	0.994	1.003	0.971
20:00:43	37.1	1.034	1.044	1.036	0.964	1.044	1.042	0.923	0.945	0.959	0.912	0.912	0.857	1.043	1.040	1.040	1.053	1.056	1.075	1.018	1.023	1.021	0.994	0.956	0.906	1.048	1.040	1.064	1.074	1.063	1.073	1.043	1.059	1.043	1.021	0.988	0.938	1.015	1.016	1.051	1.042	1.024	1.039	1.038	1.002	1.030	1.024	0.988	0.910	1.008	1.028	1.082	1.053	1.052	1.052	1.041	1.036	1.049	1.086	1.027	1.003	0.990	1.022	1.013	1.035	1.060	1.051	1.046	1.032	1.038	1.045	1.022	0.993	0.972	0.996	1.012	1.040	1.022	1.035	1.045	1.058	1.061	1.048	1.043	1.004	0.942	0.937	0.901	0.975	0.994	1.002	1.002	0.999	1.024	1.007	1.015	0.981
21:00:43	37.1	1.045	1.054	1.047	0.969	1.050	1.054	0.932	0.954	0.970	0.923	0.925	0.865	1.053	1.050	1.051	1.064	1.067	1.081	1.029	1.034	1.033	1.005	0.968	0.912	1.057	1.051	1.075	1.086	1.075	1.085	1.056	1.066	1.055	1.034	0.998	0.949	1.023	1.024	1.064	1.054	1.036	1.052	1.050	1.012	1.042	1.033	1.000	0.919	1.020	1.040	1.174	1.064	1.064	1.064	1.053	1.047	1.062	1.092	1.040	1.013	1.005	1.034	1.024	1.043	1.236	1.063	1.058	1.044	1.051	1.058	1.035	1.006	0.986	1.008	1.024	1.051	1.033	1.038	1.057	1.070	1.073	1.063	1.056	1.017	0.943	0.947	0.913	0.988	1.003	1.012	1.008	1.001	1.036	1.020	1.027	0.993
22:00:44	37.1	1.054	1.066	1.057	0.976	1.060	1.059	0.922	0.953	0.959	0.920	0.919	0.846	1.062	1.061	1.061	1.074	1.078	1.084	1.040	1.047	1.045	1.012	0.976	0.908	1.066	1.061	1.086	1.097	1.086	1.096	1.067	1.075	1.057	1.047	1.008	0.954	1.033	1.035	1.075	1.066	1.048	1.063	1.062	1.024	1.054	1.029	1.013	0.921	1.034	1.051	1.118	1.075	1.075	1.075	1.065	1.058	1.072	1.099	1.052	1.015	1.013	1.044	1.036	1.054	1.213	1.074	1.070	1.056	1.062	1.069	1.047	0.993	0.997	1.020	1.035	1.056	1.044	1.050	1.068	1.081	1.085	1.074	1.068	1.018	0.948	0.958	0.921	0.997	1.013	1.044	1.018	1.013	1.047	1.033	1.038	0.967
23:00:44	37.1	1.064	1.075	1.067	0.978	1.069	1.066	0.927	0.965	0.968	0.930	0.929	0.864	1.071	1.069	1.071	1.085	1.087	1.093	1.049	1.056	1.056	1.025	0.985	0.923	1.075	1.071	1.096	1.107	1.095	1.107	1.077	1.087	1.067	1.059	1.019	0.965	1.039	1.044	1.084	1.076	1.059	1.072	1.072	1.033	1.064	1.032	1.023	0.930	1.042	1.060	1.125	1.085	1.085	1.083	1.072	1.068	1.082	1.108	1.062	1.023	1.019	1.053	1.044	1.063	1.115	1.083	1.080	1.065	1.072	1.079	1.058	1.002	1.001	1.025	1.042	1.065	1.054	1.059	1.077	1.091	1.095	1.085	1.077	1.029	0.954	0.963	0.927	1.004	1.021	1.029	1.027	1.022	1.056	1.043	1.048	0.977
0:00:00																																																																																																	

Results
	1	2	3	4	5	6	7	8	9	10	11	12
A	2.024	2.078	2.347	2.068	2.011	1.711	1.774	1.780	1.845	1.769	1.794	1.665	Max V [600]
	0.987	0.987	0.993	0.993	0.984	0.947	0.984	0.983	0.977	0.982	0.977	0.979	R-Squared [600]
	5:00:36	5:00:36	5:00:36	5:00:36	5:00:36	6:00:36	5:00:36	5:00:36	5:00:36	5:00:36	5:00:36	5:00:36	t at Max V [600]
	2:24:01	2:23:53	2:42:12	2:32:31	2:35:58	2:08:07	2:38:00	2:37:58	2:35:04	2:46:16	2:25:25	2:23:37	Lagtime [600]
B	1.990	1.999	1.980	2.027	2.006	2.407	1.942	1.973	1.957	1.881	1.863	1.810	Max V [600]
	0.979	0.983	0.987	0.987	0.987	0.981	0.987	0.984	0.983	0.981	0.979	0.979	R-Squared [600]
	5:00:36	5:00:36	5:00:36	5:00:36	5:00:36	5:00:36	5:00:36	5:00:36	5:00:36	5:00:36	5:00:36	5:00:36	t at Max V [600]
	2:21:38	2:30:13	2:36:02	2:39:33	2:43:25	2:54:47	2:50:29	2:46:35	4:02:46	2:35:56	2:32:07	2:27:02	Lagtime [600]
C	2.012	2.052	2.010	2.058	2.035	2.040	1.969	2.000	1.884	1.924	1.860	1.808	Max V [600]
	0.985	0.987	0.986	0.984	0.983	0.981	0.983	0.983	0.990	0.984	0.979	0.983	R-Squared [600]
	5:00:36	5:00:36	5:00:36	5:00:36	5:00:36	5:00:36	5:00:36	5:00:36	5:00:36	5:00:36	5:00:36	5:00:36	t at Max V [600]
	2:28:50	2:37:39	2:44:34	2:44:44	2:48:09	2:52:36	2:50:15	2:49:09	2:43:46	2:42:50	2:38:15	2:53:00	Lagtime [600]
D	1.907	1.959	2.007	1.973	1.923	1.907	1.924	1.877	1.913	1.741	1.862	1.740	Max V [600]
	0.987	0.987	0.984	0.983	0.982	0.981	0.979	0.979	0.978	0.980	0.984	0.988	R-Squared [600]
	5:00:36	5:00:36	5:00:36	5:00:36	5:00:36	6:00:36	5:00:36	5:00:36	5:00:36	6:00:36	5:00:36	5:00:36	t at Max V [600]
	4:18:53	2:41:05	2:43:06	3:00:16	2:48:15	3:02:56	2:51:54	2:53:11	2:54:11	6:43:20	8:11:52	2:36:14	Lagtime [600]
E	1.878	1.888	1.988	1.976	1.958	1.940	1.924	1.920	1.956	1.947	1.957	1.933	Max V [600]
	0.983	0.985	0.983	0.981	0.980	0.980	0.977	0.977	0.978	0.982	0.982	0.985	R-Squared [600]
	5:00:36	5:00:36	5:00:36	5:00:36	5:00:36	5:00:36	5:00:36	5:00:36	5:00:36	5:00:36	5:00:36	5:00:36	t at Max V [600]
	2:31:57	3:38:28	2:47:56	2:51:31	2:52:47	2:46:26	2:56:35	2:57:44	2:53:35	2:53:54	2:46:33	5:10:32	Lagtime [600]
F	1.874	1.956	1.893	1.924	1.948	1.966	1.928	1.898	1.914	1.957	1.967	1.901	Max V [600]
	0.984	0.983	0.982	0.981	0.981	0.980	0.978	0.978	0.978	0.982	0.984	0.985	R-Squared [600]
	5:00:36	5:00:36	5:00:36	5:00:36	5:00:36	5:00:36	5:00:36	5:00:36	5:00:36	5:00:36	5:00:36	5:00:36	t at Max V [600]
	2:30:33	2:53:08	3:28:06	2:50:39	2:52:04	2:54:26	2:57:02	2:56:39	2:58:28	2:55:09	2:48:25	6:28:43	Lagtime [600]
G	1.849	1.907	1.933	1.979	1.944	1.953	1.934	2.000	1.972	1.960	2.008	1.928	Max V [600]
	0.980	0.981	0.980	0.982	0.983	0.981	0.972	0.981	0.981	0.982	0.984	0.986	R-Squared [600]
	5:00:36	5:00:36	5:00:36	5:00:36	5:00:36	5:00:36	5:00:36	5:00:36	5:00:36	5:00:36	5:00:36	5:00:36	t at Max V [600]
	2:23:23	2:32:17	2:38:40	3:34:46	2:45:33	2:53:20	2:44:35	2:52:35	2:51:30	2:49:40	2:47:10	5:17:31	Lagtime [600]
H	1.836	1.823	1.653	1.862	1.881	1.890	1.849	1.882	1.904	1.866	1.932	1.857	Max V [600]
	0.984	0.986	0.984	0.983	0.984	0.986	0.983	0.983	0.983	0.984	0.988	0.988	R-Squared [600]
	5:00:36	5:00:36	5:00:36	5:00:36	5:00:36	5:00:36	5:00:36	5:00:36	5:00:36	5:00:36	5:00:36	5:00:36	t at Max V [600]
	2:28:58	2:35:21	2:37:20	2:49:06	2:44:17	2:46:29	2:51:21	2:50:22	2:50:03	2:42:30	2:45:18	2:41:17	Lagtime [600]

