

Software Version	3.10.06



Experiment File Path:	C:\Users\patil-group\Desktop\Sweeteners_stacker\141021_NT5001_02_03_Rep2\NT5001_02_03_Rep2.xpt
Protocol File Path:	C:\Users\Public\Documents\Protocols\Screening-protocol.prt



Plate Number	Plate 16
Date	14/10/2021
Time	14:06:16
Reader Type:	Epoch 2
Reader Serial Number:	2103223
Reading Type	Reader

Procedure Details

Plate Type	96 WELL PLATE
Discontinuous Kinetics	Runtime 1:00:00 (D:HH:MM), Interval 0:01:00, 25 Reads
	Pause after each run
Eject plate on completion	
Set Temperature	Setpoint 37°C, Gradient 0 °C
Shake	Linear: 0:00:30 (HH:MM:SS)
	Frequency: 567 cpm (3 mm)
Read	Absorbance Endpoint
	Full Plate
	Wavelengths:  600
	Read Speed: Normal,  Delay: 100 msec,  Measurements/Data Point: 8

600

Time	T° 600	A1	A2	A3	A4	A5	A6	A7	A8	A9	A10	A11	A12	B1	B2	B3	B4	B5	B6	B7	B8	B9	B10	B11	B12	C1	C2	C3	C4	C5	C6	C7	C8	C9	C10	C11	C12	D1	D2	D3	D4	D5	D6	D7	D8	D9	D10	D11	D12	E1	E2	E3	E4	E5	E6	E7	E8	E9	E10	E11	E12	F1	F2	F3	F4	F5	F6	F7	F8	F9	F10	F11	F12	G1	G2	G3	G4	G5	G6	G7	G8	G9	G10	G11	G12	H1	H2	H3	H4	H5	H6	H7	H8	H9	H10	H11	H12
0:00:34	37.0	0.190	0.193	0.180	0.183	0.191	0.189	0.188	0.181	0.182	0.190	0.189	0.192	0.182	0.186	0.184	0.185	0.182	0.184	0.186	0.183	0.176	0.176	0.181	0.188	0.179	0.197	0.188	0.181	0.185	0.183	0.183	0.187	0.185	0.190	0.191	0.180	0.175	0.176	0.182	0.175	0.172	0.176	0.171	0.176	0.175	0.169	0.172	0.176	0.188	0.187	0.180	0.179	0.177	0.180	0.190	0.178	0.179	0.181	0.191	0.180	0.183	0.189	0.179	0.178	0.177	0.181	0.198	0.181	0.183	0.198	0.193	0.186	0.185	0.182	0.177	0.181	0.173	0.175	0.177	0.184	0.182	0.183	0.185	0.180	0.195	0.184	0.177	0.189	0.186	0.184	0.192	0.180	0.179	0.173	0.181	0.183
1:00:34	37.1	0.196	0.199	0.186	0.190	0.194	0.193	0.191	0.186	0.188	0.193	0.190	0.194	0.187	0.189	0.189	0.189	0.185	0.188	0.190	0.189	0.181	0.181	0.185	0.194	0.184	0.199	0.187	0.183	0.185	0.183	0.183	0.187	0.185	0.189	0.190	0.182	0.178	0.176	0.182	0.176	0.173	0.180	0.176	0.177	0.178	0.172	0.175	0.177	0.193	0.189	0.183	0.183	0.183	0.186	0.198	0.182	0.183	0.182	0.192	0.184	0.187	0.191	0.182	0.181	0.182	0.184	0.202	0.185	0.190	0.204	0.195	0.191	0.189	0.185	0.181	0.184	0.177	0.179	0.181	0.189	0.186	0.186	0.187	0.184	0.198	0.188	0.185	0.192	0.188	0.186	0.190	0.181	0.182	0.177	0.184	0.187
2:00:35	37.0	0.216	0.215	0.202	0.206	0.209	0.208	0.204	0.201	0.203	0.208	0.206	0.210	0.205	0.204	0.204	0.203	0.197	0.201	0.203	0.203	0.196	0.196	0.201	0.211	0.201	0.213	0.199	0.195	0.196	0.193	0.194	0.198	0.194	0.200	0.203	0.199	0.190	0.186	0.191	0.183	0.178	0.187	0.184	0.183	0.186	0.180	0.183	0.188	0.208	0.201	0.195	0.195	0.193	0.198	0.211	0.192	0.192	0.193	0.203	0.198	0.201	0.203	0.193	0.191	0.192	0.193	0.214	0.194	0.206	0.222	0.208	0.206	0.204	0.199	0.194	0.195	0.188	0.190	0.191	0.202	0.199	0.199	0.200	0.199	0.217	0.206	0.202	0.207	0.201	0.200	0.199	0.191	0.192	0.189	0.196	0.200
3:00:35	37.1	0.256	0.256	0.240	0.242	0.245	0.245	0.240	0.235	0.237	0.244	0.245	0.249	0.245	0.241	0.239	0.236	0.228	0.232	0.235	0.238	0.229	0.228	0.237	0.248	0.238	0.247	0.230	0.224	0.223	0.220	0.221	0.228	0.222	0.229	0.236	0.235	0.218	0.212	0.216	0.204	0.197	0.207	0.204	0.203	0.209	0.202	0.208	0.215	0.244	0.233	0.223	0.223	0.223	0.227	0.240	0.218	0.219	0.220	0.234	0.230	0.235	0.234	0.222	0.216	0.217	0.217	0.245	0.221	0.243	0.261	0.243	0.240	0.241	0.231	0.223	0.221	0.215	0.218	0.218	0.234	0.230	0.232	0.232	0.232	0.259	0.246	0.238	0.240	0.233	0.231	0.224	0.215	0.215	0.214	0.224	0.228
4:00:35	37.1	0.344	0.349	0.330	0.329	0.326	0.328	0.326	0.317	0.319	0.331	0.330	0.338	0.332	0.323	0.322	0.302	0.295	0.299	0.311	0.319	0.295	0.304	0.320	0.328	0.315	0.326	0.297	0.283	0.280	0.277	0.276	0.296	0.285	0.295	0.303	0.312	0.280	0.269	0.276	0.250	0.237	0.253	0.251	0.247	0.258	0.247	0.261	0.271	0.328	0.302	0.279	0.282	0.284	0.285	0.294	0.275	0.275	0.274	0.304	0.297	0.310	0.302	0.279	0.271	0.275	0.268	0.305	0.276	0.311	0.338	0.322	0.321	0.324	0.302	0.281	0.275	0.271	0.275	0.275	0.296	0.295	0.303	0.300	0.301	0.346	0.334	0.316	0.314	0.304	0.297	0.276	0.262	0.261	0.263	0.280	0.285
5:00:36	37.1	0.508	0.519	0.501	0.497	0.481	0.485	0.486	0.475	0.475	0.499	0.492	0.499	0.496	0.486	0.478	0.450	0.443	0.444	0.459	0.466	0.438	0.463	0.486	0.489	0.467	0.479	0.442	0.414	0.408	0.404	0.390	0.425	0.416	0.439	0.444	0.465	0.411	0.396	0.396	0.351	0.325	0.344	0.351	0.342	0.362	0.354	0.380	0.394	0.487	0.445	0.400	0.405	0.397	0.394	0.399	0.385	0.397	0.399	0.447	0.436	0.467	0.448	0.407	0.391	0.391	0.376	0.421	0.388	0.435	0.474	0.474	0.475	0.481	0.450	0.408	0.395	0.388	0.392	0.395	0.418	0.425	0.447	0.443	0.445	0.505	0.497	0.463	0.466	0.454	0.429	0.384	0.356	0.350	0.360	0.391	0.397
6:00:36	37.1	0.633	0.643	0.627	0.632	0.620	0.620	0.619	0.613	0.617	0.631	0.621	0.615	0.624	0.620	0.627	0.606	0.600	0.606	0.612	0.611	0.597	0.613	0.631	0.622	0.602	0.625	0.599	0.583	0.577	0.571	0.554	0.585	0.578	0.599	0.598	0.607	0.562	0.558	0.559	0.509	0.478	0.496	0.508	0.497	0.526	0.518	0.543	0.555	0.629	0.603	0.566	0.575	0.557	0.550	0.552	0.540	0.568	0.573	0.608	0.585	0.610	0.611	0.575	0.562	0.557	0.545	0.585	0.556	0.598	0.631	0.626	0.622	0.618	0.602	0.578	0.562	0.552	0.558	0.563	0.581	0.589	0.606	0.599	0.586	0.627	0.627	0.596	0.603	0.593	0.574	0.543	0.505	0.497	0.506	0.539	0.542
7:00:36	37.1	0.701	0.704	0.692	0.696	0.680	0.685	0.686	0.682	0.684	0.699	0.692	0.684	0.693	0.690	0.690	0.681	0.679	0.678	0.679	0.680	0.674	0.688	0.695	0.696	0.673	0.694	0.674	0.667	0.658	0.655	0.643	0.665	0.658	0.679	0.679	0.681	0.639	0.640	0.644	0.620	0.602	0.615	0.623	0.609	0.632	0.622	0.628	0.637	0.693	0.676	0.655	0.661	0.653	0.650	0.648	0.636	0.662	0.663	0.683	0.665	0.681	0.688	0.659	0.656	0.653	0.649	0.679	0.654	0.684	0.706	0.702	0.691	0.686	0.675	0.660	0.649	0.642	0.650	0.651	0.667	0.673	0.680	0.675	0.659	0.701	0.702	0.681	0.682	0.672	0.661	0.630	0.605	0.602	0.601	0.627	0.629
8:00:38	37.0	0.750	0.752	0.743	0.740	0.729	0.735	0.735	0.732	0.737	0.749	0.743	0.735	0.744	0.741	0.739	0.732	0.730	0.730	0.729	0.735	0.728	0.737	0.752	0.749	0.727	0.748	0.727	0.722	0.714	0.710	0.701	0.722	0.715	0.731	0.735	0.734	0.694	0.692	0.699	0.676	0.659	0.676	0.685	0.669	0.691	0.682	0.687	0.698	0.744	0.728	0.713	0.720	0.712	0.710	0.704	0.690	0.721	0.724	0.737	0.722	0.736	0.745	0.715	0.716	0.715	0.705	0.740	0.710	0.736	0.758	0.752	0.744	0.744	0.729	0.717	0.707	0.701	0.707	0.713	0.727	0.728	0.735	0.730	0.717	0.757	0.767	0.736	0.740	0.727	0.720	0.688	0.667	0.663	0.659	0.684	0.684
9:00:37	37.1	0.787	0.789	0.779	0.780	0.769	0.774	0.771	0.770	0.777	0.787	0.783	0.773	0.783	0.780	0.780	0.774	0.773	0.771	0.773	0.777	0.770	0.781	0.794	0.791	0.766	0.787	0.769	0.767	0.759	0.757	0.745	0.767	0.760	0.777	0.778	0.778	0.736	0.736	0.742	0.719	0.706	0.722	0.732	0.717	0.737	0.731	0.733	0.744	0.785	0.770	0.758	0.766	0.761	0.758	0.747	0.736	0.772	0.774	0.783	0.767	0.774	0.786	0.760	0.760	0.763	0.753	0.786	0.760	0.781	0.803	0.799	0.788	0.784	0.774	0.759	0.753	0.747	0.755	0.760	0.773	0.777	0.780	0.774	0.759	0.797	0.814	0.785	0.799	0.775	0.770	0.731	0.710	0.710	0.703	0.726	0.725
10:00:38	37.1	0.815	0.817	0.810	0.811	0.798	0.805	0.802	0.800	0.806	0.819	0.815	0.802	0.813	0.812	0.812	0.806	0.807	0.805	0.807	0.811	0.803	0.817	0.827	0.822	0.797	0.818	0.805	0.802	0.794	0.792	0.779	0.804	0.797	0.812	0.814	0.812	0.766	0.769	0.777	0.757	0.744	0.760	0.768	0.755	0.774	0.770	0.771	0.777	0.816	0.804	0.793	0.800	0.797	0.792	0.786	0.772	0.810	0.810	0.822	0.802	0.804	0.817	0.795	0.796	0.799	0.790	0.824	0.799	0.822	0.844	0.835	0.822	0.811	0.809	0.793	0.790	0.781	0.792	0.798	0.812	0.814	0.820	0.809	0.791	0.831	0.850	0.822	0.828	0.817	0.818	0.764	0.744	0.743	0.734	0.757	0.755
11:00:38	37.0	0.838	0.839	0.834	0.835	0.823	0.828	0.826	0.825	0.832	0.844	0.840	0.828	0.838	0.838	0.840	0.834	0.834	0.833	0.835	0.838	0.832	0.844	0.854	0.848	0.822	0.844	0.831	0.831	0.823	0.821	0.808	0.834	0.827	0.842	0.842	0.840	0.791	0.798	0.806	0.786	0.776	0.791	0.799	0.785	0.808	0.799	0.801	0.805	0.839	0.832	0.821	0.832	0.826	0.824	0.816	0.804	0.842	0.840	0.852	0.830	0.829	0.845	0.826	0.826	0.830	0.822	0.856	0.831	0.856	0.878	0.865	0.849	0.836	0.838	0.821	0.819	0.811	0.822	0.829	0.844	0.846	0.847	0.838	0.817	0.865	0.878	0.850	0.864	0.853	0.844	0.788	0.769	0.769	0.760	0.782	0.780
12:00:38	37.1	0.858	0.860	0.853	0.856	0.843	0.850	0.848	0.846	0.854	0.866	0.864	0.847	0.859	0.861	0.861	0.858	0.857	0.855	0.860	0.863	0.856	0.867	0.878	0.870	0.845	0.867	0.856	0.855	0.847	0.846	0.833	0.859	0.854	0.867	0.867	0.864	0.813	0.821	0.830	0.812	0.803	0.817	0.827	0.810	0.835	0.825	0.825	0.828	0.859	0.857	0.846	0.857	0.852	0.851	0.843	0.828	0.868	0.866	0.877	0.854	0.852	0.869	0.853	0.850	0.856	0.850	0.881	0.858	0.884	0.905	0.889	0.871	0.855	0.860	0.846	0.842	0.835	0.848	0.856	0.869	0.871	0.870	0.864	0.840	0.887	0.896	0.877	0.886	0.880	0.872	0.810	0.792	0.791	0.781	0.804	0.800
13:00:40	37.1	0.875	0.877	0.873	0.872	0.859	0.866	0.864	0.864	0.872	0.886	0.884	0.863	0.878	0.878	0.881	0.877	0.877	0.873	0.879	0.881	0.876	0.887	0.899	0.889	0.867	0.885	0.876	0.875	0.868	0.867	0.852	0.881	0.875	0.888	0.888	0.884	0.829	0.841	0.851	0.831	0.824	0.837	0.846	0.831	0.856	0.848	0.848	0.848	0.878	0.875	0.866	0.877	0.873	0.873	0.863	0.848	0.891	0.891	0.896	0.874	0.870	0.889	0.874	0.870	0.876	0.870	0.902	0.881	0.908	0.927	0.911	0.890	0.873	0.879	0.866	0.862	0.855	0.867	0.875	0.888	0.891	0.890	0.884	0.859	0.907	0.914	0.900	0.907	0.901	0.893	0.828	0.810	0.809	0.798	0.823	0.816
14:00:40	37.1	0.890	0.893	0.889	0.891	0.874	0.884	0.880	0.880	0.889	0.903	0.902	0.879	0.895	0.895	0.897	0.895	0.894	0.891	0.896	0.897	0.895	0.905	0.916	0.908	0.883	0.901	0.894	0.893	0.886	0.886	0.870	0.900	0.893	0.907	0.908	0.902	0.846	0.858	0.869	0.850	0.842	0.856	0.865	0.850	0.875	0.868	0.866	0.866	0.893	0.891	0.886	0.894	0.890	0.892	0.882	0.867	0.914	0.911	0.915	0.893	0.887	0.908	0.893	0.888	0.896	0.888	0.923	0.902	0.927	0.948	0.930	0.909	0.890	0.896	0.885	0.881	0.871	0.885	0.895	0.906	0.910	0.911	0.903	0.876	0.925	0.933	0.920	0.926	0.919	0.913	0.844	0.826	0.826	0.814	0.839	0.831
15:00:41	37.1	0.903	0.908	0.904	0.906	0.889	0.899	0.895	0.895	0.905	0.919	0.918	0.892	0.911	0.911	0.913	0.911	0.911	0.908	0.911	0.911	0.914	0.924	0.933	0.924	0.897	0.917	0.911	0.909	0.903	0.903	0.888	0.916	0.910	0.924	0.926	0.919	0.860	0.874	0.885	0.866	0.859	0.873	0.882	0.866	0.891	0.885	0.883	0.882	0.908	0.911	0.903	0.910	0.905	0.909	0.897	0.883	0.930	0.927	0.932	0.910	0.902	0.925	0.911	0.904	0.911	0.907	0.940	0.920	0.946	0.965	0.948	0.924	0.905	0.911	0.902	0.897	0.886	0.901	0.910	0.923	0.925	0.927	0.920	0.892	0.941	0.955	0.939	0.946	0.940	0.931	0.859	0.842	0.841	0.829	0.854	0.845
16:00:41	37.1	0.916	0.922	0.919	0.919	0.903	0.912	0.909	0.909	0.919	0.934	0.933	0.905	0.925	0.926	0.928	0.927	0.927	0.924	0.927	0.927	0.929	0.941	0.949	0.939	0.912	0.933	0.926	0.925	0.917	0.919	0.903	0.931	0.926	0.941	0.942	0.934	0.874	0.889	0.899	0.879	0.876	0.886	0.895	0.881	0.907	0.901	0.899	0.898	0.921	0.926	0.918	0.928	0.919	0.924	0.913	0.896	0.946	0.947	0.948	0.926	0.916	0.941	0.928	0.920	0.927	0.924	0.955	0.935	0.962	0.981	0.962	0.940	0.918	0.927	0.917	0.913	0.902	0.915	0.924	0.938	0.941	0.941	0.936	0.906	0.956	0.971	0.956	0.964	0.958	0.949	0.872	0.855	0.855	0.841	0.867	0.858
17:00:42	37.1	0.928	0.935	0.932	0.932	0.915	0.925	0.922	0.922	0.933	0.947	0.946	0.917	0.940	0.939	0.941	0.941	0.941	0.939	0.941	0.943	0.944	0.957	0.963	0.952	0.928	0.948	0.941	0.939	0.932	0.935	0.917	0.946	0.941	0.955	0.958	0.949	0.886	0.903	0.911	0.895	0.891	0.899	0.908	0.895	0.922	0.916	0.913	0.911	0.935	0.939	0.932	0.943	0.934	0.936	0.925	0.908	0.962	0.960	0.960	0.940	0.930	0.955	0.943	0.934	0.941	0.940	0.969	0.951	0.976	0.996	0.977	0.952	0.931	0.942	0.932	0.928	0.917	0.929	0.939	0.950	0.954	0.955	0.950	0.920	0.971	0.987	0.972	0.979	0.976	0.965	0.883	0.868	0.867	0.853	0.880	0.870
18:00:43	37.1	0.940	0.948	0.944	0.944	0.926	0.937	0.935	0.935	0.945	0.960	0.960	0.927	0.953	0.952	0.954	0.954	0.955	0.953	0.954	0.956	0.958	0.970	0.977	0.965	0.940	0.961	0.954	0.953	0.945	0.948	0.932	0.960	0.956	0.969	0.972	0.962	0.897	0.915	0.925	0.908	0.903	0.914	0.923	0.909	0.936	0.930	0.928	0.924	0.948	0.953	0.945	0.958	0.948	0.952	0.935	0.922	0.978	0.975	0.974	0.955	0.944	0.969	0.957	0.949	0.955	0.954	0.983	0.965	0.988	1.006	0.992	0.966	0.944	0.956	0.945	0.942	0.931	0.944	0.953	0.963	0.968	0.969	0.964	0.934	0.985	1.001	0.987	0.995	0.991	0.980	0.895	0.880	0.879	0.865	0.893	0.881
19:00:44	37.0	0.950	0.958	0.955	0.955	0.938	0.948	0.946	0.946	0.957	0.971	0.972	0.937	0.964	0.964	0.964	0.967	0.967	0.965	0.966	0.969	0.971	0.984	0.989	0.977	0.953	0.972	0.966	0.966	0.958	0.960	0.944	0.974	0.967	0.983	0.985	0.974	0.908	0.928	0.937	0.922	0.916	0.927	0.936	0.921	0.949	0.943	0.941	0.937	0.960	0.965	0.958	0.971	0.961	0.964	0.950	0.935	0.992	0.988	0.987	0.967	0.957	0.982	0.970	0.962	0.969	0.968	0.996	0.978	1.001	1.019	1.006	0.978	0.955	0.969	0.959	0.954	0.945	0.957	0.966	0.976	0.981	0.983	0.976	0.945	0.995	1.012	0.999	1.007	1.003	0.995	0.905	0.890	0.891	0.875	0.904	0.891
20:00:43	37.0	0.961	0.969	0.966	0.966	0.949	0.959	0.956	0.957	0.968	0.983	0.983	0.947	0.976	0.976	0.976	0.978	0.978	0.976	0.979	0.980	0.983	0.995	1.000	0.988	0.964	0.983	0.979	0.978	0.970	0.973	0.956	0.986	0.979	0.996	0.996	0.986	0.919	0.940	0.950	0.932	0.927	0.939	0.948	0.933	0.961	0.955	0.953	0.949	0.972	0.977	0.971	0.982	0.973	0.975	0.963	0.947	1.003	1.000	0.998	0.979	0.967	0.994	0.981	0.974	0.982	0.979	1.007	0.991	1.012	1.030	1.018	0.989	0.966	0.981	0.971	0.967	0.956	0.968	0.977	0.987	0.994	0.995	0.989	0.957	1.004	1.023	1.012	1.019	1.015	1.007	0.916	0.901	0.902	0.886	0.915	0.901
21:00:44	37.1	0.971	0.982	0.976	0.975	0.958	0.968	0.966	0.967	0.977	0.991	0.994	0.956	0.985	0.986	0.986	0.989	0.988	0.985	0.988	0.988	0.995	1.005	1.011	0.999	0.974	0.992	0.989	0.990	0.981	0.984	0.967	0.994	0.991	1.008	1.008	0.997	0.928	0.950	0.960	0.942	0.938	0.951	0.960	0.944	0.971	0.968	0.965	0.960	0.981	0.986	0.983	0.992	0.982	0.988	0.972	0.956	1.014	1.010	1.011	0.990	0.977	1.004	0.991	0.986	0.991	0.990	1.020	1.002	1.022	1.041	1.029	1.000	0.977	0.993	0.983	0.979	0.968	0.979	0.986	0.999	1.005	1.006	1.000	0.968	1.015	1.032	1.022	1.032	1.026	1.017	0.925	0.911	0.912	0.896	0.924	0.909
22:00:44	37.1	0.981	0.988	0.986	0.986	0.968	0.976	0.976	0.977	0.986	1.002	1.004	0.964	0.995	0.995	0.997	0.999	0.999	0.995	0.997	0.997	1.005	1.016	1.021	1.009	0.985	1.002	0.999	1.002	0.991	0.995	0.977	1.005	1.002	1.018	1.018	1.006	0.936	0.962	0.970	0.952	0.949	0.963	0.971	0.953	0.980	0.979	0.975	0.970	0.991	0.995	0.994	1.001	0.993	0.997	0.982	0.964	1.024	1.021	1.021	1.000	0.987	1.014	1.002	0.997	1.002	1.001	1.030	1.012	1.031	1.051	1.040	1.010	0.987	1.003	0.994	0.989	0.979	0.989	0.997	1.008	1.015	1.016	1.011	0.977	1.026	1.041	1.032	1.041	1.036	1.026	0.934	0.922	0.922	0.905	0.934	0.917
23:00:45	37.1	0.986	0.998	0.995	0.996	0.977	0.985	0.985	0.986	0.996	1.012	1.013	0.971	1.004	1.005	1.007	1.009	1.009	1.005	1.006	1.006	1.014	1.026	1.031	1.018	0.994	1.011	1.008	1.011	1.002	1.005	0.987	1.015	1.011	1.028	1.029	1.016	0.947	0.971	0.980	0.961	0.959	0.971	0.980	0.963	0.991	0.989	0.985	0.980	1.000	1.004	1.003	1.010	1.002	1.007	0.992	0.973	1.034	1.031	1.030	1.010	0.996	1.025	1.012	1.007	1.013	1.011	1.041	1.022	1.040	1.060	1.050	1.019	0.997	1.013	1.004	1.000	0.988	0.999	1.007	1.018	1.024	1.027	1.022	0.986	1.034	1.049	1.040	1.049	1.044	1.034	0.944	0.931	0.931	0.914	0.944	0.925
0:00:00																																																																																																	

Results
	1	2	3	4	5	6	7	8	9	10	11	12
A	1.965	1.985	1.999	2.017	1.938	1.955	1.975	1.986	1.985	2.016	1.974	1.910	Max V [600]
	0.983	0.980	0.981	0.981	0.981	0.983	0.984	0.984	0.983	0.982	0.984	0.984	R-Squared [600]
	5:00:36	5:00:36	5:00:36	5:00:36	5:00:36	5:00:36	5:00:36	5:00:36	5:00:36	5:00:36	5:00:36	5:00:36	t at Max V [600]
	2:28:36	2:28:51	2:31:39	2:33:50	2:36:36	2:35:30	2:37:02	2:37:50	2:37:33	2:36:19	2:35:15	2:31:24	Lagtime [600]
B	1.983	1.990	2.011	1.990	2.011	2.000	1.981	1.961	1.989	2.047	2.045	1.985	Max V [600]
	0.984	0.983	0.982	0.982	0.982	0.980	0.983	0.985	0.982	0.983	0.981	0.985	R-Squared [600]
	5:00:36	5:00:36	5:00:36	5:00:36	5:00:36	5:00:36	5:00:36	5:00:36	5:00:36	5:00:36	5:00:36	5:00:36	t at Max V [600]
	2:31:15	2:36:56	2:37:45	2:45:00	2:47:54	2:46:34	2:42:33	2:37:49	2:44:45	2:42:22	2:37:21	2:35:16	Lagtime [600]
C	1.928	1.989	1.982	1.975	1.942	1.939	1.868	1.939	1.943	2.005	1.968	1.977	Max V [600]
	0.985	0.984	0.982	0.978	0.977	0.977	0.977	0.983	0.981	0.982	0.984	0.985	R-Squared [600]
	5:00:36	5:00:36	5:00:36	5:00:36	5:00:36	5:00:36	5:00:36	5:00:36	5:00:36	5:00:36	5:00:36	5:00:36	t at Max V [600]
	2:35:15	2:41:12	2:48:52	2:52:15	2:54:44	2:56:01	2:55:11	2:50:25	2:53:20	2:51:33	2:48:04	2:39:02	Lagtime [600]
D	1.872	1.908	1.899	1.864	1.865	1.864	1.900	1.851	1.892	1.895	1.873	1.883	Max V [600]
	0.982	0.978	0.979	0.979	0.981	0.984	0.983	0.981	0.977	0.977	0.977	0.978	R-Squared [600]
	5:00:36	5:00:36	5:00:36	6:00:37	6:00:37	6:00:37	6:00:37	6:00:37	6:00:37	6:00:37	5:00:36	5:00:36	t at Max V [600]
	2:48:36	2:55:29	2:56:05	3:16:11	3:25:48	3:19:22	3:15:41	3:20:16	3:12:20	3:13:54	2:56:48	2:53:58	Lagtime [600]
E	1.997	1.981	1.918	1.948	1.887	1.852	1.788	1.834	1.965	1.974	2.000	1.933	Max V [600]
	0.982	0.982	0.978	0.978	0.981	0.980	0.978	0.980	0.977	0.975	0.982	0.985	R-Squared [600]
	5:00:36	5:00:36	5:00:36	5:00:36	5:00:36	5:00:36	5:00:36	5:00:36	5:00:36	5:00:36	5:00:36	5:00:36	t at Max V [600]
	2:36:07	2:47:02	2:52:54	2:52:18	2:50:26	2:50:10	2:48:19	2:53:49	2:56:11	2:56:30	2:48:30	2:44:55	Lagtime [600]
F	1.990	2.027	1.952	1.951	1.924	1.911	1.912	1.910	1.948	1.972	2.036	2.001	Max V [600]
	0.983	0.982	0.977	0.976	0.978	0.974	0.980	0.976	0.983	0.985	0.985	0.984	R-Squared [600]
	5:00:36	5:00:36	5:00:36	5:00:36	5:00:36	6:00:37	5:00:36	5:00:36	5:00:36	5:00:36	5:00:36	5:00:36	t at Max V [600]
	2:41:14	2:48:27	2:52:50	2:56:50	2:55:21	3:09:08	2:50:29	2:56:07	2:41:12	2:36:43	2:42:43	2:38:47	Lagtime [600]
G	1.973	1.980	1.954	1.904	1.890	1.910	1.923	1.919	1.969	1.997	1.976	1.899	Max V [600]
	0.984	0.983	0.977	0.976	0.978	0.978	0.977	0.981	0.982	0.983	0.983	0.985	R-Squared [600]
	5:00:36	5:00:36	5:00:36	5:00:36	5:00:36	5:00:36	5:00:36	5:00:36	5:00:36	5:00:36	5:00:36	5:00:36	t at Max V [600]
	2:36:12	2:44:23	2:51:10	2:54:55	2:53:03	2:52:56	2:54:18	2:47:24	2:48:03	2:44:58	2:46:34	2:41:28	Lagtime [600]
H	1.945	2.008	1.945	1.955	1.944	1.894	1.798	1.765	1.757	1.721	1.777	1.765	Max V [600]
	0.986	0.986	0.990	0.987	0.986	0.987	0.976	0.983	0.984	0.981	0.981	0.983	R-Squared [600]
	5:00:36	5:00:36	5:00:36	5:00:36	5:00:36	5:00:36	5:00:36	6:00:37	6:00:37	6:00:37	5:00:36	5:00:36	t at Max V [600]
	2:30:10	2:32:25	2:35:45	2:41:18	2:43:53	2:46:05	2:58:19	3:10:57	3:12:32	3:03:36	2:50:26	2:48:15	Lagtime [600]

