
Software Version	3.11.19



Experiment File Path:	C:\Users\patil-group\Desktop\Sweeteners_stacker\011221_NT5042_83_24007_Rep1\NT5042_83_24007.xpt
Protocol File Path:	C:\Users\Public\Documents\Protocols\Screening-protocol.prt



Plate Number	Plate 10
Date	01/12/2021
Time	12:44:02
Reader Type:	Epoch 2
Reader Serial Number:	2103223
Reading Type	Reader

Procedure Details

Plate Type	96 WELL PLATE
Discontinuous Kinetics	Runtime 1:00:00 (D:HH:MM), Interval 0:01:00, 25 Reads
	Pause after each run
Eject plate on completion	
Shake	Linear: 0:00:30 (HH:MM:SS)
	Frequency: 567 cpm (3 mm)
Read	Absorbance Endpoint
	Full Plate
	Wavelengths:  600
	Read Speed: Normal,  Delay: 100 msec,  Measurements/Data Point: 8

600

Time	T° 600	A1	A2	A3	A4	A5	A6	A7	A8	A9	A10	A11	A12	B1	B2	B3	B4	B5	B6	B7	B8	B9	B10	B11	B12	C1	C2	C3	C4	C5	C6	C7	C8	C9	C10	C11	C12	D1	D2	D3	D4	D5	D6	D7	D8	D9	D10	D11	D12	E1	E2	E3	E4	E5	E6	E7	E8	E9	E10	E11	E12	F1	F2	F3	F4	F5	F6	F7	F8	F9	F10	F11	F12	G1	G2	G3	G4	G5	G6	G7	G8	G9	G10	G11	G12	H1	H2	H3	H4	H5	H6	H7	H8	H9	H10	H11	H12
0:00:34	34.4	0.168	0.171	0.177	0.173	0.174	0.169	0.170	0.167	0.172	0.171	0.175	0.172	0.168	0.174	0.175	0.171	0.172	0.171	0.171	0.174	0.170	0.172	0.177	0.217	0.171	0.190	0.175	0.178	0.181	0.182	0.176	0.181	0.177	0.174	0.177	0.198	0.186	0.173	0.173	0.175	0.178	0.172	0.176	0.174	0.188	0.173	0.173	0.177	0.165	0.176	0.173	0.178	0.173	0.173	0.168	0.179	0.171	0.176	0.176	0.173	0.176	0.175	0.167	0.173	0.172	0.172	0.172	0.175	0.179	0.172	0.171	0.172	0.179	0.169	0.169	0.169	0.169	0.166	0.169	0.171	0.177	0.177	0.171	0.172	0.170	0.167	0.175	0.165	0.171	0.181	0.167	0.169	0.164	0.171	0.169	0.170
1:00:34	34.5	0.169	0.172	0.178	0.174	0.174	0.171	0.172	0.168	0.173	0.171	0.176	0.173	0.169	0.175	0.175	0.171	0.172	0.171	0.172	0.175	0.170	0.172	0.178	0.216	0.172	0.188	0.175	0.178	0.182	0.182	0.177	0.179	0.177	0.174	0.177	0.199	0.185	0.173	0.173	0.176	0.179	0.172	0.176	0.175	0.189	0.173	0.173	0.178	0.165	0.176	0.173	0.178	0.174	0.173	0.168	0.179	0.172	0.176	0.175	0.173	0.175	0.174	0.167	0.174	0.172	0.172	0.171	0.174	0.179	0.172	0.172	0.172	0.178	0.168	0.169	0.169	0.169	0.167	0.168	0.169	0.178	0.177	0.171	0.172	0.169	0.167	0.174	0.164	0.171	0.178	0.168	0.169	0.164	0.169	0.169	0.170
2:00:35	34.6	0.170	0.172	0.178	0.175	0.174	0.171	0.172	0.169	0.173	0.172	0.177	0.174	0.170	0.176	0.176	0.171	0.173	0.172	0.172	0.175	0.171	0.173	0.179	0.215	0.172	0.187	0.176	0.177	0.182	0.182	0.178	0.180	0.177	0.175	0.178	0.200	0.185	0.174	0.174	0.175	0.179	0.173	0.176	0.177	0.190	0.174	0.174	0.179	0.166	0.176	0.174	0.178	0.174	0.174	0.168	0.180	0.172	0.177	0.175	0.174	0.174	0.175	0.168	0.174	0.172	0.172	0.172	0.175	0.178	0.172	0.172	0.172	0.178	0.169	0.170	0.170	0.170	0.167	0.169	0.164	0.177	0.177	0.171	0.173	0.170	0.168	0.176	0.165	0.172	0.176	0.167	0.170	0.165	0.167	0.170	0.170
3:00:36	34.5	0.172	0.174	0.180	0.176	0.176	0.173	0.174	0.172	0.175	0.174	0.178	0.176	0.172	0.177	0.178	0.172	0.174	0.172	0.173	0.176	0.172	0.174	0.180	0.216	0.174	0.185	0.177	0.178	0.183	0.182	0.178	0.181	0.178	0.176	0.180	0.201	0.182	0.175	0.175	0.176	0.179	0.173	0.176	0.176	0.191	0.175	0.175	0.181	0.168	0.177	0.175	0.179	0.174	0.174	0.169	0.180	0.173	0.177	0.177	0.175	0.175	0.176	0.169	0.175	0.173	0.173	0.172	0.175	0.178	0.172	0.173	0.174	0.179	0.170	0.171	0.171	0.171	0.169	0.169	0.163	0.177	0.177	0.172	0.174	0.173	0.172	0.178	0.168	0.175	0.177	0.169	0.170	0.166	0.169	0.170	0.172
4:00:36	34.5	0.176	0.179	0.184	0.180	0.181	0.178	0.180	0.177	0.180	0.179	0.184	0.182	0.176	0.180	0.182	0.175	0.177	0.174	0.177	0.180	0.175	0.178	0.184	0.219	0.178	0.185	0.180	0.180	0.185	0.186	0.181	0.183	0.181	0.179	0.183	0.205	0.183	0.178	0.178	0.178	0.181	0.175	0.177	0.178	0.192	0.178	0.179	0.185	0.172	0.180	0.178	0.181	0.177	0.176	0.171	0.181	0.176	0.178	0.182	0.180	0.179	0.179	0.171	0.177	0.175	0.173	0.174	0.178	0.179	0.173	0.176	0.178	0.183	0.174	0.174	0.174	0.173	0.170	0.172	0.164	0.178	0.178	0.176	0.178	0.184	0.182	0.188	0.176	0.183	0.179	0.172	0.171	0.170	0.169	0.172	0.177
5:00:37	34.4	0.189	0.191	0.195	0.192	0.195	0.191	0.196	0.192	0.194	0.194	0.200	0.199	0.187	0.188	0.190	0.183	0.184	0.179	0.186	0.189	0.184	0.185	0.194	0.229	0.188	0.191	0.187	0.186	0.192	0.190	0.189	0.190	0.188	0.186	0.192	0.215	0.192	0.187	0.186	0.183	0.187	0.181	0.179	0.184	0.197	0.185	0.188	0.196	0.182	0.188	0.186	0.186	0.182	0.182	0.175	0.184	0.182	0.179	0.189	0.190	0.188	0.186	0.179	0.182	0.181	0.176	0.180	0.183	0.183	0.174	0.184	0.188	0.194	0.182	0.183	0.179	0.180	0.177	0.179	0.166	0.180	0.180	0.184	0.188	0.214	0.210	0.211	0.199	0.205	0.187	0.182	0.174	0.183	0.172	0.174	0.188
6:00:38	34.4	0.219	0.220	0.223	0.219	0.222	0.218	0.224	0.221	0.223	0.222	0.229	0.229	0.214	0.212	0.216	0.204	0.205	0.192	0.210	0.211	0.208	0.208	0.220	0.255	0.214	0.209	0.208	0.205	0.210	0.206	0.207	0.208	0.207	0.204	0.215	0.240	0.216	0.209	0.207	0.200	0.203	0.198	0.184	0.200	0.214	0.203	0.212	0.223	0.208	0.210	0.205	0.200	0.197	0.198	0.188	0.192	0.200	0.184	0.212	0.216	0.212	0.207	0.198	0.198	0.196	0.182	0.195	0.199	0.200	0.177	0.205	0.213	0.219	0.206	0.206	0.198	0.201	0.196	0.199	0.171	0.188	0.184	0.206	0.213	0.257	0.249	0.247	0.233	0.241	0.208	0.206	0.181	0.209	0.179	0.183	0.214
7:00:39	34.4	0.273	0.274	0.272	0.269	0.277	0.273	0.286	0.283	0.280	0.281	0.293	0.296	0.262	0.250	0.255	0.235	0.237	0.215	0.247	0.249	0.244	0.243	0.265	0.301	0.258	0.240	0.239	0.234	0.238	0.229	0.236	0.236	0.235	0.233	0.251	0.283	0.256	0.241	0.238	0.228	0.230	0.225	0.195	0.227	0.241	0.230	0.250	0.270	0.250	0.242	0.235	0.226	0.223	0.225	0.215	0.210	0.226	0.194	0.248	0.263	0.254	0.239	0.227	0.225	0.222	0.196	0.221	0.226	0.225	0.184	0.238	0.257	0.265	0.242	0.242	0.226	0.230	0.223	0.230	0.184	0.208	0.194	0.240	0.256	0.326	0.320	0.318	0.303	0.310	0.235	0.249	0.198	0.261	0.197	0.198	0.264
8:00:39	34.4	0.332	0.331	0.333	0.331	0.332	0.329	0.335	0.333	0.334	0.334	0.343	0.344	0.325	0.319	0.324	0.302	0.306	0.255	0.318	0.318	0.314	0.312	0.330	0.364	0.325	0.308	0.308	0.300	0.303	0.290	0.303	0.300	0.301	0.300	0.318	0.346	0.325	0.309	0.307	0.288	0.290	0.285	0.218	0.287	0.301	0.295	0.317	0.332	0.313	0.310	0.303	0.279	0.276	0.282	0.268	0.239	0.288	0.214	0.316	0.323	0.317	0.309	0.292	0.283	0.279	0.218	0.278	0.286	0.285	0.201	0.305	0.317	0.325	0.309	0.310	0.292	0.296	0.290	0.297	0.206	0.234	0.214	0.307	0.316	0.362	0.360	0.361	0.348	0.355	0.295	0.311	0.219	0.312	0.219	0.219	0.320
9:00:40	34.4	0.362	0.361	0.362	0.361	0.360	0.356	0.359	0.358	0.360	0.359	0.369	0.368	0.357	0.354	0.361	0.342	0.346	0.317	0.361	0.353	0.352	0.350	0.363	0.405	0.358	0.349	0.350	0.345	0.349	0.343	0.345	0.347	0.345	0.344	0.356	0.380	0.366	0.346	0.348	0.338	0.339	0.334	0.253	0.335	0.349	0.341	0.354	0.363	0.346	0.348	0.345	0.334	0.331	0.334	0.317	0.295	0.336	0.244	0.353	0.356	0.349	0.358	0.335	0.335	0.332	0.263	0.329	0.335	0.332	0.220	0.348	0.349	0.357	0.347	0.348	0.334	0.337	0.333	0.338	0.245	0.296	0.245	0.345	0.350	0.381	0.379	0.381	0.369	0.377	0.347	0.344	0.273	0.339	0.276	0.272	0.350
10:00:40	34.4	0.376	0.375	0.375	0.373	0.373	0.369	0.372	0.371	0.374	0.372	0.383	0.381	0.370	0.372	0.383	0.363	0.365	0.352	0.402	0.370	0.369	0.368	0.379	0.451	0.373	0.370	0.372	0.369	0.373	0.380	0.369	0.371	0.369	0.371	0.373	0.395	0.406	0.365	0.370	0.365	0.365	0.361	0.316	0.362	0.374	0.366	0.370	0.378	0.361	0.370	0.368	0.362	0.361	0.360	0.346	0.334	0.362	0.307	0.370	0.373	0.364	0.412	0.357	0.362	0.359	0.320	0.355	0.360	0.355	0.271	0.375	0.362	0.370	0.363	0.365	0.356	0.358	0.357	0.358	0.306	0.340	0.306	0.365	0.362	0.400	0.396	0.399	0.389	0.393	0.373	0.358	0.325	0.351	0.332	0.325	0.365
11:00:41	34.4	0.388	0.387	0.385	0.384	0.384	0.382	0.384	0.382	0.385	0.385	0.395	0.393	0.383	0.385	0.409	0.376	0.377	0.367	0.470	0.383	0.381	0.381	0.391	0.521	0.386	0.383	0.386	0.382	0.386	0.421	0.381	0.384	0.379	0.392	0.386	0.407	0.471	0.378	0.384	0.379	0.379	0.375	0.351	0.375	0.387	0.379	0.383	0.390	0.373	0.394	0.381	0.375	0.374	0.373	0.359	0.356	0.376	0.345	0.383	0.393	0.375	0.484	0.369	0.376	0.373	0.350	0.368	0.373	0.368	0.326	0.422	0.374	0.382	0.376	0.377	0.369	0.370	0.370	0.371	0.341	0.362	0.344	0.384	0.376	0.415	0.412	0.413	0.403	0.410	0.389	0.372	0.350	0.362	0.397	0.355	0.377
12:00:41	34.4	0.398	0.398	0.396	0.394	0.395	0.391	0.393	0.393	0.394	0.393	0.404	0.401	0.394	0.398	0.457	0.387	0.390	0.381	0.529	0.395	0.394	0.393	0.402	0.582	0.397	0.394	0.397	0.395	0.398	0.488	0.393	0.396	0.392	0.432	0.397	0.419	0.529	0.392	0.397	0.391	0.390	0.387	0.369	0.387	0.398	0.391	0.396	0.402	0.388	0.436	0.394	0.387	0.386	0.386	0.368	0.369	0.389	0.364	0.396	0.428	0.389	0.547	0.384	0.388	0.385	0.365	0.381	0.386	0.381	0.356	0.484	0.387	0.396	0.388	0.392	0.382	0.383	0.384	0.384	0.357	0.377	0.360	0.419	0.387	0.423	0.423	0.426	0.415	0.420	0.405	0.384	0.365	0.371	0.465	0.366	0.388
13:00:42	34.4	0.402	0.401	0.399	0.397	0.400	0.396	0.398	0.398	0.400	0.399	0.408	0.405	0.400	0.405	0.514	0.395	0.399	0.393	0.573	0.404	0.400	0.400	0.409	0.617	0.404	0.404	0.406	0.404	0.410	0.547	0.405	0.406	0.403	0.487	0.405	0.425	0.578	0.401	0.406	0.401	0.402	0.399	0.382	0.398	0.408	0.401	0.402	0.407	0.394	0.486	0.403	0.400	0.397	0.396	0.378	0.379	0.398	0.376	0.403	0.478	0.394	0.587	0.395	0.399	0.397	0.378	0.390	0.396	0.391	0.369	0.539	0.393	0.401	0.397	0.398	0.391	0.390	0.392	0.392	0.368	0.390	0.372	0.470	0.393	0.428	0.429	0.433	0.422	0.427	0.415	0.390	0.378	0.376	0.519	0.378	0.394
14:00:42	34.3	0.406	0.404	0.403	0.401	0.405	0.401	0.400	0.400	0.403	0.400	0.412	0.407	0.403	0.410	0.565	0.400	0.402	0.400	0.600	0.407	0.404	0.405	0.413	0.640	0.407	0.411	0.413	0.412	0.415	0.583	0.410	0.412	0.408	0.542	0.411	0.428	0.606	0.406	0.411	0.407	0.409	0.405	0.393	0.405	0.414	0.406	0.408	0.411	0.398	0.540	0.408	0.405	0.403	0.403	0.385	0.387	0.405	0.387	0.407	0.531	0.400	0.612	0.400	0.404	0.403	0.391	0.397	0.403	0.397	0.381	0.570	0.397	0.407	0.403	0.405	0.399	0.398	0.398	0.398	0.381	0.397	0.385	0.526	0.397	0.431	0.433	0.435	0.424	0.432	0.421	0.394	0.387	0.380	0.552	0.387	0.397
15:00:42	34.3	0.409	0.410	0.406	0.403	0.407	0.403	0.402	0.402	0.405	0.403	0.413	0.408	0.406	0.411	0.595	0.405	0.407	0.404	0.620	0.410	0.408	0.408	0.415	0.662	0.409	0.414	0.417	0.416	0.419	0.608	0.415	0.416	0.412	0.575	0.414	0.430	0.629	0.410	0.415	0.411	0.414	0.409	0.402	0.409	0.417	0.410	0.411	0.414	0.402	0.569	0.412	0.409	0.407	0.406	0.391	0.393	0.409	0.395	0.412	0.561	0.404	0.633	0.405	0.408	0.407	0.398	0.401	0.406	0.401	0.391	0.598	0.400	0.408	0.406	0.406	0.401	0.401	0.402	0.401	0.389	0.402	0.393	0.556	0.399	0.432	0.433	0.436	0.425	0.434	0.426	0.397	0.393	0.383	0.576	0.393	0.399
16:00:44	34.3	0.411	0.411	0.407	0.406	0.409	0.403	0.402	0.401	0.406	0.403	0.415	0.409	0.406	0.414	0.618	0.406	0.409	0.406	0.638	0.411	0.409	0.409	0.418	0.676	0.413	0.415	0.420	0.418	0.421	0.627	0.418	0.418	0.415	0.598	0.416	0.432	0.647	0.413	0.417	0.413	0.415	0.412	0.407	0.411	0.421	0.412	0.413	0.416	0.405	0.593	0.415	0.412	0.408	0.408	0.395	0.398	0.410	0.400	0.414	0.584	0.406	0.649	0.406	0.410	0.411	0.403	0.404	0.408	0.403	0.396	0.612	0.401	0.411	0.408	0.409	0.403	0.402	0.404	0.403	0.394	0.407	0.397	0.580	0.401	0.433	0.435	0.437	0.426	0.434	0.428	0.398	0.398	0.384	0.592	0.396	0.401
17:00:44	34.3	0.412	0.411	0.408	0.406	0.410	0.404	0.401	0.403	0.407	0.403	0.416	0.411	0.408	0.415	0.636	0.409	0.410	0.409	0.652	0.413	0.411	0.410	0.419	0.687	0.414	0.416	0.421	0.419	0.423	0.644	0.418	0.420	0.416	0.618	0.417	0.434	0.661	0.415	0.418	0.415	0.417	0.413	0.411	0.413	0.422	0.415	0.415	0.416	0.406	0.612	0.415	0.414	0.410	0.410	0.399	0.401	0.412	0.404	0.414	0.605	0.409	0.663	0.409	0.412	0.412	0.406	0.406	0.410	0.404	0.401	0.628	0.402	0.411	0.409	0.411	0.407	0.404	0.406	0.405	0.397	0.408	0.402	0.598	0.402	0.433	0.438	0.439	0.426	0.435	0.432	0.399	0.401	0.386	0.606	0.400	0.401
18:00:45	34.3	0.412	0.413	0.410	0.408	0.410	0.404	0.402	0.404	0.406	0.404	0.415	0.411	0.411	0.415	0.653	0.410	0.411	0.411	0.662	0.414	0.411	0.411	0.419	0.696	0.414	0.417	0.422	0.420	0.424	0.658	0.420	0.423	0.417	0.635	0.417	0.435	0.672	0.417	0.419	0.416	0.418	0.413	0.412	0.414	0.424	0.416	0.415	0.416	0.407	0.628	0.417	0.416	0.411	0.410	0.400	0.404	0.413	0.406	0.415	0.621	0.409	0.673	0.409	0.414	0.414	0.408	0.407	0.411	0.406	0.405	0.640	0.403	0.412	0.411	0.411	0.408	0.406	0.408	0.406	0.400	0.410	0.404	0.615	0.404	0.433	0.437	0.438	0.425	0.435	0.432	0.400	0.402	0.386	0.615	0.401	0.402
19:00:45	34.3	0.414	0.413	0.410	0.406	0.410	0.404	0.402	0.404	0.406	0.403	0.415	0.411	0.410	0.415	0.665	0.411	0.411	0.412	0.670	0.414	0.411	0.411	0.418	0.703	0.415	0.417	0.422	0.421	0.424	0.668	0.419	0.422	0.416	0.647	0.417	0.436	0.680	0.417	0.420	0.416	0.418	0.414	0.413	0.414	0.423	0.416	0.415	0.416	0.408	0.641	0.418	0.415	0.413	0.410	0.402	0.405	0.413	0.407	0.415	0.633	0.410	0.679	0.411	0.415	0.414	0.409	0.407	0.411	0.406	0.407	0.650	0.404	0.412	0.412	0.412	0.408	0.406	0.407	0.406	0.401	0.409	0.404	0.627	0.403	0.432	0.436	0.438	0.424	0.435	0.431	0.401	0.403	0.386	0.623	0.401	0.403
20:00:45	34.3	0.416	0.415	0.410	0.406	0.409	0.402	0.402	0.403	0.408	0.403	0.416	0.412	0.410	0.417	0.675	0.412	0.412	0.412	0.674	0.413	0.411	0.411	0.418	0.711	0.414	0.419	0.423	0.422	0.425	0.676	0.420	0.424	0.417	0.658	0.419	0.437	0.684	0.417	0.420	0.418	0.419	0.415	0.414	0.414	0.424	0.416	0.415	0.416	0.408	0.654	0.418	0.416	0.413	0.411	0.403	0.407	0.414	0.409	0.415	0.646	0.410	0.683	0.412	0.416	0.416	0.410	0.407	0.412	0.407	0.407	0.658	0.405	0.412	0.412	0.413	0.409	0.408	0.408	0.407	0.401	0.410	0.406	0.640	0.403	0.430	0.435	0.439	0.424	0.434	0.432	0.401	0.402	0.386	0.628	0.402	0.403
21:00:47	34.3	0.419	0.414	0.409	0.405	0.408	0.403	0.402	0.402	0.408	0.404	0.416	0.412	0.409	0.415	0.683	0.411	0.411	0.411	0.680	0.413	0.411	0.411	0.418	0.721	0.412	0.420	0.423	0.421	0.425	0.681	0.420	0.423	0.417	0.667	0.420	0.438	0.692	0.417	0.420	0.417	0.419	0.414	0.414	0.414	0.423	0.416	0.415	0.416	0.409	0.660	0.418	0.418	0.413	0.411	0.403	0.407	0.413	0.408	0.415	0.653	0.411	0.689	0.412	0.414	0.415	0.410	0.409	0.413	0.407	0.408	0.662	0.404	0.412	0.412	0.413	0.409	0.407	0.408	0.407	0.402	0.410	0.405	0.646	0.402	0.429	0.436	0.438	0.423	0.433	0.431	0.400	0.402	0.385	0.632	0.402	0.402
22:00:47	34.3	0.414	0.415	0.410	0.399	0.408	0.403	0.403	0.401	0.409	0.403	0.419	0.413	0.409	0.415	0.690	0.411	0.410	0.410	0.685	0.413	0.411	0.410	0.416	0.704	0.413	0.419	0.423	0.421	0.425	0.686	0.419	0.423	0.417	0.672	0.420	0.438	0.696	0.416	0.421	0.418	0.419	0.414	0.413	0.415	0.423	0.416	0.415	0.417	0.409	0.664	0.418	0.418	0.413	0.410	0.403	0.407	0.413	0.407	0.415	0.657	0.411	0.695	0.412	0.415	0.414	0.409	0.409	0.412	0.407	0.408	0.667	0.403	0.411	0.412	0.412	0.410	0.408	0.408	0.407	0.401	0.409	0.405	0.649	0.401	0.428	0.435	0.438	0.422	0.433	0.431	0.401	0.403	0.384	0.634	0.402	0.402
23:00:48	34.5	0.414	0.419	0.408	0.398	0.408	0.399	0.401	0.399	0.412	0.406	0.420	0.414	0.409	0.415	0.693	0.413	0.411	0.408	0.684	0.412	0.410	0.409	0.417	0.696	0.414	0.419	0.422	0.420	0.424	0.690	0.419	0.423	0.417	0.677	0.422	0.437	0.698	0.417	0.420	0.418	0.419	0.413	0.412	0.413	0.423	0.415	0.414	0.417	0.410	0.669	0.418	0.418	0.413	0.410	0.403	0.407	0.413	0.407	0.414	0.662	0.410	0.700	0.412	0.415	0.414	0.409	0.408	0.413	0.407	0.408	0.672	0.403	0.411	0.412	0.412	0.409	0.407	0.407	0.406	0.400	0.408	0.406	0.656	0.401	0.429	0.435	0.436	0.421	0.432	0.429	0.400	0.402	0.384	0.644	0.401	0.400
0:00:00																																																																																																	

Results
	1	2	3	4	5	6	7	8	9	10	11	12
A	0.764	0.751	0.738	0.749	0.732	0.735	0.731	0.738	0.738	0.735	0.755	0.754	Max V [600]
	0.985	0.986	0.984	0.984	0.985	0.985	0.981	0.981	0.984	0.982	0.981	0.978	R-Squared [600]
	7:00:39	7:00:39	7:00:39	7:00:39	7:00:39	7:00:39	7:00:39	7:00:39	7:00:39	7:00:39	7:00:39	7:00:39	t at Max V [600]
	4:41:00	4:41:40	4:45:25	4:45:10	4:39:20	4:38:44	4:31:00	4:31:40	4:36:53	4:34:53	4:32:07	4:27:50	Lagtime [600]
B	0.749	0.731	0.799	0.707	0.714	0.703	0.921	0.726	0.735	0.723	0.747	0.926	Max V [600]
	0.983	0.973	0.990	0.971	0.967	0.978	0.994	0.972	0.971	0.970	0.982	0.990	R-Squared [600]
	7:00:39	7:00:39	13:00:42	8:00:39	8:00:39	8:00:39	11:00:41	7:00:39	7:00:39	7:00:39	7:00:39	11:00:41	t at Max V [600]
	4:46:21	4:57:14	6:03:40	5:12:27	5:12:26	5:44:59	5:39:05	4:57:14	4:57:49	4:59:04	4:50:48	5:38:09	Lagtime [600]
C	0.752	0.718	0.735	0.730	0.728	0.887	0.722	0.728	0.721	0.795	0.719	0.727	Max V [600]
	0.980	0.971	0.972	0.977	0.978	0.990	0.975	0.978	0.976	0.993	0.972	0.981	R-Squared [600]
	7:00:39	8:00:39	8:00:39	8:00:39	8:00:39	12:00:41	8:00:39	8:00:39	8:00:39	13:00:42	7:00:39	7:00:39	t at Max V [600]
	4:50:50	5:33:16	5:16:12	5:25:51	5:25:15	6:20:21	5:19:58	5:27:43	5:22:04	6:28:36	4:56:42	4:50:29	Lagtime [600]
D	0.910	0.698	0.729	0.732	0.722	0.725	0.684	0.720	0.715	0.729	0.727	0.738	Max V [600]
	0.996	0.967	0.972	0.983	0.982	0.983	0.974	0.983	0.982	0.980	0.976	0.985	R-Squared [600]
	11:00:41	7:00:39	8:00:39	8:00:39	8:00:39	8:00:39	9:00:40	8:00:39	8:00:39	8:00:39	7:00:39	7:00:39	t at Max V [600]
	5:48:26	4:58:44	5:13:59	5:31:58	5:32:20	5:30:09	6:48:36	5:30:34	5:29:20	5:24:12	4:54:57	4:45:56	Lagtime [600]
E	0.720	0.758	0.725	0.719	0.727	0.723	0.695	0.648	0.725	0.665	0.717	0.733	Max V [600]
	0.982	0.993	0.974	0.985	0.986	0.983	0.988	0.982	0.982	0.971	0.971	0.992	R-Squared [600]
	7:00:39	13:00:42	8:00:39	8:00:39	8:00:39	8:00:39	8:00:39	9:00:40	8:00:39	10:00:40	7:00:39	13:00:42	t at Max V [600]
	4:49:44	6:13:13	5:17:27	5:39:19	5:37:26	5:32:54	5:37:40	6:14:57	5:26:49	7:02:24	4:58:15	6:03:28	Lagtime [600]
F	0.711	1.004	0.711	0.731	0.730	0.683	0.716	0.717	0.694	0.692	0.845	0.710	Max V [600]
	0.979	0.995	0.975	0.984	0.984	0.981	0.983	0.981	0.979	0.980	0.989	0.983	R-Squared [600]
	7:00:39	10:00:40	8:00:39	8:00:39	8:00:39	9:00:40	8:00:39	8:00:39	8:00:39	10:00:40	12:00:41	7:00:39	t at Max V [600]
	4:56:34	5:54:49	5:19:22	5:34:01	5:35:06	6:37:34	5:35:12	5:32:30	5:36:47	7:31:29	5:57:44	4:49:28	Lagtime [600]
G	0.722	0.719	0.723	0.709	0.702	0.721	0.708	0.690	0.692	0.651	0.751	0.709	Max V [600]
	0.983	0.973	0.973	0.975	0.972	0.975	0.970	0.977	0.977	0.969	0.991	0.984	R-Squared [600]
	7:00:39	7:00:39	7:00:39	8:00:39	8:00:39	8:00:39	8:00:39	9:00:40	9:00:40	9:00:40	13:00:42	7:00:39	t at Max V [600]
	4:52:35	4:57:17	4:57:03	5:22:53	5:17:13	5:22:42	5:17:20	6:55:52	6:21:06	6:52:10	6:21:20	4:50:16	Lagtime [600]
H	0.777	0.777	0.755	0.761	0.761	0.738	0.716	0.683	0.691	1.032	0.699	0.717	Max V [600]
	0.983	0.977	0.968	0.972	0.974	0.982	0.981	0.979	0.985	0.999	0.982	0.986	R-Squared [600]
	6:00:38	6:00:38	7:00:39	7:00:39	7:00:39	8:00:39	7:00:39	9:00:40	7:00:39	11:00:41	9:00:40	7:00:39	t at Max V [600]
	3:53:02	3:54:46	4:09:46	4:16:01	4:13:59	5:30:29	4:52:48	6:28:21	4:41:28	7:20:51	6:30:47	4:44:46	Lagtime [600]


