
Software Version	3.11.19



Experiment File Path:	C:\Users\patil-group\Desktop\Sweeteners_stacker\011221_NT5042_83_24007_Rep1\NT5042_83_24007.xpt
Protocol File Path:	C:\Users\Public\Documents\Protocols\Screening-protocol.prt



Plate Number	Plate 8
Date	01/12/2021
Time	12:40:20
Reader Type:	Epoch 2
Reader Serial Number:	2103223
Reading Type	Reader

Procedure Details

Plate Type	96 WELL PLATE
Discontinuous Kinetics	Runtime 1:00:00 (D:HH:MM), Interval 0:01:00, 25 Reads
	Pause after each run
Eject plate on completion	
Shake	Linear: 0:00:30 (HH:MM:SS)
	Frequency: 567 cpm (3 mm)
Read	Absorbance Endpoint
	Full Plate
	Wavelengths:  600
	Read Speed: Normal,  Delay: 100 msec,  Measurements/Data Point: 8

600

Time	T° 600	A1	A2	A3	A4	A5	A6	A7	A8	A9	A10	A11	A12	B1	B2	B3	B4	B5	B6	B7	B8	B9	B10	B11	B12	C1	C2	C3	C4	C5	C6	C7	C8	C9	C10	C11	C12	D1	D2	D3	D4	D5	D6	D7	D8	D9	D10	D11	D12	E1	E2	E3	E4	E5	E6	E7	E8	E9	E10	E11	E12	F1	F2	F3	F4	F5	F6	F7	F8	F9	F10	F11	F12	G1	G2	G3	G4	G5	G6	G7	G8	G9	G10	G11	G12	H1	H2	H3	H4	H5	H6	H7	H8	H9	H10	H11	H12
0:00:34	34.4	0.173	0.171	0.183	0.180	0.180	0.176	0.179	0.176	0.178	0.172	0.174	0.178	0.173	0.178	0.176	0.172	0.173	0.177	0.175	0.173	0.174	0.175	0.185	0.173	0.174	0.172	0.177	0.174	0.179	0.173	0.178	0.175	0.176	0.174	0.175	0.173	0.171	0.174	0.182	0.173	0.172	0.183	0.178	0.175	0.173	0.173	0.175	0.171	0.174	0.183	0.181	0.177	0.176	0.173	0.183	0.176	0.174	0.173	0.176	0.173	0.170	0.183	0.176	0.172	0.181	0.174	0.172	0.178	0.173	0.172	0.175	0.175	0.173	0.173	0.173	0.174	0.177	0.172	0.173	0.176	0.175	0.175	0.174	0.181	0.183	0.169	0.197	0.170	0.172	0.172	0.172	0.174	0.172	0.175	0.173	0.176
1:00:34	34.6	0.174	0.172	0.184	0.179	0.180	0.179	0.181	0.178	0.179	0.174	0.175	0.178	0.174	0.178	0.177	0.173	0.174	0.178	0.177	0.175	0.174	0.176	0.183	0.174	0.174	0.173	0.178	0.175	0.180	0.174	0.180	0.177	0.178	0.175	0.175	0.174	0.172	0.175	0.183	0.173	0.173	0.184	0.176	0.176	0.174	0.174	0.177	0.172	0.175	0.184	0.182	0.178	0.177	0.175	0.183	0.177	0.175	0.174	0.177	0.174	0.171	0.183	0.177	0.174	0.182	0.176	0.172	0.179	0.174	0.173	0.176	0.176	0.175	0.174	0.174	0.174	0.177	0.175	0.175	0.178	0.177	0.176	0.176	0.183	0.184	0.170	0.196	0.171	0.172	0.173	0.173	0.177	0.174	0.177	0.175	0.176
2:00:35	34.6	0.175	0.173	0.185	0.179	0.181	0.180	0.182	0.180	0.179	0.175	0.176	0.180	0.175	0.178	0.178	0.174	0.175	0.178	0.179	0.175	0.175	0.176	0.184	0.175	0.176	0.174	0.178	0.176	0.181	0.175	0.181	0.177	0.179	0.176	0.176	0.175	0.173	0.176	0.183	0.174	0.174	0.184	0.177	0.177	0.175	0.175	0.178	0.173	0.175	0.184	0.183	0.179	0.179	0.176	0.183	0.178	0.176	0.174	0.178	0.176	0.171	0.183	0.178	0.175	0.182	0.176	0.174	0.179	0.175	0.174	0.177	0.177	0.174	0.175	0.175	0.175	0.178	0.177	0.175	0.178	0.177	0.177	0.177	0.183	0.184	0.172	0.197	0.172	0.173	0.174	0.174	0.177	0.175	0.179	0.176	0.177
3:00:36	34.5	0.177	0.175	0.187	0.182	0.183	0.177	0.182	0.182	0.181	0.176	0.178	0.182	0.177	0.180	0.180	0.176	0.176	0.180	0.180	0.177	0.177	0.177	0.183	0.177	0.177	0.176	0.180	0.178	0.181	0.177	0.182	0.179	0.180	0.177	0.178	0.176	0.175	0.177	0.184	0.175	0.175	0.185	0.177	0.178	0.176	0.177	0.180	0.175	0.177	0.184	0.188	0.180	0.179	0.178	0.184	0.179	0.177	0.176	0.180	0.179	0.173	0.185	0.179	0.176	0.183	0.176	0.175	0.181	0.176	0.176	0.179	0.180	0.177	0.177	0.177	0.176	0.180	0.176	0.177	0.178	0.178	0.178	0.179	0.185	0.187	0.174	0.199	0.174	0.176	0.177	0.176	0.178	0.176	0.179	0.178	0.179
4:00:36	34.5	0.183	0.180	0.192	0.186	0.188	0.183	0.185	0.187	0.187	0.177	0.185	0.189	0.182	0.185	0.184	0.180	0.180	0.184	0.183	0.181	0.181	0.181	0.190	0.183	0.182	0.180	0.184	0.181	0.185	0.180	0.183	0.182	0.184	0.181	0.182	0.178	0.179	0.180	0.185	0.178	0.177	0.187	0.179	0.180	0.179	0.180	0.182	0.179	0.182	0.187	0.188	0.183	0.183	0.180	0.185	0.181	0.180	0.179	0.184	0.182	0.177	0.188	0.183	0.180	0.186	0.179	0.178	0.184	0.179	0.178	0.182	0.185	0.184	0.181	0.180	0.179	0.183	0.179	0.180	0.180	0.181	0.183	0.182	0.190	0.197	0.182	0.206	0.181	0.183	0.184	0.180	0.181	0.177	0.183	0.184	0.186
5:00:37	34.5	0.200	0.195	0.206	0.201	0.203	0.198	0.194	0.204	0.202	0.182	0.203	0.210	0.196	0.197	0.197	0.192	0.192	0.195	0.194	0.192	0.193	0.192	0.196	0.200	0.195	0.191	0.194	0.190	0.194	0.188	0.186	0.188	0.192	0.191	0.195	0.183	0.190	0.189	0.191	0.184	0.184	0.194	0.187	0.188	0.188	0.189	0.191	0.194	0.195	0.197	0.197	0.191	0.191	0.188	0.190	0.188	0.188	0.188	0.195	0.196	0.189	0.199	0.192	0.188	0.194	0.186	0.186	0.192	0.187	0.187	0.191	0.199	0.194	0.191	0.191	0.187	0.192	0.188	0.191	0.183	0.187	0.192	0.194	0.203	0.224	0.204	0.227	0.200	0.203	0.205	0.191	0.188	0.181	0.195	0.201	0.202
6:00:37	34.5	0.229	0.225	0.235	0.231	0.232	0.228	0.215	0.234	0.233	0.195	0.233	0.240	0.227	0.227	0.226	0.221	0.221	0.223	0.222	0.221	0.222	0.221	0.229	0.230	0.226	0.220	0.221	0.212	0.217	0.210	0.194	0.206	0.215	0.217	0.225	0.195	0.219	0.211	0.209	0.201	0.201	0.213	0.205	0.206	0.209	0.212	0.213	0.225	0.226	0.225	0.220	0.211	0.212	0.207	0.202	0.204	0.209	0.211	0.225	0.226	0.219	0.225	0.216	0.210	0.215	0.205	0.206	0.213	0.208	0.209	0.213	0.229	0.226	0.219	0.217	0.208	0.215	0.212	0.216	0.190	0.205	0.218	0.223	0.233	0.263	0.238	0.259	0.231	0.236	0.237	0.219	0.209	0.191	0.225	0.231	0.231
7:00:38	34.4	0.290	0.278	0.283	0.280	0.283	0.279	0.239	0.288	0.287	0.223	0.297	0.309	0.279	0.270	0.267	0.259	0.258	0.260	0.257	0.259	0.261	0.261	0.281	0.288	0.272	0.257	0.258	0.244	0.248	0.241	0.215	0.235	0.247	0.250	0.267	0.221	0.256	0.242	0.240	0.232	0.230	0.242	0.235	0.235	0.239	0.244	0.242	0.273	0.270	0.261	0.252	0.240	0.241	0.237	0.229	0.234	0.239	0.242	0.263	0.273	0.260	0.258	0.248	0.239	0.244	0.234	0.235	0.243	0.239	0.240	0.244	0.279	0.272	0.256	0.251	0.238	0.246	0.246	0.250	0.210	0.232	0.254	0.261	0.280	0.336	0.309	0.328	0.296	0.302	0.305	0.259	0.235	0.218	0.259	0.290	0.291
8:00:39	34.4	0.350	0.343	0.349	0.343	0.345	0.344	0.297	0.351	0.348	0.258	0.354	0.362	0.342	0.338	0.336	0.329	0.328	0.329	0.329	0.329	0.330	0.329	0.342	0.346	0.340	0.328	0.330	0.312	0.316	0.307	0.239	0.286	0.316	0.320	0.335	0.252	0.329	0.310	0.299	0.285	0.285	0.302	0.294	0.297	0.304	0.313	0.304	0.338	0.338	0.332	0.320	0.303	0.308	0.299	0.269	0.284	0.304	0.309	0.333	0.337	0.329	0.329	0.315	0.304	0.307	0.295	0.300	0.309	0.306	0.308	0.311	0.341	0.343	0.329	0.321	0.305	0.314	0.315	0.318	0.233	0.284	0.324	0.329	0.345	0.379	0.359	0.376	0.352	0.356	0.354	0.328	0.291	0.246	0.328	0.349	0.351
9:00:40	34.4	0.380	0.376	0.381	0.374	0.376	0.375	0.358	0.379	0.378	0.323	0.380	0.387	0.376	0.377	0.375	0.368	0.369	0.368	0.373	0.370	0.371	0.368	0.372	0.376	0.377	0.371	0.374	0.363	0.367	0.358	0.296	0.348	0.361	0.364	0.370	0.319	0.368	0.361	0.356	0.348	0.344	0.358	0.352	0.350	0.354	0.362	0.357	0.370	0.373	0.376	0.372	0.357	0.359	0.355	0.333	0.339	0.355	0.358	0.370	0.370	0.370	0.374	0.366	0.357	0.363	0.351	0.353	0.361	0.355	0.358	0.360	0.374	0.377	0.370	0.367	0.359	0.362	0.358	0.362	0.293	0.346	0.366	0.367	0.380	0.400	0.382	0.401	0.382	0.385	0.381	0.366	0.351	0.314	0.368	0.377	0.380
10:00:40	34.4	0.394	0.392	0.394	0.389	0.391	0.390	0.384	0.396	0.392	0.363	0.395	0.403	0.391	0.393	0.392	0.386	0.386	0.386	0.391	0.389	0.389	0.385	0.391	0.391	0.394	0.391	0.394	0.387	0.389	0.383	0.354	0.379	0.382	0.384	0.387	0.362	0.387	0.385	0.383	0.377	0.375	0.383	0.377	0.378	0.379	0.383	0.382	0.386	0.389	0.393	0.399	0.383	0.382	0.378	0.368	0.371	0.379	0.382	0.388	0.386	0.387	0.392	0.388	0.382	0.387	0.376	0.375	0.384	0.378	0.379	0.383	0.389	0.393	0.388	0.386	0.382	0.381	0.380	0.385	0.347	0.376	0.384	0.383	0.395	0.416	0.398	0.417	0.397	0.402	0.397	0.383	0.381	0.361	0.386	0.393	0.395
11:00:41	34.4	0.410	0.407	0.407	0.403	0.408	0.409	0.398	0.412	0.409	0.385	0.411	0.417	0.409	0.411	0.407	0.401	0.402	0.401	0.406	0.403	0.404	0.405	0.406	0.406	0.410	0.406	0.409	0.402	0.404	0.398	0.380	0.393	0.398	0.398	0.401	0.382	0.403	0.400	0.397	0.393	0.390	0.398	0.394	0.393	0.393	0.400	0.398	0.402	0.406	0.408	0.408	0.398	0.398	0.395	0.386	0.386	0.395	0.396	0.405	0.402	0.406	0.407	0.404	0.397	0.403	0.392	0.391	0.400	0.392	0.396	0.398	0.404	0.411	0.406	0.403	0.399	0.396	0.396	0.399	0.377	0.395	0.401	0.399	0.411	0.432	0.416	0.434	0.415	0.418	0.414	0.399	0.396	0.385	0.402	0.410	0.411
12:00:41	34.4	0.420	0.418	0.419	0.412	0.420	0.421	0.412	0.423	0.418	0.400	0.419	0.424	0.420	0.424	0.422	0.417	0.416	0.414	0.421	0.418	0.417	0.416	0.414	0.417	0.425	0.421	0.424	0.419	0.419	0.414	0.395	0.409	0.415	0.413	0.415	0.397	0.418	0.417	0.414	0.408	0.407	0.414	0.409	0.410	0.411	0.415	0.412	0.413	0.419	0.425	0.425	0.415	0.415	0.409	0.399	0.400	0.411	0.413	0.418	0.412	0.421	0.422	0.421	0.414	0.419	0.407	0.406	0.417	0.408	0.411	0.414	0.416	0.425	0.422	0.418	0.417	0.412	0.410	0.415	0.391	0.411	0.415	0.412	0.422	0.441	0.427	0.443	0.425	0.429	0.425	0.414	0.412	0.400	0.416	0.421	0.420
13:00:41	34.4	0.427	0.425	0.425	0.419	0.425	0.427	0.423	0.429	0.429	0.412	0.426	0.430	0.428	0.434	0.432	0.426	0.426	0.426	0.432	0.428	0.427	0.427	0.427	0.422	0.434	0.432	0.435	0.430	0.433	0.427	0.411	0.423	0.425	0.424	0.425	0.409	0.428	0.429	0.428	0.422	0.421	0.425	0.421	0.420	0.422	0.426	0.424	0.421	0.430	0.432	0.435	0.426	0.425	0.422	0.412	0.414	0.421	0.425	0.429	0.423	0.428	0.430	0.429	0.424	0.430	0.420	0.419	0.426	0.419	0.422	0.424	0.425	0.432	0.433	0.425	0.426	0.420	0.423	0.423	0.407	0.421	0.424	0.422	0.431	0.448	0.434	0.449	0.430	0.434	0.432	0.423	0.422	0.411	0.425	0.430	0.427
14:00:42	34.4	0.431	0.429	0.429	0.423	0.428	0.431	0.429	0.434	0.430	0.418	0.428	0.431	0.435	0.440	0.438	0.433	0.432	0.432	0.437	0.434	0.433	0.431	0.432	0.427	0.438	0.441	0.442	0.439	0.439	0.435	0.422	0.429	0.431	0.432	0.431	0.415	0.436	0.436	0.436	0.430	0.428	0.434	0.426	0.428	0.429	0.432	0.431	0.427	0.436	0.438	0.443	0.434	0.433	0.429	0.422	0.422	0.429	0.432	0.436	0.428	0.433	0.436	0.435	0.431	0.435	0.427	0.425	0.434	0.428	0.428	0.430	0.430	0.437	0.439	0.431	0.433	0.428	0.428	0.429	0.417	0.429	0.431	0.428	0.434	0.450	0.441	0.453	0.436	0.436	0.435	0.429	0.431	0.422	0.430	0.434	0.430
15:00:42	34.4	0.433	0.431	0.432	0.426	0.431	0.433	0.434	0.437	0.432	0.423	0.429	0.433	0.438	0.445	0.443	0.436	0.437	0.436	0.442	0.437	0.437	0.435	0.437	0.430	0.442	0.446	0.448	0.444	0.444	0.440	0.431	0.436	0.437	0.435	0.435	0.423	0.439	0.441	0.442	0.437	0.435	0.439	0.432	0.432	0.434	0.437	0.435	0.429	0.440	0.443	0.456	0.439	0.438	0.433	0.429	0.429	0.434	0.436	0.439	0.432	0.438	0.440	0.441	0.434	0.440	0.433	0.431	0.439	0.432	0.433	0.436	0.432	0.440	0.442	0.436	0.437	0.432	0.432	0.434	0.426	0.437	0.435	0.432	0.436	0.451	0.444	0.457	0.438	0.439	0.440	0.434	0.438	0.430	0.433	0.438	0.433
16:00:43	34.3	0.433	0.431	0.435	0.427	0.431	0.433	0.439	0.442	0.435	0.426	0.430	0.433	0.439	0.447	0.445	0.439	0.440	0.439	0.446	0.441	0.440	0.433	0.438	0.432	0.443	0.450	0.451	0.447	0.446	0.445	0.439	0.442	0.441	0.439	0.436	0.426	0.442	0.445	0.447	0.443	0.440	0.444	0.438	0.439	0.440	0.440	0.441	0.433	0.442	0.444	0.462	0.443	0.440	0.438	0.435	0.435	0.440	0.440	0.442	0.433	0.438	0.441	0.443	0.437	0.443	0.437	0.438	0.444	0.436	0.436	0.439	0.435	0.439	0.444	0.437	0.440	0.435	0.436	0.438	0.433	0.441	0.437	0.433	0.439	0.451	0.446	0.458	0.440	0.440	0.444	0.437	0.442	0.435	0.436	0.439	0.437
17:00:44	34.3	0.434	0.432	0.436	0.431	0.432	0.434	0.441	0.442	0.435	0.430	0.430	0.434	0.440	0.448	0.446	0.441	0.442	0.442	0.448	0.443	0.441	0.435	0.437	0.433	0.444	0.452	0.453	0.449	0.450	0.450	0.442	0.445	0.442	0.440	0.437	0.428	0.443	0.448	0.449	0.444	0.443	0.445	0.440	0.441	0.441	0.443	0.443	0.433	0.443	0.444	0.448	0.443	0.442	0.441	0.439	0.438	0.441	0.442	0.443	0.436	0.440	0.441	0.444	0.438	0.445	0.440	0.438	0.444	0.438	0.439	0.441	0.438	0.439	0.443	0.439	0.442	0.437	0.438	0.441	0.437	0.444	0.438	0.435	0.440	0.452	0.449	0.458	0.441	0.440	0.446	0.439	0.444	0.440	0.438	0.440	0.438
18:00:45	34.3	0.432	0.431	0.438	0.431	0.432	0.433	0.440	0.441	0.434	0.431	0.434	0.434	0.440	0.448	0.447	0.440	0.442	0.443	0.447	0.444	0.438	0.435	0.440	0.434	0.443	0.450	0.453	0.450	0.451	0.447	0.444	0.447	0.444	0.442	0.440	0.431	0.444	0.447	0.451	0.445	0.446	0.447	0.443	0.444	0.443	0.443	0.445	0.436	0.444	0.445	0.450	0.446	0.445	0.443	0.443	0.441	0.443	0.443	0.444	0.437	0.435	0.442	0.445	0.442	0.447	0.441	0.440	0.448	0.439	0.439	0.442	0.436	0.436	0.443	0.440	0.442	0.439	0.439	0.443	0.441	0.443	0.439	0.437	0.441	0.450	0.451	0.458	0.440	0.441	0.446	0.438	0.446	0.440	0.438	0.440	0.434
19:00:45	34.3	0.434	0.430	0.437	0.433	0.433	0.434	0.442	0.441	0.434	0.432	0.433	0.433	0.440	0.450	0.447	0.440	0.443	0.443	0.449	0.443	0.439	0.435	0.445	0.435	0.443	0.450	0.454	0.450	0.450	0.449	0.447	0.449	0.444	0.444	0.440	0.432	0.445	0.447	0.451	0.447	0.445	0.448	0.454	0.443	0.443	0.443	0.444	0.434	0.443	0.445	0.451	0.446	0.446	0.444	0.445	0.442	0.441	0.444	0.444	0.437	0.439	0.442	0.446	0.442	0.448	0.442	0.441	0.448	0.440	0.439	0.441	0.438	0.438	0.443	0.442	0.442	0.440	0.440	0.444	0.443	0.444	0.440	0.436	0.442	0.452	0.450	0.458	0.441	0.442	0.447	0.439	0.448	0.442	0.437	0.440	0.438
20:00:45	34.3	0.432	0.430	0.439	0.434	0.433	0.433	0.440	0.441	0.433	0.429	0.433	0.433	0.440	0.449	0.447	0.441	0.443	0.442	0.448	0.444	0.439	0.435	0.438	0.437	0.443	0.450	0.453	0.450	0.450	0.449	0.448	0.449	0.444	0.442	0.440	0.433	0.444	0.446	0.450	0.447	0.446	0.448	0.444	0.444	0.444	0.444	0.445	0.435	0.443	0.445	0.450	0.446	0.446	0.444	0.445	0.443	0.442	0.442	0.444	0.438	0.440	0.443	0.446	0.442	0.448	0.442	0.441	0.448	0.440	0.439	0.441	0.436	0.435	0.442	0.441	0.442	0.440	0.440	0.444	0.444	0.443	0.441	0.437	0.441	0.451	0.449	0.457	0.440	0.442	0.447	0.439	0.448	0.441	0.436	0.439	0.439
21:00:46	34.3	0.432	0.430	0.440	0.435	0.431	0.433	0.439	0.440	0.434	0.429	0.433	0.434	0.441	0.448	0.445	0.439	0.442	0.441	0.448	0.441	0.437	0.437	0.439	0.436	0.442	0.447	0.451	0.450	0.450	0.448	0.447	0.447	0.444	0.441	0.440	0.433	0.442	0.447	0.449	0.446	0.445	0.448	0.445	0.444	0.443	0.444	0.443	0.435	0.443	0.444	0.456	0.446	0.446	0.442	0.445	0.442	0.442	0.441	0.444	0.438	0.438	0.443	0.447	0.442	0.447	0.442	0.439	0.447	0.439	0.438	0.441	0.436	0.435	0.440	0.442	0.443	0.439	0.440	0.442	0.444	0.444	0.439	0.436	0.441	0.449	0.447	0.456	0.440	0.440	0.445	0.437	0.448	0.442	0.434	0.438	0.442
22:00:47	34.3	0.432	0.429	0.440	0.436	0.429	0.431	0.440	0.440	0.436	0.433	0.434	0.432	0.439	0.448	0.444	0.438	0.442	0.440	0.448	0.441	0.436	0.436	0.437	0.441	0.441	0.448	0.453	0.449	0.450	0.448	0.446	0.447	0.443	0.441	0.439	0.433	0.444	0.445	0.450	0.447	0.444	0.448	0.445	0.444	0.443	0.442	0.443	0.434	0.443	0.444	0.450	0.445	0.445	0.444	0.445	0.442	0.442	0.442	0.443	0.439	0.439	0.447	0.447	0.442	0.447	0.442	0.439	0.446	0.440	0.439	0.441	0.438	0.435	0.440	0.442	0.441	0.440	0.441	0.443	0.443	0.441	0.439	0.435	0.440	0.449	0.446	0.456	0.439	0.440	0.447	0.437	0.447	0.442	0.434	0.438	0.439
23:00:47	34.5	0.431	0.429	0.440	0.439	0.429	0.431	0.438	0.440	0.437	0.436	0.433	0.434	0.441	0.448	0.444	0.439	0.442	0.440	0.448	0.441	0.435	0.436	0.438	0.442	0.442	0.448	0.453	0.450	0.449	0.448	0.444	0.446	0.442	0.439	0.439	0.433	0.443	0.445	0.449	0.447	0.444	0.447	0.443	0.443	0.442	0.443	0.442	0.435	0.445	0.444	0.450	0.445	0.446	0.443	0.445	0.440	0.441	0.443	0.442	0.440	0.441	0.440	0.446	0.442	0.447	0.442	0.439	0.446	0.440	0.439	0.440	0.440	0.435	0.440	0.441	0.440	0.439	0.439	0.443	0.442	0.440	0.437	0.436	0.440	0.449	0.445	0.454	0.438	0.439	0.446	0.437	0.446	0.441	0.433	0.437	0.437
0:00:00																																																																																																	

Results
	1	2	3	4	5	6	7	8	9	10	11	12
A	0.800	0.799	0.774	0.765	0.766	0.785	0.761	0.781	0.778	0.726	0.791	0.794	Max V [600]
	0.984	0.986	0.985	0.986	0.985	0.984	0.979	0.984	0.986	0.979	0.981	0.977	R-Squared [600]
	7:00:39	7:00:39	7:00:39	7:00:39	7:00:39	7:00:39	8:00:39	7:00:39	7:00:39	8:00:39	7:00:39	7:00:39	t at Max V [600]
	4:34:31	4:39:38	4:41:18	4:42:19	4:40:03	4:41:27	5:23:39	4:33:16	4:36:50	5:42:40	4:29:48	4:25:02	Lagtime [600]
B	0.789	0.783	0.779	0.769	0.768	0.756	0.777	0.772	0.776	0.769	0.775	0.779	Max V [600]
	0.988	0.983	0.981	0.979	0.978	0.978	0.973	0.978	0.980	0.981	0.988	0.985	R-Squared [600]
	7:00:39	7:00:39	7:00:39	7:00:39	7:00:39	7:00:39	7:00:39	7:00:39	7:00:39	7:00:39	7:00:39	7:00:39	t at Max V [600]
	4:40:01	4:47:46	4:47:06	4:48:34	4:49:56	4:50:51	4:52:15	4:49:47	4:49:52	4:52:14	4:52:29	4:33:03	Lagtime [600]
C	0.797	0.782	0.782	0.780	0.773	0.773	0.741	0.764	0.747	0.747	0.767	0.721	Max V [600]
	0.985	0.976	0.974	0.977	0.976	0.980	0.980	0.985	0.973	0.969	0.982	0.972	R-Squared [600]
	7:00:39	7:00:39	7:00:39	8:00:39	8:00:39	8:00:39	9:00:40	8:00:39	8:00:39	7:00:39	7:00:39	9:00:40	t at Max V [600]
	4:44:49	4:50:49	4:55:27	5:15:08	5:15:08	5:16:25	6:19:47	5:29:39	5:09:29	4:54:59	4:45:11	5:54:36	Lagtime [600]
D	0.777	0.778	0.774	0.780	0.769	0.757	0.766	0.762	0.758	0.767	0.751	0.775	Max V [600]
	0.976	0.977	0.984	0.985	0.986	0.981	0.981	0.984	0.980	0.972	0.981	0.986	R-Squared [600]
	7:00:39	8:00:39	8:00:39	8:00:39	8:00:39	8:00:39	8:00:39	8:00:39	8:00:39	8:00:39	8:00:39	7:00:39	t at Max V [600]
	4:50:25	5:16:11	5:32:11	5:32:16	5:31:07	5:26:06	5:30:25	5:25:08	5:17:52	5:11:09	5:14:28	4:39:54	Lagtime [600]
E	0.780	0.773	0.796	0.768	0.763	0.766	0.729	0.732	0.761	0.762	0.764	0.767	Max V [600]
	0.985	0.975	0.981	0.981	0.976	0.979	0.982	0.990	0.978	0.977	0.980	0.986	R-Squared [600]
	7:00:39	7:00:39	8:00:39	8:00:39	8:00:39	8:00:39	8:00:39	8:00:39	8:00:39	8:00:39	7:00:39	7:00:39	t at Max V [600]
	4:44:11	4:58:09	5:15:29	5:22:30	5:18:02	5:21:47	5:47:52	5:28:43	5:19:03	5:13:01	4:47:48	4:40:43	Lagtime [600]
F	0.788	0.759	0.770	0.769	0.770	0.763	0.760	0.767	0.757	0.763	0.760	0.769	Max V [600]
	0.982	0.971	0.976	0.979	0.979	0.981	0.977	0.977	0.977	0.974	0.975	0.987	R-Squared [600]
	7:00:39	7:00:39	8:00:39	8:00:39	8:00:39	8:00:39	8:00:39	8:00:39	8:00:39	8:00:39	8:00:39	7:00:39	t at Max V [600]
	4:48:47	4:57:32	5:10:39	5:16:12	5:21:54	5:25:43	5:19:40	5:19:26	5:16:58	5:14:17	5:13:10	4:38:39	Lagtime [600]
G	0.801	0.779	0.761	0.780	0.748	0.746	0.749	0.747	0.760	0.757	0.756	0.777	Max V [600]
	0.984	0.974	0.972	0.977	0.970	0.973	0.975	0.981	0.983	0.974	0.981	0.985	R-Squared [600]
	7:00:39	7:00:39	7:00:39	8:00:39	8:00:39	8:00:39	8:00:39	9:00:40	8:00:39	7:00:39	7:00:39	7:00:39	t at Max V [600]
	4:43:55	4:52:47	4:53:48	5:20:47	5:11:07	5:05:47	5:02:45	6:24:39	5:31:05	4:54:13	4:47:56	4:42:56	Lagtime [600]
H	0.793	0.793	0.774	0.808	0.806	0.782	0.762	0.764	0.747	0.746	0.785	0.790	Max V [600]
	0.975	0.975	0.978	0.985	0.984	0.981	0.980	0.982	0.975	0.977	0.984	0.983	R-Squared [600]
	6:00:38	7:00:39	7:00:39	7:00:39	7:00:39	7:00:39	7:00:39	8:00:39	9:00:40	7:00:39	7:00:39	7:00:39	t at Max V [600]
	3:59:17	4:18:01	4:23:33	4:29:39	4:25:34	4:22:12	4:48:58	5:24:52	6:03:09	4:47:12	4:33:01	4:34:38	Lagtime [600]

