
Software Version	3.11.19



Experiment File Path:	C:\Users\patil-group\Desktop\Sweeteners_stacker\101221_NT5021_45_69_Rep2\NT5021_45_69_Rep2.xpt
Protocol File Path:	C:\Users\Public\Documents\Protocols\Screening-protocol.prt



Plate Number	Plate 5
Date	10/12/2021
Time	13:58:47
Reader Type:	Epoch 2
Reader Serial Number:	2103223
Reading Type	Reader

Procedure Details

Plate Type	96 WELL PLATE
Discontinuous Kinetics	Runtime 1:00:00 (D:HH:MM), Interval 0:01:00, 25 Reads
	Pause after each run
Eject plate on completion	
Shake	Linear: 0:00:30 (HH:MM:SS)
	Frequency: 567 cpm (3 mm)
Read	Absorbance Endpoint
	Full Plate
	Wavelengths:  600
	Read Speed: Normal,  Delay: 100 msec,  Measurements/Data Point: 8

600

Time	T° 600	A1	A2	A3	A4	A5	A6	A7	A8	A9	A10	A11	A12	B1	B2	B3	B4	B5	B6	B7	B8	B9	B10	B11	B12	C1	C2	C3	C4	C5	C6	C7	C8	C9	C10	C11	C12	D1	D2	D3	D4	D5	D6	D7	D8	D9	D10	D11	D12	E1	E2	E3	E4	E5	E6	E7	E8	E9	E10	E11	E12	F1	F2	F3	F4	F5	F6	F7	F8	F9	F10	F11	F12	G1	G2	G3	G4	G5	G6	G7	G8	G9	G10	G11	G12	H1	H2	H3	H4	H5	H6	H7	H8	H9	H10	H11	H12
0:00:34	34.3	0.171	0.177	0.175	0.176	0.176	0.170	0.173	0.174	0.180	0.175	0.182	0.170	0.173	0.172	0.175	0.182	0.181	0.175	0.170	0.177	0.173	0.175	0.176	0.184	0.175	0.171	0.174	0.177	0.174	0.178	0.172	0.174	0.177	0.176	0.176	0.182	0.172	0.184	0.173	0.173	0.172	0.173	0.175	0.175	0.176	0.177	0.162	0.171	0.177	0.171	0.172	0.179	0.171	0.172	0.169	0.174	0.176	0.175	0.175	0.172	0.169	0.177	0.173	0.183	0.172	0.177	0.169	0.178	0.176	0.179	0.162	0.165	0.173	0.174	0.171	0.176	0.172	0.171	0.174	0.171	0.172	0.174	0.182	0.164	0.171	0.169	0.174	0.170	0.177	0.168	0.177	0.171	0.172	0.179	0.163	0.166
1:00:34	34.5	0.172	0.180	0.178	0.179	0.179	0.172	0.175	0.178	0.182	0.178	0.185	0.174	0.176	0.174	0.177	0.184	0.182	0.177	0.172	0.178	0.174	0.177	0.179	0.186	0.177	0.173	0.176	0.178	0.175	0.180	0.173	0.176	0.179	0.177	0.178	0.183	0.172	0.175	0.174	0.174	0.173	0.177	0.181	0.177	0.177	0.178	0.164	0.173	0.178	0.172	0.174	0.180	0.173	0.175	0.172	0.175	0.177	0.176	0.176	0.173	0.171	0.176	0.174	0.177	0.174	0.178	0.170	0.179	0.180	0.180	0.168	0.167	0.176	0.176	0.172	0.177	0.174	0.172	0.175	0.173	0.173	0.179	0.184	0.166	0.174	0.171	0.177	0.170	0.178	0.171	0.179	0.173	0.173	0.180	0.165	0.167
2:00:35	34.5	0.175	0.183	0.181	0.184	0.182	0.175	0.178	0.182	0.185	0.185	0.188	0.177	0.179	0.178	0.180	0.187	0.185	0.180	0.175	0.182	0.178	0.181	0.182	0.190	0.181	0.176	0.179	0.180	0.178	0.183	0.176	0.179	0.182	0.181	0.181	0.186	0.176	0.178	0.179	0.177	0.176	0.180	0.177	0.179	0.180	0.181	0.166	0.176	0.181	0.176	0.177	0.183	0.175	0.177	0.175	0.178	0.180	0.179	0.179	0.177	0.174	0.179	0.177	0.180	0.177	0.181	0.173	0.182	0.183	0.183	0.164	0.170	0.190	0.179	0.176	0.180	0.177	0.176	0.177	0.176	0.176	0.179	0.187	0.169	0.176	0.174	0.180	0.171	0.181	0.174	0.183	0.176	0.177	0.183	0.168	0.170
3:00:35	34.5	0.177	0.185	0.183	0.186	0.183	0.177	0.180	0.184	0.188	0.184	0.190	0.179	0.181	0.180	0.182	0.187	0.189	0.181	0.177	0.184	0.180	0.182	0.185	0.193	0.182	0.178	0.181	0.183	0.181	0.185	0.179	0.181	0.185	0.185	0.183	0.188	0.178	0.186	0.181	0.179	0.178	0.183	0.179	0.182	0.182	0.184	0.169	0.179	0.183	0.178	0.180	0.186	0.178	0.180	0.177	0.180	0.182	0.182	0.181	0.179	0.176	0.181	0.180	0.183	0.179	0.183	0.176	0.184	0.185	0.185	0.171	0.172	0.188	0.180	0.182	0.182	0.179	0.178	0.181	0.179	0.179	0.181	0.188	0.171	0.178	0.176	0.181	0.173	0.182	0.177	0.185	0.178	0.179	0.185	0.170	0.172
4:00:36	34.5	0.179	0.187	0.185	0.188	0.184	0.179	0.182	0.183	0.189	0.186	0.192	0.182	0.183	0.182	0.184	0.189	0.189	0.183	0.179	0.186	0.182	0.184	0.186	0.195	0.184	0.180	0.183	0.185	0.183	0.186	0.180	0.183	0.185	0.187	0.185	0.190	0.179	0.182	0.183	0.181	0.180	0.184	0.181	0.183	0.184	0.185	0.170	0.180	0.185	0.179	0.181	0.187	0.179	0.182	0.179	0.182	0.184	0.183	0.182	0.180	0.178	0.183	0.181	0.189	0.181	0.184	0.178	0.186	0.187	0.187	0.172	0.174	0.181	0.182	0.181	0.183	0.181	0.180	0.182	0.180	0.180	0.183	0.189	0.173	0.180	0.177	0.183	0.175	0.184	0.179	0.186	0.180	0.181	0.187	0.172	0.174
5:00:37	34.4	0.183	0.190	0.188	0.192	0.187	0.182	0.184	0.186	0.192	0.189	0.195	0.186	0.186	0.185	0.186	0.191	0.191	0.185	0.181	0.188	0.184	0.187	0.189	0.198	0.187	0.182	0.184	0.186	0.184	0.188	0.182	0.184	0.187	0.189	0.187	0.192	0.181	0.185	0.184	0.183	0.182	0.186	0.182	0.185	0.185	0.188	0.172	0.183	0.187	0.181	0.183	0.189	0.181	0.183	0.180	0.183	0.186	0.185	0.184	0.183	0.179	0.185	0.183	0.186	0.183	0.186	0.179	0.188	0.188	0.189	0.175	0.176	0.191	0.184	0.183	0.185	0.182	0.182	0.184	0.183	0.182	0.185	0.192	0.176	0.183	0.180	0.186	0.177	0.186	0.180	0.189	0.182	0.183	0.190	0.174	0.177
6:00:37	34.4	0.187	0.194	0.191	0.195	0.190	0.185	0.188	0.189	0.196	0.192	0.199	0.190	0.190	0.188	0.189	0.193	0.195	0.187	0.184	0.191	0.187	0.190	0.192	0.202	0.190	0.184	0.187	0.189	0.186	0.190	0.190	0.187	0.189	0.191	0.190	0.196	0.184	0.186	0.186	0.185	0.184	0.188	0.184	0.187	0.187	0.190	0.174	0.186	0.190	0.183	0.185	0.190	0.183	0.185	0.182	0.185	0.189	0.188	0.187	0.186	0.182	0.188	0.187	0.189	0.185	0.188	0.182	0.189	0.190	0.191	0.172	0.179	0.195	0.186	0.185	0.188	0.185	0.184	0.186	0.185	0.185	0.188	0.194	0.179	0.186	0.184	0.190	0.181	0.190	0.183	0.192	0.185	0.187	0.193	0.177	0.181
7:00:38	34.4	0.191	0.198	0.195	0.199	0.194	0.189	0.194	0.193	0.200	0.197	0.203	0.195	0.194	0.192	0.193	0.197	0.198	0.190	0.187	0.194	0.190	0.194	0.196	0.206	0.194	0.188	0.189	0.191	0.189	0.193	0.187	0.189	0.192	0.194	0.193	0.200	0.187	0.190	0.190	0.190	0.187	0.190	0.187	0.190	0.190	0.193	0.178	0.190	0.194	0.186	0.189	0.193	0.186	0.188	0.185	0.188	0.192	0.191	0.190	0.190	0.185	0.191	0.187	0.191	0.188	0.191	0.185	0.193	0.190	0.194	0.175	0.183	0.192	0.190	0.187	0.191	0.188	0.187	0.189	0.188	0.188	0.191	0.197	0.183	0.190	0.188	0.193	0.184	0.193	0.187	0.195	0.189	0.190	0.197	0.181	0.185
8:00:39	34.5	0.196	0.203	0.199	0.204	0.198	0.194	0.196	0.198	0.204	0.201	0.208	0.200	0.198	0.195	0.196	0.200	0.201	0.194	0.190	0.198	0.194	0.198	0.200	0.210	0.198	0.192	0.193	0.195	0.193	0.196	0.190	0.193	0.196	0.198	0.197	0.204	0.191	0.193	0.193	0.193	0.190	0.193	0.190	0.193	0.193	0.196	0.181	0.194	0.198	0.190	0.192	0.196	0.189	0.190	0.188	0.191	0.195	0.194	0.194	0.194	0.189	0.195	0.191	0.194	0.191	0.194	0.188	0.195	0.194	0.198	0.177	0.187	0.196	0.193	0.191	0.194	0.191	0.190	0.192	0.192	0.191	0.194	0.201	0.188	0.194	0.191	0.197	0.187	0.196	0.191	0.198	0.193	0.193	0.200	0.186	0.189
9:00:40	34.4	0.201	0.207	0.203	0.208	0.201	0.197	0.200	0.201	0.208	0.205	0.212	0.204	0.202	0.199	0.199	0.203	0.203	0.197	0.193	0.202	0.198	0.201	0.203	0.215	0.201	0.196	0.196	0.198	0.196	0.199	0.193	0.196	0.199	0.201	0.200	0.207	0.194	0.197	0.195	0.196	0.193	0.195	0.193	0.195	0.196	0.200	0.184	0.198	0.202	0.192	0.195	0.199	0.192	0.194	0.191	0.194	0.198	0.197	0.197	0.198	0.192	0.198	0.193	0.197	0.194	0.197	0.192	0.198	0.196	0.201	0.181	0.191	0.200	0.195	0.194	0.197	0.193	0.193	0.196	0.195	0.195	0.198	0.204	0.192	0.197	0.195	0.200	0.191	0.200	0.194	0.200	0.196	0.196	0.203	0.190	0.194
10:00:41	34.4	0.204	0.211	0.207	0.211	0.204	0.201	0.203	0.205	0.212	0.209	0.216	0.209	0.205	0.202	0.202	0.205	0.206	0.200	0.196	0.205	0.201	0.204	0.206	0.218	0.205	0.199	0.199	0.200	0.198	0.201	0.196	0.199	0.202	0.204	0.203	0.211	0.197	0.200	0.198	0.198	0.195	0.197	0.196	0.198	0.199	0.203	0.188	0.202	0.205	0.195	0.198	0.201	0.194	0.196	0.194	0.196	0.201	0.200	0.200	0.202	0.195	0.201	0.196	0.200	0.196	0.199	0.195	0.201	0.201	0.204	0.185	0.195	0.207	0.198	0.196	0.200	0.195	0.195	0.199	0.198	0.198	0.201	0.207	0.196	0.200	0.198	0.205	0.194	0.203	0.197	0.202	0.198	0.198	0.206	0.194	0.197
11:00:42	34.4	0.208	0.214	0.210	0.215	0.207	0.204	0.206	0.208	0.215	0.213	0.221	0.212	0.209	0.205	0.204	0.208	0.208	0.202	0.199	0.208	0.204	0.207	0.209	0.222	0.208	0.202	0.201	0.202	0.200	0.203	0.198	0.201	0.205	0.207	0.205	0.213	0.199	0.202	0.200	0.200	0.197	0.198	0.198	0.201	0.201	0.205	0.191	0.205	0.208	0.197	0.201	0.203	0.196	0.198	0.196	0.199	0.204	0.203	0.203	0.205	0.198	0.204	0.198	0.202	0.199	0.201	0.197	0.203	0.201	0.207	0.188	0.198	0.210	0.200	0.199	0.202	0.197	0.197	0.201	0.201	0.201	0.203	0.209	0.199	0.203	0.200	0.206	0.196	0.205	0.199	0.205	0.201	0.201	0.209	0.198	0.200
12:00:42	34.4	0.211	0.218	0.212	0.218	0.210	0.206	0.209	0.210	0.218	0.215	0.224	0.215	0.212	0.207	0.206	0.211	0.211	0.204	0.201	0.210	0.206	0.210	0.211	0.225	0.210	0.204	0.203	0.204	0.202	0.206	0.200	0.203	0.207	0.210	0.208	0.216	0.201	0.205	0.202	0.202	0.199	0.200	0.200	0.202	0.203	0.208	0.194	0.208	0.210	0.199	0.203	0.205	0.198	0.200	0.198	0.200	0.207	0.205	0.205	0.208	0.200	0.206	0.199	0.203	0.201	0.203	0.200	0.204	0.202	0.209	0.191	0.201	0.210	0.201	0.201	0.203	0.200	0.199	0.203	0.204	0.203	0.206	0.211	0.202	0.205	0.202	0.210	0.198	0.207	0.202	0.207	0.203	0.203	0.212	0.202	0.203
13:00:43	34.4	0.213	0.219	0.214	0.219	0.212	0.209	0.211	0.212	0.220	0.218	0.225	0.218	0.214	0.208	0.207	0.212	0.212	0.205	0.202	0.212	0.208	0.212	0.213	0.226	0.213	0.206	0.204	0.205	0.203	0.207	0.203	0.204	0.208	0.211	0.209	0.218	0.203	0.206	0.204	0.204	0.201	0.201	0.201	0.204	0.204	0.209	0.196	0.210	0.213	0.200	0.205	0.206	0.199	0.201	0.199	0.203	0.209	0.207	0.207	0.210	0.201	0.208	0.200	0.204	0.207	0.204	0.201	0.206	0.204	0.211	0.194	0.203	0.213	0.203	0.202	0.204	0.200	0.200	0.204	0.206	0.205	0.207	0.212	0.204	0.206	0.204	0.212	0.199	0.207	0.204	0.209	0.204	0.204	0.213	0.204	0.205
14:00:43	34.4	0.215	0.221	0.215	0.221	0.213	0.210	0.213	0.213	0.222	0.219	0.227	0.219	0.215	0.210	0.208	0.213	0.213	0.207	0.204	0.214	0.210	0.213	0.215	0.228	0.214	0.207	0.205	0.206	0.204	0.208	0.203	0.206	0.209	0.213	0.210	0.219	0.204	0.207	0.203	0.204	0.202	0.203	0.202	0.205	0.205	0.211	0.198	0.212	0.214	0.202	0.206	0.207	0.201	0.202	0.201	0.204	0.210	0.209	0.208	0.212	0.202	0.209	0.202	0.206	0.217	0.205	0.204	0.207	0.205	0.212	0.196	0.204	0.214	0.204	0.203	0.205	0.201	0.201	0.205	0.207	0.206	0.208	0.213	0.206	0.208	0.206	0.213	0.201	0.209	0.205	0.210	0.205	0.205	0.214	0.205	0.206
15:00:44	34.4	0.216	0.222	0.216	0.222	0.215	0.211	0.214	0.215	0.223	0.221	0.227	0.220	0.217	0.211	0.209	0.214	0.215	0.208	0.205	0.215	0.211	0.214	0.216	0.230	0.215	0.209	0.205	0.207	0.205	0.210	0.204	0.207	0.211	0.215	0.211	0.220	0.205	0.209	0.204	0.204	0.202	0.203	0.203	0.206	0.206	0.212	0.199	0.213	0.216	0.202	0.208	0.208	0.201	0.203	0.202	0.204	0.212	0.209	0.209	0.213	0.203	0.210	0.202	0.206	0.231	0.206	0.204	0.207	0.206	0.213	0.198	0.205	0.215	0.205	0.204	0.206	0.202	0.203	0.207	0.208	0.208	0.209	0.213	0.207	0.209	0.207	0.214	0.202	0.210	0.206	0.210	0.207	0.207	0.216	0.206	0.207
16:00:44	34.4	0.217	0.223	0.218	0.223	0.215	0.212	0.215	0.216	0.224	0.221	0.228	0.221	0.219	0.213	0.210	0.215	0.216	0.209	0.206	0.216	0.212	0.215	0.217	0.231	0.217	0.210	0.207	0.208	0.206	0.211	0.206	0.208	0.211	0.215	0.212	0.221	0.206	0.209	0.204	0.206	0.203	0.204	0.204	0.207	0.207	0.213	0.201	0.214	0.217	0.203	0.208	0.208	0.202	0.204	0.203	0.206	0.212	0.210	0.211	0.214	0.204	0.211	0.203	0.207	0.261	0.206	0.205	0.208	0.208	0.215	0.199	0.206	0.216	0.206	0.205	0.208	0.203	0.203	0.207	0.209	0.208	0.210	0.214	0.208	0.210	0.208	0.215	0.203	0.211	0.207	0.211	0.208	0.208	0.216	0.207	0.207
17:00:45	34.4	0.218	0.224	0.219	0.224	0.216	0.213	0.216	0.216	0.225	0.222	0.229	0.222	0.218	0.213	0.211	0.217	0.216	0.210	0.207	0.217	0.213	0.216	0.218	0.231	0.218	0.210	0.208	0.210	0.207	0.212	0.207	0.209	0.212	0.217	0.213	0.222	0.207	0.210	0.206	0.207	0.204	0.205	0.205	0.207	0.208	0.214	0.202	0.215	0.218	0.204	0.209	0.210	0.203	0.205	0.203	0.206	0.213	0.211	0.212	0.215	0.206	0.212	0.204	0.208	0.305	0.207	0.207	0.210	0.209	0.215	0.200	0.207	0.217	0.206	0.206	0.208	0.204	0.204	0.208	0.210	0.209	0.211	0.215	0.209	0.211	0.209	0.216	0.204	0.212	0.208	0.212	0.208	0.209	0.217	0.208	0.208
18:00:46	34.4	0.219	0.224	0.219	0.224	0.217	0.214	0.216	0.217	0.225	0.222	0.230	0.223	0.219	0.214	0.212	0.218	0.217	0.211	0.208	0.218	0.214	0.217	0.219	0.232	0.218	0.211	0.208	0.210	0.208	0.212	0.207	0.210	0.213	0.217	0.213	0.222	0.207	0.211	0.207	0.208	0.205	0.206	0.206	0.208	0.209	0.215	0.202	0.215	0.218	0.205	0.210	0.210	0.204	0.206	0.209	0.207	0.214	0.211	0.212	0.216	0.206	0.214	0.204	0.209	0.381	0.208	0.207	0.210	0.209	0.216	0.201	0.208	0.218	0.207	0.206	0.209	0.205	0.205	0.209	0.211	0.210	0.211	0.215	0.209	0.211	0.210	0.217	0.204	0.213	0.209	0.213	0.209	0.209	0.218	0.208	0.208
19:00:46	34.4	0.220	0.225	0.220	0.225	0.217	0.214	0.217	0.217	0.225	0.223	0.230	0.224	0.220	0.214	0.213	0.218	0.218	0.211	0.208	0.219	0.214	0.218	0.220	0.233	0.218	0.212	0.209	0.211	0.209	0.214	0.208	0.211	0.214	0.218	0.214	0.223	0.208	0.212	0.207	0.209	0.206	0.207	0.207	0.209	0.210	0.215	0.203	0.216	0.219	0.206	0.210	0.211	0.205	0.207	0.205	0.208	0.215	0.212	0.213	0.218	0.207	0.217	0.205	0.210	0.430	0.209	0.207	0.211	0.210	0.217	0.202	0.209	0.219	0.208	0.207	0.210	0.206	0.206	0.210	0.211	0.211	0.211	0.216	0.210	0.212	0.210	0.217	0.205	0.213	0.209	0.213	0.210	0.210	0.218	0.209	0.209
20:00:46	34.4	0.220	0.225	0.220	0.227	0.217	0.215	0.217	0.218	0.226	0.223	0.230	0.224	0.220	0.215	0.213	0.218	0.218	0.211	0.209	0.219	0.215	0.219	0.220	0.233	0.219	0.212	0.210	0.211	0.209	0.213	0.208	0.211	0.214	0.218	0.214	0.223	0.208	0.212	0.208	0.209	0.206	0.208	0.207	0.210	0.210	0.217	0.204	0.216	0.219	0.206	0.211	0.212	0.206	0.207	0.205	0.209	0.215	0.213	0.213	0.219	0.207	0.216	0.206	0.211	0.450	0.210	0.208	0.212	0.210	0.217	0.203	0.209	0.218	0.209	0.208	0.210	0.207	0.206	0.211	0.212	0.211	0.212	0.216	0.210	0.212	0.210	0.217	0.206	0.214	0.210	0.214	0.210	0.210	0.218	0.210	0.209
21:00:47	34.4	0.220	0.226	0.220	0.227	0.218	0.215	0.217	0.219	0.226	0.224	0.230	0.224	0.221	0.215	0.214	0.219	0.218	0.212	0.209	0.220	0.216	0.220	0.220	0.233	0.219	0.212	0.210	0.212	0.210	0.214	0.209	0.211	0.215	0.219	0.215	0.224	0.209	0.213	0.209	0.210	0.207	0.208	0.208	0.211	0.211	0.217	0.205	0.216	0.219	0.207	0.212	0.213	0.206	0.208	0.207	0.209	0.216	0.214	0.214	0.220	0.208	0.217	0.206	0.211	0.488	0.210	0.208	0.212	0.211	0.218	0.205	0.209	0.219	0.208	0.208	0.211	0.207	0.207	0.212	0.212	0.212	0.212	0.216	0.210	0.213	0.211	0.218	0.206	0.214	0.211	0.214	0.211	0.210	0.219	0.210	0.209
22:00:48	34.4	0.220	0.226	0.220	0.226	0.218	0.215	0.218	0.219	0.226	0.224	0.230	0.223	0.220	0.215	0.214	0.219	0.219	0.212	0.210	0.220	0.216	0.219	0.220	0.234	0.219	0.213	0.210	0.212	0.211	0.214	0.209	0.212	0.215	0.220	0.215	0.224	0.209	0.213	0.209	0.210	0.208	0.209	0.208	0.211	0.211	0.217	0.205	0.217	0.219	0.207	0.212	0.213	0.206	0.208	0.207	0.210	0.216	0.214	0.214	0.221	0.208	0.216	0.206	0.212	0.519	0.211	0.209	0.213	0.211	0.218	0.205	0.209	0.220	0.208	0.209	0.211	0.207	0.207	0.212	0.213	0.212	0.213	0.216	0.210	0.213	0.211	0.218	0.206	0.214	0.211	0.214	0.211	0.211	0.220	0.209	0.209
23:00:48	34.5	0.219	0.227	0.220	0.226	0.217	0.217	0.218	0.219	0.226	0.225	0.231	0.222	0.221	0.215	0.214	0.219	0.219	0.212	0.210	0.221	0.216	0.220	0.220	0.234	0.219	0.213	0.211	0.213	0.211	0.215	0.209	0.212	0.215	0.221	0.215	0.224	0.209	0.213	0.209	0.211	0.208	0.209	0.209	0.211	0.212	0.218	0.205	0.218	0.220	0.207	0.213	0.214	0.207	0.209	0.207	0.210	0.217	0.214	0.214	0.220	0.208	0.216	0.207	0.212	0.534	0.211	0.209	0.213	0.211	0.219	0.206	0.209	0.219	0.208	0.208	0.211	0.208	0.207	0.212	0.213	0.212	0.213	0.216	0.210	0.212	0.211	0.218	0.206	0.214	0.211	0.215	0.211	0.211	0.219	0.210	0.209
0:00:00																																																																																																	

Results
	1	2	3	4	5	6	7	8	9	10	11	12
A	0.077	0.072	0.065	0.068	0.060	0.065	0.065	0.065	0.067	0.070	0.073	0.078	Max V [600]
	0.999	0.997	0.999	0.998	0.998	0.999	0.976	0.998	0.999	0.998	0.995	0.999	R-Squared [600]
	7:00:39	7:00:39	7:00:39	7:00:39	7:00:39	8:00:39	7:00:39	8:00:39	8:00:39	8:00:39	9:00:40	7:00:39	t at Max V [600]
	2:27:42	2:01:57	1:49:44	1:21:35	1:58:54	1:57:10	2:02:06	1:59:37	2:00:15	1:52:31	2:12:20	1:45:40	Lagtime [600]
B	0.069	0.060	0.054	0.052	0.052	0.052	0.053	0.059	0.059	0.062	0.061	0.071	Max V [600]
	1.000	1.000	0.997	0.999	0.989	0.999	0.999	1.000	0.999	0.998	0.999	0.999	R-Squared [600]
	7:00:39	7:00:39	8:00:39	8:00:39	6:00:38	8:00:39	8:00:39	8:00:39	8:00:39	7:00:39	7:00:39	7:00:39	t at Max V [600]
	2:07:37	1:42:40	1:42:24	2:16:49	1:49:09	2:07:03	1:38:13	1:59:32	2:06:38	2:00:44	1:39:42	1:50:52	Lagtime [600]
C	0.064	0.060	0.051	0.048	0.050	0.048	0.052	0.049	0.055	0.057	0.055	0.063	Max V [600]
	1.000	0.999	0.999	0.996	0.998	0.995	0.864	0.997	0.999	0.999	0.998	0.999	R-Squared [600]
	8:00:39	8:00:39	8:00:39	8:00:39	8:00:39	7:00:39	4:00:36	8:00:39	8:00:39	8:00:39	7:00:39	7:00:39	t at Max V [600]
	2:17:04	2:21:13	1:58:35	1:50:14	1:50:05	1:48:49	0:54:40	1:44:23	2:27:55	1:46:49	1:49:09	2:19:06	Lagtime [600]
D	0.054	0.057	0.047	0.056	0.045	0.046	0.048	0.047	0.049	0.055	0.056	0.067	Max V [600]
	0.998	1.000	0.995	0.986	0.997	0.970	0.999	1.000	0.999	0.999	0.999	1.000	R-Squared [600]
	8:00:39	8:00:39	8:00:39	7:00:39	8:00:39	2:00:35	8:00:39	8:00:39	8:00:39	8:00:39	8:00:39	8:00:39	t at Max V [600]
	2:34:41	5:19:19	1:22:13	2:11:43	1:12:43	?????	2:58:30	1:54:09	2:10:21	2:11:52	2:22:38	2:13:25	Lagtime [600]
E	0.063	0.048	0.051	0.046	0.048	0.047	0.049	0.047	0.054	0.052	0.056	0.065	Max V [600]
	0.997	0.998	1.000	0.999	0.999	0.995	0.999	0.999	0.999	0.999	1.000	0.999	R-Squared [600]
	8:00:39	8:00:39	8:00:39	8:00:39	8:00:39	8:00:39	8:00:39	8:00:39	9:00:40	8:00:39	8:00:39	8:00:39	t at Max V [600]
	2:32:27	1:33:39	1:46:57	1:54:25	1:52:38	1:33:50	1:33:50	1:56:20	2:07:48	2:12:45	2:30:23	2:18:16	Lagtime [600]
F	0.054	0.056	0.044	0.047	0.862	0.046	0.053	0.046	0.047	0.054	0.059	0.067	Max V [600]
	0.997	1.000	0.991	0.999	0.978	0.999	0.999	0.998	0.927	0.999	0.999	1.000	R-Squared [600]
	7:00:39	8:00:39	9:00:40	8:00:39	17:00:45	8:00:39	8:00:39	8:00:39	9:00:40	8:00:39	10:00:41	8:00:39	t at Max V [600]
	1:54:53	2:55:03	1:18:20	3:53:43	14:07:24	1:50:33	2:00:33	1:55:48	1:56:43	2:11:12	3:31:57	2:24:33	Lagtime [600]
G	0.076	0.048	0.050	0.050	0.045	0.048	0.055	0.056	0.058	0.053	0.053	0.069	Max V [600]
	0.986	0.996	0.881	0.999	0.998	0.998	0.995	1.000	0.999	1.000	0.996	0.999	R-Squared [600]
	9:00:40	7:00:39	2:00:35	7:00:39	7:00:39	8:00:39	8:00:39	8:00:39	8:00:39	8:00:39	7:00:39	8:00:39	t at Max V [600]
	2:53:46	1:33:22	0:08:53	2:02:11	1:20:29	1:20:16	2:23:37	1:58:03	2:33:04	1:49:38	2:00:46	2:17:44	Lagtime [600]
H	0.060	0.060	0.062	0.056	0.056	0.058	0.049	0.056	0.051	0.058	0.071	0.070	Max V [600]
	0.999	0.999	0.999	0.999	0.999	0.999	0.998	0.998	0.997	0.999	0.999	0.998	R-Squared [600]
	7:00:39	7:00:39	8:00:39	7:00:39	7:00:39	7:00:39	7:00:39	7:00:39	7:00:39	7:00:39	8:00:39	8:00:39	t at Max V [600]
	1:42:28	1:50:46	1:54:45	2:44:57	2:05:03	1:39:11	1:03:24	1:43:45	1:09:53	2:00:03	2:42:43	2:29:00	Lagtime [600]


