

Software Version	3.10.06



Experiment File Path:	C:\Users\patil-group\Desktop\Sweeteners_stacker\211021_NT5009_11_Rep1\NT5009_11_Rep1.xpt
Protocol File Path:	C:\Users\Public\Documents\Protocols\Screening-protocol.prt



Plate Number	Plate 7
Date	21/10/2021
Time	14:13:21
Reader Type:	Epoch 2
Reader Serial Number:	2103223
Reading Type	Reader

Procedure Details

Plate Type	96 WELL PLATE
Discontinuous Kinetics	Runtime 1:00:00 (D:HH:MM), Interval 0:01:00, 25 Reads
	Pause after each run
Eject plate on completion	
Shake	Linear: 0:00:30 (HH:MM:SS)
	Frequency: 567 cpm (3 mm)
Read	Absorbance Endpoint
	Full Plate
	Wavelengths:  600
	Read Speed: Normal,  Delay: 100 msec,  Measurements/Data Point: 8

600

Time	T° 600	A1	A2	A3	A4	A5	A6	A7	A8	A9	A10	A11	A12	B1	B2	B3	B4	B5	B6	B7	B8	B9	B10	B11	B12	C1	C2	C3	C4	C5	C6	C7	C8	C9	C10	C11	C12	D1	D2	D3	D4	D5	D6	D7	D8	D9	D10	D11	D12	E1	E2	E3	E4	E5	E6	E7	E8	E9	E10	E11	E12	F1	F2	F3	F4	F5	F6	F7	F8	F9	F10	F11	F12	G1	G2	G3	G4	G5	G6	G7	G8	G9	G10	G11	G12	H1	H2	H3	H4	H5	H6	H7	H8	H9	H10	H11	H12
0:00:34	34.7	0.196	0.202	0.194	0.204	0.205	0.206	0.194	0.195	0.197	0.213	0.193	0.200	0.192	0.191	0.208	0.200	0.195	0.210	0.203	0.196	0.196	0.201	0.195	0.203	0.203	0.205	0.230	0.223	0.237	0.220	0.206	0.205	0.220	0.207	0.215	0.211	0.200	0.209	0.201	0.195	0.215	0.212	0.196	0.198	0.187	0.219	0.192	0.194	0.204	0.214	0.213	0.215	0.197	0.220	0.203	0.187	0.205	0.233	0.200	0.205	0.205	0.190	0.205	0.204	0.215	0.203	0.212	0.223	0.193	0.205	0.216	0.200	0.202	0.210	0.188	0.217	0.216	0.203	0.217	0.197	0.213	0.214	0.208	0.203	0.196	0.200	0.208	0.192	0.206	0.186	0.195	0.186	0.201	0.198	0.187	0.192
1:00:31	34.8	0.199	0.198	0.192	0.200	0.203	0.206	0.195	0.191	0.194	0.206	0.193	0.199	0.192	0.185	0.207	0.198	0.191	0.207	0.198	0.191	0.193	0.197	0.192	0.206	0.196	0.199	0.226	0.197	0.216	0.212	0.198	0.195	0.204	0.200	0.207	0.208	0.199	0.205	0.196	0.189	0.207	0.211	0.186	0.192	0.182	0.210	0.190	0.194	0.196	0.193	0.205	0.203	0.188	0.218	0.197	0.181	0.195	0.216	0.193	0.200	0.203	0.189	0.202	0.193	0.209	0.199	0.205	0.210	0.188	0.197	0.207	0.195	0.200	0.210	0.189	0.213	0.198	0.200	0.214	0.196	0.207	0.204	0.204	0.201	0.196	0.203	0.208	0.192	0.202	0.186	0.194	0.186	0.200	0.196	0.191	0.194
2:00:32	34.7	0.210	0.205	0.198	0.206	0.202	0.211	0.200	0.196	0.198	0.209	0.201	0.209	0.200	0.192	0.211	0.200	0.194	0.208	0.199	0.194	0.196	0.201	0.200	0.217	0.200	0.201	0.223	0.194	0.210	0.206	0.197	0.196	0.200	0.202	0.209	0.215	0.206	0.205	0.196	0.189	0.203	0.209	0.188	0.192	0.186	0.208	0.195	0.203	0.201	0.194	0.201	0.199	0.187	0.216	0.195	0.183	0.194	0.210	0.196	0.206	0.208	0.194	0.203	0.194	0.206	0.197	0.205	0.206	0.191	0.198	0.208	0.201	0.208	0.213	0.193	0.216	0.195	0.201	0.213	0.198	0.207	0.202	0.207	0.209	0.204	0.207	0.210	0.198	0.204	0.192	0.198	0.193	0.204	0.202	0.199	0.204
3:00:33	34.7	0.232	0.224	0.213	0.219	0.214	0.225	0.211	0.211	0.210	0.225	0.219	0.230	0.220	0.207	0.221	0.210	0.203	0.217	0.209	0.205	0.209	0.214	0.218	0.240	0.215	0.212	0.231	0.203	0.215	0.211	0.203	0.205	0.208	0.212	0.223	0.235	0.223	0.215	0.202	0.198	0.209	0.215	0.195	0.198	0.195	0.217	0.206	0.222	0.216	0.204	0.207	0.203	0.194	0.220	0.200	0.191	0.200	0.216	0.207	0.223	0.225	0.205	0.209	0.200	0.212	0.202	0.211	0.212	0.200	0.207	0.218	0.218	0.225	0.226	0.203	0.225	0.203	0.208	0.216	0.206	0.215	0.212	0.220	0.227	0.224	0.223	0.224	0.212	0.217	0.205	0.210	0.208	0.220	0.219	0.217	0.227
4:00:33	34.7	0.265	0.255	0.239	0.242	0.244	0.252	0.234	0.236	0.235	0.254	0.249	0.263	0.254	0.234	0.246	0.232	0.222	0.240	0.230	0.227	0.234	0.241	0.250	0.275	0.246	0.232	0.254	0.223	0.233	0.226	0.219	0.224	0.230	0.234	0.253	0.271	0.254	0.236	0.220	0.214	0.223	0.230	0.209	0.214	0.211	0.237	0.229	0.255	0.240	0.226	0.221	0.217	0.207	0.233	0.213	0.207	0.217	0.235	0.230	0.252	0.253	0.226	0.226	0.214	0.223	0.215	0.225	0.226	0.217	0.225	0.240	0.248	0.258	0.253	0.223	0.245	0.221	0.224	0.232	0.224	0.234	0.233	0.246	0.259	0.256	0.253	0.254	0.237	0.240	0.229	0.235	0.235	0.246	0.246	0.248	0.260
5:00:33	34.6	0.306	0.293	0.274	0.276	0.283	0.287	0.262	0.266	0.267	0.289	0.287	0.308	0.300	0.273	0.286	0.265	0.252	0.276	0.264	0.258	0.269	0.278	0.292	0.319	0.288	0.264	0.298	0.256	0.267	0.257	0.247	0.256	0.265	0.267	0.295	0.320	0.294	0.272	0.251	0.243	0.251	0.257	0.234	0.240	0.239	0.269	0.261	0.297	0.274	0.257	0.248	0.245	0.232	0.264	0.238	0.233	0.243	0.267	0.262	0.292	0.292	0.257	0.259	0.240	0.250	0.241	0.248	0.250	0.244	0.257	0.273	0.287	0.308	0.296	0.254	0.282	0.252	0.254	0.262	0.253	0.264	0.266	0.284	0.303	0.296	0.292	0.295	0.272	0.275	0.263	0.266	0.270	0.279	0.281	0.294	0.304
6:00:34	34.6	0.356	0.345	0.321	0.324	0.342	0.338	0.303	0.308	0.315	0.342	0.337	0.357	0.354	0.326	0.346	0.315	0.293	0.331	0.312	0.302	0.323	0.334	0.351	0.368	0.349	0.311	0.359	0.302	0.312	0.302	0.289	0.301	0.319	0.316	0.360	0.374	0.352	0.329	0.294	0.282	0.297	0.295	0.269	0.280	0.275	0.317	0.307	0.350	0.330	0.307	0.291	0.287	0.266	0.309	0.277	0.263	0.278	0.316	0.310	0.343	0.354	0.302	0.313	0.275	0.292	0.279	0.282	0.286	0.279	0.304	0.320	0.338	0.375	0.364	0.302	0.343	0.293	0.300	0.306	0.298	0.314	0.316	0.343	0.355	0.341	0.357	0.355	0.320	0.333	0.311	0.309	0.317	0.324	0.325	0.345	0.350
7:00:34	34.6	0.405	0.397	0.371	0.373	0.388	0.389	0.352	0.355	0.367	0.392	0.389	0.391	0.415	0.382	0.409	0.374	0.343	0.391	0.368	0.353	0.383	0.390	0.414	0.428	0.405	0.363	0.426	0.358	0.374	0.361	0.347	0.358	0.378	0.370	0.416	0.437	0.406	0.390	0.356	0.335	0.358	0.352	0.317	0.331	0.318	0.373	0.359	0.410	0.383	0.361	0.352	0.346	0.314	0.372	0.336	0.302	0.331	0.374	0.364	0.403	0.407	0.360	0.375	0.327	0.355	0.339	0.335	0.341	0.329	0.363	0.373	0.394	0.437	0.429	0.365	0.408	0.350	0.362	0.368	0.359	0.376	0.376	0.405	0.422	0.401	0.416	0.416	0.371	0.389	0.363	0.356	0.368	0.374	0.377	0.414	0.401
8:00:35	34.5	0.411	0.412	0.402	0.413	0.429	0.434	0.396	0.387	0.402	0.414	0.399	0.397	0.441	0.446	0.475	0.438	0.397	0.453	0.431	0.413	0.445	0.445	0.448	0.442	0.438	0.423	0.483	0.413	0.429	0.418	0.402	0.416	0.439	0.432	0.469	0.454	0.440	0.455	0.412	0.390	0.414	0.405	0.368	0.382	0.368	0.435	0.421	0.432	0.435	0.423	0.411	0.402	0.366	0.428	0.386	0.343	0.381	0.434	0.429	0.431	0.450	0.425	0.435	0.382	0.407	0.396	0.389	0.393	0.383	0.426	0.436	0.423	0.465	0.492	0.431	0.469	0.412	0.423	0.429	0.420	0.444	0.445	0.475	0.443	0.421	0.449	0.462	0.431	0.444	0.422	0.415	0.418	0.420	0.415	0.433	0.418
9:00:35	34.5	0.419	0.423	0.415	0.425	0.435	0.438	0.406	0.394	0.408	0.421	0.409	0.402	0.455	0.462	0.496	0.474	0.435	0.488	0.464	0.438	0.463	0.461	0.462	0.456	0.453	0.449	0.519	0.464	0.486	0.476	0.461	0.462	0.478	0.460	0.483	0.467	0.455	0.483	0.470	0.450	0.472	0.463	0.428	0.447	0.417	0.471	0.443	0.445	0.453	0.458	0.473	0.469	0.423	0.492	0.453	0.393	0.441	0.479	0.454	0.446	0.464	0.456	0.487	0.445	0.467	0.457	0.453	0.460	0.438	0.465	0.456	0.435	0.482	0.508	0.472	0.512	0.464	0.481	0.483	0.468	0.480	0.472	0.493	0.458	0.438	0.467	0.479	0.449	0.461	0.438	0.432	0.435	0.439	0.434	0.451	0.431
10:00:36	34.5	0.428	0.434	0.430	0.438	0.440	0.443	0.411	0.402	0.415	0.430	0.420	0.413	0.470	0.475	0.510	0.491	0.449	0.497	0.477	0.452	0.474	0.475	0.479	0.474	0.463	0.463	0.531	0.482	0.499	0.494	0.480	0.477	0.493	0.472	0.497	0.481	0.467	0.495	0.484	0.470	0.497	0.492	0.458	0.472	0.436	0.480	0.457	0.459	0.467	0.476	0.488	0.493	0.444	0.521	0.482	0.409	0.460	0.492	0.468	0.459	0.479	0.471	0.502	0.468	0.482	0.482	0.479	0.479	0.455	0.480	0.472	0.451	0.500	0.525	0.489	0.525	0.483	0.497	0.495	0.482	0.495	0.488	0.509	0.475	0.455	0.482	0.491	0.468	0.476	0.453	0.448	0.451	0.455	0.452	0.467	0.446
11:00:36	34.5	0.440	0.447	0.447	0.451	0.453	0.452	0.421	0.412	0.426	0.441	0.432	0.423	0.484	0.489	0.525	0.508	0.463	0.513	0.492	0.472	0.494	0.492	0.497	0.493	0.479	0.477	0.546	0.496	0.513	0.507	0.493	0.493	0.509	0.487	0.512	0.496	0.484	0.511	0.500	0.484	0.511	0.505	0.472	0.484	0.451	0.499	0.472	0.476	0.479	0.493	0.501	0.510	0.462	0.533	0.497	0.422	0.475	0.508	0.487	0.476	0.495	0.488	0.517	0.481	0.493	0.493	0.496	0.494	0.469	0.494	0.489	0.469	0.516	0.543	0.506	0.540	0.500	0.513	0.508	0.499	0.510	0.505	0.529	0.494	0.473	0.497	0.503	0.483	0.490	0.469	0.465	0.466	0.472	0.469	0.483	0.463
12:00:37	34.5	0.453	0.461	0.463	0.466	0.461	0.461	0.435	0.424	0.435	0.453	0.445	0.433	0.498	0.507	0.539	0.524	0.480	0.528	0.509	0.488	0.510	0.510	0.515	0.508	0.494	0.492	0.561	0.515	0.528	0.520	0.505	0.507	0.524	0.502	0.528	0.509	0.502	0.527	0.514	0.502	0.525	0.520	0.489	0.499	0.467	0.513	0.488	0.493	0.494	0.505	0.522	0.526	0.476	0.547	0.513	0.438	0.493	0.525	0.500	0.492	0.511	0.504	0.531	0.497	0.506	0.505	0.509	0.509	0.484	0.514	0.506	0.486	0.535	0.560	0.523	0.556	0.515	0.526	0.520	0.517	0.527	0.520	0.549	0.510	0.490	0.512	0.520	0.499	0.505	0.485	0.482	0.484	0.489	0.486	0.497	0.478
13:00:37	34.5	0.465	0.475	0.478	0.481	0.475	0.473	0.446	0.437	0.447	0.464	0.457	0.443	0.510	0.522	0.558	0.541	0.498	0.543	0.522	0.505	0.526	0.522	0.528	0.521	0.509	0.508	0.581	0.532	0.546	0.534	0.522	0.523	0.544	0.520	0.544	0.523	0.517	0.544	0.533	0.517	0.538	0.537	0.506	0.518	0.488	0.531	0.506	0.505	0.511	0.524	0.536	0.544	0.492	0.561	0.526	0.456	0.510	0.540	0.519	0.507	0.524	0.526	0.546	0.516	0.525	0.523	0.528	0.524	0.501	0.531	0.522	0.505	0.548	0.578	0.542	0.575	0.533	0.548	0.534	0.533	0.545	0.539	0.566	0.522	0.505	0.526	0.535	0.519	0.519	0.502	0.497	0.501	0.506	0.501	0.509	0.491
14:00:38	34.5	0.472	0.484	0.489	0.493	0.484	0.481	0.456	0.447	0.458	0.474	0.466	0.451	0.517	0.532	0.574	0.555	0.514	0.559	0.536	0.519	0.538	0.536	0.539	0.532	0.520	0.521	0.593	0.546	0.561	0.551	0.535	0.540	0.558	0.531	0.552	0.533	0.529	0.556	0.549	0.534	0.556	0.552	0.523	0.533	0.506	0.547	0.520	0.516	0.524	0.534	0.553	0.559	0.509	0.578	0.544	0.469	0.529	0.556	0.531	0.517	0.534	0.538	0.559	0.532	0.543	0.539	0.539	0.540	0.517	0.545	0.537	0.515	0.558	0.589	0.553	0.587	0.548	0.560	0.553	0.549	0.558	0.551	0.574	0.533	0.518	0.536	0.544	0.530	0.529	0.513	0.512	0.514	0.517	0.514	0.521	0.503
15:00:38	34.5	0.479	0.491	0.498	0.500	0.492	0.488	0.463	0.454	0.466	0.480	0.473	0.457	0.525	0.542	0.584	0.565	0.525	0.570	0.545	0.531	0.545	0.544	0.548	0.543	0.527	0.530	0.603	0.558	0.570	0.565	0.550	0.549	0.564	0.540	0.561	0.541	0.540	0.565	0.561	0.546	0.567	0.570	0.539	0.545	0.517	0.554	0.527	0.526	0.534	0.545	0.565	0.574	0.519	0.597	0.559	0.481	0.540	0.562	0.541	0.527	0.545	0.547	0.565	0.544	0.546	0.551	0.555	0.553	0.529	0.555	0.547	0.525	0.569	0.598	0.561	0.594	0.558	0.571	0.562	0.560	0.569	0.561	0.584	0.543	0.529	0.545	0.552	0.538	0.540	0.523	0.522	0.524	0.527	0.523	0.530	0.514
16:00:39	34.5	0.493	0.497	0.505	0.508	0.496	0.493	0.468	0.460	0.472	0.485	0.480	0.464	0.534	0.547	0.590	0.574	0.534	0.577	0.553	0.538	0.554	0.553	0.555	0.553	0.533	0.539	0.611	0.568	0.579	0.574	0.556	0.559	0.572	0.547	0.568	0.549	0.549	0.575	0.570	0.553	0.578	0.575	0.546	0.552	0.526	0.565	0.536	0.533	0.542	0.551	0.574	0.585	0.528	0.603	0.569	0.489	0.548	0.569	0.550	0.535	0.553	0.554	0.578	0.554	0.552	0.559	0.563	0.557	0.535	0.563	0.556	0.534	0.577	0.603	0.572	0.603	0.565	0.579	0.569	0.566	0.579	0.567	0.592	0.552	0.537	0.553	0.560	0.548	0.549	0.531	0.533	0.531	0.537	0.531	0.539	0.521
17:00:40	34.5	0.499	0.503	0.513	0.514	0.501	0.498	0.474	0.466	0.478	0.489	0.485	0.468	0.540	0.553	0.596	0.580	0.544	0.582	0.558	0.547	0.560	0.559	0.559	0.559	0.541	0.545	0.616	0.576	0.585	0.581	0.563	0.566	0.578	0.554	0.573	0.556	0.555	0.583	0.577	0.559	0.587	0.585	0.555	0.560	0.534	0.572	0.542	0.541	0.551	0.558	0.582	0.592	0.538	0.611	0.577	0.497	0.559	0.575	0.558	0.544	0.562	0.562	0.585	0.562	0.565	0.567	0.574	0.569	0.543	0.569	0.562	0.544	0.583	0.610	0.580	0.610	0.574	0.588	0.577	0.573	0.586	0.575	0.599	0.559	0.546	0.559	0.565	0.556	0.556	0.540	0.540	0.542	0.547	0.541	0.544	0.530
18:00:40	34.5	0.504	0.507	0.519	0.518	0.505	0.503	0.480	0.471	0.481	0.492	0.489	0.473	0.546	0.556	0.601	0.586	0.551	0.587	0.567	0.555	0.565	0.562	0.563	0.564	0.547	0.552	0.622	0.583	0.592	0.587	0.572	0.573	0.584	0.560	0.579	0.559	0.563	0.589	0.586	0.569	0.595	0.593	0.562	0.569	0.541	0.580	0.550	0.548	0.556	0.564	0.590	0.597	0.541	0.618	0.587	0.506	0.566	0.583	0.563	0.548	0.565	0.569	0.590	0.568	0.572	0.574	0.578	0.575	0.550	0.575	0.571	0.548	0.588	0.612	0.583	0.614	0.579	0.594	0.581	0.580	0.593	0.580	0.605	0.564	0.552	0.564	0.569	0.562	0.560	0.547	0.549	0.549	0.554	0.550	0.551	0.537
19:00:41	34.5	0.508	0.512	0.524	0.522	0.507	0.504	0.483	0.475	0.486	0.497	0.494	0.477	0.549	0.559	0.605	0.589	0.556	0.587	0.570	0.560	0.569	0.567	0.567	0.569	0.551	0.555	0.622	0.587	0.595	0.591	0.576	0.576	0.588	0.562	0.580	0.563	0.567	0.585	0.588	0.571	0.596	0.597	0.567	0.571	0.546	0.580	0.552	0.553	0.561	0.567	0.591	0.603	0.546	0.624	0.589	0.511	0.570	0.584	0.566	0.555	0.569	0.572	0.593	0.573	0.572	0.577	0.581	0.578	0.555	0.573	0.572	0.552	0.589	0.613	0.586	0.617	0.581	0.592	0.585	0.585	0.592	0.580	0.606	0.567	0.557	0.567	0.574	0.568	0.566	0.552	0.554	0.556	0.559	0.554	0.556	0.543
20:00:42	34.5	0.510	0.514	0.527	0.524	0.507	0.506	0.488	0.479	0.488	0.498	0.495	0.480	0.550	0.563	0.604	0.590	0.559	0.590	0.574	0.561	0.569	0.569	0.568	0.573	0.554	0.558	0.620	0.588	0.598	0.593	0.578	0.577	0.589	0.565	0.579	0.566	0.570	0.586	0.586	0.574	0.599	0.598	0.569	0.574	0.551	0.582	0.554	0.555	0.568	0.569	0.593	0.605	0.550	0.620	0.593	0.516	0.574	0.584	0.571	0.559	0.573	0.573	0.592	0.577	0.573	0.579	0.586	0.575	0.556	0.574	0.569	0.555	0.590	0.613	0.590	0.617	0.584	0.595	0.582	0.586	0.590	0.582	0.607	0.567	0.561	0.571	0.578	0.570	0.568	0.557	0.559	0.560	0.564	0.558	0.556	0.546
21:00:42	34.7	0.513	0.516	0.531	0.525	0.508	0.506	0.491	0.481	0.489	0.501	0.498	0.483	0.555	0.561	0.605	0.591	0.562	0.586	0.575	0.564	0.571	0.568	0.569	0.574	0.558	0.561	0.622	0.589	0.597	0.592	0.577	0.578	0.590	0.567	0.578	0.566	0.572	0.583	0.590	0.576	0.596	0.598	0.572	0.576	0.553	0.583	0.555	0.557	0.574	0.570	0.594	0.606	0.552	0.625	0.596	0.520	0.575	0.586	0.571	0.563	0.574	0.574	0.592	0.579	0.575	0.584	0.588	0.584	0.558	0.575	0.576	0.560	0.587	0.610	0.588	0.615	0.585	0.596	0.587	0.587	0.591	0.582	0.610	0.570	0.563	0.571	0.581	0.573	0.571	0.559	0.564	0.564	0.568	0.561	0.559	0.549
22:00:42	34.7	0.515	0.518	0.532	0.525	0.508	0.507	0.493	0.482	0.491	0.500	0.499	0.484	0.554	0.562	0.601	0.592	0.564	0.585	0.575	0.566	0.570	0.569	0.568	0.576	0.560	0.559	0.619	0.587	0.594	0.593	0.579	0.580	0.587	0.565	0.576	0.565	0.571	0.585	0.588	0.575	0.598	0.597	0.571	0.576	0.552	0.579	0.554	0.557	0.569	0.568	0.592	0.601	0.553	0.618	0.593	0.520	0.574	0.584	0.567	0.563	0.571	0.571	0.587	0.575	0.571	0.578	0.585	0.576	0.556	0.570	0.574	0.557	0.584	0.606	0.587	0.611	0.582	0.591	0.584	0.584	0.588	0.581	0.604	0.565	0.568	0.571	0.581	0.575	0.572	0.562	0.566	0.566	0.567	0.562	0.558	0.552
23:00:43	34.7	0.515	0.517	0.530	0.524	0.505	0.507	0.494	0.484	0.490	0.498	0.499	0.487	0.554	0.562	0.597	0.590	0.565	0.585	0.574	0.566	0.569	0.566	0.567	0.576	0.556	0.557	0.616	0.584	0.592	0.590	0.575	0.577	0.583	0.561	0.572	0.565	0.576	0.580	0.585	0.576	0.597	0.592	0.571	0.574	0.554	0.577	0.551	0.556	0.571	0.567	0.585	0.595	0.551	0.618	0.591	0.521	0.573	0.583	0.566	0.563	0.575	0.570	0.584	0.575	0.566	0.575	0.584	0.574	0.553	0.569	0.569	0.558	0.585	0.601	0.585	0.606	0.581	0.589	0.580	0.583	0.585	0.577	0.601	0.568	0.569	0.572	0.581	0.575	0.571	0.564	0.567	0.565	0.569	0.564	0.559	0.552
0:00:00																																																																																																	

Results
	1	2	3	4	5	6	7	8	9	10	11	12
A	0.729	0.726	0.704	0.734	0.792	0.778	0.691	0.650	0.723	0.703	0.710	0.692	Max V [600]
	0.993	0.988	0.995	0.997	0.996	0.997	0.993	0.995	0.994	0.985	0.988	0.995	R-Squared [600]
	5:00:34	5:00:34	6:00:34	6:00:34	6:00:34	6:00:34	6:00:34	6:00:34	6:00:34	5:00:34	5:00:34	5:00:34	t at Max V [600]
	2:19:47	2:41:46	2:58:55	3:14:16	3:13:11	3:07:58	3:13:27	3:03:18	3:14:18	2:55:31	2:34:27	2:21:49	Lagtime [600]
B	0.816	0.884	0.966	0.904	0.780	0.911	0.862	0.784	0.894	0.863	0.862	0.782	Max V [600]
	0.989	0.993	0.993	0.994	0.997	0.993	0.993	0.988	0.990	0.995	0.991	0.990	R-Squared [600]
	5:00:34	6:00:34	6:00:34	7:00:34	7:00:34	7:00:34	7:00:34	7:00:34	6:00:34	6:00:34	6:00:34	5:00:34	t at Max V [600]
	2:37:50	3:21:06	3:30:35	3:49:07	3:49:53	3:45:40	3:50:02	3:40:13	3:29:35	3:22:06	3:00:01	2:23:37	Lagtime [600]
C	0.833	0.804	0.978	0.880	0.926	0.925	0.901	0.878	0.909	0.838	0.923	0.847	Max V [600]
	0.991	0.989	0.996	0.999	0.998	0.998	0.997	0.998	0.996	0.989	0.997	0.990	R-Squared [600]
	6:00:34	7:00:34	6:00:34	7:00:34	7:00:34	7:00:34	7:00:34	7:00:34	7:00:34	7:00:34	6:00:34	5:00:34	t at Max V [600]
	3:09:53	3:44:54	3:43:58	4:26:27	4:32:33	4:26:07	4:21:08	4:05:21	4:09:20	3:47:47	3:25:11	2:43:34	Lagtime [600]
D	0.807	0.924	0.924	0.870	0.930	0.874	0.814	0.859	0.750	0.869	0.801	0.783	Max V [600]
	0.993	0.990	0.997	0.995	0.998	0.995	0.992	0.993	0.995	0.994	0.987	0.986	R-Squared [600]
	6:00:34	6:00:34	7:00:34	7:00:34	7:00:34	7:00:34	8:00:35	7:00:34	7:00:34	7:00:34	6:00:34	5:00:34	t at Max V [600]
	2:55:28	3:42:37	4:11:46	4:13:06	4:25:37	4:17:46	4:30:02	4:19:19	3:58:07	4:03:12	3:26:15	2:36:24	Lagtime [600]
E	0.830	0.864	0.948	0.938	0.802	0.959	0.899	0.666	0.829	0.907	0.838	0.781	Max V [600]
	0.994	0.994	0.996	0.994	0.992	0.997	0.993	0.992	0.993	0.998	0.986	0.990	R-Squared [600]
	6:00:34	7:00:34	7:00:34	7:00:34	7:00:34	7:00:34	7:00:34	7:00:34	7:00:34	7:00:34	7:00:34	6:00:34	t at Max V [600]
	3:25:19	4:09:57	4:30:49	4:36:56	4:26:35	4:21:23	4:30:51	4:00:47	4:23:50	4:24:21	3:45:36	3:02:25	Lagtime [600]
F	0.849	0.866	0.964	0.861	0.912	0.912	0.860	0.881	0.819	0.897	0.820	0.761	Max V [600]
	0.995	0.991	0.999	0.990	0.997	0.994	0.990	0.990	0.994	0.995	0.987	0.992	R-Squared [600]
	6:00:34	7:00:34	7:00:34	7:00:34	7:00:34	7:00:34	7:00:34	7:00:34	7:00:34	7:00:34	6:00:34	6:00:34	t at Max V [600]
	3:08:42	3:43:51	4:05:23	4:29:49	4:27:47	4:28:16	4:30:12	4:40:55	4:08:04	4:04:18	3:43:24	3:00:02	Lagtime [600]
G	0.903	1.018	0.940	0.976	0.904	0.965	0.942	0.917	0.937	0.904	0.963	0.812	Max V [600]
	0.985	0.995	0.995	0.995	0.996	0.998	0.997	0.997	0.992	0.987	0.990	0.983	R-Squared [600]
	6:00:34	6:00:34	7:00:34	7:00:34	7:00:34	7:00:34	7:00:34	7:00:34	7:00:34	7:00:34	6:00:34	6:00:34	t at Max V [600]
	2:55:43	3:26:31	3:52:05	3:49:44	4:28:20	4:13:11	4:18:20	4:03:53	4:06:31	4:01:47	3:32:51	2:52:36	Lagtime [600]
H	0.729	0.859	0.896	0.810	0.869	0.809	0.751	0.772	0.741	0.725	0.819	0.731	Max V [600]
	0.986	0.990	0.995	0.991	0.994	0.991	0.988	0.995	0.995	0.996	0.980	0.995	R-Squared [600]
	5:00:34	6:00:34	6:00:34	6:00:34	6:00:34	6:00:34	6:00:34	6:00:34	6:00:34	6:00:34	5:00:34	5:00:34	t at Max V [600]
	2:33:25	3:01:15	3:14:56	3:14:33	3:31:18	3:18:01	3:19:33	3:05:23	3:08:29	2:59:42	2:38:21	2:21:15	Lagtime [600]

