

Software Version	3.10.06



Experiment File Path:	C:\Users\patil-group\Desktop\Sweeteners_stacker\211021_NT5009_11_Rep1\NT5009_11_Rep1.xpt
Protocol File Path:	C:\Users\Public\Documents\Protocols\Screening-protocol.prt



Plate Number	Plate 11
Date	21/10/2021
Time	14:20:45
Reader Type:	Epoch 2
Reader Serial Number:	2103223
Reading Type	Reader

Procedure Details

Plate Type	96 WELL PLATE
Discontinuous Kinetics	Runtime 1:00:00 (D:HH:MM), Interval 0:01:00, 25 Reads
	Pause after each run
Eject plate on completion	
Shake	Linear: 0:00:30 (HH:MM:SS)
	Frequency: 567 cpm (3 mm)
Read	Absorbance Endpoint
	Full Plate
	Wavelengths:  600
	Read Speed: Normal,  Delay: 100 msec,  Measurements/Data Point: 8

600

Time	T° 600	A1	A2	A3	A4	A5	A6	A7	A8	A9	A10	A11	A12	B1	B2	B3	B4	B5	B6	B7	B8	B9	B10	B11	B12	C1	C2	C3	C4	C5	C6	C7	C8	C9	C10	C11	C12	D1	D2	D3	D4	D5	D6	D7	D8	D9	D10	D11	D12	E1	E2	E3	E4	E5	E6	E7	E8	E9	E10	E11	E12	F1	F2	F3	F4	F5	F6	F7	F8	F9	F10	F11	F12	G1	G2	G3	G4	G5	G6	G7	G8	G9	G10	G11	G12	H1	H2	H3	H4	H5	H6	H7	H8	H9	H10	H11	H12
0:00:34	34.7	0.201	0.189	0.195	0.190	0.204	0.187	0.180	0.182	0.185	0.195	0.188	0.196	0.183	0.187	0.190	0.190	0.194	0.188	0.201	0.188	0.200	0.202	0.203	0.193	0.203	0.199	0.185	0.208	0.186	0.193	0.198	0.189	0.198	0.253	0.195	0.205	0.195	0.201	0.205	0.209	0.207	0.203	0.188	0.217	0.185	0.201	0.190	0.197	0.195	0.196	0.197	0.205	0.194	0.212	0.201	0.174	0.194	0.194	0.193	0.185	0.204	0.220	0.218	0.210	0.201	0.226	0.206	0.222	0.224	0.211	0.215	0.204	0.190	0.204	0.199	0.194	0.202	0.200	0.204	0.194	0.202	0.208	0.215	0.198	0.190	0.195	0.192	0.194	0.189	0.177	0.197	0.185	0.190	0.193	0.198	0.210
1:00:32	34.7	0.202	0.189	0.194	0.191	0.198	0.185	0.180	0.183	0.183	0.199	0.191	0.202	0.187	0.187	0.191	0.188	0.188	0.186	0.196	0.186	0.195	0.200	0.206	0.198	0.203	0.198	0.185	0.205	0.183	0.190	0.199	0.185	0.195	0.234	0.191	0.208	0.196	0.199	0.203	0.205	0.196	0.197	0.186	0.207	0.184	0.199	0.190	0.201	0.198	0.190	0.197	0.199	0.190	0.204	0.196	0.173	0.193	0.188	0.193	0.193	0.201	0.212	0.199	0.192	0.193	0.212	0.195	0.208	0.211	0.202	0.209	0.207	0.192	0.191	0.190	0.191	0.198	0.191	0.191	0.189	0.192	0.192	0.199	0.200	0.198	0.197	0.196	0.195	0.192	0.178	0.193	0.185	0.188	0.194	0.196	0.214
2:00:32	34.7	0.212	0.197	0.200	0.196	0.203	0.188	0.183	0.186	0.190	0.211	0.206	0.218	0.198	0.195	0.199	0.194	0.192	0.188	0.198	0.189	0.198	0.208	0.218	0.213	0.208	0.203	0.193	0.208	0.186	0.192	0.194	0.187	0.198	0.240	0.199	0.222	0.203	0.203	0.204	0.206	0.198	0.198	0.188	0.204	0.189	0.203	0.199	0.215	0.207	0.197	0.201	0.200	0.192	0.204	0.194	0.175	0.196	0.194	0.200	0.206	0.208	0.215	0.202	0.196	0.197	0.210	0.195	0.204	0.209	0.206	0.215	0.219	0.203	0.199	0.197	0.197	0.199	0.192	0.191	0.190	0.192	0.199	0.208	0.214	0.212	0.205	0.204	0.204	0.201	0.185	0.195	0.191	0.195	0.205	0.208	0.229
3:00:33	34.6	0.231	0.213	0.214	0.207	0.216	0.199	0.192	0.196	0.202	0.233	0.231	0.245	0.221	0.213	0.216	0.209	0.203	0.196	0.205	0.199	0.209	0.227	0.244	0.241	0.228	0.218	0.206	0.218	0.197	0.199	0.199	0.194	0.208	0.257	0.216	0.247	0.222	0.216	0.214	0.216	0.210	0.205	0.193	0.206	0.200	0.218	0.219	0.241	0.225	0.209	0.213	0.208	0.202	0.212	0.199	0.183	0.206	0.205	0.218	0.231	0.224	0.228	0.215	0.207	0.209	0.218	0.204	0.212	0.216	0.222	0.234	0.243	0.223	0.216	0.213	0.210	0.211	0.202	0.199	0.198	0.205	0.217	0.230	0.241	0.237	0.224	0.223	0.224	0.218	0.197	0.207	0.206	0.211	0.227	0.233	0.260
4:00:33	34.6	0.258	0.239	0.236	0.227	0.239	0.219	0.205	0.214	0.223	0.261	0.260	0.279	0.254	0.243	0.244	0.235	0.224	0.211	0.219	0.219	0.234	0.259	0.279	0.276	0.257	0.245	0.232	0.238	0.217	0.214	0.210	0.208	0.230	0.286	0.245	0.280	0.254	0.240	0.236	0.237	0.227	0.220	0.206	0.218	0.219	0.244	0.248	0.274	0.254	0.231	0.235	0.227	0.221	0.229	0.212	0.198	0.223	0.227	0.246	0.266	0.255	0.255	0.238	0.228	0.230	0.238	0.223	0.227	0.232	0.250	0.264	0.278	0.256	0.246	0.239	0.234	0.232	0.219	0.214	0.213	0.227	0.246	0.262	0.276	0.272	0.255	0.254	0.255	0.248	0.221	0.230	0.230	0.239	0.260	0.266	0.299
5:00:33	34.6	0.289	0.268	0.266	0.254	0.268	0.239	0.227	0.237	0.247	0.297	0.296	0.320	0.297	0.275	0.278	0.270	0.256	0.238	0.245	0.248	0.265	0.299	0.324	0.322	0.295	0.281	0.264	0.268	0.246	0.239	0.232	0.232	0.259	0.322	0.282	0.323	0.292	0.274	0.267	0.268	0.257	0.246	0.229	0.243	0.247	0.278	0.284	0.319	0.290	0.263	0.267	0.258	0.247	0.258	0.235	0.223	0.252	0.259	0.283	0.311	0.293	0.289	0.269	0.259	0.259	0.271	0.252	0.253	0.261	0.289	0.306	0.327	0.297	0.286	0.274	0.265	0.264	0.249	0.241	0.242	0.259	0.284	0.306	0.322	0.319	0.295	0.290	0.292	0.285	0.252	0.262	0.263	0.274	0.301	0.314	0.342
6:00:34	34.6	0.327	0.306	0.305	0.289	0.306	0.267	0.252	0.265	0.277	0.339	0.336	0.359	0.340	0.321	0.322	0.317	0.296	0.272	0.279	0.286	0.305	0.348	0.376	0.369	0.347	0.332	0.305	0.305	0.281	0.269	0.260	0.262	0.297	0.368	0.330	0.365	0.343	0.323	0.316	0.312	0.302	0.282	0.260	0.280	0.282	0.326	0.333	0.366	0.339	0.305	0.310	0.301	0.285	0.296	0.270	0.250	0.292	0.299	0.335	0.354	0.346	0.340	0.316	0.300	0.296	0.317	0.290	0.290	0.299	0.345	0.362	0.378	0.341	0.339	0.321	0.309	0.315	0.293	0.277	0.284	0.309	0.334	0.356	0.370	0.364	0.341	0.333	0.337	0.329	0.292	0.307	0.307	0.318	0.342	0.366	0.399
7:00:35	34.6	0.362	0.349	0.350	0.329	0.349	0.304	0.283	0.301	0.312	0.368	0.362	0.364	0.399	0.371	0.370	0.368	0.349	0.318	0.322	0.333	0.351	0.410	0.428	0.401	0.403	0.378	0.351	0.353	0.326	0.313	0.297	0.303	0.343	0.417	0.380	0.404	0.399	0.376	0.370	0.370	0.354	0.332	0.303	0.335	0.327	0.376	0.387	0.410	0.390	0.350	0.359	0.356	0.332	0.350	0.321	0.287	0.344	0.351	0.392	0.403	0.403	0.392	0.365	0.348	0.339	0.374	0.342	0.339	0.353	0.393	0.424	0.421	0.398	0.392	0.371	0.356	0.370	0.349	0.332	0.340	0.365	0.387	0.420	0.406	0.404	0.400	0.380	0.393	0.383	0.333	0.356	0.353	0.363	0.398	0.412	0.419
8:00:35	34.5	0.369	0.368	0.379	0.364	0.378	0.343	0.321	0.344	0.347	0.373	0.369	0.369	0.416	0.420	0.421	0.431	0.410	0.364	0.367	0.387	0.409	0.433	0.441	0.417	0.426	0.429	0.408	0.403	0.378	0.362	0.344	0.346	0.394	0.466	0.416	0.417	0.425	0.439	0.430	0.425	0.407	0.382	0.358	0.389	0.371	0.429	0.423	0.424	0.419	0.402	0.414	0.412	0.378	0.402	0.378	0.324	0.394	0.405	0.440	0.417	0.428	0.450	0.427	0.402	0.390	0.429	0.392	0.392	0.407	0.451	0.454	0.433	0.415	0.437	0.428	0.413	0.431	0.401	0.385	0.395	0.425	0.424	0.439	0.419	0.419	0.422	0.412	0.422	0.414	0.388	0.417	0.404	0.400	0.414	0.432	0.431
9:00:36	34.5	0.373	0.372	0.388	0.372	0.382	0.362	0.348	0.349	0.354	0.380	0.378	0.378	0.428	0.434	0.438	0.450	0.439	0.417	0.425	0.422	0.431	0.446	0.455	0.433	0.441	0.440	0.427	0.437	0.415	0.416	0.396	0.397	0.427	0.479	0.429	0.430	0.435	0.458	0.460	0.462	0.446	0.437	0.414	0.447	0.416	0.444	0.436	0.438	0.430	0.424	0.442	0.453	0.411	0.458	0.434	0.367	0.441	0.439	0.454	0.430	0.441	0.459	0.449	0.434	0.409	0.462	0.444	0.448	0.458	0.465	0.466	0.445	0.430	0.451	0.441	0.431	0.456	0.443	0.436	0.446	0.451	0.437	0.458	0.434	0.435	0.436	0.428	0.438	0.432	0.407	0.429	0.418	0.415	0.429	0.445	0.446
10:00:37	34.5	0.382	0.380	0.399	0.382	0.390	0.367	0.353	0.354	0.360	0.389	0.387	0.389	0.441	0.447	0.455	0.469	0.454	0.434	0.448	0.438	0.444	0.463	0.473	0.451	0.454	0.451	0.442	0.449	0.428	0.436	0.428	0.422	0.440	0.496	0.445	0.449	0.448	0.471	0.471	0.475	0.464	0.460	0.444	0.471	0.430	0.460	0.453	0.454	0.444	0.436	0.457	0.469	0.426	0.471	0.464	0.377	0.455	0.456	0.467	0.450	0.453	0.474	0.463	0.447	0.421	0.474	0.459	0.462	0.464	0.476	0.477	0.459	0.448	0.468	0.458	0.443	0.469	0.457	0.450	0.457	0.465	0.452	0.474	0.453	0.451	0.447	0.444	0.454	0.445	0.421	0.440	0.435	0.431	0.446	0.458	0.464
11:00:37	34.5	0.393	0.389	0.412	0.394	0.400	0.375	0.360	0.361	0.366	0.397	0.399	0.400	0.458	0.463	0.473	0.486	0.466	0.449	0.461	0.453	0.459	0.481	0.492	0.470	0.467	0.467	0.458	0.464	0.444	0.449	0.441	0.433	0.455	0.512	0.460	0.465	0.465	0.486	0.484	0.489	0.481	0.470	0.458	0.482	0.441	0.473	0.467	0.471	0.462	0.454	0.472	0.483	0.440	0.484	0.477	0.390	0.465	0.470	0.482	0.466	0.471	0.492	0.475	0.462	0.435	0.484	0.472	0.474	0.475	0.490	0.491	0.472	0.467	0.484	0.472	0.460	0.482	0.470	0.462	0.472	0.480	0.468	0.491	0.472	0.468	0.464	0.464	0.471	0.463	0.438	0.457	0.451	0.450	0.464	0.476	0.482
12:00:37	34.5	0.400	0.401	0.425	0.407	0.410	0.384	0.370	0.367	0.377	0.406	0.411	0.410	0.473	0.478	0.492	0.502	0.482	0.464	0.476	0.471	0.476	0.498	0.506	0.485	0.482	0.482	0.474	0.478	0.461	0.463	0.455	0.448	0.471	0.528	0.477	0.481	0.481	0.501	0.498	0.502	0.491	0.485	0.469	0.496	0.457	0.491	0.484	0.485	0.480	0.472	0.487	0.497	0.454	0.500	0.487	0.403	0.480	0.484	0.496	0.480	0.482	0.507	0.492	0.481	0.452	0.499	0.486	0.488	0.486	0.503	0.507	0.490	0.484	0.501	0.488	0.476	0.497	0.484	0.472	0.484	0.491	0.487	0.513	0.487	0.484	0.482	0.480	0.487	0.479	0.456	0.470	0.469	0.469	0.482	0.491	0.495
13:00:38	34.5	0.415	0.411	0.438	0.419	0.420	0.395	0.378	0.377	0.387	0.415	0.421	0.419	0.485	0.491	0.510	0.518	0.501	0.482	0.492	0.484	0.492	0.510	0.519	0.498	0.494	0.496	0.491	0.494	0.479	0.480	0.470	0.464	0.485	0.543	0.491	0.494	0.494	0.516	0.512	0.519	0.507	0.501	0.483	0.509	0.474	0.506	0.499	0.496	0.493	0.490	0.503	0.508	0.467	0.512	0.503	0.417	0.494	0.501	0.510	0.494	0.495	0.521	0.508	0.495	0.463	0.510	0.501	0.504	0.501	0.518	0.520	0.502	0.498	0.516	0.501	0.492	0.510	0.499	0.489	0.496	0.506	0.497	0.522	0.500	0.497	0.497	0.496	0.500	0.492	0.473	0.486	0.485	0.484	0.494	0.500	0.507
14:00:39	34.5	0.422	0.422	0.448	0.432	0.428	0.405	0.390	0.383	0.397	0.422	0.429	0.426	0.494	0.502	0.520	0.531	0.515	0.499	0.509	0.500	0.506	0.519	0.528	0.508	0.502	0.506	0.504	0.508	0.495	0.496	0.485	0.481	0.499	0.552	0.503	0.505	0.505	0.527	0.527	0.530	0.523	0.513	0.499	0.522	0.492	0.517	0.510	0.507	0.503	0.504	0.517	0.520	0.477	0.526	0.519	0.433	0.508	0.516	0.521	0.507	0.508	0.532	0.519	0.510	0.478	0.526	0.516	0.518	0.514	0.530	0.529	0.510	0.511	0.526	0.510	0.506	0.522	0.514	0.500	0.507	0.518	0.509	0.532	0.512	0.509	0.510	0.510	0.515	0.508	0.488	0.500	0.498	0.498	0.507	0.513	0.518
15:00:39	34.5	0.428	0.428	0.453	0.439	0.434	0.415	0.400	0.394	0.406	0.428	0.435	0.434	0.503	0.511	0.531	0.540	0.524	0.511	0.521	0.510	0.516	0.528	0.538	0.519	0.511	0.515	0.514	0.520	0.506	0.509	0.499	0.494	0.511	0.562	0.511	0.515	0.516	0.533	0.535	0.541	0.533	0.523	0.512	0.533	0.504	0.527	0.519	0.518	0.516	0.515	0.528	0.529	0.490	0.536	0.532	0.443	0.520	0.525	0.530	0.518	0.518	0.541	0.528	0.522	0.485	0.534	0.529	0.527	0.522	0.538	0.538	0.521	0.522	0.538	0.520	0.514	0.532	0.525	0.513	0.522	0.529	0.519	0.544	0.523	0.520	0.522	0.520	0.524	0.518	0.502	0.509	0.510	0.510	0.518	0.522	0.528
16:00:40	34.5	0.434	0.433	0.460	0.448	0.440	0.422	0.408	0.399	0.412	0.433	0.441	0.440	0.512	0.518	0.541	0.547	0.534	0.523	0.532	0.521	0.521	0.538	0.546	0.526	0.520	0.522	0.523	0.528	0.516	0.523	0.509	0.503	0.519	0.568	0.520	0.523	0.525	0.543	0.541	0.548	0.543	0.534	0.520	0.542	0.514	0.534	0.527	0.526	0.524	0.524	0.534	0.535	0.498	0.546	0.537	0.454	0.528	0.536	0.537	0.526	0.527	0.548	0.536	0.529	0.494	0.540	0.536	0.535	0.528	0.546	0.545	0.530	0.533	0.547	0.528	0.524	0.539	0.533	0.519	0.532	0.534	0.527	0.553	0.533	0.531	0.530	0.531	0.533	0.530	0.511	0.517	0.520	0.520	0.527	0.531	0.536
17:00:40	34.5	0.440	0.439	0.466	0.454	0.446	0.427	0.414	0.404	0.417	0.436	0.446	0.445	0.519	0.526	0.549	0.556	0.537	0.532	0.541	0.529	0.528	0.544	0.552	0.534	0.528	0.531	0.530	0.535	0.524	0.531	0.517	0.512	0.528	0.576	0.528	0.532	0.534	0.548	0.548	0.553	0.549	0.542	0.529	0.549	0.523	0.540	0.534	0.534	0.534	0.531	0.542	0.546	0.504	0.553	0.547	0.463	0.535	0.544	0.544	0.536	0.536	0.554	0.542	0.538	0.503	0.545	0.543	0.545	0.535	0.552	0.552	0.538	0.542	0.554	0.537	0.532	0.547	0.541	0.526	0.539	0.541	0.534	0.558	0.542	0.541	0.540	0.540	0.541	0.537	0.522	0.526	0.530	0.530	0.536	0.538	0.543
18:00:41	34.5	0.445	0.444	0.473	0.459	0.451	0.433	0.419	0.409	0.422	0.442	0.452	0.450	0.524	0.531	0.557	0.561	0.546	0.540	0.548	0.537	0.537	0.550	0.558	0.540	0.536	0.536	0.537	0.543	0.530	0.537	0.525	0.521	0.537	0.582	0.534	0.540	0.541	0.553	0.552	0.562	0.557	0.549	0.536	0.556	0.529	0.550	0.542	0.540	0.541	0.540	0.547	0.551	0.511	0.559	0.553	0.471	0.544	0.551	0.551	0.543	0.549	0.560	0.548	0.542	0.511	0.552	0.551	0.551	0.541	0.556	0.556	0.545	0.548	0.559	0.545	0.538	0.551	0.548	0.533	0.545	0.546	0.540	0.561	0.549	0.548	0.546	0.547	0.549	0.544	0.530	0.533	0.538	0.538	0.543	0.543	0.549
19:00:41	34.5	0.451	0.449	0.479	0.464	0.456	0.438	0.424	0.413	0.425	0.444	0.456	0.453	0.531	0.536	0.562	0.566	0.552	0.548	0.555	0.545	0.543	0.555	0.562	0.544	0.542	0.541	0.541	0.550	0.537	0.541	0.533	0.531	0.543	0.584	0.539	0.545	0.549	0.558	0.556	0.567	0.563	0.558	0.542	0.560	0.536	0.553	0.546	0.549	0.549	0.545	0.554	0.556	0.516	0.563	0.559	0.479	0.548	0.556	0.555	0.548	0.551	0.564	0.555	0.547	0.516	0.555	0.557	0.558	0.545	0.563	0.562	0.551	0.555	0.565	0.551	0.545	0.557	0.553	0.540	0.551	0.551	0.546	0.568	0.554	0.555	0.552	0.554	0.556	0.550	0.538	0.541	0.547	0.545	0.549	0.549	0.554
20:00:42	34.5	0.454	0.452	0.482	0.467	0.461	0.443	0.429	0.421	0.430	0.448	0.460	0.456	0.536	0.540	0.566	0.571	0.554	0.551	0.562	0.549	0.547	0.557	0.565	0.549	0.548	0.545	0.545	0.553	0.541	0.547	0.540	0.535	0.549	0.587	0.545	0.550	0.553	0.562	0.558	0.569	0.566	0.559	0.547	0.566	0.542	0.555	0.549	0.551	0.553	0.551	0.556	0.559	0.522	0.564	0.564	0.486	0.552	0.559	0.558	0.554	0.556	0.563	0.558	0.552	0.521	0.561	0.560	0.561	0.548	0.563	0.564	0.552	0.559	0.569	0.555	0.550	0.560	0.558	0.545	0.554	0.554	0.550	0.569	0.557	0.558	0.558	0.560	0.561	0.555	0.543	0.547	0.551	0.550	0.553	0.551	0.556
21:00:42	34.7	0.458	0.455	0.484	0.470	0.462	0.447	0.433	0.420	0.433	0.451	0.462	0.459	0.540	0.542	0.569	0.570	0.554	0.558	0.567	0.553	0.552	0.561	0.566	0.552	0.551	0.546	0.547	0.556	0.545	0.551	0.544	0.542	0.553	0.588	0.547	0.554	0.557	0.566	0.560	0.570	0.570	0.565	0.551	0.568	0.547	0.557	0.549	0.554	0.556	0.556	0.558	0.563	0.525	0.566	0.566	0.491	0.557	0.564	0.562	0.558	0.563	0.567	0.560	0.554	0.524	0.559	0.564	0.563	0.551	0.563	0.565	0.557	0.562	0.569	0.557	0.554	0.564	0.562	0.549	0.556	0.558	0.553	0.572	0.560	0.565	0.561	0.564	0.565	0.559	0.548	0.551	0.555	0.555	0.557	0.554	0.559
22:00:43	34.7	0.461	0.458	0.485	0.472	0.463	0.449	0.436	0.422	0.437	0.453	0.464	0.460	0.540	0.544	0.569	0.571	0.557	0.561	0.569	0.556	0.552	0.562	0.566	0.553	0.553	0.547	0.548	0.557	0.546	0.555	0.548	0.545	0.556	0.588	0.550	0.556	0.560	0.568	0.560	0.570	0.569	0.566	0.555	0.570	0.550	0.558	0.551	0.557	0.560	0.558	0.562	0.563	0.527	0.567	0.569	0.494	0.558	0.566	0.563	0.560	0.561	0.565	0.560	0.556	0.524	0.558	0.564	0.566	0.552	0.565	0.565	0.559	0.565	0.569	0.559	0.555	0.565	0.564	0.552	0.559	0.560	0.553	0.573	0.563	0.568	0.565	0.567	0.568	0.562	0.553	0.554	0.557	0.558	0.559	0.556	0.559
23:00:43	34.7	0.462	0.459	0.488	0.474	0.464	0.451	0.439	0.425	0.438	0.454	0.466	0.462	0.544	0.545	0.571	0.572	0.556	0.563	0.569	0.556	0.556	0.560	0.566	0.554	0.556	0.547	0.550	0.559	0.547	0.557	0.551	0.547	0.558	0.588	0.549	0.557	0.561	0.566	0.559	0.569	0.569	0.565	0.555	0.570	0.550	0.556	0.551	0.558	0.561	0.559	0.562	0.564	0.530	0.564	0.569	0.499	0.560	0.567	0.565	0.561	0.565	0.568	0.562	0.556	0.526	0.558	0.565	0.566	0.553	0.562	0.566	0.560	0.566	0.570	0.561	0.557	0.564	0.563	0.554	0.560	0.561	0.555	0.572	0.562	0.569	0.567	0.570	0.570	0.563	0.556	0.557	0.559	0.560	0.560	0.556	0.560
0:00:00																																																																																																	

Results
	1	2	3	4	5	6	7	8	9	10	11	12
A	0.554	0.564	0.617	0.579	0.600	0.537	0.520	0.540	0.525	0.583	0.567	0.594	Max V [600]
	0.996	0.989	0.995	0.996	0.995	0.990	0.996	0.984	0.995	0.996	0.996	0.993	R-Squared [600]
	5:00:34	5:00:34	6:00:34	6:00:34	6:00:34	7:00:35	7:00:35	6:00:34	6:00:34	5:00:34	5:00:34	4:00:33	t at Max V [600]
	2:12:57	2:27:47	2:58:03	3:04:07	3:06:51	3:24:54	3:35:30	3:14:01	2:56:54	2:01:09	1:48:36	1:32:31	Lagtime [600]
B	0.739	0.749	0.745	0.814	0.802	0.750	0.745	0.748	0.730	0.764	0.773	0.690	Max V [600]
	0.990	0.994	0.995	0.989	0.990	0.994	0.991	0.996	0.987	0.986	0.994	0.996	R-Squared [600]
	5:00:34	6:00:34	6:00:34	6:00:34	7:00:35	7:00:35	7:00:35	7:00:35	7:00:35	6:00:34	5:00:34	5:00:34	t at Max V [600]
	2:19:37	2:54:39	2:56:05	3:15:23	3:45:36	4:01:47	4:10:08	3:43:34	3:31:36	2:46:53	2:16:03	1:53:32	Lagtime [600]
C	0.742	0.777	0.734	0.727	0.726	0.746	0.725	0.689	0.720	0.756	0.734	0.665	Max V [600]
	0.986	0.997	0.989	0.996	0.996	0.990	0.995	0.992	0.996	0.996	0.997	0.998	R-Squared [600]
	6:00:34	6:00:34	6:00:34	7:00:35	7:00:35	7:00:35	8:00:36	8:00:36	7:00:35	6:00:34	6:00:34	5:00:34	t at Max V [600]
	2:49:08	3:07:48	3:06:54	3:40:14	3:43:33	4:10:58	4:36:51	4:12:06	3:37:43	3:23:13	2:56:10	2:02:28	Lagtime [600]
D	0.748	0.832	0.831	0.835	0.804	0.804	0.800	0.860	0.712	0.780	0.755	0.717	Max V [600]
	0.990	0.988	0.991	0.995	0.998	0.995	0.992	0.995	0.998	0.994	0.996	0.996	R-Squared [600]
	6:00:34	6:00:34	7:00:35	7:00:35	7:00:35	7:00:35	8:00:36	7:00:35	7:00:35	6:00:34	6:00:34	5:00:34	t at Max V [600]
	2:43:20	3:25:31	3:44:01	3:51:03	3:58:45	4:14:49	4:30:10	4:38:18	3:38:44	3:13:48	2:47:55	2:05:31	Lagtime [600]
E	0.720	0.715	0.756	0.836	0.702	0.845	0.843	0.605	0.798	0.779	0.832	0.721	Max V [600]
	0.993	0.992	0.991	0.997	0.997	0.996	0.993	0.994	0.999	0.995	0.996	0.997	R-Squared [600]
	6:00:34	6:00:34	7:00:35	7:00:35	7:00:35	7:00:35	7:00:35	7:00:35	7:00:35	7:00:35	6:00:34	5:00:34	t at Max V [600]
	2:41:10	3:20:45	3:27:19	4:00:05	3:46:09	4:13:55	4:30:30	3:47:49	3:52:03	3:39:44	3:05:01	2:02:58	Lagtime [600]
F	0.761	0.824	0.793	0.755	0.668	0.825	0.810	0.817	0.834	0.844	0.829	0.759	Max V [600]
	0.989	0.992	0.987	0.994	0.988	0.993	0.998	0.994	0.997	0.996	0.990	0.997	R-Squared [600]
	6:00:34	6:00:34	6:00:34	7:00:35	6:00:34	7:00:35	7:00:35	7:00:35	7:00:35	6:00:34	6:00:34	5:00:34	t at Max V [600]
	2:55:07	3:28:47	3:48:51	3:57:17	3:27:35	4:04:39	4:10:51	4:30:48	4:22:06	3:21:37	3:03:24	2:15:12	Lagtime [600]
G	0.726	0.814	0.792	0.750	0.838	0.827	0.830	0.865	0.838	0.765	0.793	0.706	Max V [600]
	0.990	0.998	0.993	0.989	0.989	0.998	0.996	0.998	0.989	0.996	0.985	0.997	R-Squared [600]
	5:00:34	6:00:34	6:00:34	6:00:34	6:00:34	7:00:35	7:00:35	7:00:35	6:00:34	6:00:34	5:00:34	5:00:34	t at Max V [600]
	2:25:14	3:13:00	3:19:31	3:17:50	3:37:06	4:03:13	4:23:13	4:10:24	3:43:45	3:14:28	2:54:26	2:03:53	Lagtime [600]
H	0.710	0.733	0.677	0.724	0.715	0.694	0.781	0.730	0.683	0.705	0.763	0.703	Max V [600]
	0.998	0.986	0.997	0.992	0.994	0.990	0.987	0.994	0.998	0.991	0.996	0.988	R-Squared [600]
	5:00:34	6:00:34	6:00:34	6:00:34	6:00:34	6:00:34	6:00:34	6:00:34	6:00:34	5:00:34	5:00:34	4:00:33	t at Max V [600]
	1:59:15	2:38:51	2:31:33	2:38:49	2:41:29	3:07:06	3:30:37	3:07:54	2:52:43	2:19:53	2:22:31	1:44:48	Lagtime [600]

