
Software Version	3.11.19



Experiment File Path:	C:\Users\patil-group\Desktop\Sweeteners_stacker\021221_NT5076_83_24007_Rep2\NT5076_83_24007_Rep2.xpt
Protocol File Path:	C:\Users\Public\Documents\Protocols\Screening-protocol.prt



Plate Number	Plate 12
Date	02/12/2021
Time	12:29:13
Reader Type:	Epoch 2
Reader Serial Number:	2103223
Reading Type	Reader

Procedure Details

Plate Type	96 WELL PLATE
Discontinuous Kinetics	Runtime 1:00:00 (D:HH:MM), Interval 0:01:00, 25 Reads
	Pause after each run
Eject plate on completion	
Shake	Linear: 0:00:30 (HH:MM:SS)
	Frequency: 567 cpm (3 mm)
Read	Absorbance Endpoint
	Full Plate
	Wavelengths:  600
	Read Speed: Normal,  Delay: 100 msec,  Measurements/Data Point: 8

600

Time	T° 600	A1	A2	A3	A4	A5	A6	A7	A8	A9	A10	A11	A12	B1	B2	B3	B4	B5	B6	B7	B8	B9	B10	B11	B12	C1	C2	C3	C4	C5	C6	C7	C8	C9	C10	C11	C12	D1	D2	D3	D4	D5	D6	D7	D8	D9	D10	D11	D12	E1	E2	E3	E4	E5	E6	E7	E8	E9	E10	E11	E12	F1	F2	F3	F4	F5	F6	F7	F8	F9	F10	F11	F12	G1	G2	G3	G4	G5	G6	G7	G8	G9	G10	G11	G12	H1	H2	H3	H4	H5	H6	H7	H8	H9	H10	H11	H12
0:00:34	34.2	0.165	0.172	0.163	0.169	0.165	0.159	0.170	0.163	0.167	0.163	0.162	0.166	0.167	0.175	0.174	0.168	0.163	0.165	0.166	0.165	0.163	0.163	0.165	0.170	0.171	0.166	0.175	0.168	0.175	0.162	0.165	0.169	0.168	0.177	0.170	0.170	0.182	0.193	0.193	0.182	0.168	0.163	0.172	0.168	0.181	0.183	0.189	0.185	0.166	0.170	0.171	0.169	0.172	0.164	0.169	0.166	0.165	0.167	0.165	0.167	0.183	0.195	0.185	0.184	0.171	0.167	0.173	0.169	0.170	0.167	0.164	0.170	0.174	0.168	0.170	0.211	0.164	0.164	0.166	0.162	0.168	0.171	0.170	0.185	0.164	0.178	0.170	0.170	0.175	0.167	0.165	0.163	0.166	0.166	0.170	0.169
1:00:34	34.4	0.166	0.172	0.164	0.168	0.166	0.160	0.171	0.164	0.168	0.164	0.163	0.167	0.168	0.176	0.174	0.169	0.164	0.166	0.168	0.165	0.164	0.164	0.166	0.170	0.171	0.165	0.175	0.168	0.175	0.163	0.166	0.171	0.168	0.176	0.172	0.171	0.187	0.199	0.200	0.186	0.170	0.164	0.171	0.169	0.188	0.190	0.196	0.187	0.167	0.171	0.172	0.169	0.172	0.164	0.169	0.168	0.167	0.168	0.166	0.168	0.186	0.200	0.192	0.183	0.171	0.168	0.173	0.169	0.171	0.167	0.166	0.170	0.174	0.169	0.171	0.209	0.166	0.165	0.167	0.163	0.169	0.171	0.171	0.185	0.167	0.176	0.171	0.170	0.175	0.168	0.166	0.164	0.168	0.167	0.172	0.171
2:00:35	34.4	0.170	0.175	0.166	0.170	0.168	0.162	0.172	0.166	0.170	0.166	0.166	0.170	0.170	0.177	0.175	0.170	0.166	0.167	0.169	0.166	0.165	0.165	0.167	0.171	0.173	0.167	0.176	0.169	0.176	0.164	0.167	0.171	0.169	0.177	0.173	0.173	0.187	0.200	0.201	0.186	0.171	0.166	0.173	0.170	0.189	0.191	0.197	0.187	0.168	0.172	0.173	0.171	0.173	0.165	0.171	0.169	0.168	0.169	0.167	0.171	0.185	0.200	0.193	0.181	0.174	0.170	0.172	0.169	0.171	0.168	0.167	0.172	0.176	0.171	0.172	0.209	0.167	0.166	0.168	0.165	0.171	0.171	0.172	0.186	0.169	0.176	0.173	0.172	0.178	0.170	0.168	0.166	0.170	0.169	0.175	0.174
3:00:35	34.5	0.180	0.184	0.172	0.177	0.174	0.167	0.175	0.172	0.176	0.172	0.171	0.176	0.177	0.183	0.180	0.174	0.169	0.171	0.172	0.171	0.168	0.167	0.170	0.175	0.177	0.172	0.181	0.173	0.179	0.167	0.171	0.174	0.172	0.180	0.178	0.178	0.188	0.200	0.202	0.186	0.174	0.170	0.176	0.173	0.190	0.191	0.198	0.187	0.169	0.174	0.175	0.172	0.176	0.170	0.174	0.172	0.171	0.173	0.172	0.177	0.185	0.201	0.194	0.182	0.177	0.173	0.173	0.171	0.171	0.171	0.172	0.177	0.182	0.176	0.178	0.211	0.169	0.169	0.172	0.169	0.174	0.176	0.177	0.191	0.175	0.181	0.179	0.176	0.183	0.176	0.173	0.171	0.175	0.175	0.181	0.182
4:00:36	34.4	0.204	0.212	0.191	0.196	0.192	0.183	0.190	0.192	0.192	0.189	0.188	0.196	0.195	0.199	0.194	0.184	0.180	0.181	0.182	0.181	0.175	0.173	0.178	0.185	0.190	0.185	0.190	0.182	0.187	0.176	0.183	0.185	0.184	0.191	0.191	0.193	0.188	0.201	0.202	0.187	0.184	0.180	0.185	0.182	0.190	0.192	0.198	0.187	0.176	0.181	0.178	0.176	0.187	0.181	0.184	0.181	0.181	0.184	0.186	0.197	0.186	0.201	0.194	0.190	0.189	0.183	0.176	0.175	0.174	0.183	0.186	0.194	0.201	0.191	0.194	0.218	0.176	0.176	0.181	0.179	0.182	0.187	0.188	0.206	0.196	0.195	0.195	0.189	0.197	0.190	0.188	0.186	0.190	0.191	0.200	0.206
5:00:36	34.4	0.240	0.249	0.229	0.232	0.227	0.218	0.224	0.225	0.226	0.223	0.222	0.231	0.231	0.237	0.228	0.212	0.212	0.210	0.210	0.211	0.195	0.189	0.199	0.211	0.225	0.220	0.220	0.214	0.212	0.201	0.213	0.212	0.213	0.222	0.224	0.228	0.189	0.201	0.202	0.187	0.214	0.208	0.211	0.208	0.190	0.192	0.199	0.188	0.191	0.202	0.189	0.188	0.216	0.209	0.210	0.205	0.207	0.215	0.220	0.232	0.185	0.201	0.195	0.216	0.218	0.210	0.182	0.185	0.183	0.215	0.221	0.229	0.236	0.226	0.229	0.235	0.192	0.194	0.207	0.209	0.207	0.219	0.219	0.239	0.233	0.230	0.232	0.225	0.233	0.225	0.224	0.222	0.226	0.229	0.237	0.247
6:00:37	34.4	0.313	0.324	0.289	0.295	0.285	0.273	0.274	0.288	0.285	0.281	0.281	0.296	0.290	0.292	0.276	0.250	0.252	0.246	0.246	0.249	0.225	0.220	0.229	0.242	0.269	0.264	0.256	0.252	0.248	0.236	0.249	0.248	0.251	0.262	0.269	0.281	0.189	0.201	0.202	0.187	0.248	0.244	0.245	0.241	0.191	0.192	0.199	0.188	0.216	0.232	0.212	0.212	0.253	0.246	0.244	0.238	0.243	0.256	0.265	0.294	0.185	0.201	0.195	0.252	0.253	0.245	0.198	0.209	0.203	0.256	0.267	0.285	0.295	0.274	0.277	0.263	0.224	0.225	0.244	0.247	0.240	0.261	0.260	0.289	0.302	0.284	0.284	0.271	0.280	0.270	0.277	0.275	0.276	0.281	0.294	0.317
7:00:38	34.4	0.360	0.369	0.342	0.351	0.346	0.335	0.340	0.349	0.348	0.343	0.337	0.353	0.352	0.351	0.343	0.322	0.322	0.318	0.317	0.320	0.279	0.263	0.293	0.312	0.340	0.331	0.326	0.322	0.316	0.302	0.323	0.315	0.321	0.328	0.338	0.344	0.190	0.202	0.203	0.188	0.317	0.314	0.313	0.308	0.192	0.193	0.199	0.188	0.256	0.279	0.241	0.243	0.322	0.314	0.313	0.302	0.309	0.324	0.328	0.350	0.186	0.201	0.197	0.321	0.321	0.314	0.222	0.238	0.231	0.321	0.330	0.342	0.355	0.339	0.342	0.316	0.269	0.279	0.314	0.318	0.306	0.329	0.328	0.351	0.360	0.351	0.350	0.341	0.348	0.343	0.339	0.333	0.338	0.338	0.347	0.357
8:00:39	34.4	0.378	0.390	0.370	0.377	0.374	0.370	0.372	0.377	0.377	0.375	0.363	0.377	0.378	0.381	0.375	0.362	0.360	0.358	0.360	0.361	0.330	0.326	0.340	0.353	0.375	0.366	0.367	0.364	0.360	0.346	0.366	0.361	0.359	0.367	0.378	0.375	0.193	0.204	0.204	0.190	0.362	0.359	0.359	0.358	0.193	0.194	0.201	0.190	0.316	0.336	0.299	0.308	0.364	0.352	0.356	0.351	0.351	0.358	0.360	0.375	0.189	0.204	0.200	0.366	0.364	0.358	0.270	0.302	0.290	0.359	0.360	0.372	0.386	0.375	0.376	0.366	0.329	0.335	0.356	0.352	0.356	0.363	0.366	0.383	0.385	0.383	0.383	0.374	0.387	0.381	0.369	0.364	0.369	0.368	0.375	0.381
9:00:40	34.4	0.394	0.406	0.387	0.393	0.389	0.388	0.390	0.389	0.393	0.391	0.380	0.392	0.396	0.397	0.392	0.382	0.379	0.376	0.379	0.379	0.355	0.358	0.365	0.375	0.392	0.384	0.389	0.384	0.384	0.368	0.385	0.382	0.377	0.383	0.394	0.392	0.201	0.208	0.207	0.195	0.385	0.380	0.379	0.379	0.198	0.199	0.205	0.197	0.346	0.362	0.336	0.342	0.384	0.373	0.377	0.372	0.371	0.381	0.375	0.388	0.195	0.208	0.206	0.385	0.384	0.379	0.324	0.337	0.332	0.374	0.376	0.386	0.402	0.391	0.393	0.393	0.361	0.363	0.377	0.373	0.378	0.380	0.382	0.397	0.400	0.399	0.399	0.392	0.404	0.396	0.384	0.380	0.386	0.385	0.391	0.397
10:00:41	34.4	0.411	0.422	0.404	0.408	0.405	0.405	0.406	0.407	0.408	0.404	0.393	0.406	0.414	0.414	0.407	0.399	0.393	0.394	0.395	0.395	0.375	0.375	0.381	0.390	0.406	0.401	0.402	0.397	0.394	0.383	0.398	0.402	0.396	0.400	0.409	0.409	0.221	0.223	0.221	0.210	0.400	0.394	0.394	0.395	0.212	0.211	0.217	0.213	0.361	0.373	0.358	0.363	0.400	0.389	0.392	0.387	0.386	0.392	0.391	0.403	0.211	0.222	0.224	0.400	0.401	0.394	0.356	0.358	0.352	0.387	0.391	0.404	0.419	0.407	0.408	0.406	0.376	0.379	0.391	0.386	0.391	0.394	0.396	0.412	0.416	0.415	0.417	0.409	0.411	0.416	0.398	0.395	0.402	0.399	0.406	0.410
11:00:42	34.4	0.417	0.431	0.413	0.424	0.415	0.402	0.418	0.416	0.420	0.413	0.400	0.414	0.423	0.428	0.422	0.414	0.407	0.410	0.410	0.411	0.387	0.391	0.399	0.408	0.418	0.410	0.418	0.407	0.406	0.396	0.413	0.412	0.411	0.413	0.424	0.421	0.247	0.245	0.244	0.234	0.414	0.409	0.411	0.409	0.236	0.235	0.241	0.236	0.369	0.382	0.370	0.373	0.419	0.404	0.410	0.401	0.401	0.406	0.403	0.419	0.235	0.246	0.247	0.415	0.417	0.409	0.368	0.367	0.367	0.399	0.402	0.413	0.432	0.421	0.423	0.419	0.390	0.395	0.404	0.399	0.404	0.406	0.410	0.424	0.426	0.428	0.431	0.422	0.431	0.426	0.409	0.405	0.414	0.410	0.414	0.418
12:00:42	34.4	0.423	0.436	0.420	0.430	0.426	0.409	0.427	0.422	0.417	0.418	0.403	0.421	0.429	0.437	0.430	0.423	0.417	0.420	0.421	0.421	0.399	0.403	0.411	0.417	0.423	0.416	0.426	0.416	0.417	0.406	0.419	0.422	0.421	0.421	0.433	0.429	0.304	0.280	0.278	0.272	0.424	0.418	0.419	0.419	0.269	0.268	0.272	0.280	0.380	0.392	0.380	0.385	0.428	0.413	0.419	0.411	0.410	0.415	0.413	0.413	0.284	0.284	0.292	0.425	0.428	0.419	0.381	0.378	0.378	0.406	0.410	0.420	0.439	0.425	0.432	0.432	0.404	0.408	0.413	0.406	0.413	0.411	0.417	0.431	0.427	0.429	0.436	0.429	0.439	0.429	0.415	0.413	0.421	0.418	0.422	0.423
13:00:42	34.4	0.418	0.440	0.423	0.429	0.422	0.413	0.430	0.424	0.428	0.423	0.406	0.426	0.435	0.443	0.437	0.432	0.424	0.430	0.429	0.427	0.409	0.409	0.419	0.424	0.426	0.421	0.431	0.421	0.421	0.411	0.422	0.426	0.427	0.429	0.436	0.434	0.335	0.334	0.332	0.323	0.431	0.425	0.427	0.426	0.320	0.320	0.325	0.321	0.381	0.400	0.391	0.394	0.433	0.418	0.425	0.416	0.416	0.421	0.418	0.417	0.323	0.333	0.336	0.430	0.435	0.426	0.389	0.389	0.389	0.418	0.415	0.426	0.445	0.436	0.438	0.440	0.413	0.420	0.418	0.410	0.417	0.412	0.422	0.436	0.431	0.434	0.437	0.437	0.444	0.435	0.419	0.416	0.425	0.421	0.426	0.426
14:00:43	34.4	0.421	0.442	0.425	0.437	0.429	0.424	0.432	0.421	0.432	0.426	0.409	0.429	0.436	0.446	0.441	0.435	0.429	0.435	0.433	0.436	0.419	0.417	0.425	0.431	0.431	0.422	0.434	0.421	0.423	0.414	0.427	0.432	0.434	0.434	0.441	0.438	0.356	0.353	0.353	0.342	0.437	0.430	0.434	0.432	0.340	0.341	0.346	0.339	0.387	0.401	0.393	0.400	0.440	0.426	0.423	0.423	0.422	0.430	0.423	0.421	0.344	0.354	0.355	0.434	0.443	0.431	0.395	0.393	0.393	0.419	0.419	0.429	0.448	0.441	0.442	0.446	0.419	0.430	0.421	0.413	0.421	0.416	0.426	0.439	0.431	0.438	0.443	0.440	0.443	0.438	0.422	0.418	0.428	0.425	0.430	0.428
15:00:43	34.4	0.423	0.443	0.427	0.440	0.427	0.430	0.437	0.429	0.432	0.426	0.408	0.429	0.437	0.450	0.446	0.437	0.432	0.439	0.439	0.439	0.421	0.418	0.428	0.430	0.432	0.424	0.437	0.425	0.426	0.415	0.431	0.434	0.436	0.436	0.443	0.440	0.366	0.370	0.371	0.359	0.441	0.433	0.436	0.436	0.358	0.358	0.364	0.355	0.388	0.404	0.397	0.404	0.443	0.430	0.430	0.427	0.424	0.429	0.424	0.422	0.360	0.370	0.369	0.436	0.445	0.434	0.398	0.393	0.397	0.419	0.419	0.428	0.454	0.445	0.447	0.452	0.425	0.435	0.424	0.415	0.423	0.422	0.426	0.441	0.431	0.442	0.445	0.444	0.448	0.439	0.423	0.419	0.429	0.425	0.429	0.427
16:00:44	34.4	0.421	0.445	0.430	0.435	0.429	0.430	0.439	0.427	0.429	0.425	0.408	0.429	0.436	0.452	0.447	0.438	0.434	0.441	0.443	0.442	0.426	0.420	0.428	0.431	0.431	0.423	0.440	0.427	0.427	0.416	0.432	0.435	0.442	0.436	0.442	0.440	0.374	0.380	0.379	0.368	0.443	0.437	0.441	0.439	0.367	0.365	0.372	0.364	0.389	0.405	0.399	0.403	0.442	0.433	0.433	0.430	0.427	0.430	0.427	0.421	0.371	0.379	0.378	0.441	0.446	0.435	0.401	0.394	0.396	0.417	0.418	0.426	0.455	0.448	0.450	0.457	0.428	0.434	0.426	0.416	0.423	0.415	0.426	0.440	0.433	0.444	0.450	0.446	0.441	0.439	0.423	0.418	0.432	0.425	0.429	0.427
17:00:44	34.4	0.422	0.445	0.428	0.436	0.431	0.423	0.438	0.428	0.429	0.422	0.407	0.428	0.436	0.453	0.447	0.440	0.435	0.442	0.443	0.444	0.426	0.419	0.427	0.431	0.431	0.423	0.440	0.424	0.426	0.421	0.434	0.436	0.444	0.437	0.440	0.441	0.385	0.390	0.388	0.378	0.445	0.437	0.443	0.439	0.374	0.373	0.379	0.369	0.389	0.403	0.398	0.403	0.448	0.437	0.435	0.430	0.429	0.431	0.426	0.427	0.380	0.389	0.387	0.442	0.448	0.437	0.397	0.395	0.396	0.418	0.419	0.427	0.454	0.446	0.450	0.459	0.430	0.437	0.426	0.415	0.422	0.415	0.425	0.440	0.430	0.439	0.458	0.448	0.443	0.438	0.423	0.417	0.432	0.426	0.428	0.426
18:00:44	34.4	0.419	0.445	0.429	0.434	0.429	0.420	0.440	0.425	0.426	0.421	0.406	0.427	0.436	0.449	0.447	0.441	0.436	0.442	0.443	0.442	0.425	0.418	0.423	0.430	0.429	0.423	0.439	0.424	0.425	0.416	0.434	0.437	0.444	0.438	0.437	0.440	0.394	0.399	0.396	0.385	0.444	0.436	0.441	0.439	0.383	0.380	0.387	0.379	0.389	0.402	0.396	0.401	0.445	0.437	0.437	0.430	0.431	0.432	0.427	0.425	0.389	0.396	0.395	0.441	0.447	0.438	0.399	0.394	0.396	0.422	0.420	0.426	0.453	0.447	0.450	0.460	0.431	0.435	0.427	0.415	0.421	0.416	0.424	0.440	0.428	0.439	0.457	0.448	0.439	0.437	0.421	0.417	0.432	0.425	0.428	0.426
19:00:45	34.4	0.418	0.442	0.428	0.430	0.428	0.418	0.437	0.417	0.421	0.416	0.406	0.424	0.434	0.443	0.447	0.443	0.436	0.442	0.446	0.439	0.421	0.418	0.420	0.425	0.427	0.421	0.439	0.425	0.425	0.418	0.431	0.435	0.442	0.437	0.434	0.442	0.399	0.405	0.405	0.394	0.446	0.438	0.443	0.440	0.390	0.387	0.394	0.388	0.388	0.400	0.397	0.398	0.447	0.435	0.436	0.431	0.430	0.430	0.427	0.424	0.393	0.406	0.400	0.443	0.449	0.439	0.397	0.394	0.394	0.421	0.422	0.425	0.450	0.445	0.449	0.462	0.430	0.433	0.426	0.414	0.418	0.417	0.423	0.438	0.428	0.440	0.457	0.448	0.437	0.434	0.419	0.416	0.430	0.424	0.426	0.425
20:00:46	34.4	0.417	0.441	0.427	0.431	0.427	0.415	0.435	0.417	0.421	0.416	0.406	0.424	0.434	0.441	0.448	0.441	0.435	0.443	0.446	0.437	0.420	0.418	0.420	0.427	0.424	0.419	0.440	0.422	0.423	0.416	0.428	0.434	0.440	0.434	0.433	0.441	0.403	0.408	0.407	0.399	0.446	0.433	0.443	0.440	0.392	0.392	0.399	0.392	0.388	0.402	0.396	0.398	0.445	0.433	0.435	0.431	0.428	0.427	0.425	0.424	0.396	0.409	0.405	0.443	0.446	0.439	0.396	0.393	0.393	0.420	0.422	0.428	0.450	0.446	0.449	0.462	0.429	0.431	0.423	0.412	0.417	0.415	0.422	0.435	0.424	0.437	0.455	0.448	0.433	0.431	0.417	0.415	0.430	0.424	0.426	0.423
21:00:46	34.4	0.416	0.439	0.426	0.430	0.426	0.414	0.434	0.414	0.420	0.414	0.405	0.421	0.433	0.439	0.450	0.442	0.433	0.441	0.446	0.433	0.417	0.418	0.420	0.425	0.421	0.416	0.439	0.421	0.422	0.415	0.424	0.431	0.436	0.435	0.429	0.439	0.406	0.412	0.413	0.403	0.444	0.433	0.442	0.439	0.395	0.395	0.401	0.395	0.388	0.400	0.396	0.397	0.442	0.432	0.434	0.429	0.427	0.425	0.424	0.420	0.397	0.412	0.405	0.441	0.444	0.435	0.395	0.392	0.393	0.419	0.422	0.429	0.448	0.443	0.446	0.462	0.429	0.427	0.422	0.411	0.418	0.415	0.422	0.433	0.421	0.434	0.452	0.445	0.430	0.429	0.416	0.415	0.428	0.422	0.424	0.422
22:00:47	34.4	0.414	0.439	0.425	0.429	0.425	0.412	0.432	0.411	0.417	0.412	0.403	0.418	0.433	0.439	0.450	0.440	0.432	0.440	0.444	0.433	0.417	0.419	0.418	0.423	0.420	0.415	0.437	0.422	0.422	0.413	0.423	0.428	0.434	0.433	0.426	0.439	0.409	0.416	0.416	0.407	0.443	0.432	0.441	0.438	0.397	0.397	0.405	0.401	0.388	0.401	0.396	0.397	0.441	0.431	0.434	0.428	0.425	0.425	0.423	0.420	0.399	0.415	0.409	0.439	0.443	0.434	0.395	0.392	0.394	0.420	0.421	0.427	0.447	0.442	0.446	0.462	0.427	0.427	0.422	0.412	0.418	0.413	0.420	0.433	0.419	0.430	0.451	0.445	0.430	0.427	0.414	0.413	0.428	0.420	0.423	0.420
23:00:46	34.2	0.412	0.436	0.423	0.429	0.424	0.413	0.429	0.409	0.417	0.410	0.401	0.417	0.429	0.439	0.451	0.439	0.428	0.440	0.444	0.436	0.417	0.419	0.423	0.426	0.420	0.413	0.436	0.420	0.422	0.412	0.422	0.427	0.432	0.432	0.428	0.437	0.410	0.414	0.418	0.409	0.441	0.430	0.439	0.433	0.398	0.400	0.409	0.406	0.388	0.400	0.396	0.396	0.439	0.429	0.432	0.426	0.423	0.424	0.423	0.420	0.399	0.414	0.410	0.437	0.442	0.428	0.392	0.392	0.392	0.419	0.419	0.426	0.442	0.438	0.445	0.460	0.427	0.426	0.420	0.411	0.418	0.413	0.419	0.429	0.416	0.423	0.444	0.444	0.429	0.426	0.412	0.413	0.426	0.420	0.421	0.418
0:00:00																																																																																																	

Results
	1	2	3	4	5	6	7	8	9	10	11	12
A	0.782	0.803	0.786	0.803	0.805	0.820	0.800	0.824	0.817	0.820	0.773	0.809	Max V [600]
	0.968	0.973	0.988	0.984	0.986	0.990	0.987	0.984	0.986	0.988	0.985	0.980	R-Squared [600]
	5:00:37	5:00:37	6:00:38	6:00:38	6:00:38	6:00:38	6:00:38	6:00:38	6:00:38	6:00:38	6:00:38	6:00:38	t at Max V [600]
	2:59:28	3:01:21	3:26:20	3:29:17	3:31:21	3:37:50	3:42:57	3:30:52	3:34:52	3:35:17	3:30:17	3:26:16	Lagtime [600]
B	0.810	0.797	0.794	0.778	0.782	0.770	0.771	0.780	0.709	0.738	0.738	0.732	Max V [600]
	0.984	0.991	0.987	0.975	0.982	0.976	0.974	0.979	0.986	0.987	0.980	0.971	R-Squared [600]
	6:00:38	6:00:38	6:00:38	6:00:38	6:00:38	6:00:38	6:00:38	6:00:38	7:00:38	7:00:38	7:00:38	7:00:38	t at Max V [600]
	3:29:39	3:33:33	3:42:30	3:55:00	3:49:51	3:53:11	3:54:13	3:52:20	4:20:55	4:34:17	4:18:04	4:04:02	Lagtime [600]
C	0.807	0.788	0.766	0.788	0.757	0.740	0.793	0.758	0.764	0.767	0.811	0.800	Max V [600]
	0.985	0.988	0.979	0.982	0.977	0.976	0.976	0.976	0.979	0.985	0.987	0.988	R-Squared [600]
	6:00:38	6:00:38	6:00:38	6:00:38	7:00:38	7:00:38	6:00:38	6:00:38	6:00:38	6:00:38	6:00:38	6:00:38	t at Max V [600]
	3:45:42	3:44:56	3:54:29	3:54:53	4:09:51	4:06:30	3:51:52	3:54:19	3:52:10	3:53:58	3:44:51	3:37:20	Lagtime [600]
D	0.597	0.581	0.587	0.588	0.764	0.769	0.748	0.762	0.567	0.573	0.570	0.562	Max V [600]
	0.975	0.977	0.980	0.982	0.977	0.976	0.973	0.975	0.982	0.982	0.980	0.982	R-Squared [600]
	12:00:42	12:00:42	12:00:42	12:00:42	6:00:38	6:00:38	7:00:38	7:00:38	12:00:42	12:00:42	12:00:42	12:00:42	t at Max V [600]
	8:56:00	9:18:09	9:22:48	9:21:32	3:53:46	3:53:11	4:07:14	4:08:11	9:13:42	9:21:08	9:21:14	9:15:35	Lagtime [600]
E	0.681	0.708	0.643	0.675	0.769	0.745	0.746	0.745	0.737	0.760	0.761	0.790	Max V [600]
	0.983	0.986	0.979	0.973	0.979	0.979	0.973	0.977	0.976	0.984	0.989	0.983	R-Squared [600]
	7:00:38	7:00:38	8:00:39	7:00:38	6:00:38	6:00:38	6:00:38	7:00:38	6:00:38	6:00:38	6:00:38	6:00:38	t at Max V [600]
	4:35:01	4:21:41	4:56:34	4:48:11	3:55:16	3:50:31	3:56:28	4:09:30	3:54:46	3:48:35	3:40:18	3:25:30	Lagtime [600]
F	0.592	0.585	0.583	0.760	0.754	0.755	0.697	0.661	0.664	0.764	0.761	0.781	Max V [600]
	0.983	0.985	0.983	0.973	0.978	0.975	0.985	0.973	0.976	0.986	0.989	0.989	R-Squared [600]
	12:00:42	12:00:42	12:00:42	6:00:38	6:00:38	6:00:38	8:00:39	8:00:39	8:00:39	6:00:38	6:00:38	6:00:38	t at Max V [600]
	9:17:30	9:20:50	8:59:04	4:08:34	3:50:16	3:55:00	5:36:12	4:58:48	5:13:07	3:49:22	3:38:01	3:34:24	Lagtime [600]
G	0.816	0.802	0.793	0.698	0.740	0.746	0.759	0.758	0.765	0.769	0.775	0.777	Max V [600]
	0.988	0.990	0.989	0.986	0.990	0.987	0.974	0.979	0.977	0.985	0.983	0.988	R-Squared [600]
	6:00:38	6:00:38	6:00:38	7:00:38	7:00:38	7:00:38	6:00:38	6:00:38	7:00:38	6:00:38	6:00:38	6:00:38	t at Max V [600]
	3:33:11	3:40:06	3:37:06	4:32:46	4:30:38	4:26:26	3:55:26	3:49:47	4:11:35	3:48:56	3:48:30	3:40:21	Lagtime [600]
H	0.845	0.829	0.821	0.811	0.827	0.833	0.796	0.780	0.781	0.772	0.769	0.767	Max V [600]
	0.980	0.987	0.988	0.987	0.990	0.985	0.989	0.991	0.989	0.992	0.989	0.975	R-Squared [600]
	6:00:38	6:00:38	6:00:38	6:00:38	6:00:38	6:00:38	6:00:38	6:00:38	6:00:38	6:00:38	6:00:38	5:00:37	t at Max V [600]
	3:25:36	3:47:57	3:35:35	3:44:31	3:42:30	3:42:46	3:36:53	3:35:40	3:35:25	3:30:34	3:24:22	3:00:07	Lagtime [600]


