
Software Version	3.11.19



Experiment File Path:	C:\Users\patil-group\Desktop\Sweeteners_stacker\021221_NT5076_83_24007_Rep2\NT5076_83_24007_Rep2.xpt
Protocol File Path:	C:\Users\Public\Documents\Protocols\Screening-protocol.prt



Plate Number	Plate 9
Date	02/12/2021
Time	12:23:40
Reader Type:	Epoch 2
Reader Serial Number:	2103223
Reading Type	Reader

Procedure Details

Plate Type	96 WELL PLATE
Discontinuous Kinetics	Runtime 1:00:00 (D:HH:MM), Interval 0:01:00, 25 Reads
	Pause after each run
Eject plate on completion	
Shake	Linear: 0:00:30 (HH:MM:SS)
	Frequency: 567 cpm (3 mm)
Read	Absorbance Endpoint
	Full Plate
	Wavelengths:  600
	Read Speed: Normal,  Delay: 100 msec,  Measurements/Data Point: 8

600

Time	T° 600	A1	A2	A3	A4	A5	A6	A7	A8	A9	A10	A11	A12	B1	B2	B3	B4	B5	B6	B7	B8	B9	B10	B11	B12	C1	C2	C3	C4	C5	C6	C7	C8	C9	C10	C11	C12	D1	D2	D3	D4	D5	D6	D7	D8	D9	D10	D11	D12	E1	E2	E3	E4	E5	E6	E7	E8	E9	E10	E11	E12	F1	F2	F3	F4	F5	F6	F7	F8	F9	F10	F11	F12	G1	G2	G3	G4	G5	G6	G7	G8	G9	G10	G11	G12	H1	H2	H3	H4	H5	H6	H7	H8	H9	H10	H11	H12
0:00:34	34.2	0.165	0.169	0.512	0.166	0.166	0.165	0.163	0.166	0.167	0.168	0.169	0.171	0.161	0.162	0.164	0.167	0.160	0.158	0.166	0.167	0.187	0.167	0.175	0.175	0.160	0.165	0.165	0.165	0.173	0.166	0.166	0.179	0.175	0.167	0.173	0.170	0.163	0.162	0.163	0.166	0.164	0.163	0.162	0.167	0.166	0.168	0.166	0.170	0.170	0.165	0.170	0.164	0.165	0.162	0.167	0.165	0.165	0.168	0.174	0.168	0.159	0.154	0.161	0.160	0.176	0.171	0.164	0.170	0.176	0.171	0.172	0.171	0.163	0.166	0.167	0.166	0.160	0.162	0.164	0.167	0.177	0.170	0.171	0.170	0.175	0.164	0.165	0.160	0.164	0.162	0.163	0.162	0.179	0.169	0.166	0.171
1:00:34	34.5	0.165	0.246	0.205	0.167	0.166	0.166	0.164	0.166	0.168	0.169	0.170	0.172	0.163	0.163	0.162	0.221	0.161	0.159	0.167	0.168	0.186	0.167	0.176	0.176	0.161	0.167	0.167	0.165	0.173	0.166	0.166	0.180	0.173	0.168	0.174	0.171	0.166	0.164	0.165	0.166	0.164	0.163	0.162	0.167	0.166	0.169	0.166	0.170	0.171	0.167	0.170	0.165	0.165	0.162	0.172	0.165	0.165	0.168	0.174	0.168	0.160	0.158	0.162	0.163	0.177	0.172	0.164	0.178	0.176	0.172	0.172	0.215	0.164	0.165	0.169	0.208	0.163	0.161	0.164	0.192	0.176	0.168	0.171	0.170	0.176	0.164	0.177	0.161	0.181	0.161	0.149	0.152	0.201	0.169	0.165	0.172
2:00:34	34.5	0.167	0.166	0.173	0.168	0.168	0.167	0.166	0.168	0.170	0.171	0.172	0.174	0.164	0.164	0.164	0.193	0.162	0.160	0.168	0.167	0.188	0.169	0.178	0.178	0.163	0.195	0.168	0.166	0.174	0.205	0.167	0.180	0.174	0.169	0.176	0.173	0.167	0.167	0.166	0.167	0.165	0.164	0.163	0.166	0.167	0.170	0.178	0.178	0.172	0.168	0.171	0.166	0.166	0.163	0.166	0.166	0.167	0.170	0.176	0.170	0.162	0.159	0.164	0.164	0.177	0.173	0.164	0.160	0.177	0.173	0.174	0.210	0.165	0.166	0.170	0.200	0.163	0.163	0.165	0.168	0.177	0.169	0.172	0.172	0.372	0.165	0.172	0.163	0.183	0.163	0.212	0.154	0.207	0.171	0.168	0.173
3:00:35	34.5	0.172	0.166	0.170	0.170	0.172	0.172	0.171	0.170	0.176	0.176	0.178	0.181	0.167	0.167	0.168	0.178	0.165	0.162	0.172	0.170	0.191	0.172	0.183	0.185	0.167	0.247	0.172	0.168	0.175	0.199	0.170	0.182	0.177	0.172	0.181	0.179	0.170	0.169	0.169	0.168	0.168	0.166	0.165	0.168	0.171	0.174	0.184	0.185	0.175	0.172	0.174	0.168	0.169	0.167	0.165	0.169	0.171	0.173	0.181	0.175	0.165	0.162	0.168	0.165	0.178	0.176	0.166	0.162	0.180	0.176	0.178	0.198	0.170	0.170	0.172	0.193	0.165	0.166	0.168	0.165	0.180	0.173	0.177	0.177	0.358	0.170	0.171	0.168	0.184	0.170	0.292	0.159	0.204	0.177	0.175	0.180
4:00:35	34.5	0.188	0.177	0.181	0.179	0.186	0.187	0.185	0.180	0.192	0.191	0.195	0.201	0.174	0.177	0.181	0.183	0.173	0.169	0.185	0.178	0.201	0.184	0.198	0.203	0.180	0.186	0.182	0.172	0.179	0.203	0.179	0.190	0.187	0.183	0.194	0.194	0.177	0.177	0.180	0.173	0.175	0.172	0.174	0.174	0.181	0.185	0.196	0.201	0.182	0.183	0.184	0.172	0.177	0.177	0.164	0.176	0.183	0.183	0.193	0.191	0.172	0.170	0.178	0.170	0.184	0.181	0.171	0.167	0.191	0.186	0.191	0.208	0.183	0.183	0.179	0.195	0.171	0.176	0.178	0.167	0.191	0.185	0.189	0.192	0.240	0.186	0.171	0.184	0.190	0.184	0.195	0.172	0.213	0.193	0.194	0.199
5:00:36	34.5	0.220	0.212	0.209	0.201	0.218	0.221	0.219	0.210	0.225	0.224	0.229	0.234	0.193	0.206	0.214	0.206	0.199	0.191	0.216	0.200	0.231	0.214	0.230	0.236	0.213	0.201	0.212	0.185	0.191	0.209	0.204	0.209	0.214	0.211	0.226	0.229	0.198	0.198	0.209	0.185	0.199	0.188	0.198	0.187	0.206	0.214	0.229	0.235	0.206	0.214	0.213	0.187	0.202	0.205	0.177	0.197	0.212	0.209	0.225	0.224	0.190	0.191	0.204	0.184	0.204	0.194	0.184	0.182	0.218	0.211	0.223	0.239	0.214	0.215	0.198	0.217	0.188	0.201	0.206	0.191	0.221	0.215	0.220	0.224	0.241	0.219	0.187	0.217	0.209	0.220	0.198	0.202	0.238	0.224	0.226	0.231
6:00:37	34.5	0.278	0.249	0.243	0.230	0.266	0.272	0.271	0.250	0.282	0.278	0.289	0.301	0.222	0.246	0.262	0.236	0.235	0.225	0.260	0.234	0.272	0.255	0.283	0.300	0.261	0.232	0.253	0.216	0.223	0.220	0.241	0.240	0.250	0.248	0.271	0.284	0.228	0.229	0.247	0.215	0.233	0.218	0.232	0.219	0.242	0.255	0.271	0.288	0.236	0.257	0.251	0.221	0.237	0.243	0.205	0.231	0.252	0.246	0.268	0.278	0.219	0.220	0.242	0.214	0.237	0.224	0.215	0.212	0.256	0.248	0.266	0.291	0.258	0.262	0.227	0.253	0.219	0.235	0.245	0.225	0.260	0.256	0.263	0.275	0.283	0.277	0.214	0.275	0.239	0.272	0.218	0.240	0.282	0.278	0.289	0.294
7:00:38	34.4	0.330	0.318	0.333	0.299	0.330	0.336	0.332	0.319	0.338	0.339	0.346	0.353	0.276	0.312	0.326	0.303	0.302	0.292	0.324	0.303	0.339	0.324	0.342	0.354	0.325	0.298	0.321	0.263	0.271	0.254	0.308	0.293	0.320	0.318	0.335	0.344	0.284	0.284	0.319	0.249	0.299	0.263	0.296	0.257	0.311	0.319	0.335	0.348	0.298	0.324	0.319	0.271	0.306	0.309	0.242	0.292	0.317	0.314	0.334	0.336	0.270	0.281	0.313	0.252	0.299	0.260	0.252	0.255	0.320	0.316	0.332	0.352	0.318	0.323	0.279	0.319	0.270	0.300	0.312	0.293	0.325	0.321	0.328	0.335	0.319	0.331	0.291	0.326	0.298	0.333	0.263	0.301	0.328	0.335	0.342	0.346
8:00:39	34.4	0.359	0.353	0.358	0.344	0.360	0.365	0.359	0.358	0.365	0.366	0.371	0.374	0.331	0.354	0.361	0.352	0.344	0.337	0.359	0.352	0.376	0.361	0.368	0.379	0.356	0.347	0.360	0.329	0.333	0.314	0.350	0.351	0.362	0.358	0.368	0.372	0.338	0.339	0.359	0.314	0.348	0.326	0.346	0.320	0.354	0.352	0.370	0.380	0.348	0.361	0.355	0.333	0.352	0.347	0.306	0.337	0.353	0.354	0.368	0.365	0.326	0.333	0.353	0.315	0.347	0.323	0.318	0.324	0.358	0.356	0.365	0.382	0.347	0.349	0.335	0.354	0.326	0.343	0.351	0.340	0.364	0.358	0.359	0.363	0.357	0.356	0.351	0.345	0.346	0.363	0.320	0.338	0.352	0.363	0.367	0.368
9:00:40	34.4	0.379	0.376	0.380	0.363	0.378	0.381	0.378	0.377	0.383	0.382	0.385	0.390	0.360	0.373	0.378	0.371	0.363	0.354	0.375	0.374	0.394	0.379	0.384	0.393	0.374	0.368	0.379	0.362	0.366	0.349	0.369	0.380	0.381	0.376	0.384	0.388	0.365	0.365	0.378	0.355	0.368	0.357	0.366	0.359	0.374	0.368	0.386	0.396	0.372	0.378	0.373	0.363	0.373	0.364	0.342	0.363	0.369	0.373	0.385	0.380	0.354	0.357	0.371	0.346	0.371	0.362	0.354	0.358	0.373	0.376	0.382	0.397	0.362	0.365	0.362	0.370	0.354	0.364	0.368	0.362	0.381	0.373	0.376	0.379	0.375	0.371	0.349	0.360	0.366	0.379	0.343	0.357	0.369	0.381	0.386	0.385
10:00:41	34.4	0.390	0.393	0.392	0.377	0.393	0.400	0.395	0.394	0.399	0.397	0.400	0.405	0.379	0.390	0.397	0.386	0.378	0.366	0.391	0.389	0.410	0.394	0.397	0.407	0.391	0.384	0.396	0.381	0.384	0.370	0.386	0.396	0.396	0.391	0.400	0.403	0.381	0.381	0.394	0.373	0.385	0.372	0.383	0.377	0.390	0.384	0.400	0.410	0.387	0.394	0.389	0.379	0.389	0.379	0.361	0.377	0.385	0.388	0.400	0.396	0.369	0.372	0.388	0.363	0.387	0.379	0.371	0.378	0.391	0.390	0.397	0.414	0.378	0.379	0.377	0.386	0.371	0.380	0.385	0.379	0.394	0.388	0.393	0.395	0.391	0.388	0.359	0.376	0.383	0.396	0.358	0.371	0.388	0.399	0.403	0.403
11:00:41	34.4	0.396	0.405	0.402	0.388	0.403	0.411	0.406	0.407	0.409	0.408	0.409	0.414	0.394	0.404	0.414	0.403	0.391	0.381	0.406	0.406	0.423	0.407	0.409	0.416	0.403	0.399	0.412	0.397	0.403	0.388	0.405	0.413	0.411	0.405	0.414	0.412	0.397	0.396	0.408	0.388	0.401	0.385	0.400	0.393	0.404	0.396	0.412	0.422	0.402	0.408	0.403	0.395	0.404	0.394	0.379	0.394	0.400	0.403	0.413	0.407	0.384	0.387	0.402	0.377	0.402	0.395	0.387	0.393	0.404	0.405	0.411	0.424	0.390	0.389	0.392	0.398	0.387	0.395	0.399	0.395	0.406	0.400	0.407	0.410	0.404	0.397	0.371	0.385	0.401	0.408	0.370	0.382	0.401	0.412	0.413	0.415
12:00:42	34.4	0.400	0.413	0.407	0.396	0.411	0.418	0.411	0.417	0.416	0.414	0.417	0.420	0.404	0.410	0.418	0.415	0.400	0.387	0.415	0.418	0.431	0.416	0.416	0.422	0.409	0.408	0.423	0.411	0.418	0.406	0.416	0.425	0.420	0.414	0.420	0.420	0.406	0.405	0.420	0.401	0.413	0.397	0.410	0.406	0.415	0.404	0.420	0.430	0.413	0.418	0.414	0.408	0.416	0.405	0.393	0.406	0.410	0.413	0.422	0.416	0.392	0.398	0.413	0.390	0.413	0.408	0.401	0.407	0.414	0.414	0.418	0.434	0.397	0.399	0.401	0.408	0.398	0.405	0.410	0.405	0.415	0.409	0.415	0.418	0.412	0.406	0.379	0.392	0.406	0.417	0.380	0.386	0.411	0.422	0.420	0.425
13:00:42	34.4	0.402	0.417	0.412	0.399	0.411	0.417	0.413	0.419	0.417	0.418	0.421	0.425	0.406	0.413	0.421	0.422	0.404	0.390	0.416	0.425	0.437	0.422	0.423	0.428	0.413	0.414	0.429	0.420	0.424	0.414	0.421	0.436	0.426	0.421	0.426	0.425	0.413	0.412	0.427	0.410	0.419	0.403	0.419	0.417	0.422	0.409	0.426	0.437	0.420	0.425	0.420	0.419	0.425	0.411	0.402	0.415	0.416	0.419	0.428	0.421	0.398	0.406	0.421	0.398	0.422	0.419	0.410	0.416	0.419	0.420	0.424	0.438	0.403	0.405	0.408	0.413	0.406	0.412	0.416	0.411	0.424	0.416	0.419	0.422	0.418	0.411	0.382	0.396	0.412	0.422	0.386	0.391	0.412	0.428	0.423	0.430
14:00:42	34.4	0.404	0.420	0.416	0.402	0.414	0.421	0.413	0.421	0.419	0.420	0.424	0.427	0.409	0.412	0.424	0.425	0.405	0.392	0.414	0.429	0.440	0.426	0.426	0.430	0.414	0.419	0.435	0.424	0.427	0.418	0.427	0.441	0.431	0.426	0.430	0.429	0.418	0.418	0.431	0.415	0.427	0.408	0.425	0.424	0.428	0.413	0.430	0.442	0.425	0.430	0.428	0.424	0.431	0.415	0.414	0.422	0.420	0.425	0.432	0.427	0.402	0.413	0.428	0.403	0.427	0.425	0.418	0.424	0.424	0.425	0.427	0.442	0.409	0.409	0.415	0.416	0.411	0.417	0.421	0.417	0.425	0.420	0.423	0.426	0.420	0.415	0.387	0.398	0.411	0.427	0.391	0.392	0.414	0.431	0.426	0.433
15:00:43	34.4	0.403	0.421	0.415	0.406	0.416	0.422	0.415	0.423	0.421	0.422	0.428	0.429	0.410	0.409	0.422	0.425	0.406	0.394	0.413	0.431	0.441	0.429	0.429	0.432	0.415	0.420	0.435	0.427	0.429	0.420	0.428	0.444	0.435	0.430	0.433	0.432	0.420	0.423	0.434	0.417	0.427	0.411	0.428	0.428	0.432	0.415	0.434	0.445	0.428	0.430	0.429	0.429	0.434	0.417	0.421	0.428	0.420	0.429	0.435	0.429	0.403	0.415	0.432	0.407	0.431	0.428	0.421	0.429	0.425	0.428	0.430	0.446	0.411	0.409	0.417	0.419	0.415	0.420	0.421	0.417	0.427	0.422	0.426	0.428	0.422	0.416	0.387	0.401	0.418	0.428	0.392	0.392	0.414	0.427	0.426	0.434
16:00:44	34.4	0.402	0.421	0.417	0.409	0.417	0.421	0.417	0.423	0.421	0.422	0.429	0.431	0.409	0.409	0.424	0.424	0.408	0.394	0.415	0.431	0.443	0.431	0.430	0.432	0.414	0.422	0.436	0.426	0.431	0.420	0.427	0.445	0.437	0.433	0.434	0.433	0.422	0.425	0.435	0.418	0.431	0.412	0.429	0.428	0.434	0.416	0.436	0.447	0.429	0.431	0.430	0.431	0.435	0.416	0.419	0.432	0.421	0.432	0.437	0.430	0.405	0.416	0.433	0.410	0.433	0.431	0.424	0.433	0.429	0.431	0.430	0.446	0.412	0.410	0.418	0.421	0.417	0.422	0.422	0.419	0.428	0.423	0.429	0.428	0.423	0.417	0.388	0.401	0.421	0.428	0.396	0.392	0.415	0.428	0.425	0.431
17:00:44	34.4	0.400	0.421	0.419	0.409	0.417	0.419	0.416	0.425	0.424	0.422	0.431	0.431	0.408	0.408	0.423	0.424	0.408	0.395	0.414	0.430	0.444	0.432	0.431	0.434	0.414	0.423	0.434	0.425	0.428	0.421	0.427	0.445	0.440	0.434	0.436	0.433	0.424	0.426	0.436	0.420	0.430	0.411	0.430	0.430	0.434	0.415	0.438	0.446	0.428	0.430	0.431	0.430	0.436	0.417	0.421	0.433	0.420	0.433	0.438	0.432	0.406	0.416	0.433	0.411	0.434	0.433	0.427	0.433	0.428	0.433	0.432	0.448	0.413	0.408	0.419	0.422	0.418	0.422	0.421	0.417	0.430	0.424	0.429	0.429	0.423	0.416	0.389	0.400	0.426	0.428	0.398	0.393	0.412	0.429	0.424	0.430
18:00:44	34.4	0.398	0.419	0.420	0.410	0.416	0.419	0.416	0.426	0.424	0.422	0.432	0.431	0.407	0.409	0.420	0.425	0.409	0.397	0.415	0.429	0.443	0.431	0.431	0.434	0.413	0.423	0.431	0.424	0.429	0.418	0.425	0.447	0.441	0.434	0.435	0.433	0.423	0.425	0.435	0.421	0.427	0.411	0.429	0.431	0.435	0.415	0.439	0.446	0.428	0.430	0.430	0.429	0.433	0.414	0.421	0.432	0.417	0.433	0.439	0.432	0.405	0.416	0.432	0.410	0.434	0.432	0.426	0.431	0.426	0.434	0.432	0.447	0.413	0.407	0.418	0.421	0.419	0.421	0.421	0.414	0.428	0.424	0.428	0.426	0.424	0.415	0.388	0.401	0.429	0.427	0.396	0.392	0.411	0.429	0.424	0.428
19:00:45	34.4	0.398	0.417	0.419	0.409	0.415	0.417	0.415	0.426	0.423	0.424	0.432	0.431	0.406	0.409	0.418	0.423	0.406	0.396	0.412	0.428	0.444	0.431	0.432	0.434	0.412	0.421	0.429	0.422	0.425	0.414	0.423	0.446	0.440	0.434	0.435	0.433	0.421	0.423	0.432	0.419	0.428	0.412	0.427	0.430	0.435	0.413	0.438	0.446	0.425	0.429	0.429	0.429	0.434	0.416	0.422	0.432	0.417	0.434	0.438	0.433	0.404	0.415	0.431	0.411	0.432	0.431	0.426	0.430	0.425	0.434	0.432	0.445	0.409	0.406	0.417	0.420	0.417	0.419	0.419	0.413	0.432	0.423	0.427	0.426	0.423	0.413	0.388	0.400	0.427	0.425	0.399	0.390	0.409	0.428	0.423	0.429
20:00:45	34.4	0.398	0.415	0.419	0.409	0.415	0.413	0.415	0.424	0.422	0.423	0.433	0.429	0.405	0.409	0.417	0.422	0.405	0.395	0.412	0.425	0.442	0.429	0.433	0.434	0.411	0.420	0.428	0.422	0.426	0.413	0.420	0.446	0.440	0.434	0.435	0.432	0.419	0.422	0.430	0.420	0.426	0.410	0.426	0.429	0.435	0.413	0.438	0.446	0.424	0.428	0.427	0.428	0.432	0.414	0.421	0.430	0.416	0.433	0.439	0.433	0.404	0.415	0.429	0.410	0.430	0.430	0.425	0.427	0.423	0.434	0.432	0.443	0.407	0.405	0.417	0.419	0.417	0.417	0.419	0.412	0.431	0.424	0.427	0.426	0.423	0.412	0.388	0.400	0.426	0.423	0.390	0.390	0.474	0.426	0.420	0.427
21:00:46	34.4	0.397	0.413	0.417	0.408	0.413	0.411	0.413	0.423	0.420	0.423	0.434	0.429	0.404	0.408	0.415	0.421	0.403	0.392	0.411	0.425	0.442	0.431	0.432	0.434	0.411	0.418	0.427	0.423	0.425	0.412	0.419	0.445	0.438	0.433	0.436	0.433	0.416	0.420	0.429	0.417	0.423	0.409	0.424	0.429	0.434	0.412	0.439	0.446	0.422	0.426	0.426	0.427	0.432	0.413	0.420	0.430	0.417	0.432	0.437	0.431	0.403	0.413	0.428	0.408	0.429	0.429	0.423	0.426	0.423	0.433	0.432	0.444	0.405	0.404	0.416	0.418	0.415	0.416	0.419	0.412	0.428	0.422	0.426	0.424	0.421	0.412	0.387	0.399	0.429	0.421	0.388	0.389	0.479	0.425	0.418	0.426
22:00:46	34.4	0.395	0.411	0.418	0.408	0.412	0.409	0.411	0.420	0.415	0.423	0.434	0.427	0.403	0.406	0.415	0.420	0.403	0.391	0.410	0.421	0.442	0.431	0.430	0.434	0.411	0.417	0.425	0.421	0.423	0.411	0.416	0.443	0.437	0.433	0.435	0.432	0.414	0.418	0.427	0.417	0.421	0.407	0.421	0.426	0.433	0.410	0.439	0.445	0.421	0.424	0.423	0.427	0.429	0.411	0.417	0.430	0.414	0.432	0.437	0.429	0.402	0.413	0.427	0.407	0.428	0.428	0.421	0.424	0.420	0.433	0.432	0.442	0.403	0.403	0.413	0.418	0.413	0.414	0.418	0.410	0.428	0.421	0.424	0.422	0.420	0.410	0.386	0.397	0.427	0.420	0.388	0.387	0.474	0.423	0.416	0.426
23:00:46	34.2	0.395	0.410	0.416	0.407	0.410	0.411	0.410	0.422	0.412	0.423	0.433	0.427	0.401	0.406	0.415	0.418	0.404	0.391	0.410	0.420	0.436	0.428	0.431	0.432	0.410	0.414	0.426	0.421	0.422	0.408	0.417	0.439	0.433	0.431	0.433	0.431	0.413	0.416	0.427	0.416	0.419	0.405	0.417	0.424	0.432	0.409	0.438	0.444	0.420	0.424	0.423	0.425	0.427	0.410	0.412	0.429	0.414	0.429	0.435	0.428	0.400	0.411	0.426	0.404	0.426	0.426	0.417	0.420	0.420	0.430	0.431	0.442	0.402	0.403	0.409	0.416	0.412	0.412	0.416	0.411	0.426	0.419	0.424	0.422	0.420	0.410	0.385	0.396	0.432	0.419	0.385	0.386	0.475	0.422	0.415	0.424
0:00:00																																																																																																	

Results
	1	2	3	4	5	6	7	8	9	10	11	12
A	0.752	0.762	-1.164	0.731	0.767	0.784	0.766	0.774	0.768	0.776	0.780	0.777	Max V [600]
	0.987	0.985	0.555	0.969	0.987	0.986	0.987	0.981	0.987	0.986	0.984	0.975	R-Squared [600]
	6:00:37	6:00:37	2:00:35	7:00:38	6:00:37	6:00:37	6:00:37	6:00:37	6:00:37	6:00:37	6:00:37	6:00:37	t at Max V [600]
	3:34:23	3:58:15	?????	4:15:04	3:41:45	3:38:29	3:36:55	3:54:57	3:32:02	3:36:35	3:30:56	3:23:27	Lagtime [600]
B	0.741	0.768	0.787	0.742	0.743	0.729	0.760	0.777	0.763	0.773	0.753	0.782	Max V [600]
	0.987	0.982	0.989	0.972	0.975	0.968	0.987	0.976	0.983	0.983	0.986	0.982	R-Squared [600]
	7:00:38	6:00:37	6:00:37	7:00:38	6:00:37	7:00:38	6:00:37	7:00:38	6:00:37	6:00:37	6:00:37	6:00:37	t at Max V [600]
	4:24:14	3:54:03	3:47:54	4:09:15	3:59:06	4:13:48	3:45:56	4:19:31	3:53:41	3:50:09	3:36:19	3:28:26	Lagtime [600]
C	0.772	0.751	0.776	0.778	0.767	0.659	0.741	0.755	0.761	0.763	0.763	0.785	Max V [600]
	0.988	0.976	0.982	0.986	0.988	0.974	0.975	0.987	0.975	0.977	0.987	0.988	R-Squared [600]
	6:00:37	7:00:38	6:00:37	7:00:38	7:00:38	8:00:39	6:00:37	7:00:38	6:00:37	6:00:37	6:00:37	6:00:37	t at Max V [600]
	3:41:18	4:14:45	3:50:19	4:44:35	4:45:03	4:34:57	3:59:12	4:28:17	3:59:51	3:54:16	3:42:46	3:35:07	Lagtime [600]
D	0.740	0.740	0.781	0.731	0.754	0.743	0.751	0.742	0.753	0.730	0.754	0.786	Max V [600]
	0.985	0.985	0.978	0.981	0.975	0.986	0.976	0.986	0.973	0.984	0.988	0.989	R-Squared [600]
	7:00:38	7:00:38	6:00:37	7:00:38	7:00:38	7:00:38	7:00:38	7:00:38	6:00:37	6:00:37	6:00:37	6:00:37	t at Max V [600]
	4:19:41	4:16:32	3:53:11	4:46:40	4:14:25	4:35:32	4:13:06	4:44:02	3:57:17	3:48:12	3:28:43	3:27:10	Lagtime [600]
E	0.741	0.778	0.748	0.775	0.762	0.740	0.719	0.730	0.742	0.744	0.764	0.769	Max V [600]
	0.980	0.985	0.980	0.988	0.974	0.981	0.981	0.985	0.983	0.976	0.986	0.989	R-Squared [600]
	7:00:38	6:00:37	6:00:37	7:00:38	7:00:38	6:00:37	7:00:38	7:00:38	6:00:37	6:00:37	6:00:37	6:00:37	t at Max V [600]
	4:15:49	3:48:28	3:54:20	4:37:00	4:11:26	3:54:06	4:59:26	4:18:23	3:47:41	3:55:17	3:45:13	3:35:57	Lagtime [600]
F	0.725	0.741	0.765	0.709	0.738	0.723	0.737	0.769	0.726	0.742	0.762	0.768	Max V [600]
	0.988	0.980	0.976	0.984	0.981	0.983	0.983	0.983	0.982	0.974	0.985	0.987	R-Squared [600]
	7:00:38	7:00:38	6:00:37	7:00:38	7:00:38	7:00:38	7:00:38	7:00:38	6:00:37	6:00:37	6:00:37	6:00:37	t at Max V [600]
	4:24:53	4:16:11	3:53:27	4:36:20	4:24:54	4:40:38	4:44:17	4:55:35	3:52:49	3:56:15	3:44:42	3:20:10	Lagtime [600]
G	0.719	0.734	0.726	0.699	0.731	0.723	0.752	0.762	0.752	0.751	0.744	0.756	Max V [600]
	0.987	0.985	0.986	0.973	0.988	0.975	0.981	0.975	0.985	0.986	0.985	0.987	R-Squared [600]
	6:00:37	6:00:37	7:00:38	6:00:37	7:00:38	6:00:37	6:00:37	7:00:38	6:00:37	6:00:37	6:00:37	6:00:37	t at Max V [600]
	3:40:05	3:43:49	4:25:40	3:34:57	4:28:11	3:57:46	3:54:36	4:29:56	3:53:51	3:51:03	3:44:39	3:38:37	Lagtime [600]
H	0.572	0.750	0.777	0.716	0.698	0.783	0.653	0.720	0.610	0.751	0.772	0.755	Max V [600]
	0.985	0.985	0.932	0.979	0.978	0.989	0.975	0.987	0.988	0.986	0.982	0.979	R-Squared [600]
	7:00:38	6:00:37	6:00:37	6:00:37	7:00:38	6:00:37	7:00:38	6:00:37	6:00:37	6:00:37	6:00:37	6:00:37	t at Max V [600]
	2:55:25	3:34:46	4:20:36	3:27:43	3:58:00	3:37:30	4:18:02	3:56:53	3:10:15	3:34:57	3:27:32	3:26:42	Lagtime [600]


