
Software Version	3.11.19



Experiment File Path:	C:\Users\patil-group\Desktop\Sweeteners_stacker\021221_NT5076_83_24007_Rep2\NT5076_83_24007_Rep2.xpt
Protocol File Path:	C:\Users\Public\Documents\Protocols\Screening-protocol.prt



Plate Number	Plate 11
Date	02/12/2021
Time	12:27:22
Reader Type:	Epoch 2
Reader Serial Number:	2103223
Reading Type	Reader

Procedure Details

Plate Type	96 WELL PLATE
Discontinuous Kinetics	Runtime 1:00:00 (D:HH:MM), Interval 0:01:00, 25 Reads
	Pause after each run
Eject plate on completion	
Shake	Linear: 0:00:30 (HH:MM:SS)
	Frequency: 567 cpm (3 mm)
Read	Absorbance Endpoint
	Full Plate
	Wavelengths:  600
	Read Speed: Normal,  Delay: 100 msec,  Measurements/Data Point: 8

600

Time	T° 600	A1	A2	A3	A4	A5	A6	A7	A8	A9	A10	A11	A12	B1	B2	B3	B4	B5	B6	B7	B8	B9	B10	B11	B12	C1	C2	C3	C4	C5	C6	C7	C8	C9	C10	C11	C12	D1	D2	D3	D4	D5	D6	D7	D8	D9	D10	D11	D12	E1	E2	E3	E4	E5	E6	E7	E8	E9	E10	E11	E12	F1	F2	F3	F4	F5	F6	F7	F8	F9	F10	F11	F12	G1	G2	G3	G4	G5	G6	G7	G8	G9	G10	G11	G12	H1	H2	H3	H4	H5	H6	H7	H8	H9	H10	H11	H12
0:00:34	34.2	0.182	0.168	0.181	0.169	0.168	0.167	0.168	0.169	0.175	0.169	0.169	0.171	0.182	0.170	0.169	0.170	0.164	0.174	0.171	0.170	0.179	0.168	0.173	0.166	0.169	0.167	0.170	0.167	0.173	0.169	0.169	0.181	0.192	0.169	0.172	0.165	0.167	0.185	0.180	0.177	0.173	0.170	0.167	0.164	0.166	0.166	0.170	0.171	0.172	0.166	0.168	0.178	0.174	0.171	0.170	0.168	0.166	0.173	0.170	0.172	0.174	0.170	0.168	0.169	0.178	0.170	0.166	0.170	0.165	0.167	0.172	0.169	0.172	0.167	0.163	0.172	0.174	0.168	0.168	0.165	0.171	0.167	0.171	0.170	0.174	0.170	0.176	0.175	0.167	0.174	0.166	0.162	0.166	0.169	0.171	0.167
1:00:34	34.4	0.183	0.169	0.181	0.170	0.168	0.168	0.169	0.169	0.176	0.170	0.170	0.172	0.182	0.171	0.170	0.171	0.165	0.173	0.171	0.171	0.179	0.168	0.172	0.167	0.170	0.168	0.171	0.167	0.174	0.169	0.169	0.181	0.190	0.169	0.172	0.166	0.168	0.185	0.180	0.177	0.172	0.170	0.168	0.165	0.167	0.166	0.189	0.197	0.173	0.167	0.168	0.178	0.174	0.172	0.170	0.168	0.166	0.173	0.171	0.173	0.173	0.171	0.168	0.169	0.178	0.170	0.166	0.170	0.166	0.167	0.172	0.233	0.173	0.168	0.164	0.173	0.175	0.169	0.168	0.166	0.172	0.168	0.172	0.171	0.176	0.171	0.177	0.175	0.169	0.175	0.167	0.163	0.168	0.170	0.172	0.168
2:00:34	34.4	0.184	0.170	0.183	0.171	0.169	0.170	0.171	0.171	0.177	0.172	0.172	0.174	0.182	0.172	0.172	0.172	0.166	0.174	0.172	0.172	0.181	0.170	0.174	0.169	0.172	0.169	0.172	0.169	0.175	0.170	0.170	0.182	0.191	0.171	0.174	0.168	0.170	0.186	0.181	0.178	0.173	0.171	0.169	0.166	0.167	0.167	0.192	0.191	0.174	0.168	0.169	0.179	0.175	0.173	0.171	0.169	0.167	0.174	0.172	0.174	0.174	0.172	0.170	0.170	0.179	0.171	0.167	0.171	0.167	0.168	0.173	0.197	0.174	0.170	0.165	0.174	0.176	0.171	0.170	0.167	0.173	0.169	0.173	0.173	0.178	0.173	0.179	0.177	0.170	0.176	0.169	0.165	0.169	0.171	0.174	0.170
3:00:35	34.5	0.190	0.176	0.185	0.176	0.174	0.175	0.176	0.177	0.182	0.178	0.178	0.181	0.185	0.177	0.176	0.176	0.170	0.177	0.175	0.176	0.184	0.173	0.179	0.176	0.176	0.173	0.176	0.171	0.177	0.173	0.173	0.185	0.193	0.174	0.178	0.173	0.174	0.188	0.184	0.180	0.175	0.175	0.171	0.169	0.170	0.170	0.186	0.185	0.178	0.172	0.172	0.181	0.177	0.176	0.172	0.171	0.170	0.176	0.176	0.179	0.179	0.176	0.174	0.173	0.181	0.173	0.170	0.174	0.170	0.171	0.177	0.202	0.179	0.175	0.169	0.177	0.179	0.174	0.172	0.170	0.177	0.173	0.177	0.178	0.183	0.179	0.184	0.182	0.175	0.180	0.173	0.169	0.174	0.175	0.179	0.176
4:00:36	34.5	0.205	0.191	0.197	0.188	0.186	0.190	0.191	0.192	0.197	0.192	0.194	0.199	0.199	0.190	0.189	0.186	0.179	0.188	0.186	0.186	0.194	0.184	0.193	0.193	0.188	0.182	0.186	0.179	0.183	0.181	0.181	0.194	0.202	0.183	0.189	0.188	0.186	0.197	0.193	0.187	0.182	0.183	0.178	0.177	0.177	0.178	0.198	0.199	0.190	0.181	0.181	0.188	0.184	0.184	0.178	0.177	0.176	0.183	0.187	0.192	0.191	0.185	0.182	0.180	0.187	0.180	0.177	0.181	0.178	0.179	0.184	0.214	0.190	0.187	0.178	0.186	0.187	0.184	0.181	0.178	0.187	0.182	0.188	0.192	0.199	0.194	0.198	0.195	0.188	0.192	0.185	0.183	0.185	0.186	0.194	0.193
5:00:36	34.4	0.237	0.222	0.229	0.221	0.217	0.224	0.225	0.225	0.231	0.224	0.226	0.233	0.232	0.222	0.220	0.214	0.202	0.215	0.214	0.213	0.219	0.212	0.226	0.226	0.219	0.208	0.212	0.200	0.201	0.205	0.201	0.217	0.224	0.208	0.218	0.221	0.218	0.221	0.218	0.207	0.200	0.206	0.197	0.200	0.196	0.198	0.229	0.233	0.220	0.207	0.206	0.207	0.201	0.205	0.192	0.191	0.196	0.205	0.216	0.225	0.222	0.211	0.206	0.200	0.204	0.198	0.194	0.200	0.199	0.199	0.207	0.249	0.222	0.219	0.202	0.212	0.209	0.212	0.204	0.199	0.214	0.208	0.216	0.224	0.233	0.228	0.231	0.227	0.221	0.222	0.216	0.216	0.216	0.216	0.226	0.225
6:00:37	34.4	0.293	0.277	0.274	0.263	0.259	0.276	0.277	0.280	0.288	0.277	0.288	0.296	0.282	0.265	0.266	0.252	0.237	0.252	0.255	0.251	0.256	0.252	0.274	0.287	0.262	0.243	0.248	0.232	0.233	0.239	0.234	0.252	0.256	0.243	0.260	0.273	0.259	0.254	0.252	0.240	0.232	0.238	0.229	0.233	0.227	0.230	0.268	0.285	0.262	0.242	0.240	0.238	0.233	0.237	0.223	0.223	0.227	0.239	0.255	0.272	0.264	0.247	0.240	0.232	0.236	0.230	0.225	0.231	0.231	0.233	0.242	0.285	0.263	0.260	0.236	0.246	0.243	0.247	0.236	0.231	0.252	0.244	0.254	0.272	0.286	0.281	0.280	0.275	0.266	0.266	0.256	0.263	0.258	0.257	0.277	0.282
7:00:38	34.4	0.353	0.333	0.339	0.329	0.325	0.339	0.341	0.341	0.348	0.337	0.346	0.354	0.345	0.331	0.326	0.321	0.304	0.322	0.318	0.319	0.325	0.319	0.336	0.345	0.328	0.312	0.319	0.295	0.290	0.307	0.299	0.318	0.322	0.314	0.327	0.332	0.328	0.323	0.320	0.299	0.288	0.305	0.287	0.299	0.289	0.294	0.341	0.349	0.331	0.311	0.308	0.297	0.288	0.301	0.272	0.273	0.288	0.305	0.323	0.337	0.329	0.316	0.308	0.293	0.293	0.287	0.280	0.292	0.294	0.298	0.309	0.339	0.331	0.328	0.304	0.315	0.313	0.318	0.301	0.295	0.320	0.313	0.323	0.337	0.347	0.343	0.344	0.337	0.333	0.332	0.324	0.324	0.325	0.324	0.339	0.341
8:00:39	34.4	0.381	0.358	0.370	0.362	0.360	0.371	0.370	0.373	0.378	0.369	0.376	0.380	0.380	0.368	0.358	0.362	0.351	0.363	0.351	0.359	0.369	0.358	0.369	0.371	0.362	0.356	0.365	0.348	0.346	0.356	0.349	0.366	0.366	0.357	0.364	0.366	0.362	0.364	0.364	0.353	0.344	0.351	0.341	0.344	0.340	0.347	0.373	0.380	0.367	0.354	0.350	0.348	0.344	0.352	0.323	0.326	0.339	0.353	0.362	0.370	0.362	0.359	0.353	0.345	0.348	0.342	0.337	0.344	0.343	0.345	0.354	0.374	0.368	0.363	0.347	0.360	0.357	0.359	0.345	0.344	0.358	0.353	0.363	0.370	0.377	0.372	0.375	0.368	0.367	0.364	0.360	0.355	0.360	0.358	0.368	0.369
9:00:40	34.4	0.396	0.375	0.384	0.379	0.376	0.388	0.385	0.390	0.393	0.388	0.391	0.395	0.397	0.386	0.375	0.380	0.370	0.380	0.369	0.376	0.387	0.377	0.385	0.386	0.382	0.377	0.385	0.371	0.373	0.376	0.372	0.388	0.386	0.377	0.383	0.382	0.380	0.382	0.384	0.376	0.370	0.373	0.367	0.363	0.368	0.370	0.391	0.397	0.385	0.375	0.371	0.372	0.372	0.376	0.355	0.358	0.366	0.374	0.382	0.386	0.380	0.378	0.375	0.370	0.375	0.369	0.365	0.367	0.366	0.367	0.376	0.391	0.384	0.381	0.367	0.379	0.377	0.380	0.365	0.368	0.379	0.371	0.382	0.386	0.391	0.388	0.392	0.383	0.383	0.380	0.377	0.374	0.377	0.376	0.383	0.383
10:00:41	34.4	0.412	0.392	0.398	0.392	0.393	0.404	0.401	0.405	0.408	0.402	0.407	0.411	0.412	0.403	0.392	0.396	0.386	0.395	0.383	0.391	0.403	0.392	0.402	0.402	0.399	0.394	0.401	0.386	0.388	0.390	0.387	0.402	0.401	0.392	0.397	0.398	0.397	0.391	0.400	0.392	0.384	0.389	0.382	0.377	0.383	0.387	0.405	0.414	0.400	0.392	0.386	0.388	0.387	0.391	0.373	0.374	0.382	0.389	0.397	0.403	0.398	0.393	0.391	0.384	0.390	0.384	0.381	0.383	0.381	0.383	0.389	0.407	0.400	0.396	0.381	0.392	0.393	0.396	0.380	0.383	0.393	0.388	0.397	0.402	0.408	0.403	0.407	0.399	0.399	0.396	0.393	0.389	0.392	0.390	0.399	0.398
11:00:41	34.4	0.421	0.405	0.407	0.402	0.405	0.414	0.411	0.415	0.419	0.416	0.418	0.422	0.424	0.416	0.404	0.410	0.401	0.409	0.400	0.407	0.416	0.406	0.415	0.415	0.415	0.410	0.417	0.402	0.404	0.406	0.403	0.418	0.415	0.407	0.413	0.407	0.410	0.407	0.415	0.408	0.401	0.405	0.396	0.393	0.400	0.403	0.420	0.427	0.414	0.408	0.402	0.403	0.402	0.406	0.389	0.389	0.399	0.406	0.410	0.416	0.412	0.409	0.405	0.401	0.406	0.400	0.395	0.399	0.397	0.399	0.405	0.419	0.414	0.405	0.395	0.407	0.408	0.409	0.394	0.396	0.408	0.402	0.410	0.414	0.419	0.415	0.420	0.411	0.413	0.409	0.406	0.402	0.405	0.402	0.408	0.408
12:00:42	34.4	0.428	0.412	0.412	0.408	0.414	0.421	0.418	0.422	0.426	0.422	0.425	0.428	0.432	0.426	0.411	0.420	0.410	0.417	0.406	0.416	0.426	0.415	0.425	0.422	0.424	0.421	0.426	0.413	0.415	0.416	0.412	0.427	0.424	0.416	0.420	0.415	0.418	0.417	0.423	0.418	0.411	0.415	0.408	0.403	0.411	0.413	0.429	0.435	0.424	0.419	0.412	0.413	0.414	0.417	0.404	0.402	0.409	0.416	0.421	0.425	0.420	0.419	0.415	0.412	0.417	0.411	0.408	0.411	0.408	0.409	0.414	0.425	0.424	0.416	0.404	0.416	0.418	0.419	0.405	0.408	0.418	0.412	0.419	0.420	0.427	0.424	0.428	0.419	0.423	0.418	0.414	0.410	0.412	0.410	0.416	0.414
13:00:42	34.4	0.434	0.416	0.414	0.412	0.419	0.427	0.425	0.428	0.433	0.426	0.430	0.433	0.436	0.431	0.416	0.426	0.417	0.424	0.415	0.425	0.435	0.422	0.430	0.427	0.431	0.430	0.434	0.420	0.423	0.423	0.420	0.435	0.431	0.424	0.428	0.418	0.426	0.427	0.430	0.426	0.421	0.422	0.416	0.409	0.421	0.425	0.438	0.442	0.432	0.428	0.421	0.423	0.422	0.425	0.414	0.413	0.418	0.425	0.426	0.431	0.429	0.427	0.424	0.420	0.425	0.419	0.416	0.421	0.418	0.418	0.423	0.431	0.432	0.426	0.411	0.424	0.425	0.426	0.413	0.416	0.424	0.422	0.424	0.425	0.434	0.431	0.435	0.426	0.429	0.425	0.421	0.415	0.418	0.416	0.421	0.418
14:00:42	34.4	0.436	0.420	0.417	0.415	0.421	0.430	0.426	0.430	0.437	0.425	0.431	0.434	0.442	0.436	0.420	0.430	0.424	0.430	0.419	0.431	0.440	0.428	0.435	0.431	0.435	0.436	0.440	0.425	0.430	0.429	0.425	0.441	0.440	0.430	0.434	0.421	0.428	0.433	0.437	0.431	0.428	0.430	0.423	0.416	0.428	0.430	0.443	0.448	0.436	0.435	0.428	0.430	0.429	0.429	0.420	0.421	0.424	0.431	0.431	0.434	0.433	0.432	0.429	0.426	0.431	0.426	0.423	0.430	0.423	0.425	0.429	0.435	0.436	0.428	0.417	0.428	0.430	0.431	0.420	0.423	0.433	0.427	0.426	0.428	0.435	0.436	0.439	0.430	0.434	0.429	0.425	0.417	0.421	0.420	0.424	0.420
15:00:43	34.4	0.436	0.419	0.420	0.417	0.423	0.431	0.428	0.431	0.437	0.425	0.429	0.432	0.445	0.438	0.421	0.433	0.426	0.434	0.421	0.435	0.443	0.430	0.437	0.431	0.437	0.441	0.442	0.428	0.434	0.433	0.430	0.447	0.443	0.434	0.436	0.426	0.433	0.440	0.440	0.435	0.432	0.431	0.428	0.417	0.434	0.434	0.447	0.450	0.441	0.440	0.431	0.436	0.433	0.433	0.425	0.427	0.430	0.434	0.434	0.437	0.437	0.436	0.434	0.430	0.437	0.432	0.428	0.433	0.425	0.429	0.433	0.435	0.437	0.432	0.423	0.432	0.433	0.433	0.423	0.427	0.438	0.431	0.429	0.428	0.438	0.439	0.443	0.431	0.436	0.432	0.426	0.414	0.421	0.423	0.425	0.422
16:00:44	34.4	0.439	0.417	0.423	0.418	0.424	0.432	0.429	0.434	0.438	0.429	0.431	0.435	0.448	0.440	0.422	0.435	0.429	0.436	0.423	0.436	0.446	0.433	0.438	0.431	0.438	0.444	0.445	0.430	0.437	0.435	0.433	0.450	0.446	0.436	0.438	0.426	0.435	0.443	0.444	0.438	0.437	0.435	0.431	0.419	0.438	0.439	0.449	0.451	0.442	0.441	0.433	0.439	0.437	0.435	0.427	0.432	0.431	0.435	0.435	0.437	0.437	0.439	0.437	0.435	0.440	0.434	0.432	0.436	0.426	0.431	0.433	0.435	0.440	0.435	0.426	0.436	0.435	0.434	0.425	0.431	0.440	0.433	0.432	0.429	0.440	0.440	0.445	0.433	0.439	0.435	0.428	0.414	0.424	0.423	0.427	0.422
17:00:44	34.4	0.440	0.414	0.427	0.420	0.425	0.432	0.430	0.432	0.436	0.432	0.431	0.436	0.448	0.442	0.422	0.435	0.430	0.435	0.424	0.438	0.447	0.435	0.434	0.432	0.437	0.444	0.447	0.432	0.440	0.436	0.433	0.451	0.449	0.440	0.439	0.427	0.437	0.444	0.445	0.440	0.438	0.436	0.434	0.418	0.441	0.439	0.450	0.450	0.444	0.443	0.435	0.439	0.441	0.439	0.430	0.434	0.432	0.436	0.436	0.437	0.438	0.441	0.440	0.436	0.442	0.437	0.435	0.436	0.428	0.431	0.434	0.436	0.439	0.437	0.427	0.438	0.438	0.438	0.428	0.432	0.441	0.431	0.434	0.428	0.439	0.440	0.446	0.432	0.439	0.435	0.428	0.411	0.423	0.424	0.427	0.423
18:00:44	34.4	0.441	0.413	0.429	0.421	0.424	0.432	0.429	0.434	0.434	0.436	0.433	0.438	0.448	0.441	0.420	0.438	0.430	0.438	0.425	0.438	0.445	0.432	0.438	0.433	0.437	0.445	0.448	0.434	0.441	0.436	0.435	0.452	0.450	0.438	0.438	0.428	0.440	0.445	0.445	0.441	0.439	0.438	0.436	0.416	0.440	0.439	0.448	0.450	0.444	0.443	0.437	0.438	0.442	0.437	0.430	0.437	0.434	0.437	0.436	0.436	0.439	0.441	0.440	0.437	0.445	0.439	0.436	0.435	0.427	0.430	0.433	0.438	0.438	0.440	0.427	0.439	0.439	0.438	0.426	0.433	0.441	0.431	0.435	0.428	0.437	0.441	0.446	0.434	0.437	0.435	0.430	0.411	0.425	0.424	0.427	0.423
19:00:45	34.4	0.442	0.411	0.434	0.422	0.425	0.433	0.431	0.432	0.433	0.435	0.432	0.435	0.444	0.442	0.419	0.436	0.431	0.436	0.425	0.437	0.444	0.431	0.439	0.432	0.434	0.444	0.449	0.435	0.441	0.435	0.435	0.453	0.451	0.442	0.438	0.428	0.442	0.445	0.447	0.440	0.438	0.437	0.436	0.415	0.440	0.435	0.447	0.448	0.443	0.443	0.437	0.439	0.443	0.438	0.426	0.435	0.434	0.437	0.437	0.435	0.434	0.441	0.439	0.437	0.446	0.439	0.438	0.434	0.426	0.430	0.434	0.439	0.439	0.442	0.428	0.439	0.439	0.438	0.426	0.432	0.439	0.431	0.435	0.428	0.436	0.440	0.447	0.432	0.436	0.433	0.431	0.411	0.427	0.423	0.426	0.423
20:00:45	34.4	0.443	0.407	0.437	0.423	0.425	0.432	0.433	0.433	0.434	0.441	0.436	0.439	0.437	0.442	0.417	0.436	0.430	0.435	0.424	0.436	0.444	0.432	0.442	0.431	0.430	0.441	0.448	0.434	0.441	0.434	0.435	0.452	0.452	0.441	0.439	0.429	0.443	0.445	0.448	0.439	0.438	0.437	0.434	0.414	0.440	0.434	0.448	0.447	0.440	0.442	0.437	0.440	0.443	0.438	0.423	0.437	0.434	0.434	0.438	0.435	0.433	0.442	0.441	0.436	0.446	0.439	0.437	0.434	0.425	0.430	0.434	0.440	0.437	0.443	0.430	0.439	0.439	0.438	0.426	0.431	0.437	0.431	0.438	0.428	0.434	0.438	0.447	0.432	0.436	0.432	0.433	0.411	0.429	0.423	0.425	0.424
21:00:46	34.4	0.442	0.404	0.440	0.424	0.427	0.432	0.435	0.432	0.434	0.441	0.438	0.438	0.434	0.441	0.417	0.438	0.429	0.436	0.423	0.436	0.442	0.432	0.444	0.431	0.428	0.438	0.449	0.435	0.441	0.434	0.435	0.452	0.451	0.440	0.439	0.431	0.442	0.443	0.447	0.439	0.438	0.436	0.434	0.413	0.437	0.431	0.447	0.448	0.436	0.442	0.435	0.438	0.442	0.437	0.419	0.437	0.434	0.432	0.435	0.436	0.430	0.441	0.441	0.436	0.446	0.438	0.436	0.432	0.425	0.428	0.433	0.440	0.436	0.443	0.428	0.440	0.438	0.438	0.424	0.431	0.436	0.431	0.438	0.428	0.433	0.438	0.446	0.432	0.437	0.432	0.436	0.409	0.430	0.424	0.423	0.426
22:00:47	34.4	0.439	0.403	0.442	0.427	0.426	0.433	0.437	0.431	0.436	0.437	0.439	0.438	0.434	0.440	0.416	0.437	0.427	0.434	0.422	0.436	0.442	0.430	0.444	0.429	0.424	0.433	0.448	0.433	0.440	0.432	0.434	0.451	0.448	0.439	0.440	0.430	0.442	0.444	0.447	0.438	0.436	0.435	0.431	0.411	0.434	0.431	0.445	0.447	0.435	0.442	0.433	0.436	0.442	0.436	0.419	0.437	0.433	0.430	0.436	0.436	0.425	0.441	0.441	0.434	0.446	0.438	0.436	0.432	0.423	0.427	0.435	0.439	0.434	0.441	0.428	0.438	0.438	0.438	0.423	0.429	0.435	0.429	0.435	0.428	0.431	0.436	0.445	0.431	0.436	0.432	0.436	0.406	0.430	0.422	0.422	0.427
23:00:46	34.2	0.438	0.400	0.442	0.429	0.431	0.432	0.436	0.432	0.437	0.433	0.439	0.434	0.432	0.438	0.418	0.438	0.426	0.430	0.422	0.434	0.442	0.432	0.445	0.426	0.420	0.434	0.448	0.433	0.438	0.432	0.433	0.449	0.445	0.439	0.440	0.434	0.442	0.443	0.443	0.436	0.436	0.433	0.431	0.411	0.432	0.427	0.443	0.446	0.433	0.441	0.431	0.433	0.440	0.435	0.417	0.438	0.432	0.429	0.436	0.434	0.424	0.438	0.441	0.434	0.445	0.436	0.434	0.431	0.422	0.426	0.434	0.437	0.433	0.440	0.429	0.437	0.438	0.436	0.422	0.429	0.434	0.428	0.433	0.428	0.429	0.434	0.444	0.431	0.436	0.434	0.435	0.402	0.429	0.424	0.420	0.426
0:00:00																																																																																																	

Results
	1	2	3	4	5	6	7	8	9	10	11	12
A	0.778	0.743	0.759	0.759	0.760	0.794	0.792	0.798	0.798	0.780	0.806	0.803	Max V [600]
	0.986	0.985	0.986	0.986	0.986	0.989	0.987	0.989	0.988	0.989	0.986	0.983	R-Squared [600]
	6:00:38	6:00:38	6:00:38	6:00:38	6:00:38	6:00:38	6:00:38	6:00:38	6:00:38	6:00:38	6:00:38	6:00:38	t at Max V [600]
	3:36:58	3:34:41	3:48:03	3:44:10	3:47:28	3:38:21	3:38:43	3:38:32	3:38:41	3:38:25	3:36:01	3:29:23	Lagtime [600]
B	0.789	0.777	0.739	0.764	0.749	0.762	0.722	0.752	0.762	0.761	0.768	0.795	Max V [600]
	0.989	0.986	0.989	0.978	0.971	0.977	0.984	0.978	0.974	0.981	0.989	0.984	R-Squared [600]
	6:00:38	6:00:38	6:00:38	6:00:38	7:00:38	6:00:38	6:00:38	6:00:38	6:00:38	6:00:38	6:00:38	6:00:38	t at Max V [600]
	3:46:42	3:45:01	3:42:01	3:53:45	4:09:10	3:57:28	3:50:47	3:54:00	3:57:50	3:52:14	3:41:24	3:31:41	Lagtime [600]
C	0.762	0.751	0.773	0.762	0.761	0.763	0.761	0.762	0.727	0.756	0.767	0.778	Max V [600]
	0.985	0.972	0.972	0.979	0.986	0.973	0.978	0.978	0.973	0.971	0.983	0.991	R-Squared [600]
	6:00:38	6:00:38	6:00:38	7:00:38	7:00:38	7:00:38	7:00:38	7:00:38	7:00:38	6:00:38	6:00:38	6:00:38	t at Max V [600]
	3:46:09	3:56:44	3:57:02	4:20:16	4:28:55	4:13:24	4:19:31	4:13:54	4:16:47	3:58:40	3:50:46	3:38:31	Lagtime [600]
D	0.771	0.727	0.741	0.751	0.755	0.746	0.751	0.729	0.760	0.770	0.771	0.795	Max V [600]
	0.983	0.970	0.971	0.982	0.985	0.976	0.985	0.973	0.985	0.979	0.977	0.988	R-Squared [600]
	6:00:38	6:00:38	6:00:38	7:00:38	7:00:38	7:00:38	7:00:38	7:00:38	7:00:38	7:00:38	6:00:38	6:00:38	t at Max V [600]
	3:46:30	4:01:19	3:59:41	4:24:07	4:29:08	4:13:12	4:24:25	4:10:55	4:25:35	4:22:30	3:35:43	3:32:03	Lagtime [600]
E	0.775	0.751	0.734	0.732	0.753	0.760	0.710	0.729	0.755	0.755	0.762	0.778	Max V [600]
	0.983	0.973	0.973	0.982	0.987	0.981	0.992	0.992	0.986	0.975	0.981	0.987	R-Squared [600]
	6:00:38	6:00:38	7:00:38	7:00:38	7:00:38	7:00:38	7:00:38	7:00:38	7:00:38	7:00:38	6:00:38	6:00:38	t at Max V [600]
	3:49:01	3:56:09	4:07:06	4:24:55	4:30:02	4:19:20	4:35:18	4:35:09	4:25:36	4:18:29	3:51:18	3:42:52	Lagtime [600]
F	0.751	0.754	0.751	0.756	0.755	0.756	0.758	0.744	0.743	0.747	0.747	0.683	Max V [600]
	0.986	0.974	0.974	0.983	0.986	0.986	0.987	0.981	0.978	0.977	0.975	0.994	R-Squared [600]
	6:00:38	6:00:38	7:00:38	7:00:38	7:00:38	7:00:38	7:00:38	7:00:38	7:00:38	7:00:38	7:00:38	6:00:38	t at Max V [600]
	3:48:03	3:56:11	4:09:32	4:23:19	4:30:42	4:27:25	4:30:06	4:24:00	4:16:58	4:17:19	4:11:32	2:59:05	Lagtime [600]
G	0.775	0.769	0.735	0.750	0.748	0.760	0.719	0.752	0.744	0.743	0.760	0.781	Max V [600]
	0.983	0.985	0.971	0.971	0.971	0.974	0.973	0.980	0.977	0.974	0.978	0.987	R-Squared [600]
	6:00:38	6:00:38	6:00:38	6:00:38	7:00:38	6:00:38	7:00:38	7:00:38	6:00:38	6:00:38	6:00:38	6:00:38	t at Max V [600]
	3:48:06	3:45:15	3:57:13	3:58:04	4:12:35	3:54:17	4:10:28	4:17:49	3:53:04	3:55:00	3:51:34	3:41:00	Lagtime [600]
H	0.785	0.785	0.778	0.759	0.785	0.758	0.763	0.754	0.765	0.752	0.769	0.781	Max V [600]
	0.988	0.988	0.988	0.988	0.986	0.984	0.983	0.989	0.984	0.984	0.988	0.987	R-Squared [600]
	6:00:38	6:00:38	6:00:38	6:00:38	6:00:38	6:00:38	6:00:38	6:00:38	6:00:38	6:00:38	6:00:38	6:00:38	t at Max V [600]
	3:35:38	3:35:33	3:40:21	3:41:25	3:43:17	3:47:49	3:47:12	3:39:15	3:46:23	3:48:32	3:38:14	3:33:06	Lagtime [600]


