Time	A1	A2	A3	A4	A5	A6	A7	A8	A9	A10	A11	A12	B1	B2	B3	B4	B5	B6	B7	B8	B9	B10	B11	B12	C1	C2	C3	C4	C5	C6	C7	C8	C9	C10	C11	C12	D1	D2	D3	D4	D5	D6	D7	D8	D9	D10	D11	D12	E1	E2	E3	E4	E5	E6	E7	E8	E9	E10	E11	E12	F1	F2	F3	F4	F5	F6	F7	F8	F9	F10	F11	F12	G1	G2	G3	G4	G5	G6	G7	G8	G9	G10	G11	G12	H1	H2	H3	H4	H5	H6	H7	H8	H9	H10	H11	H12
0	0.192	0.173	0.178	0.185	0.175	0.188	0.193	0.179	0.181	0.184	0.179	0.190	0.180	0.185	0.176	0.180	0.182	0.185	0.190	0.190	0.192	0.180	0.182	0.185	0.174	0.176	0.182	0.181	0.196	0.187	0.187	0.199	0.187	0.183	0.182	0.179	0.176	0.187	0.182	0.184	0.193	0.192	0.183	0.182	0.184	0.183	0.180	0.178	0.187	0.190	0.187	0.187	0.193	0.183	0.187	0.183	0.188	0.185	0.184	0.184	0.184	0.186	0.183	0.185	0.197	0.196	0.184	0.189	0.190	0.188	0.194	0.183	0.188	0.194	0.191	0.186	0.182	0.186	0.184	0.182	0.203	0.190	0.191	0.184	0.183	0.186	0.193	0.182	0.185	0.185	0.191	0.178	0.182	0.188	0.182	0.188
1	0.191	0.175	0.179	0.186	0.176	0.188	0.191	0.180	0.183	0.186	0.181	0.191	0.181	0.184	0.178	0.181	0.183	0.186	0.191	0.191	0.194	0.182	0.184	0.186	0.176	0.177	0.183	0.181	0.197	0.187	0.189	0.201	0.188	0.184	0.183	0.181	0.178	0.186	0.183	0.186	0.195	0.193	0.185	0.184	0.187	0.185	0.182	0.180	0.187	0.189	0.188	0.188	0.193	0.185	0.188	0.185	0.189	0.186	0.186	0.186	0.186	0.188	0.185	0.186	0.198	0.195	0.186	0.191	0.191	0.190	0.195	0.185	0.189	0.193	0.192	0.188	0.183	0.188	0.186	0.184	0.204	0.192	0.193	0.186	0.185	0.187	0.194	0.184	0.186	0.187	0.191	0.179	0.183	0.189	0.184	0.189
2	0.189	0.176	0.181	0.187	0.178	0.188	0.192	0.182	0.184	0.188	0.184	0.193	0.183	0.185	0.180	0.183	0.184	0.187	0.192	0.193	0.196	0.184	0.186	0.188	0.178	0.179	0.185	0.183	0.199	0.187	0.191	0.203	0.191	0.186	0.186	0.183	0.180	0.187	0.184	0.188	0.196	0.195	0.187	0.186	0.188	0.187	0.185	0.182	0.189	0.190	0.191	0.190	0.193	0.186	0.190	0.187	0.191	0.189	0.188	0.188	0.188	0.190	0.186	0.188	0.200	0.197	0.189	0.193	0.193	0.191	0.197	0.187	0.191	0.193	0.194	0.190	0.185	0.189	0.188	0.186	0.205	0.193	0.195	0.188	0.187	0.189	0.196	0.186	0.188	0.188	0.193	0.181	0.185	0.191	0.186	0.191
3	0.190	0.178	0.183	0.188	0.179	0.189	0.191	0.183	0.186	0.191	0.186	0.194	0.185	0.187	0.182	0.185	0.186	0.189	0.194	0.195	0.197	0.186	0.188	0.190	0.180	0.181	0.187	0.184	0.201	0.189	0.193	0.204	0.192	0.188	0.188	0.185	0.182	0.187	0.186	0.189	0.196	0.197	0.189	0.187	0.190	0.189	0.187	0.184	0.190	0.190	0.192	0.191	0.195	0.188	0.192	0.190	0.193	0.191	0.191	0.190	0.189	0.192	0.188	0.191	0.202	0.199	0.190	0.195	0.195	0.193	0.199	0.189	0.192	0.195	0.195	0.192	0.186	0.191	0.190	0.188	0.207	0.195	0.197	0.190	0.189	0.191	0.198	0.188	0.190	0.190	0.194	0.183	0.187	0.193	0.188	0.193
4	0.191	0.180	0.185	0.189	0.181	0.190	0.192	0.186	0.189	0.193	0.188	0.194	0.186	0.188	0.183	0.187	0.188	0.191	0.196	0.197	0.200	0.188	0.190	0.192	0.182	0.183	0.189	0.186	0.202	0.191	0.195	0.206	0.194	0.190	0.190	0.187	0.184	0.189	0.188	0.191	0.198	0.198	0.191	0.190	0.191	0.192	0.189	0.186	0.192	0.191	0.194	0.193	0.196	0.190	0.194	0.191	0.194	0.193	0.193	0.192	0.189	0.194	0.191	0.192	0.203	0.201	0.192	0.197	0.197	0.196	0.201	0.192	0.194	0.197	0.197	0.194	0.189	0.193	0.192	0.190	0.208	0.197	0.199	0.192	0.191	0.194	0.200	0.191	0.192	0.193	0.196	0.185	0.189	0.195	0.191	0.196
5	0.191	0.182	0.186	0.189	0.182	0.191	0.193	0.187	0.189	0.194	0.189	0.195	0.187	0.189	0.184	0.189	0.190	0.192	0.196	0.198	0.201	0.189	0.190	0.193	0.183	0.184	0.191	0.188	0.204	0.192	0.197	0.208	0.195	0.191	0.191	0.188	0.185	0.190	0.189	0.192	0.199	0.199	0.193	0.191	0.193	0.193	0.189	0.187	0.192	0.192	0.196	0.195	0.197	0.191	0.195	0.193	0.195	0.193	0.193	0.193	0.190	0.195	0.191	0.194	0.205	0.202	0.193	0.198	0.198	0.196	0.201	0.192	0.196	0.199	0.199	0.196	0.191	0.195	0.193	0.192	0.209	0.198	0.200	0.193	0.192	0.195	0.202	0.192	0.193	0.194	0.197	0.186	0.190	0.196	0.191	0.196
6	0.198	0.188	0.192	0.195	0.188	0.197	0.196	0.192	0.195	0.200	0.195	0.202	0.193	0.194	0.190	0.193	0.193	0.195	0.200	0.202	0.205	0.193	0.196	0.199	0.188	0.187	0.193	0.189	0.205	0.195	0.199	0.209	0.197	0.194	0.195	0.192	0.190	0.193	0.190	0.194	0.200	0.202	0.195	0.193	0.193	0.195	0.193	0.191	0.196	0.192	0.198	0.197	0.200	0.194	0.197	0.194	0.197	0.197	0.197	0.199	0.195	0.198	0.194	0.196	0.206	0.204	0.195	0.199	0.199	0.199	0.205	0.198	0.200	0.202	0.202	0.198	0.192	0.197	0.195	0.193	0.211	0.200	0.204	0.198	0.199	0.199	0.207	0.197	0.197	0.198	0.201	0.190	0.194	0.201	0.198	0.203
7	0.204	0.196	0.199	0.201	0.196	0.203	0.203	0.199	0.202	0.207	0.203	0.208	0.200	0.200	0.197	0.199	0.199	0.202	0.207	0.208	0.211	0.200	0.203	0.206	0.195	0.194	0.200	0.196	0.212	0.201	0.205	0.215	0.203	0.200	0.201	0.199	0.197	0.199	0.196	0.200	0.206	0.207	0.201	0.199	0.199	0.202	0.199	0.197	0.202	0.198	0.204	0.203	0.205	0.200	0.203	0.201	0.203	0.203	0.204	0.205	0.201	0.204	0.200	0.202	0.212	0.210	0.201	0.205	0.205	0.205	0.212	0.205	0.207	0.209	0.208	0.205	0.199	0.203	0.202	0.200	0.216	0.206	0.211	0.204	0.206	0.207	0.213	0.204	0.204	0.205	0.207	0.196	0.201	0.208	0.204	0.209
8	0.212	0.203	0.206	0.208	0.203	0.209	0.210	0.206	0.209	0.215	0.210	0.216	0.207	0.207	0.203	0.206	0.206	0.208	0.213	0.214	0.218	0.207	0.209	0.213	0.202	0.201	0.207	0.202	0.218	0.207	0.211	0.221	0.208	0.206	0.207	0.206	0.204	0.205	0.203	0.206	0.211	0.213	0.207	0.204	0.204	0.208	0.205	0.203	0.209	0.204	0.210	0.209	0.211	0.206	0.209	0.206	0.209	0.208	0.210	0.211	0.208	0.212	0.206	0.209	0.218	0.215	0.207	0.211	0.211	0.211	0.218	0.212	0.215	0.216	0.215	0.211	0.206	0.210	0.208	0.206	0.222	0.212	0.217	0.211	0.214	0.214	0.220	0.210	0.211	0.212	0.214	0.203	0.207	0.215	0.212	0.216
9	0.221	0.212	0.215	0.217	0.212	0.218	0.218	0.215	0.218	0.223	0.219	0.224	0.216	0.215	0.211	0.214	0.214	0.216	0.221	0.222	0.227	0.214	0.217	0.222	0.210	0.209	0.214	0.209	0.225	0.214	0.218	0.228	0.216	0.214	0.215	0.213	0.213	0.213	0.210	0.213	0.218	0.220	0.214	0.211	0.211	0.215	0.213	0.211	0.218	0.211	0.217	0.216	0.218	0.213	0.216	0.213	0.215	0.216	0.217	0.219	0.216	0.219	0.213	0.215	0.225	0.221	0.214	0.218	0.218	0.218	0.225	0.220	0.223	0.223	0.223	0.219	0.214	0.219	0.215	0.213	0.228	0.219	0.225	0.219	0.223	0.226	0.228	0.218	0.219	0.220	0.222	0.211	0.215	0.223	0.220	0.225
10	0.231	0.223	0.226	0.227	0.222	0.228	0.228	0.224	0.228	0.233	0.228	0.234	0.226	0.224	0.221	0.223	0.223	0.225	0.230	0.231	0.236	0.223	0.226	0.232	0.219	0.217	0.223	0.217	0.232	0.222	0.227	0.236	0.223	0.222	0.223	0.222	0.222	0.221	0.219	0.221	0.226	0.228	0.222	0.219	0.218	0.223	0.221	0.220	0.226	0.220	0.225	0.224	0.226	0.221	0.224	0.222	0.223	0.224	0.226	0.229	0.225	0.228	0.221	0.223	0.232	0.229	0.221	0.226	0.225	0.226	0.232	0.229	0.232	0.232	0.231	0.227	0.222	0.228	0.224	0.221	0.236	0.227	0.234	0.229	0.233	0.234	0.237	0.228	0.228	0.229	0.230	0.220	0.225	0.232	0.230	0.234
11	0.239	0.231	0.234	0.235	0.230	0.236	0.237	0.233	0.236	0.240	0.234	0.241	0.234	0.234	0.230	0.233	0.232	0.234	0.238	0.240	0.245	0.232	0.234	0.240	0.228	0.227	0.232	0.226	0.240	0.230	0.235	0.243	0.231	0.231	0.232	0.231	0.232	0.230	0.227	0.229	0.234	0.235	0.230	0.227	0.228	0.233	0.230	0.228	0.235	0.228	0.233	0.232	0.234	0.229	0.232	0.232	0.231	0.232	0.235	0.237	0.234	0.236	0.230	0.232	0.240	0.236	0.229	0.234	0.233	0.235	0.240	0.237	0.242	0.240	0.240	0.236	0.232	0.237	0.231	0.229	0.244	0.235	0.242	0.239	0.243	0.250	0.246	0.236	0.236	0.238	0.240	0.230	0.234	0.241	0.238	0.244
12	0.243	0.235	0.239	0.240	0.234	0.240	0.241	0.237	0.241	0.244	0.239	0.245	0.239	0.239	0.236	0.239	0.238	0.239	0.244	0.245	0.251	0.237	0.240	0.244	0.232	0.234	0.239	0.233	0.247	0.236	0.241	0.251	0.238	0.237	0.238	0.235	0.237	0.237	0.235	0.236	0.240	0.242	0.237	0.234	0.234	0.238	0.235	0.232	0.240	0.236	0.240	0.239	0.241	0.235	0.238	0.239	0.238	0.238	0.240	0.242	0.238	0.241	0.236	0.238	0.247	0.242	0.236	0.242	0.240	0.240	0.245	0.241	0.246	0.245	0.245	0.242	0.239	0.243	0.238	0.237	0.250	0.242	0.247	0.243	0.245	0.246	0.251	0.241	0.240	0.242	0.245	0.236	0.239	0.246	0.243	0.247
13	0.247	0.240	0.244	0.245	0.239	0.244	0.246	0.242	0.246	0.248	0.243	0.250	0.244	0.244	0.241	0.245	0.244	0.245	0.250	0.251	0.256	0.242	0.244	0.249	0.237	0.239	0.244	0.238	0.252	0.241	0.246	0.256	0.242	0.241	0.242	0.240	0.242	0.243	0.240	0.241	0.245	0.247	0.241	0.239	0.239	0.243	0.240	0.237	0.245	0.241	0.245	0.244	0.245	0.240	0.243	0.244	0.243	0.242	0.245	0.246	0.243	0.246	0.241	0.243	0.252	0.247	0.241	0.246	0.245	0.245	0.249	0.246	0.251	0.250	0.250	0.248	0.243	0.247	0.243	0.242	0.255	0.247	0.252	0.247	0.250	0.251	0.255	0.245	0.245	0.246	0.249	0.241	0.244	0.251	0.247	0.252
14	0.253	0.245	0.248	0.249	0.244	0.249	0.250	0.247	0.251	0.253	0.248	0.254	0.249	0.249	0.246	0.250	0.248	0.250	0.253	0.256	0.261	0.247	0.249	0.254	0.241	0.244	0.249	0.243	0.257	0.246	0.251	0.260	0.247	0.247	0.247	0.245	0.246	0.247	0.245	0.245	0.250	0.251	0.246	0.243	0.243	0.248	0.245	0.242	0.250	0.245	0.250	0.248	0.250	0.245	0.248	0.246	0.248	0.247	0.250	0.251	0.248	0.251	0.245	0.248	0.256	0.251	0.246	0.250	0.250	0.250	0.254	0.251	0.255	0.255	0.255	0.253	0.247	0.252	0.248	0.247	0.260	0.252	0.257	0.255	0.255	0.255	0.260	0.250	0.250	0.251	0.254	0.246	0.249	0.256	0.253	0.258
15	0.258	0.249	0.252	0.254	0.249	0.253	0.255	0.251	0.256	0.258	0.253	0.258	0.253	0.254	0.250	0.254	0.252	0.255	0.258	0.261	0.265	0.252	0.253	0.258	0.246	0.249	0.253	0.247	0.261	0.251	0.255	0.265	0.252	0.252	0.252	0.250	0.252	0.251	0.249	0.249	0.254	0.255	0.250	0.247	0.248	0.252	0.250	0.246	0.254	0.250	0.254	0.253	0.254	0.249	0.252	0.251	0.252	0.252	0.255	0.256	0.253	0.255	0.250	0.253	0.261	0.256	0.250	0.255	0.255	0.254	0.258	0.256	0.260	0.259	0.260	0.258	0.252	0.256	0.252	0.251	0.264	0.257	0.261	0.257	0.259	0.260	0.264	0.255	0.254	0.255	0.258	0.250	0.253	0.260	0.257	0.262
16	0.262	0.253	0.256	0.258	0.253	0.257	0.259	0.256	0.260	0.262	0.256	0.262	0.257	0.258	0.254	0.259	0.256	0.260	0.262	0.265	0.270	0.257	0.257	0.262	0.250	0.253	0.258	0.252	0.265	0.255	0.260	0.269	0.256	0.256	0.257	0.254	0.255	0.255	0.253	0.253	0.258	0.259	0.254	0.251	0.252	0.257	0.255	0.250	0.259	0.254	0.259	0.257	0.257	0.254	0.257	0.255	0.257	0.256	0.259	0.260	0.257	0.260	0.254	0.257	0.265	0.260	0.255	0.259	0.259	0.259	0.263	0.260	0.264	0.264	0.265	0.262	0.256	0.260	0.256	0.256	0.268	0.261	0.266	0.262	0.264	0.265	0.269	0.260	0.259	0.259	0.262	0.255	0.258	0.265	0.262	0.266
17	0.264	0.256	0.260	0.261	0.256	0.260	0.262	0.259	0.263	0.266	0.260	0.266	0.260	0.261	0.257	0.263	0.259	0.263	0.266	0.269	0.274	0.261	0.261	0.265	0.253	0.256	0.262	0.256	0.269	0.260	0.264	0.273	0.260	0.260	0.260	0.258	0.258	0.258	0.257	0.257	0.261	0.263	0.258	0.255	0.255	0.261	0.259	0.253	0.263	0.258	0.263	0.262	0.261	0.257	0.261	0.259	0.261	0.260	0.263	0.265	0.262	0.264	0.258	0.262	0.269	0.264	0.259	0.263	0.263	0.264	0.267	0.265	0.268	0.268	0.269	0.266	0.260	0.264	0.260	0.260	0.272	0.265	0.270	0.266	0.269	0.269	0.273	0.264	0.263	0.264	0.265	0.259	0.261	0.269	0.265	0.269
18	0.268	0.259	0.262	0.264	0.259	0.263	0.266	0.262	0.266	0.268	0.263	0.268	0.263	0.264	0.260	0.266	0.262	0.266	0.269	0.273	0.278	0.265	0.264	0.269	0.257	0.259	0.264	0.259	0.272	0.265	0.268	0.277	0.264	0.263	0.264	0.262	0.261	0.261	0.260	0.261	0.265	0.266	0.262	0.258	0.259	0.265	0.262	0.256	0.266	0.261	0.267	0.266	0.264	0.262	0.264	0.263	0.264	0.264	0.267	0.268	0.269	0.267	0.262	0.266	0.273	0.268	0.263	0.267	0.267	0.267	0.270	0.269	0.271	0.272	0.272	0.270	0.264	0.267	0.264	0.264	0.276	0.269	0.273	0.275	0.272	0.273	0.276	0.267	0.267	0.268	0.268	0.262	0.264	0.271	0.269	0.271
19	0.270	0.261	0.264	0.266	0.261	0.264	0.268	0.264	0.268	0.270	0.265	0.271	0.265	0.267	0.262	0.269	0.264	0.269	0.272	0.276	0.281	0.269	0.266	0.271	0.260	0.261	0.267	0.262	0.275	0.269	0.272	0.281	0.268	0.266	0.267	0.265	0.263	0.263	0.263	0.264	0.270	0.270	0.265	0.262	0.261	0.268	0.265	0.259	0.270	0.264	0.270	0.271	0.269	0.265	0.267	0.267	0.268	0.269	0.270	0.272	0.267	0.271	0.267	0.270	0.277	0.272	0.267	0.270	0.270	0.270	0.274	0.272	0.274	0.275	0.276	0.274	0.267	0.270	0.267	0.267	0.278	0.273	0.278	0.273	0.274	0.277	0.280	0.271	0.270	0.270	0.270	0.264	0.267	0.274	0.271	0.274
20	0.273	0.263	0.265	0.267	0.263	0.265	0.270	0.266	0.271	0.272	0.267	0.273	0.267	0.269	0.264	0.271	0.265	0.271	0.273	0.279	0.284	0.273	0.268	0.274	0.262	0.263	0.269	0.265	0.278	0.271	0.276	0.284	0.272	0.270	0.270	0.268	0.264	0.264	0.265	0.267	0.272	0.272	0.268	0.265	0.264	0.272	0.268	0.262	0.270	0.266	0.275	0.274	0.271	0.269	0.270	0.270	0.271	0.272	0.274	0.277	0.270	0.275	0.270	0.273	0.281	0.275	0.270	0.273	0.276	0.274	0.278	0.275	0.278	0.277	0.279	0.278	0.269	0.273	0.271	0.270	0.283	0.274	0.282	0.279	0.276	0.280	0.282	0.274	0.274	0.281	0.272	0.267	0.269	0.276	0.274	0.277
21	0.274	0.263	0.266	0.268	0.265	0.266	0.270	0.267	0.272	0.273	0.268	0.273	0.268	0.271	0.265	0.273	0.266	0.273	0.274	0.281	0.286	0.274	0.269	0.274	0.265	0.265	0.271	0.267	0.280	0.274	0.279	0.286	0.275	0.272	0.273	0.271	0.265	0.266	0.267	0.268	0.273	0.278	0.270	0.267	0.268	0.276	0.271	0.263	0.272	0.269	0.275	0.277	0.273	0.272	0.272	0.273	0.275	0.278	0.279	0.279	0.278	0.277	0.273	0.276	0.283	0.279	0.272	0.276	0.277	0.277	0.279	0.279	0.278	0.280	0.281	0.281	0.271	0.275	0.272	0.272	0.284	0.277	0.283	0.277	0.278	0.282	0.285	0.277	0.277	0.275	0.276	0.268	0.273	0.278	0.277	0.277
22	0.275	0.263	0.266	0.267	0.266	0.266	0.270	0.267	0.272	0.273	0.268	0.273	0.268	0.272	0.265	0.274	0.266	0.275	0.275	0.283	0.287	0.277	0.269	0.275	0.266	0.267	0.273	0.268	0.282	0.277	0.281	0.288	0.276	0.274	0.275	0.273	0.265	0.271	0.267	0.269	0.274	0.274	0.270	0.268	0.269	0.278	0.272	0.265	0.275	0.270	0.277	0.282	0.274	0.274	0.273	0.275	0.277	0.278	0.282	0.281	0.275	0.279	0.275	0.278	0.288	0.280	0.274	0.277	0.279	0.278	0.281	0.281	0.279	0.284	0.282	0.281	0.273	0.277	0.274	0.274	0.286	0.279	0.287	0.279	0.279	0.283	0.286	0.278	0.278	0.277	0.275	0.270	0.274	0.288	0.278	0.277
23	0.275	0.262	0.265	0.266	0.267	0.266	0.270	0.266	0.271	0.273	0.268	0.273	0.268	0.273	0.265	0.274	0.266	0.276	0.276	0.285	0.289	0.277	0.269	0.275	0.267	0.268	0.274	0.270	0.283	0.280	0.283	0.290	0.278	0.275	0.275	0.275	0.267	0.266	0.266	0.270	0.275	0.274	0.271	0.268	0.269	0.279	0.274	0.265	0.275	0.271	0.278	0.281	0.275	0.275	0.274	0.277	0.279	0.279	0.281	0.285	0.275	0.280	0.277	0.279	0.290	0.281	0.275	0.279	0.283	0.278	0.281	0.283	0.281	0.282	0.285	0.284	0.274	0.278	0.275	0.276	0.288	0.281	0.286	0.285	0.286	0.285	0.287	0.279	0.279	0.279	0.276	0.274	0.275	0.284	0.281	0.276
