

Software Version	3.11.19



Experiment File Path:	C:\Users\patil-group\Desktop\Sweeteners_stacker\081221_NT5031_31_31_Rep1-3\NT5031_31_31_Rep1-3.xpt
Protocol File Path:	C:\Users\Public\Documents\Protocols\Screening-protocol.prt



Plate Number	Plate 1
Date	08/12/2021
Time	13:38:49
Reader Type:	Epoch 2
Reader Serial Number:	2103223
Reading Type	Reader

Procedure Details

Plate Type	96 WELL PLATE
Discontinuous Kinetics	Runtime 1:00:00 (D:HH:MM), Interval 0:01:00, 25 Reads
	Pause after each run
Eject plate on completion	
Shake	Linear: 0:00:30 (HH:MM:SS)
	Frequency: 567 cpm (3 mm)
Read	Absorbance Endpoint
	Full Plate
	Wavelengths:  600
	Read Speed: Normal,  Delay: 100 msec,  Measurements/Data Point: 8

600

Time	T° 600	A1	A2	A3	A4	A5	A6	A7	A8	A9	A10	A11	A12	B1	B2	B3	B4	B5	B6	B7	B8	B9	B10	B11	B12	C1	C2	C3	C4	C5	C6	C7	C8	C9	C10	C11	C12	D1	D2	D3	D4	D5	D6	D7	D8	D9	D10	D11	D12	E1	E2	E3	E4	E5	E6	E7	E8	E9	E10	E11	E12	F1	F2	F3	F4	F5	F6	F7	F8	F9	F10	F11	F12	G1	G2	G3	G4	G5	G6	G7	G8	G9	G10	G11	G12	H1	H2	H3	H4	H5	H6	H7	H8	H9	H10	H11	H12
0:00:34	32.8	0.156	0.157	0.170	0.161	0.164	0.162	0.157	0.158	0.161	0.158	0.158	0.161	0.168	0.158	0.163	0.160	0.166	0.158	0.157	0.158	0.172	0.156	0.159	0.157	0.159	0.168	0.168	0.161	0.164	0.163	0.158	0.172	0.163	0.153	0.158	0.156	0.162	0.162	0.167	0.157	0.163	0.164	0.161	0.160	0.161	0.159	0.163	0.161	0.157	0.157	0.162	0.164	0.160	0.158	0.158	0.164	0.162	0.156	0.158	0.156	0.159	0.160	0.157	0.159	0.171	0.159	0.159	0.163	0.164	0.169	0.163	0.185	0.161	0.154	0.158	0.165	0.159	0.155	0.157	0.160	0.163	0.160	0.171	0.156	0.160	0.161	0.169	0.158	0.166	0.156	0.159	0.158	0.161	0.160	0.158	0.156
1:00:32	34.1	0.156	0.157	0.169	0.161	0.163	0.161	0.157	0.158	0.160	0.158	0.158	0.161	0.167	0.158	0.162	0.160	0.165	0.158	0.157	0.157	0.172	0.155	0.159	0.157	0.158	0.167	0.172	0.167	0.203	0.163	0.158	0.171	0.187	0.153	0.158	0.156	0.162	0.182	0.232	0.219	0.223	0.222	0.192	0.201	0.197	0.177	0.163	0.161	0.157	0.188	0.214	0.208	0.179	0.215	0.185	0.201	0.167	0.206	0.161	0.157	0.158	0.160	0.214	0.228	0.251	0.220	0.232	0.227	0.170	0.167	0.163	0.181	0.162	0.159	0.213	0.216	0.209	0.202	0.210	0.204	0.211	0.203	0.169	0.156	0.160	0.161	0.169	0.159	0.159	0.156	0.159	0.157	0.161	0.160	0.158	0.157
2:00:33	34.3	0.159	0.159	0.171	0.163	0.165	0.164	0.159	0.160	0.163	0.161	0.160	0.164	0.169	0.160	0.163	0.162	0.167	0.159	0.159	0.159	0.173	0.157	0.161	0.159	0.160	0.168	0.169	0.161	0.164	0.163	0.159	0.171	0.164	0.154	0.160	0.159	0.165	0.163	0.165	0.159	0.164	0.165	0.161	0.161	0.162	0.161	0.164	0.163	0.159	0.159	0.164	0.164	0.161	0.160	0.158	0.164	0.163	0.163	0.160	0.159	0.160	0.161	0.178	0.163	0.217	0.160	0.189	0.200	0.165	0.168	0.164	0.177	0.164	0.155	0.161	0.166	0.180	0.157	0.158	0.160	0.165	0.174	0.170	0.159	0.163	0.163	0.171	0.161	0.161	0.157	0.162	0.159	0.164	0.162	0.161	0.159
3:00:33	34.5	0.186	0.181	0.188	0.182	0.182	0.182	0.176	0.179	0.182	0.181	0.181	0.189	0.191	0.175	0.177	0.174	0.179	0.172	0.170	0.171	0.185	0.171	0.176	0.179	0.178	0.180	0.179	0.171	0.175	0.173	0.168	0.179	0.174	0.166	0.173	0.176	0.182	0.176	0.176	0.170	0.174	0.174	0.172	0.171	0.173	0.173	0.178	0.182	0.175	0.171	0.173	0.173	0.171	0.168	0.167	0.172	0.178	0.169	0.173	0.177	0.179	0.176	0.172	0.173	0.183	0.172	0.169	0.178	0.176	0.182	0.179	0.194	0.182	0.172	0.172	0.178	0.174	0.168	0.170	0.172	0.177	0.175	0.185	0.179	0.185	0.182	0.190	0.178	0.176	0.173	0.176	0.177	0.181	0.181	0.182	0.183
4:00:34	34.5	0.344	0.314	0.306	0.302	0.294	0.301	0.286	0.299	0.302	0.305	0.311	0.335	0.322	0.279	0.266	0.259	0.260	0.256	0.251	0.249	0.269	0.262	0.275	0.306	0.289	0.265	0.254	0.242	0.247	0.240	0.236	0.241	0.241	0.241	0.265	0.287	0.299	0.265	0.255	0.246	0.245	0.245	0.244	0.243	0.255	0.259	0.267	0.295	0.283	0.262	0.251	0.239	0.241	0.233	0.226	0.230	0.246	0.248	0.263	0.290	0.306	0.278	0.263	0.261	0.264	0.254	0.252	0.268	0.256	0.272	0.284	0.326	0.302	0.278	0.263	0.263	0.259	0.251	0.251	0.259	0.266	0.264	0.279	0.296	0.324	0.303	0.303	0.286	0.282	0.279	0.283	0.290	0.293	0.296	0.303	0.310
5:00:34	34.5	0.712	0.631	0.574	0.621	0.598	0.607	0.565	0.619	0.621	0.621	0.641	0.682	0.650	0.558	0.483	0.517	0.530	0.501	0.487	0.474	0.521	0.497	0.528	0.602	0.512	0.471	0.486	0.504	0.570	0.467	0.482	0.467	0.463	0.450	0.468	0.504	0.608	0.566	0.490	0.611	0.572	0.566	0.579	0.575	0.638	0.494	0.517	0.566	0.546	0.536	0.544	0.542	0.562	0.488	0.441	0.446	0.474	0.481	0.499	0.548	0.638	0.599	0.611	0.721	0.672	0.595	0.645	0.755	0.516	0.621	0.553	0.621	0.625	0.583	0.592	0.503	0.583	0.479	0.498	0.523	0.493	0.498	0.528	0.575	0.635	0.600	0.572	0.541	0.527	0.531	0.549	0.567	0.574	0.606	0.623	0.624
6:00:35	34.4	0.962	0.899	0.853	0.910	0.921	0.915	0.847	0.895	0.889	0.883	0.897	0.897	0.939	0.872	0.841	0.852	0.875	0.830	0.830	0.799	0.876	0.879	0.826	0.884	0.818	0.804	0.814	0.843	0.845	0.770	0.764	0.762	0.843	0.807	0.876	0.858	0.935	0.929	0.827	0.889	0.921	0.846	0.847	0.873	0.930	0.848	0.857	0.877	0.886	0.901	0.923	0.882	0.902	0.839	0.791	0.800	0.865	0.853	0.844	0.891	0.946	0.956	0.930	0.946	0.936	0.922	0.912	0.975	0.882	0.933	0.919	0.952	0.990	0.945	0.949	0.958	0.979	0.870	0.913	0.921	0.865	0.902	0.860	0.896	0.983	0.987	0.962	0.919	0.879	0.904	0.877	0.919	0.905	0.914	0.948	0.970
7:00:36	34.4	0.986	1.021	1.091	1.111	1.054	0.982	0.969	0.998	0.999	1.080	1.011	1.062	1.028	1.085	1.022	0.983	1.024	0.969	1.054	1.059	1.090	1.009	0.931	0.954	1.028	0.977	0.960	0.975	0.978	0.997	1.043	0.992	1.024	1.038	1.071	0.947	1.084	1.075	1.077	1.053	1.053	1.038	1.060	0.983	1.079	1.096	1.092	1.032	1.023	1.030	1.065	1.056	1.085	1.013	1.119	1.103	1.076	1.126	1.066	0.980	1.102	1.109	1.147	1.153	1.113	1.134	1.194	1.134	1.069	1.144	1.130	1.069	1.140	1.061	1.073	1.064	1.113	1.139	1.055	1.019	1.009	1.102	1.076	0.998	0.990	1.040	1.076	1.019	1.035	0.999	1.049	1.091	1.046	1.057	1.026	0.959
8:00:37	34.4	0.771	0.813	0.772	0.867	0.900	0.824	0.868	0.825	0.787	0.788	0.789	0.819	0.874	0.898	0.872	0.825	0.859	0.861	0.892	0.846	0.894	0.843	0.800	0.822	0.961	0.909	0.927	0.890	0.884	0.826	0.921	0.881	0.912	0.921	0.868	0.898	0.923	0.970	0.913	0.916	0.891	0.895	0.864	0.902	0.904	0.892	0.917	0.839	0.927	0.983	0.913	0.928	0.934	0.887	0.946	0.934	0.886	0.941	0.882	0.850	0.925	0.961	0.965	1.044	1.036	0.965	0.968	1.007	0.892	0.976	0.921	0.914	0.968	0.954	0.932	0.905	0.968	0.916	0.888	0.896	0.889	0.899	0.912	0.896	0.915	0.913	0.956	0.916	0.891	0.891	0.888	0.895	0.882	0.903	0.867	0.864
9:00:37	34.4	0.830	0.832	0.804	0.809	0.802	0.808	0.791	0.806	0.817	0.803	0.807	0.807	0.824	0.828	0.834	0.812	0.813	0.808	0.821	0.811	0.826	0.818	0.815	0.813	0.831	0.810	0.808	0.810	0.812	0.814	0.815	0.842	0.799	0.804	0.812	0.807	0.822	0.821	0.815	0.838	0.844	0.812	0.835	0.818	0.854	0.819	0.814	0.823	0.829	0.850	0.840	0.818	0.853	0.832	0.905	0.883	0.812	0.829	0.824	0.812	0.839	0.855	0.852	0.873	0.884	0.876	0.861	0.864	0.821	0.875	0.823	0.797	0.879	0.823	0.872	0.829	0.854	0.821	0.823	0.823	0.818	0.814	0.844	0.829	0.825	0.866	0.841	0.843	0.830	0.814	0.825	0.825	0.814	0.821	0.810	0.803
10:00:38	34.4	0.821	0.808	0.837	0.823	0.806	0.821	0.818	0.804	0.776	0.812	0.808	0.787	0.816	0.803	0.805	0.818	0.811	0.808	0.795	0.814	0.810	0.804	0.817	0.796	0.813	0.793	0.817	0.794	0.787	0.784	0.781	0.787	0.788	0.794	0.802	0.797	0.815	0.811	0.798	0.811	0.809	0.807	0.798	0.822	0.802	0.799	0.795	0.800	0.814	0.813	0.810	0.813	0.802	0.804	0.851	0.861	0.797	0.797	0.797	0.795	0.819	0.835	0.819	0.832	0.839	0.824	0.820	0.823	0.797	0.806	0.807	0.797	0.825	0.805	0.821	0.812	0.805	0.808	0.799	0.794	0.791	0.789	0.814	0.816	0.803	0.819	0.808	0.818	0.805	0.792	0.797	0.802	0.791	0.802	0.793	0.788
11:00:39	34.4	0.807	0.807	0.818	0.815	0.795	0.808	0.804	0.795	0.785	0.804	0.787	0.779	0.804	0.806	0.812	0.809	0.792	0.801	0.800	0.800	0.816	0.810	0.799	0.795	0.807	0.801	0.806	0.796	0.794	0.782	0.781	0.779	0.791	0.784	0.796	0.783	0.809	0.805	0.795	0.803	0.809	0.783	0.789	0.788	0.801	0.797	0.793	0.792	0.805	0.807	0.803	0.796	0.799	0.794	0.840	0.853	0.783	0.784	0.790	0.789	0.805	0.818	0.812	0.814	0.812	0.808	0.788	0.808	0.782	0.795	0.793	0.791	0.797	0.785	0.805	0.800	0.791	0.790	0.783	0.788	0.789	0.778	0.808	0.810	0.790	0.806	0.802	0.800	0.792	0.786	0.786	0.797	0.786	0.793	0.782	0.784
12:00:39	34.4	0.794	0.800	0.806	0.804	0.787	0.798	0.800	0.789	0.775	0.798	0.792	0.771	0.797	0.796	0.800	0.799	0.799	0.790	0.788	0.783	0.809	0.792	0.791	0.776	0.795	0.794	0.793	0.787	0.783	0.766	0.781	0.769	0.769	0.780	0.791	0.785	0.796	0.794	0.794	0.798	0.795	0.782	0.780	0.778	0.793	0.790	0.780	0.792	0.797	0.800	0.792	0.790	0.785	0.784	0.832	0.848	0.782	0.773	0.779	0.784	0.797	0.810	0.801	0.804	0.806	0.802	0.784	0.799	0.780	0.787	0.787	0.784	0.789	0.767	0.793	0.793	0.785	0.783	0.778	0.780	0.780	0.766	0.806	0.802	0.781	0.787	0.789	0.791	0.782	0.777	0.779	0.786	0.780	0.785	0.772	0.775
13:00:40	34.4	0.789	0.790	0.800	0.792	0.785	0.796	0.788	0.789	0.769	0.790	0.773	0.763	0.796	0.781	0.793	0.796	0.786	0.788	0.785	0.786	0.795	0.793	0.776	0.777	0.786	0.788	0.789	0.772	0.778	0.769	0.762	0.772	0.774	0.775	0.777	0.774	0.787	0.785	0.790	0.792	0.791	0.776	0.783	0.773	0.783	0.787	0.778	0.782	0.788	0.789	0.788	0.777	0.775	0.780	0.832	0.843	0.770	0.769	0.780	0.774	0.789	0.805	0.789	0.799	0.795	0.791	0.776	0.791	0.778	0.776	0.779	0.778	0.786	0.756	0.783	0.782	0.776	0.777	0.767	0.769	0.768	0.761	0.801	0.793	0.772	0.780	0.784	0.779	0.773	0.768	0.770	0.777	0.770	0.780	0.774	0.765
14:00:40	34.4	0.782	0.793	0.787	0.786	0.780	0.784	0.780	0.778	0.762	0.783	0.767	0.756	0.788	0.782	0.788	0.783	0.780	0.784	0.775	0.783	0.783	0.788	0.779	0.771	0.777	0.775	0.771	0.771	0.766	0.765	0.759	0.766	0.765	0.763	0.775	0.767	0.782	0.780	0.781	0.787	0.785	0.777	0.773	0.766	0.775	0.782	0.770	0.778	0.775	0.780	0.778	0.772	0.772	0.764	0.825	0.839	0.770	0.766	0.770	0.767	0.782	0.800	0.788	0.789	0.788	0.788	0.771	0.782	0.772	0.771	0.774	0.774	0.776	0.744	0.775	0.773	0.762	0.768	0.758	0.761	0.764	0.749	0.792	0.785	0.766	0.775	0.771	0.768	0.770	0.762	0.765	0.770	0.763	0.773	0.765	0.759
15:00:41	34.4	0.780	0.783	0.784	0.784	0.775	0.783	0.776	0.779	0.768	0.766	0.775	0.754	0.780	0.779	0.782	0.781	0.778	0.776	0.774	0.779	0.777	0.781	0.776	0.765	0.774	0.770	0.774	0.771	0.769	0.766	0.751	0.762	0.759	0.761	0.769	0.759	0.776	0.775	0.781	0.775	0.780	0.765	0.767	0.764	0.781	0.778	0.765	0.774	0.769	0.770	0.768	0.768	0.764	0.763	0.821	0.834	0.762	0.760	0.764	0.766	0.768	0.790	0.777	0.777	0.782	0.778	0.763	0.777	0.764	0.768	0.771	0.772	0.764	0.734	0.770	0.766	0.758	0.760	0.750	0.757	0.759	0.745	0.782	0.780	0.754	0.768	0.762	0.765	0.760	0.754	0.756	0.761	0.759	0.766	0.761	0.751
16:00:41	34.4	0.774	0.779	0.779	0.776	0.771	0.771	0.767	0.771	0.747	0.769	0.757	0.747	0.772	0.768	0.777	0.776	0.770	0.772	0.769	0.766	0.772	0.775	0.763	0.753	0.769	0.768	0.764	0.761	0.756	0.761	0.754	0.753	0.751	0.752	0.768	0.759	0.767	0.764	0.768	0.773	0.777	0.765	0.767	0.755	0.773	0.770	0.758	0.770	0.758	0.767	0.759	0.759	0.760	0.758	0.818	0.833	0.753	0.757	0.753	0.759	0.759	0.780	0.771	0.772	0.778	0.772	0.756	0.775	0.758	0.762	0.764	0.765	0.753	0.728	0.762	0.764	0.755	0.756	0.745	0.749	0.757	0.738	0.775	0.772	0.747	0.759	0.757	0.758	0.751	0.746	0.750	0.754	0.749	0.758	0.756	0.748
17:00:42	34.4	0.767	0.763	0.777	0.777	0.760	0.767	0.759	0.764	0.741	0.763	0.750	0.741	0.761	0.769	0.764	0.771	0.769	0.770	0.765	0.767	0.777	0.767	0.753	0.742	0.760	0.761	0.761	0.758	0.756	0.759	0.752	0.752	0.752	0.751	0.760	0.753	0.765	0.761	0.765	0.773	0.772	0.761	0.756	0.755	0.767	0.764	0.751	0.763	0.758	0.765	0.758	0.752	0.747	0.754	0.813	0.825	0.748	0.748	0.752	0.752	0.757	0.771	0.764	0.770	0.773	0.770	0.755	0.768	0.753	0.753	0.756	0.763	0.742	0.721	0.756	0.755	0.750	0.749	0.741	0.748	0.748	0.731	0.772	0.765	0.744	0.751	0.750	0.752	0.745	0.743	0.747	0.749	0.743	0.752	0.750	0.744
18:00:42	34.4	0.762	0.756	0.769	0.759	0.753	0.757	0.753	0.760	0.733	0.749	0.741	0.734	0.757	0.762	0.760	0.762	0.762	0.757	0.750	0.756	0.767	0.764	0.742	0.735	0.754	0.755	0.761	0.757	0.753	0.749	0.750	0.745	0.745	0.742	0.752	0.738	0.758	0.753	0.759	0.771	0.770	0.756	0.757	0.747	0.763	0.758	0.747	0.753	0.752	0.760	0.750	0.752	0.755	0.753	0.800	0.815	0.743	0.744	0.747	0.746	0.752	0.765	0.760	0.764	0.764	0.766	0.750	0.761	0.746	0.746	0.748	0.754	0.733	0.716	0.754	0.748	0.742	0.746	0.738	0.736	0.743	0.727	0.764	0.758	0.735	0.742	0.744	0.750	0.737	0.738	0.740	0.744	0.739	0.748	0.740	0.740
19:00:43	34.4	0.760	0.750	0.763	0.755	0.748	0.758	0.744	0.753	0.725	0.740	0.736	0.723	0.750	0.756	0.751	0.759	0.755	0.753	0.751	0.749	0.760	0.761	0.737	0.725	0.751	0.752	0.760	0.750	0.751	0.744	0.744	0.744	0.742	0.735	0.743	0.736	0.750	0.755	0.754	0.763	0.764	0.754	0.755	0.743	0.756	0.753	0.740	0.744	0.746	0.756	0.751	0.752	0.747	0.751	0.803	0.821	0.745	0.736	0.748	0.743	0.745	0.764	0.753	0.758	0.760	0.766	0.745	0.756	0.745	0.741	0.750	0.744	0.742	0.712	0.745	0.740	0.735	0.748	0.733	0.738	0.735	0.719	0.759	0.757	0.728	0.742	0.738	0.749	0.732	0.730	0.735	0.743	0.732	0.748	0.736	0.731
20:00:44	34.4	0.748	0.739	0.755	0.749	0.738	0.749	0.736	0.749	0.720	0.738	0.727	0.717	0.741	0.747	0.750	0.753	0.751	0.746	0.747	0.741	0.752	0.750	0.726	0.715	0.741	0.747	0.752	0.740	0.747	0.737	0.737	0.737	0.739	0.727	0.734	0.725	0.750	0.748	0.746	0.760	0.758	0.742	0.754	0.735	0.753	0.749	0.732	0.735	0.740	0.751	0.747	0.748	0.748	0.745	0.800	0.812	0.740	0.735	0.738	0.739	0.734	0.759	0.751	0.755	0.755	0.755	0.744	0.752	0.743	0.738	0.744	0.736	0.722	0.712	0.740	0.745	0.733	0.735	0.732	0.729	0.730	0.715	0.752	0.748	0.725	0.738	0.736	0.741	0.730	0.724	0.729	0.735	0.727	0.742	0.730	0.724
21:00:44	34.4	0.740	0.729	0.744	0.743	0.731	0.741	0.727	0.743	0.718	0.731	0.717	0.708	0.731	0.741	0.744	0.742	0.746	0.743	0.743	0.735	0.742	0.749	0.724	0.703	0.732	0.740	0.744	0.736	0.734	0.730	0.731	0.729	0.734	0.722	0.721	0.718	0.743	0.744	0.740	0.755	0.754	0.742	0.747	0.736	0.750	0.743	0.728	0.728	0.729	0.744	0.744	0.745	0.746	0.740	0.793	0.801	0.735	0.729	0.734	0.730	0.731	0.753	0.745	0.748	0.754	0.749	0.737	0.750	0.741	0.736	0.742	0.729	0.714	0.706	0.732	0.735	0.728	0.739	0.722	0.729	0.723	0.711	0.744	0.742	0.719	0.732	0.731	0.738	0.722	0.720	0.726	0.732	0.727	0.734	0.728	0.717
22:00:45	34.5	0.724	0.719	0.737	0.737	0.723	0.731	0.718	0.731	0.710	0.716	0.706	0.701	0.722	0.737	0.737	0.731	0.736	0.734	0.731	0.720	0.735	0.739	0.713	0.695	0.727	0.731	0.740	0.732	0.734	0.729	0.728	0.724	0.728	0.710	0.720	0.709	0.733	0.736	0.737	0.750	0.750	0.736	0.740	0.729	0.741	0.737	0.715	0.720	0.722	0.744	0.738	0.739	0.736	0.735	0.789	0.807	0.729	0.731	0.719	0.722	0.721	0.749	0.744	0.739	0.749	0.744	0.728	0.737	0.735	0.732	0.738	0.723	0.722	0.704	0.733	0.735	0.727	0.731	0.714	0.722	0.722	0.707	0.738	0.740	0.715	0.729	0.726	0.731	0.723	0.717	0.720	0.724	0.719	0.730	0.723	0.708
0:00:00																																																																																																	
0:00:00																																																																																																	

Results
	1	2	3	4	5	6	7	8	9	10	11	12
A	3.694	3.774	3.919	4.107	3.953	3.687	3.575	3.721	3.700	3.959	3.741	3.847	Max V [600]
	0.942	0.978	0.985	0.984	0.974	0.962	0.977	0.972	0.974	0.986	0.975	0.983	R-Squared [600]
	5:00:35	5:00:35	5:00:35	5:00:35	5:00:35	5:00:35	5:00:35	5:00:35	5:00:35	5:00:35	5:00:35	5:00:35	t at Max V [600]
	2:50:05	3:00:50	3:10:11	3:07:37	3:07:41	3:02:23	3:05:29	3:02:13	3:02:12	3:05:26	3:00:21	2:58:00	Lagtime [600]
B	3.819	4.022	3.774	3.683	3.840	3.613	3.910	3.879	4.026	3.821	3.432	3.543	Max V [600]
	0.969	0.980	0.966	0.967	0.967	0.968	0.967	0.964	0.968	0.961	0.971	0.966	R-Squared [600]
	5:00:35	5:00:35	5:00:35	5:00:35	5:00:35	5:00:35	5:00:35	5:00:35	5:00:35	5:00:35	5:00:35	5:00:35	t at Max V [600]
	3:00:34	3:12:16	3:15:50	3:12:46	3:14:32	3:13:24	3:17:57	3:19:23	3:17:05	3:14:02	3:07:38	2:59:46	Lagtime [600]
C	3.714	3.556	3.534	3.682	3.671	3.631	3.797	3.577	3.835	3.849	4.012	3.521	Max V [600]
	0.980	0.967	0.965	0.962	0.967	0.966	0.966	0.965	0.955	0.959	0.956	0.963	R-Squared [600]
	5:00:35	5:00:35	5:00:35	5:00:35	5:00:35	5:00:35	5:00:35	5:00:35	5:00:35	5:00:35	5:00:35	5:00:35	t at Max V [600]
	3:11:12	3:16:15	3:15:43	3:15:41	3:11:50	3:19:49	3:20:18	3:21:00	3:19:54	3:20:04	3:17:44	3:07:29	Lagtime [600]
D	4.064	4.100	3.955	4.013	4.056	3.880	3.966	3.755	4.143	4.058	4.027	3.804	Max V [600]
	0.976	0.967	0.965	0.969	0.961	0.973	0.974	0.961	0.966	0.966	0.971	0.979	R-Squared [600]
	5:00:35	5:00:35	5:00:35	5:00:35	5:00:35	5:00:35	5:00:35	5:00:35	5:00:35	5:00:35	5:00:35	5:00:35	t at Max V [600]
	3:07:33	3:13:09	3:19:53	3:11:46	3:14:26	3:14:55	3:14:50	3:11:39	3:10:51	3:18:23	3:16:24	3:07:46	Lagtime [600]
E	3.830	3.929	4.092	4.013	4.147	3.824	4.117	4.053	4.023	4.197	3.946	3.680	Max V [600]
	0.973	0.964	0.961	0.966	0.967	0.962	0.944	0.947	0.955	0.959	0.969	0.966	R-Squared [600]
	5:00:35	5:00:35	5:00:35	5:00:35	5:00:35	5:00:35	5:00:35	5:00:35	5:00:35	5:00:35	5:00:35	5:00:35	t at Max V [600]
	3:09:29	3:12:59	3:15:37	3:17:07	3:16:22	3:18:35	3:25:40	3:25:11	3:19:46	3:20:38	3:16:27	3:06:15	Lagtime [600]
F	4.144	4.237	4.363	4.410	4.216	4.321	4.515	4.364	4.016	4.309	4.228	3.959	Max V [600]
	0.979	0.971	0.976	0.966	0.968	0.973	0.975	0.954	0.965	0.976	0.974	0.975	R-Squared [600]
	5:00:35	5:00:35	5:00:35	5:00:35	5:00:35	5:00:35	5:00:35	5:00:35	5:00:35	5:00:35	5:00:35	5:00:35	t at Max V [600]
	3:05:56	3:11:09	3:13:25	3:09:07	3:10:50	3:14:56	3:15:08	3:06:08	3:17:10	3:13:23	3:14:15	3:07:34	Lagtime [600]
G	4.338	4.075	4.149	4.110	4.332	4.266	4.052	3.927	3.768	4.154	3.936	3.732	Max V [600]
	0.974	0.967	0.964	0.945	0.961	0.958	0.955	0.955	0.962	0.961	0.974	0.971	R-Squared [600]
	5:00:35	5:00:35	5:00:35	5:00:35	5:00:35	5:00:35	5:00:35	5:00:35	5:00:35	5:00:35	5:00:35	5:00:35	t at Max V [600]
	3:08:28	3:09:07	3:11:32	3:16:27	3:13:53	3:20:42	3:16:52	3:13:51	3:14:40	3:17:26	3:15:08	3:04:39	Lagtime [600]
H	3.777	4.000	4.052	3.856	3.857	3.793	3.898	4.091	3.900	3.950	3.887	3.685	Max V [600]
	0.943	0.954	0.965	0.963	0.972	0.962	0.977	0.976	0.975	0.977	0.964	0.934	R-Squared [600]
	5:00:35	5:00:35	5:00:35	5:00:35	5:00:35	5:00:35	5:00:35	5:00:35	5:00:35	5:00:35	5:00:35	5:00:35	t at Max V [600]
	2:57:57	3:05:10	3:09:09	3:08:56	3:13:12	3:09:28	3:10:45	3:10:15	3:08:07	3:06:18	3:02:39	2:57:35	Lagtime [600]

