
Software Version	3.11.19



Experiment File Path:	C:\Users\patil-group\Desktop\Sweeteners_stacker\111221_NT5021_45_69_Rep3\NT5021_45_69_Rep3.xpt
Protocol File Path:	C:\Users\Public\Documents\Protocols\Screening-protocol.prt



Plate Number	Plate 4
Date	11/12/2021
Time	14:22:39
Reader Type:	Epoch 2
Reader Serial Number:	2103223
Reading Type	Reader

Procedure Details

Plate Type	96 WELL PLATE
Discontinuous Kinetics	Runtime 1:00:00 (D:HH:MM), Interval 0:01:00, 25 Reads
	Pause after each run
Eject plate on completion	
Shake	Linear: 0:00:30 (HH:MM:SS)
	Frequency: 567 cpm (3 mm)
Read	Absorbance Endpoint
	Full Plate
	Wavelengths:  600
	Read Speed: Normal,  Delay: 100 msec,  Measurements/Data Point: 8

600

Time	T° 600	A1	A2	A3	A4	A5	A6	A7	A8	A9	A10	A11	A12	B1	B2	B3	B4	B5	B6	B7	B8	B9	B10	B11	B12	C1	C2	C3	C4	C5	C6	C7	C8	C9	C10	C11	C12	D1	D2	D3	D4	D5	D6	D7	D8	D9	D10	D11	D12	E1	E2	E3	E4	E5	E6	E7	E8	E9	E10	E11	E12	F1	F2	F3	F4	F5	F6	F7	F8	F9	F10	F11	F12	G1	G2	G3	G4	G5	G6	G7	G8	G9	G10	G11	G12	H1	H2	H3	H4	H5	H6	H7	H8	H9	H10	H11	H12
0:00:34	34.5	0.173	0.171	0.176	0.176	0.182	0.171	0.175	0.178	0.172	0.171	0.172	0.176	0.179	0.180	0.178	0.176	0.173	0.170	0.174	0.175	0.187	0.171	0.176	0.164	0.178	0.175	0.180	0.178	0.174	0.174	0.171	0.185	0.174	0.172	0.170	0.171	0.182	0.177	0.175	0.173	0.174	0.178	0.172	0.171	0.166	0.173	0.170	0.172	0.174	0.174	0.177	0.182	0.177	0.171	0.172	0.174	0.171	0.176	0.173	0.180	0.178	0.174	0.186	0.173	0.180	0.176	0.175	0.176	0.174	0.176	0.170	0.172	0.179	0.176	0.178	0.174	0.174	0.173	0.176	0.171	0.171	0.173	0.172	0.171	0.188	0.174	0.178	0.174	0.172	0.175	0.172	0.172	0.175	0.170	0.169	0.171
1:00:33	34.6	0.176	0.174	0.177	0.178	0.183	0.174	0.178	0.180	0.176	0.173	0.174	0.179	0.181	0.182	0.179	0.178	0.175	0.172	0.176	0.177	0.188	0.173	0.178	0.168	0.180	0.177	0.181	0.179	0.175	0.175	0.172	0.186	0.175	0.174	0.172	0.174	0.182	0.179	0.176	0.174	0.175	0.179	0.173	0.173	0.167	0.175	0.172	0.175	0.176	0.176	0.179	0.183	0.178	0.172	0.173	0.175	0.173	0.177	0.174	0.183	0.181	0.175	0.188	0.175	0.182	0.177	0.175	0.177	0.175	0.177	0.172	0.174	0.181	0.177	0.179	0.176	0.176	0.174	0.178	0.172	0.172	0.175	0.174	0.174	0.189	0.176	0.180	0.177	0.174	0.177	0.173	0.174	0.178	0.173	0.172	0.174
2:00:34	34.7	0.180	0.178	0.181	0.182	0.188	0.177	0.182	0.185	0.179	0.177	0.178	0.183	0.185	0.186	0.184	0.183	0.179	0.176	0.180	0.181	0.192	0.178	0.182	0.171	0.184	0.181	0.185	0.184	0.179	0.179	0.176	0.190	0.179	0.178	0.176	0.178	0.186	0.182	0.180	0.178	0.178	0.183	0.177	0.177	0.172	0.179	0.176	0.179	0.180	0.180	0.182	0.187	0.181	0.176	0.176	0.179	0.177	0.181	0.178	0.187	0.185	0.180	0.190	0.179	0.186	0.180	0.179	0.180	0.178	0.182	0.176	0.178	0.185	0.181	0.184	0.181	0.180	0.179	0.182	0.176	0.177	0.179	0.178	0.178	0.193	0.181	0.184	0.181	0.179	0.182	0.177	0.179	0.182	0.177	0.176	0.178
3:00:34	34.7	0.182	0.180	0.184	0.184	0.189	0.179	0.184	0.186	0.182	0.179	0.180	0.185	0.187	0.188	0.186	0.185	0.181	0.178	0.182	0.183	0.194	0.180	0.184	0.173	0.186	0.184	0.188	0.186	0.181	0.181	0.178	0.193	0.181	0.180	0.178	0.180	0.187	0.184	0.184	0.180	0.181	0.185	0.179	0.179	0.174	0.181	0.178	0.181	0.183	0.182	0.185	0.189	0.184	0.178	0.179	0.181	0.179	0.184	0.180	0.188	0.187	0.182	0.192	0.181	0.189	0.183	0.182	0.183	0.181	0.183	0.178	0.180	0.188	0.184	0.188	0.183	0.183	0.181	0.184	0.179	0.179	0.181	0.180	0.180	0.197	0.184	0.186	0.183	0.182	0.184	0.180	0.180	0.183	0.179	0.178	0.180
4:00:34	34.7	0.184	0.182	0.185	0.185	0.189	0.181	0.186	0.189	0.183	0.181	0.182	0.186	0.189	0.189	0.188	0.186	0.183	0.179	0.184	0.185	0.195	0.181	0.186	0.175	0.188	0.185	0.189	0.188	0.183	0.183	0.180	0.194	0.183	0.182	0.180	0.182	0.189	0.186	0.185	0.182	0.181	0.187	0.181	0.181	0.175	0.182	0.179	0.182	0.184	0.184	0.187	0.191	0.185	0.180	0.180	0.183	0.181	0.185	0.181	0.190	0.189	0.183	0.194	0.183	0.190	0.185	0.183	0.185	0.182	0.185	0.179	0.182	0.189	0.185	0.188	0.185	0.184	0.183	0.186	0.180	0.181	0.183	0.182	0.182	0.199	0.186	0.188	0.186	0.184	0.186	0.182	0.182	0.185	0.180	0.179	0.182
5:00:35	34.6	0.186	0.185	0.187	0.187	0.191	0.183	0.188	0.191	0.185	0.184	0.184	0.189	0.192	0.192	0.190	0.188	0.185	0.181	0.186	0.187	0.198	0.184	0.188	0.178	0.190	0.187	0.191	0.189	0.185	0.185	0.181	0.196	0.185	0.184	0.182	0.184	0.191	0.187	0.187	0.184	0.184	0.189	0.182	0.183	0.177	0.184	0.181	0.185	0.187	0.186	0.189	0.192	0.187	0.181	0.182	0.185	0.183	0.187	0.183	0.192	0.191	0.185	0.195	0.185	0.192	0.186	0.185	0.186	0.184	0.188	0.181	0.184	0.192	0.187	0.191	0.187	0.188	0.185	0.188	0.183	0.182	0.185	0.184	0.184	0.202	0.188	0.191	0.189	0.186	0.189	0.185	0.184	0.187	0.183	0.182	0.185
6:00:35	34.6	0.190	0.188	0.189	0.189	0.193	0.187	0.191	0.194	0.189	0.187	0.188	0.193	0.196	0.195	0.193	0.191	0.188	0.184	0.189	0.189	0.200	0.186	0.191	0.182	0.193	0.190	0.194	0.192	0.187	0.187	0.184	0.198	0.187	0.186	0.185	0.188	0.194	0.190	0.189	0.186	0.186	0.191	0.185	0.185	0.180	0.187	0.184	0.188	0.190	0.188	0.191	0.194	0.189	0.184	0.184	0.187	0.185	0.189	0.186	0.195	0.194	0.188	0.198	0.187	0.194	0.189	0.187	0.189	0.186	0.190	0.185	0.187	0.195	0.190	0.193	0.189	0.189	0.187	0.190	0.185	0.185	0.188	0.186	0.187	0.204	0.193	0.195	0.192	0.190	0.192	0.187	0.187	0.190	0.186	0.185	0.188
7:00:36	34.6	0.193	0.192	0.191	0.191	0.196	0.190	0.195	0.197	0.192	0.190	0.191	0.196	0.198	0.198	0.196	0.195	0.191	0.187	0.192	0.192	0.203	0.190	0.194	0.185	0.197	0.193	0.196	0.195	0.190	0.190	0.186	0.201	0.190	0.189	0.188	0.191	0.197	0.193	0.191	0.192	0.188	0.193	0.187	0.188	0.182	0.190	0.187	0.191	0.193	0.191	0.194	0.197	0.192	0.186	0.187	0.190	0.188	0.192	0.188	0.198	0.197	0.190	0.201	0.190	0.197	0.191	0.189	0.191	0.189	0.193	0.186	0.190	0.198	0.193	0.196	0.192	0.192	0.190	0.192	0.187	0.188	0.191	0.189	0.190	0.209	0.197	0.199	0.197	0.194	0.196	0.190	0.190	0.193	0.189	0.188	0.191
8:00:37	34.6	0.197	0.195	0.194	0.194	0.199	0.193	0.198	0.201	0.195	0.194	0.195	0.200	0.202	0.201	0.199	0.197	0.193	0.190	0.194	0.195	0.206	0.192	0.197	0.188	0.200	0.196	0.199	0.198	0.193	0.192	0.190	0.204	0.193	0.192	0.191	0.194	0.200	0.196	0.194	0.192	0.190	0.196	0.189	0.190	0.185	0.192	0.190	0.195	0.196	0.194	0.197	0.200	0.194	0.189	0.189	0.192	0.191	0.195	0.191	0.201	0.200	0.193	0.203	0.193	0.199	0.194	0.192	0.194	0.192	0.196	0.190	0.193	0.201	0.196	0.199	0.195	0.194	0.192	0.195	0.190	0.191	0.194	0.192	0.194	0.214	0.202	0.204	0.201	0.199	0.201	0.193	0.194	0.197	0.193	0.192	0.194
9:00:37	34.6	0.200	0.198	0.197	0.197	0.203	0.196	0.201	0.203	0.199	0.197	0.198	0.203	0.205	0.203	0.201	0.200	0.196	0.192	0.197	0.199	0.209	0.196	0.202	0.191	0.203	0.199	0.202	0.200	0.195	0.195	0.192	0.207	0.196	0.195	0.193	0.198	0.203	0.199	0.197	0.194	0.194	0.198	0.193	0.193	0.188	0.195	0.193	0.198	0.199	0.197	0.200	0.202	0.197	0.192	0.192	0.195	0.193	0.197	0.194	0.203	0.204	0.196	0.206	0.195	0.202	0.197	0.195	0.196	0.194	0.198	0.192	0.196	0.205	0.199	0.201	0.198	0.197	0.195	0.198	0.193	0.194	0.196	0.194	0.197	0.218	0.206	0.209	0.205	0.203	0.205	0.197	0.197	0.199	0.195	0.195	0.197
10:00:38	34.6	0.203	0.201	0.200	0.199	0.205	0.199	0.204	0.206	0.202	0.201	0.202	0.207	0.208	0.207	0.204	0.202	0.199	0.195	0.200	0.201	0.212	0.198	0.203	0.194	0.206	0.202	0.205	0.203	0.199	0.198	0.195	0.209	0.199	0.198	0.196	0.201	0.206	0.202	0.200	0.197	0.196	0.201	0.195	0.196	0.190	0.198	0.196	0.201	0.202	0.200	0.202	0.205	0.200	0.195	0.195	0.198	0.196	0.200	0.197	0.206	0.207	0.200	0.209	0.198	0.204	0.199	0.197	0.199	0.197	0.201	0.195	0.199	0.207	0.202	0.204	0.201	0.200	0.198	0.201	0.196	0.196	0.199	0.197	0.199	0.223	0.211	0.214	0.210	0.208	0.210	0.199	0.200	0.202	0.198	0.198	0.200
11:00:38	34.6	0.206	0.204	0.203	0.202	0.208	0.202	0.207	0.209	0.204	0.203	0.204	0.209	0.211	0.209	0.207	0.205	0.202	0.198	0.202	0.203	0.214	0.201	0.205	0.197	0.209	0.205	0.208	0.205	0.201	0.200	0.197	0.211	0.201	0.200	0.199	0.204	0.208	0.204	0.203	0.199	0.198	0.203	0.198	0.198	0.192	0.200	0.199	0.204	0.204	0.202	0.204	0.208	0.202	0.197	0.197	0.200	0.199	0.203	0.199	0.209	0.209	0.202	0.211	0.201	0.207	0.202	0.200	0.202	0.199	0.203	0.197	0.202	0.210	0.204	0.208	0.203	0.202	0.200	0.204	0.199	0.199	0.202	0.199	0.202	0.227	0.216	0.218	0.214	0.212	0.214	0.201	0.202	0.205	0.201	0.201	0.203
12:00:39	34.7	0.209	0.206	0.205	0.204	0.209	0.204	0.209	0.211	0.207	0.205	0.207	0.212	0.213	0.211	0.209	0.206	0.203	0.200	0.205	0.205	0.216	0.203	0.207	0.199	0.211	0.207	0.210	0.207	0.202	0.202	0.199	0.213	0.203	0.202	0.201	0.206	0.210	0.206	0.204	0.200	0.200	0.205	0.200	0.200	0.194	0.202	0.200	0.206	0.206	0.204	0.206	0.209	0.204	0.199	0.199	0.202	0.201	0.205	0.201	0.211	0.211	0.204	0.213	0.202	0.209	0.203	0.202	0.203	0.201	0.205	0.199	0.204	0.212	0.206	0.209	0.205	0.204	0.203	0.205	0.200	0.201	0.204	0.201	0.204	0.230	0.219	0.221	0.217	0.215	0.217	0.203	0.204	0.206	0.203	0.203	0.205
13:00:40	34.7	0.211	0.208	0.207	0.205	0.211	0.206	0.210	0.213	0.208	0.207	0.208	0.213	0.215	0.212	0.210	0.208	0.205	0.201	0.206	0.207	0.218	0.204	0.208	0.200	0.212	0.208	0.211	0.209	0.204	0.204	0.201	0.215	0.205	0.203	0.202	0.208	0.213	0.208	0.206	0.202	0.202	0.207	0.202	0.202	0.196	0.204	0.202	0.208	0.208	0.206	0.208	0.211	0.206	0.200	0.201	0.204	0.203	0.206	0.202	0.213	0.213	0.205	0.214	0.204	0.210	0.205	0.204	0.205	0.203	0.207	0.200	0.205	0.214	0.208	0.210	0.206	0.206	0.204	0.206	0.202	0.202	0.205	0.203	0.206	0.232	0.222	0.223	0.219	0.217	0.219	0.204	0.205	0.208	0.205	0.205	0.207
14:00:40	34.7	0.212	0.209	0.208	0.207	0.212	0.207	0.211	0.214	0.210	0.208	0.209	0.215	0.216	0.213	0.212	0.209	0.206	0.203	0.208	0.207	0.218	0.205	0.209	0.202	0.214	0.209	0.212	0.210	0.205	0.204	0.202	0.216	0.206	0.204	0.203	0.209	0.213	0.209	0.207	0.203	0.203	0.208	0.203	0.203	0.197	0.205	0.203	0.209	0.209	0.207	0.209	0.212	0.207	0.202	0.202	0.205	0.203	0.208	0.203	0.214	0.214	0.207	0.216	0.205	0.212	0.206	0.205	0.206	0.204	0.208	0.201	0.207	0.215	0.209	0.211	0.207	0.208	0.205	0.207	0.203	0.203	0.206	0.204	0.208	0.234	0.223	0.225	0.221	0.219	0.222	0.206	0.206	0.209	0.206	0.206	0.207
15:00:40	34.7	0.213	0.210	0.210	0.208	0.213	0.208	0.212	0.214	0.210	0.209	0.210	0.216	0.217	0.214	0.212	0.209	0.207	0.203	0.208	0.208	0.219	0.205	0.210	0.203	0.214	0.210	0.212	0.210	0.206	0.205	0.203	0.216	0.206	0.204	0.203	0.210	0.214	0.210	0.208	0.203	0.204	0.209	0.204	0.203	0.197	0.205	0.204	0.210	0.209	0.208	0.210	0.212	0.208	0.202	0.202	0.206	0.204	0.208	0.204	0.215	0.215	0.207	0.216	0.206	0.212	0.207	0.205	0.206	0.204	0.208	0.203	0.208	0.216	0.209	0.212	0.208	0.207	0.206	0.208	0.204	0.204	0.207	0.205	0.209	0.234	0.224	0.227	0.222	0.220	0.223	0.206	0.207	0.209	0.207	0.207	0.208
16:00:42	34.7	0.213	0.211	0.210	0.209	0.213	0.209	0.213	0.215	0.211	0.210	0.211	0.216	0.218	0.214	0.213	0.209	0.208	0.204	0.208	0.208	0.219	0.206	0.211	0.203	0.215	0.211	0.213	0.211	0.206	0.206	0.203	0.217	0.207	0.205	0.204	0.211	0.214	0.210	0.209	0.203	0.204	0.209	0.204	0.204	0.198	0.206	0.204	0.210	0.210	0.208	0.211	0.213	0.208	0.203	0.203	0.206	0.204	0.209	0.205	0.216	0.215	0.208	0.217	0.206	0.213	0.208	0.206	0.207	0.205	0.209	0.202	0.208	0.217	0.210	0.213	0.209	0.208	0.206	0.208	0.204	0.204	0.207	0.205	0.210	0.235	0.225	0.227	0.223	0.221	0.223	0.207	0.207	0.210	0.207	0.208	0.209
17:00:42	34.7	0.214	0.211	0.211	0.210	0.213	0.210	0.214	0.215	0.212	0.210	0.212	0.217	0.218	0.215	0.213	0.210	0.208	0.204	0.208	0.208	0.220	0.206	0.210	0.203	0.215	0.211	0.214	0.211	0.206	0.206	0.204	0.217	0.207	0.205	0.204	0.211	0.215	0.211	0.209	0.204	0.205	0.210	0.205	0.205	0.198	0.206	0.205	0.212	0.210	0.209	0.211	0.213	0.209	0.203	0.203	0.207	0.205	0.209	0.205	0.216	0.216	0.208	0.217	0.206	0.213	0.208	0.206	0.207	0.205	0.209	0.203	0.209	0.217	0.210	0.213	0.209	0.209	0.206	0.209	0.204	0.204	0.207	0.206	0.211	0.235	0.226	0.228	0.223	0.221	0.224	0.209	0.208	0.210	0.208	0.208	0.209
18:00:42	34.7	0.214	0.212	0.212	0.210	0.214	0.210	0.214	0.215	0.212	0.210	0.212	0.217	0.218	0.215	0.214	0.210	0.208	0.204	0.209	0.209	0.220	0.207	0.211	0.203	0.216	0.212	0.214	0.212	0.207	0.206	0.205	0.217	0.207	0.205	0.205	0.211	0.215	0.211	0.209	0.204	0.205	0.210	0.205	0.205	0.198	0.206	0.205	0.211	0.210	0.209	0.211	0.213	0.209	0.203	0.204	0.207	0.205	0.209	0.205	0.217	0.215	0.209	0.217	0.207	0.213	0.208	0.206	0.208	0.205	0.209	0.203	0.209	0.217	0.210	0.213	0.209	0.209	0.207	0.209	0.205	0.205	0.208	0.206	0.211	0.235	0.226	0.229	0.224	0.222	0.225	0.207	0.208	0.211	0.208	0.208	0.209
19:00:43	34.7	0.214	0.212	0.212	0.210	0.214	0.210	0.214	0.216	0.212	0.211	0.212	0.217	0.219	0.216	0.214	0.211	0.209	0.205	0.209	0.209	0.220	0.207	0.211	0.204	0.216	0.212	0.215	0.212	0.207	0.207	0.204	0.218	0.208	0.206	0.205	0.211	0.215	0.212	0.210	0.204	0.205	0.210	0.205	0.205	0.198	0.207	0.205	0.211	0.210	0.209	0.212	0.214	0.209	0.204	0.204	0.207	0.206	0.210	0.206	0.217	0.216	0.209	0.218	0.207	0.214	0.209	0.207	0.208	0.206	0.209	0.203	0.209	0.218	0.211	0.214	0.210	0.209	0.207	0.210	0.205	0.205	0.208	0.206	0.211	0.236	0.227	0.229	0.224	0.222	0.225	0.207	0.208	0.211	0.208	0.209	0.209
20:00:43	34.7	0.215	0.212	0.213	0.211	0.214	0.211	0.214	0.216	0.213	0.211	0.212	0.217	0.219	0.216	0.215	0.212	0.209	0.205	0.209	0.209	0.221	0.207	0.211	0.204	0.216	0.213	0.215	0.213	0.207	0.207	0.205	0.218	0.208	0.206	0.205	0.212	0.215	0.212	0.210	0.204	0.206	0.211	0.206	0.206	0.198	0.208	0.205	0.211	0.211	0.210	0.212	0.214	0.209	0.204	0.205	0.208	0.206	0.210	0.206	0.217	0.216	0.210	0.218	0.208	0.214	0.209	0.207	0.209	0.206	0.209	0.203	0.209	0.218	0.211	0.215	0.210	0.210	0.207	0.210	0.206	0.205	0.208	0.206	0.212	0.236	0.227	0.230	0.224	0.222	0.225	0.207	0.209	0.211	0.209	0.209	0.209
21:00:44	34.7	0.215	0.213	0.213	0.211	0.215	0.211	0.214	0.216	0.213	0.211	0.212	0.217	0.219	0.216	0.215	0.212	0.209	0.205	0.210	0.209	0.221	0.207	0.212	0.204	0.217	0.213	0.215	0.213	0.208	0.207	0.205	0.218	0.209	0.206	0.206	0.214	0.216	0.213	0.211	0.204	0.206	0.211	0.206	0.206	0.198	0.210	0.206	0.212	0.211	0.210	0.212	0.215	0.209	0.204	0.205	0.208	0.206	0.210	0.206	0.217	0.216	0.210	0.219	0.208	0.215	0.209	0.208	0.209	0.207	0.209	0.204	0.210	0.219	0.212	0.215	0.211	0.210	0.208	0.211	0.206	0.205	0.209	0.206	0.213	0.236	0.227	0.232	0.224	0.223	0.225	0.209	0.209	0.212	0.209	0.209	0.209
22:00:44	34.7	0.215	0.212	0.214	0.211	0.215	0.211	0.214	0.216	0.213	0.211	0.212	0.217	0.219	0.216	0.215	0.212	0.209	0.205	0.210	0.210	0.221	0.207	0.211	0.204	0.217	0.213	0.215	0.213	0.208	0.208	0.205	0.218	0.209	0.206	0.205	0.214	0.215	0.213	0.211	0.204	0.206	0.211	0.206	0.207	0.198	0.212	0.206	0.211	0.211	0.210	0.213	0.215	0.209	0.204	0.205	0.208	0.207	0.210	0.206	0.217	0.216	0.210	0.219	0.208	0.215	0.209	0.208	0.209	0.207	0.210	0.204	0.210	0.218	0.212	0.215	0.211	0.210	0.208	0.211	0.206	0.206	0.209	0.206	0.214	0.236	0.227	0.235	0.224	0.223	0.226	0.207	0.209	0.212	0.209	0.209	0.209
23:00:44	34.7	0.215	0.213	0.214	0.212	0.215	0.211	0.214	0.216	0.213	0.212	0.212	0.217	0.219	0.217	0.215	0.212	0.210	0.206	0.210	0.210	0.221	0.207	0.212	0.205	0.217	0.213	0.216	0.214	0.208	0.208	0.206	0.218	0.209	0.207	0.206	0.212	0.216	0.213	0.211	0.204	0.207	0.212	0.207	0.207	0.199	0.216	0.206	0.212	0.211	0.211	0.213	0.215	0.210	0.204	0.206	0.209	0.207	0.211	0.207	0.217	0.216	0.210	0.219	0.208	0.215	0.210	0.208	0.210	0.207	0.210	0.204	0.209	0.219	0.212	0.215	0.212	0.211	0.209	0.211	0.207	0.206	0.209	0.207	0.216	0.235	0.227	0.237	0.225	0.223	0.226	0.207	0.209	0.212	0.209	0.209	0.209
0:00:00																																																																																																	

Results
	1	2	3	4	5	6	7	8	9	10	11	12
A	0.057	0.055	0.049	0.043	0.052	0.053	0.054	0.053	0.055	0.056	0.057	0.058	Max V [600]
	1.000	0.999	0.999	0.999	1.000	1.000	1.000	1.000	1.000	0.999	1.000	1.000	R-Squared [600]
	7:00:36	7:00:36	8:00:37	9:00:37	8:00:37	7:00:36	7:00:36	7:00:36	8:00:37	7:00:36	7:00:36	7:00:36	t at Max V [600]
	1:10:39	0:54:46	1:43:34	1:15:51	2:19:04	1:09:08	1:01:17	0:55:38	1:05:49	1:10:33	1:14:09	1:05:41	Lagtime [600]
B	0.053	0.049	0.049	0.049	0.048	0.048	0.048	0.050	0.049	0.049	0.057	0.055	Max V [600]
	1.000	1.000	1.000	0.992	0.998	1.000	1.000	0.999	1.000	1.000	0.988	0.999	R-Squared [600]
	9:00:37	8:00:37	8:00:37	7:00:36	7:00:36	8:00:37	8:00:37	7:00:36	8:00:37	8:00:37	7:00:36	7:00:36	t at Max V [600]
	0:49:55	0:55:02	0:58:43	0:51:07	0:56:24	1:05:43	0:59:42	1:15:51	1:24:47	0:54:02	1:36:49	0:47:24	Lagtime [600]
C	0.054	0.050	0.048	0.046	0.050	0.046	0.045	0.046	0.046	0.047	0.049	0.055	Max V [600]
	1.000	0.999	1.000	0.999	0.992	1.000	0.999	0.998	1.000	1.000	1.000	0.999	R-Squared [600]
	8:00:37	8:00:37	9:00:37	8:00:37	8:00:37	8:00:37	8:00:37	7:00:36	8:00:37	7:00:36	7:00:36	7:00:36	t at Max V [600]
	1:11:52	1:07:04	1:23:08	0:59:27	1:47:15	1:20:32	1:13:30	1:19:14	1:04:11	0:50:15	1:05:53	0:57:59	Lagtime [600]
D	0.052	0.048	0.047	0.044	0.043	0.044	0.046	0.044	0.043	0.047	0.048	0.054	Max V [600]
	1.000	0.999	0.999	0.943	0.997	0.999	0.993	1.000	0.967	1.000	1.000	0.998	R-Squared [600]
	8:00:37	7:00:36	8:00:37	5:00:35	9:00:37	9:00:37	9:00:37	9:00:37	2:00:34	8:00:37	8:00:37	8:00:37	t at Max V [600]
	2:12:53	1:28:39	1:16:44	0:33:35	1:31:22	1:29:05	1:39:07	0:49:41	?????	1:18:06	0:55:59	1:09:28	Lagtime [600]
E	0.050	0.048	0.046	0.044	0.043	0.045	0.044	0.045	0.045	0.045	0.045	0.048	Max V [600]
	1.000	0.999	0.998	0.999	0.998	0.996	1.000	1.000	0.997	0.999	0.999	1.000	R-Squared [600]
	8:00:37	8:00:37	8:00:37	8:00:37	8:00:37	8:00:37	8:00:37	8:00:37	8:00:37	8:00:37	8:00:37	8:00:37	t at Max V [600]
	0:47:39	1:09:06	1:11:30	1:14:14	1:08:26	1:09:10	1:14:54	1:09:56	0:54:09	0:54:16	1:16:35	1:01:21	Lagtime [600]
F	0.053	0.049	0.046	0.046	0.044	0.044	0.044	0.045	0.045	0.045	0.043	0.051	Max V [600]
	1.000	0.998	1.000	0.999	0.974	0.999	1.000	0.999	0.995	0.999	0.982	1.000	R-Squared [600]
	7:00:36	9:00:37	8:00:37	8:00:37	2:00:34	8:00:37	8:00:37	9:00:37	8:00:37	8:00:37	6:00:36	7:00:36	t at Max V [600]
	1:00:55	1:28:26	1:42:17	0:59:53	0:08:17	1:07:45	1:21:54	1:19:44	1:24:16	0:40:14	0:35:28	1:06:27	Lagtime [600]
G	0.054	0.050	0.049	0.048	0.047	0.045	0.049	0.047	0.046	0.047	0.045	0.053	Max V [600]
	0.999	0.999	0.946	1.000	0.973	1.000	0.994	0.999	1.000	0.999	1.000	0.998	R-Squared [600]
	7:00:36	7:00:36	2:00:34	8:00:37	3:00:34	8:00:37	9:00:37	9:00:37	8:00:37	7:00:36	8:00:37	7:00:36	t at Max V [600]
	1:02:45	1:11:20	0:04:15	0:56:33	0:10:20	0:58:59	1:42:11	0:59:42	0:54:17	0:49:56	0:35:00	0:51:05	Lagtime [600]
H	0.076	0.079	0.079	0.075	0.075	0.075	0.050	0.052	0.051	0.052	0.054	0.053	Max V [600]
	0.998	1.000	1.000	0.999	0.999	1.000	0.989	0.999	0.999	1.000	1.000	1.000	R-Squared [600]
	8:00:37	9:00:37	9:00:37	9:00:37	9:00:37	9:00:37	8:00:37	8:00:37	7:00:36	7:00:36	8:00:37	7:00:36	t at Max V [600]
	2:15:05	2:12:31	2:35:27	2:04:57	2:17:01	2:23:30	0:57:08	1:15:58	1:09:12	0:42:05	1:00:32	0:46:29	Lagtime [600]


