

Software Version	3.11.19



Experiment File Path:	C:\Users\patil-group\Desktop\Sweeteners_stacker\021221_NT5076_83_24007_Rep2\NT5076_83_24007_Rep2.xpt
Protocol File Path:	C:\Users\Public\Documents\Protocols\Screening-protocol.prt



Plate Number	Plate 1
Date	02/12/2021
Time	12:08:52
Reader Type:	Epoch 2
Reader Serial Number:	2103223
Reading Type	Reader

Procedure Details

Plate Type	96 WELL PLATE
Discontinuous Kinetics	Runtime 1:00:00 (D:HH:MM), Interval 0:01:00, 25 Reads
	Pause after each run
Eject plate on completion	
Shake	Linear: 0:00:30 (HH:MM:SS)
	Frequency: 567 cpm (3 mm)
Read	Absorbance Endpoint
	Full Plate
	Wavelengths:  600
	Read Speed: Normal,  Delay: 100 msec,  Measurements/Data Point: 8

600

Time	T° 600	A1	A2	A3	A4	A5	A6	A7	A8	A9	A10	A11	A12	B1	B2	B3	B4	B5	B6	B7	B8	B9	B10	B11	B12	C1	C2	C3	C4	C5	C6	C7	C8	C9	C10	C11	C12	D1	D2	D3	D4	D5	D6	D7	D8	D9	D10	D11	D12	E1	E2	E3	E4	E5	E6	E7	E8	E9	E10	E11	E12	F1	F2	F3	F4	F5	F6	F7	F8	F9	F10	F11	F12	G1	G2	G3	G4	G5	G6	G7	G8	G9	G10	G11	G12	H1	H2	H3	H4	H5	H6	H7	H8	H9	H10	H11	H12
0:00:34	34.5	0.172	0.177	0.175	0.171	0.175	0.170	0.175	0.170	0.174	0.171	0.176	0.183	0.169	0.171	0.174	0.173	0.172	0.168	0.172	0.173	0.184	0.171	0.187	0.181	0.163	0.170	0.171	0.168	0.170	0.172	0.166	0.176	0.172	0.167	0.166	0.166	0.167	0.171	0.184	0.169	0.169	0.168	0.165	0.164	0.169	0.166	0.177	0.180	0.166	0.176	0.173	0.174	0.176	0.175	0.177	0.172	0.167	0.168	0.171	0.177	0.168	0.171	0.171	0.164	0.181	0.168	0.169	0.178	0.168	0.170	0.177	0.174	0.166	0.171	0.170	0.167	0.167	0.172	0.167	0.172	0.166	0.170	0.171	0.173	0.169	0.169	0.179	0.171	0.169	0.169	0.172	0.168	0.165	0.169	0.170	0.173
1:00:34	34.7	0.170	0.175	0.173	0.170	0.174	0.168	0.173	0.170	0.168	0.169	0.173	0.181	0.166	0.170	0.172	0.171	0.170	0.166	0.171	0.171	0.181	0.168	0.177	0.179	0.162	0.170	0.176	0.167	0.169	0.172	0.189	0.185	0.181	0.167	0.164	0.164	0.166	0.171	0.214	0.196	0.209	0.209	0.197	0.185	0.203	0.186	0.176	0.178	0.165	0.177	0.212	0.210	0.220	0.230	0.217	0.216	0.214	0.203	0.180	0.175	0.167	0.185	0.201	0.195	0.217	0.210	0.207	0.183	0.203	0.187	0.189	0.172	0.165	0.178	0.189	0.184	0.176	0.209	0.185	0.193	0.196	0.197	0.170	0.172	0.168	0.168	0.177	0.169	0.168	0.168	0.170	0.167	0.164	0.168	0.168	0.172
2:00:34	34.8	0.170	0.175	0.172	0.170	0.174	0.167	0.173	0.169	0.168	0.168	0.172	0.180	0.166	0.169	0.172	0.170	0.170	0.166	0.171	0.171	0.180	0.167	0.173	0.178	0.161	0.169	0.169	0.166	0.167	0.170	0.164	0.174	0.171	0.165	0.164	0.164	0.165	0.169	0.183	0.168	0.168	0.168	0.164	0.163	0.168	0.164	0.174	0.178	0.165	0.168	0.177	0.177	0.182	0.191	0.180	0.171	0.168	0.167	0.170	0.175	0.166	0.169	0.176	0.173	0.182	0.173	0.173	0.175	0.167	0.167	0.174	0.172	0.165	0.169	0.169	0.166	0.166	0.171	0.166	0.171	0.166	0.169	0.169	0.172	0.168	0.168	0.177	0.168	0.168	0.167	0.170	0.167	0.164	0.168	0.168	0.172
3:00:35	34.8	0.170	0.175	0.173	0.169	0.173	0.167	0.171	0.170	0.168	0.168	0.171	0.180	0.166	0.169	0.171	0.170	0.169	0.165	0.170	0.170	0.180	0.167	0.173	0.178	0.161	0.169	0.169	0.166	0.167	0.170	0.164	0.173	0.170	0.165	0.164	0.163	0.165	0.169	0.182	0.168	0.167	0.167	0.164	0.163	0.167	0.164	0.174	0.178	0.165	0.168	0.172	0.173	0.176	0.177	0.176	0.170	0.166	0.167	0.169	0.174	0.166	0.169	0.170	0.166	0.181	0.168	0.169	0.174	0.166	0.167	0.174	0.172	0.164	0.169	0.168	0.165	0.165	0.170	0.165	0.170	0.165	0.167	0.168	0.172	0.168	0.167	0.176	0.168	0.168	0.167	0.170	0.165	0.163	0.167	0.168	0.172
4:00:35	34.7	0.170	0.174	0.171	0.177	0.173	0.166	0.171	0.168	0.168	0.167	0.171	0.179	0.166	0.169	0.171	0.170	0.169	0.165	0.170	0.170	0.180	0.167	0.172	0.177	0.161	0.169	0.169	0.166	0.167	0.170	0.163	0.173	0.170	0.165	0.163	0.162	0.165	0.169	0.182	0.167	0.167	0.167	0.163	0.162	0.167	0.164	0.174	0.178	0.164	0.165	0.173	0.173	0.176	0.178	0.176	0.170	0.167	0.166	0.169	0.174	0.166	0.169	0.171	0.166	0.181	0.168	0.169	0.173	0.167	0.166	0.174	0.171	0.164	0.168	0.169	0.164	0.165	0.170	0.165	0.170	0.165	0.167	0.169	0.171	0.167	0.167	0.175	0.168	0.167	0.167	0.170	0.165	0.163	0.167	0.168	0.171
5:00:36	34.7	0.170	0.173	0.171	0.177	0.173	0.168	0.171	0.169	0.168	0.167	0.170	0.179	0.166	0.169	0.171	0.170	0.169	0.165	0.170	0.170	0.180	0.167	0.171	0.177	0.161	0.169	0.168	0.166	0.166	0.170	0.163	0.173	0.170	0.165	0.164	0.162	0.165	0.168	0.182	0.167	0.167	0.167	0.163	0.162	0.167	0.164	0.172	0.178	0.164	0.165	0.172	0.173	0.176	0.179	0.176	0.170	0.167	0.166	0.169	0.174	0.166	0.168	0.169	0.165	0.181	0.169	0.169	0.172	0.167	0.166	0.174	0.171	0.164	0.168	0.168	0.165	0.165	0.170	0.165	0.170	0.165	0.167	0.168	0.171	0.167	0.167	0.175	0.168	0.167	0.167	0.169	0.165	0.163	0.167	0.168	0.171
6:00:37	34.7	0.169	0.172	0.171	0.177	0.172	0.166	0.171	0.168	0.167	0.167	0.170	0.179	0.165	0.169	0.171	0.170	0.168	0.165	0.170	0.170	0.180	0.167	0.170	0.176	0.160	0.168	0.168	0.165	0.166	0.170	0.163	0.172	0.170	0.165	0.163	0.162	0.165	0.168	0.181	0.167	0.167	0.166	0.163	0.162	0.166	0.164	0.171	0.178	0.164	0.164	0.172	0.173	0.176	0.178	0.176	0.170	0.166	0.166	0.169	0.173	0.166	0.168	0.170	0.165	0.180	0.168	0.169	0.171	0.166	0.166	0.173	0.170	0.164	0.168	0.168	0.164	0.165	0.170	0.165	0.170	0.165	0.166	0.168	0.171	0.167	0.167	0.175	0.167	0.167	0.166	0.170	0.166	0.163	0.167	0.168	0.172
7:00:38	34.7	0.169	0.178	0.171	0.177	0.172	0.166	0.170	0.168	0.167	0.167	0.169	0.178	0.165	0.168	0.171	0.169	0.168	0.165	0.170	0.170	0.179	0.166	0.169	0.174	0.160	0.168	0.168	0.165	0.166	0.170	0.163	0.172	0.170	0.165	0.163	0.162	0.165	0.168	0.181	0.167	0.166	0.166	0.163	0.162	0.166	0.163	0.171	0.178	0.164	0.164	0.172	0.172	0.175	0.177	0.176	0.169	0.167	0.166	0.169	0.173	0.165	0.168	0.170	0.164	0.181	0.168	0.168	0.171	0.166	0.165	0.173	0.171	0.164	0.168	0.168	0.164	0.165	0.169	0.165	0.169	0.165	0.166	0.168	0.171	0.167	0.167	0.174	0.167	0.167	0.166	0.169	0.165	0.163	0.167	0.168	0.171
8:00:38	34.7	0.169	0.171	0.171	0.176	0.171	0.165	0.171	0.168	0.167	0.166	0.169	0.178	0.165	0.168	0.171	0.169	0.168	0.164	0.169	0.170	0.179	0.166	0.168	0.173	0.160	0.168	0.167	0.165	0.166	0.169	0.163	0.172	0.169	0.164	0.163	0.161	0.165	0.168	0.180	0.166	0.166	0.166	0.163	0.162	0.166	0.163	0.170	0.178	0.164	0.164	0.171	0.172	0.175	0.176	0.176	0.169	0.166	0.165	0.168	0.173	0.165	0.168	0.169	0.164	0.180	0.168	0.168	0.170	0.166	0.165	0.172	0.170	0.164	0.167	0.168	0.164	0.165	0.169	0.165	0.169	0.164	0.166	0.168	0.171	0.167	0.166	0.174	0.167	0.167	0.166	0.169	0.164	0.163	0.166	0.167	0.171
9:00:39	34.7	0.168	0.170	0.171	0.176	0.171	0.165	0.170	0.167	0.167	0.166	0.169	0.178	0.165	0.168	0.171	0.168	0.167	0.164	0.169	0.169	0.179	0.166	0.168	0.172	0.160	0.168	0.167	0.165	0.166	0.169	0.162	0.172	0.169	0.164	0.163	0.161	0.165	0.167	0.180	0.167	0.166	0.166	0.162	0.162	0.166	0.163	0.170	0.177	0.164	0.163	0.171	0.171	0.175	0.176	0.176	0.169	0.166	0.165	0.176	0.172	0.165	0.167	0.169	0.164	0.180	0.168	0.168	0.169	0.166	0.165	0.172	0.170	0.164	0.167	0.167	0.164	0.164	0.169	0.164	0.169	0.164	0.167	0.167	0.171	0.167	0.167	0.173	0.169	0.166	0.166	0.169	0.164	0.162	0.166	0.167	0.171
10:00:40	34.7	0.168	0.169	0.170	0.176	0.171	0.165	0.170	0.167	0.166	0.166	0.168	0.177	0.164	0.168	0.170	0.168	0.167	0.164	0.168	0.169	0.178	0.166	0.168	0.172	0.160	0.168	0.167	0.165	0.165	0.169	0.162	0.172	0.169	0.164	0.163	0.161	0.164	0.167	0.180	0.166	0.166	0.165	0.162	0.162	0.166	0.163	0.169	0.177	0.163	0.163	0.171	0.171	0.175	0.176	0.176	0.168	0.166	0.165	0.168	0.171	0.165	0.167	0.169	0.163	0.180	0.167	0.168	0.169	0.165	0.165	0.172	0.169	0.163	0.167	0.167	0.164	0.164	0.169	0.164	0.169	0.164	0.166	0.167	0.171	0.167	0.166	0.172	0.166	0.166	0.166	0.169	0.164	0.162	0.166	0.167	0.170
11:00:41	34.7	0.168	0.168	0.170	0.176	0.170	0.164	0.170	0.169	0.166	0.165	0.168	0.177	0.164	0.168	0.170	0.168	0.166	0.163	0.169	0.169	0.178	0.166	0.167	0.171	0.160	0.167	0.167	0.164	0.165	0.169	0.162	0.172	0.169	0.164	0.163	0.161	0.164	0.167	0.180	0.166	0.166	0.165	0.162	0.161	0.166	0.162	0.168	0.177	0.163	0.163	0.171	0.171	0.174	0.178	0.175	0.168	0.166	0.165	0.168	0.171	0.164	0.167	0.169	0.164	0.180	0.167	0.167	0.168	0.165	0.165	0.172	0.169	0.163	0.167	0.167	0.163	0.164	0.169	0.164	0.169	0.164	0.166	0.167	0.170	0.166	0.166	0.172	0.166	0.166	0.166	0.168	0.163	0.162	0.166	0.167	0.170
12:00:41	34.6	0.168	0.168	0.170	0.175	0.170	0.164	0.169	0.166	0.166	0.165	0.167	0.177	0.164	0.167	0.170	0.168	0.166	0.163	0.168	0.168	0.178	0.165	0.167	0.171	0.160	0.167	0.167	0.164	0.165	0.168	0.162	0.171	0.168	0.164	0.162	0.160	0.163	0.166	0.179	0.166	0.165	0.165	0.162	0.161	0.165	0.162	0.168	0.176	0.163	0.162	0.170	0.170	0.174	0.176	0.175	0.168	0.165	0.164	0.167	0.170	0.164	0.167	0.169	0.164	0.179	0.166	0.167	0.167	0.164	0.164	0.171	0.169	0.163	0.167	0.167	0.163	0.164	0.168	0.164	0.168	0.163	0.165	0.167	0.170	0.166	0.166	0.171	0.165	0.166	0.165	0.168	0.163	0.162	0.165	0.166	0.170
13:00:41	34.6	0.167	0.168	0.169	0.175	0.170	0.164	0.169	0.166	0.170	0.165	0.167	0.177	0.163	0.167	0.169	0.167	0.166	0.163	0.167	0.168	0.177	0.165	0.167	0.170	0.159	0.166	0.166	0.164	0.164	0.168	0.162	0.171	0.168	0.163	0.162	0.160	0.163	0.165	0.179	0.165	0.165	0.165	0.161	0.161	0.165	0.162	0.168	0.175	0.162	0.162	0.170	0.169	0.174	0.177	0.174	0.168	0.165	0.164	0.167	0.169	0.164	0.166	0.169	0.164	0.179	0.167	0.167	0.167	0.165	0.164	0.170	0.168	0.163	0.166	0.166	0.163	0.163	0.168	0.163	0.168	0.164	0.166	0.166	0.170	0.166	0.165	0.170	0.165	0.165	0.165	0.168	0.163	0.161	0.165	0.166	0.170
14:00:42	34.6	0.167	0.167	0.169	0.175	0.169	0.164	0.169	0.166	0.165	0.165	0.166	0.177	0.163	0.166	0.169	0.167	0.165	0.163	0.167	0.167	0.177	0.165	0.167	0.171	0.159	0.166	0.166	0.164	0.164	0.168	0.161	0.170	0.168	0.163	0.162	0.160	0.163	0.164	0.178	0.165	0.164	0.164	0.161	0.160	0.164	0.161	0.166	0.175	0.162	0.162	0.170	0.170	0.174	0.173	0.173	0.167	0.164	0.164	0.167	0.169	0.163	0.166	0.167	0.161	0.178	0.165	0.167	0.166	0.164	0.164	0.169	0.168	0.162	0.166	0.165	0.162	0.163	0.167	0.163	0.168	0.163	0.165	0.166	0.169	0.165	0.165	0.170	0.164	0.165	0.165	0.168	0.164	0.161	0.165	0.166	0.169
15:00:42	34.7	0.167	0.167	0.169	0.175	0.169	0.164	0.169	0.166	0.167	0.165	0.166	0.178	0.164	0.166	0.168	0.166	0.164	0.162	0.167	0.167	0.176	0.164	0.166	0.171	0.159	0.166	0.165	0.163	0.164	0.167	0.161	0.170	0.167	0.162	0.162	0.160	0.162	0.164	0.178	0.164	0.164	0.163	0.160	0.160	0.164	0.161	0.166	0.175	0.161	0.161	0.169	0.168	0.173	0.174	0.174	0.166	0.164	0.163	0.166	0.169	0.163	0.165	0.168	0.162	0.178	0.165	0.167	0.166	0.163	0.163	0.169	0.168	0.162	0.165	0.165	0.162	0.162	0.166	0.163	0.167	0.162	0.164	0.167	0.169	0.166	0.165	0.169	0.164	0.165	0.164	0.167	0.162	0.161	0.165	0.166	0.169
16:00:43	34.7	0.168	0.168	0.170	0.175	0.169	0.164	0.169	0.166	0.165	0.165	0.165	0.180	0.164	0.166	0.168	0.166	0.164	0.162	0.167	0.167	0.177	0.165	0.166	0.171	0.160	0.165	0.165	0.163	0.163	0.167	0.161	0.170	0.167	0.162	0.162	0.161	0.162	0.164	0.178	0.164	0.163	0.163	0.161	0.160	0.164	0.161	0.165	0.176	0.162	0.161	0.169	0.168	0.173	0.175	0.174	0.166	0.165	0.163	0.166	0.169	0.163	0.165	0.168	0.163	0.178	0.166	0.166	0.166	0.164	0.163	0.169	0.167	0.163	0.165	0.165	0.162	0.162	0.167	0.163	0.167	0.163	0.166	0.166	0.170	0.167	0.165	0.170	0.164	0.165	0.165	0.168	0.162	0.162	0.165	0.166	0.169
17:00:43	34.7	0.170	0.169	0.170	0.175	0.171	0.168	0.171	0.169	0.167	0.167	0.167	0.189	0.167	0.166	0.168	0.166	0.164	0.164	0.167	0.167	0.176	0.165	0.170	0.179	0.163	0.165	0.165	0.163	0.164	0.168	0.162	0.170	0.167	0.163	0.163	0.164	0.163	0.164	0.178	0.164	0.163	0.163	0.161	0.160	0.164	0.161	0.167	0.176	0.162	0.162	0.169	0.168	0.173	0.174	0.174	0.167	0.165	0.164	0.166	0.171	0.163	0.165	0.168	0.163	0.178	0.165	0.166	0.166	0.165	0.164	0.169	0.168	0.164	0.165	0.165	0.162	0.162	0.166	0.163	0.167	0.163	0.166	0.167	0.171	0.169	0.165	0.175	0.168	0.166	0.167	0.169	0.164	0.166	0.165	0.173	0.172
18:00:43	34.7	0.180	0.176	0.176	0.182	0.176	0.179	0.179	0.178	0.179	0.178	0.180	0.200	0.174	0.169	0.168	0.166	0.166	0.174	0.174	0.173	0.181	0.173	0.181	0.191	0.172	0.166	0.166	0.164	0.164	0.170	0.165	0.172	0.169	0.164	0.172	0.175	0.165	0.165	0.180	0.165	0.163	0.163	0.162	0.162	0.164	0.161	0.166	0.181	0.166	0.163	0.170	0.168	0.173	0.175	0.177	0.167	0.166	0.165	0.170	0.187	0.165	0.168	0.170	0.165	0.178	0.165	0.167	0.166	0.167	0.166	0.175	0.175	0.169	0.171	0.189	0.163	0.163	0.167	0.165	0.169	0.169	0.184	0.175	0.191	0.189	0.168	0.237	0.221	0.193	0.205	0.182	0.173	0.197	0.170	0.222	0.183
19:00:44	34.7	0.192	0.187	0.187	0.194	0.190	0.190	0.192	0.189	0.189	0.187	0.190	0.217	0.185	0.179	0.170	0.169	0.172	0.185	0.188	0.187	0.194	0.185	0.191	0.204	0.182	0.169	0.170	0.169	0.170	0.177	0.175	0.179	0.177	0.171	0.184	0.185	0.180	0.173	0.201	0.168	0.164	0.165	0.171	0.169	0.168	0.165	0.172	0.195	0.193	0.168	0.182	0.171	0.176	0.182	0.187	0.171	0.174	0.171	0.181	0.216	0.177	0.233	0.202	0.193	0.181	0.169	0.181	0.171	0.182	0.185	0.218	0.196	0.186	0.174	0.263	0.180	0.171	0.211	0.235	0.191	0.204	0.227	0.226	0.205	0.223	0.188	0.257	0.201	0.274	0.257	0.222	0.195	0.214	0.251	0.243	0.200
20:00:44	34.7	0.206	0.204	0.202	0.205	0.201	0.214	0.212	0.211	0.210	0.209	0.214	0.249	0.199	0.192	0.177	0.177	0.185	0.201	0.198	0.199	0.204	0.198	0.207	0.234	0.201	0.182	0.184	0.182	0.182	0.189	0.185	0.191	0.189	0.184	0.197	0.203	0.201	0.191	0.202	0.190	0.171	0.172	0.183	0.181	0.179	0.177	0.185	0.204	0.209	0.181	0.205	0.199	0.191	0.195	0.201	0.198	0.193	0.205	0.209	0.215	0.220	0.258	0.240	0.194	0.224	0.180	0.250	0.185	0.202	0.233	0.200	0.204	0.197	0.189	0.253	0.214	0.229	0.252	0.210	0.228	0.261	0.272	0.215	0.269	0.283	0.236	0.255	0.209	0.307	0.278	0.269	0.228	0.247	0.207	0.236	0.207
21:00:45	34.7	0.239	0.236	0.233	0.233	0.223	0.246	0.244	0.244	0.242	0.241	0.244	0.270	0.223	0.213	0.189	0.187	0.196	0.237	0.227	0.230	0.231	0.228	0.241	0.259	0.232	0.193	0.195	0.195	0.192	0.202	0.203	0.203	0.206	0.197	0.228	0.237	0.202	0.194	0.219	0.218	0.185	0.186	0.201	0.192	0.190	0.189	0.196	0.227	0.220	0.194	0.261	0.244	0.235	0.215	0.227	0.220	0.199	0.246	0.208	0.237	0.196	0.200	0.203	0.232	0.252	0.209	0.236	0.210	0.246	0.268	0.244	0.224	0.219	0.205	0.284	0.266	0.274	0.257	0.202	0.278	0.295	0.317	0.251	0.293	0.252	0.247	0.226	0.294	0.325	0.306	0.273	0.265	0.289	0.256	0.371	0.249
22:00:45	34.7	0.261	0.255	0.257	0.261	0.253	0.268	0.267	0.262	0.266	0.262	0.269	0.291	0.246	0.247	0.203	0.204	0.220	0.258	0.255	0.259	0.264	0.255	0.263	0.285	0.246	0.221	0.220	0.222	0.217	0.232	0.241	0.230	0.238	0.225	0.250	0.256	0.228	0.222	0.261	0.315	0.206	0.196	0.232	0.220	0.206	0.208	0.220	0.257	0.248	0.212	0.237	0.245	0.304	0.265	0.281	0.208	0.227	0.260	0.241	0.259	0.224	0.252	0.231	0.285	0.219	0.248	0.331	0.255	0.237	0.325	0.253	0.250	0.246	0.236	0.269	0.278	0.278	0.299	0.244	0.327	0.280	0.351	0.258	0.259	0.302	0.244	0.362	0.307	0.390	0.319	0.300	0.276	0.332	0.254	0.313	0.260
23:00:45	34.5	0.285	0.282	0.286	0.288	0.271	0.273	0.279	0.277	0.279	0.279	0.273	0.289	0.266	0.269	0.236	0.237	0.247	0.279	0.286	0.288	0.285	0.283	0.281	0.285	0.262	0.256	0.252	0.252	0.248	0.259	0.255	0.256	0.261	0.251	0.276	0.271	0.255	0.250	0.280	0.278	0.234	0.223	0.251	0.248	0.241	0.240	0.249	0.280	0.258	0.269	0.270	0.259	0.249	0.307	0.274	0.243	0.274	0.250	0.263	0.284	0.310	0.324	0.261	0.259	0.261	0.241	0.324	0.243	0.256	0.306	0.298	0.274	0.270	0.260	0.264	0.315	0.262	0.256	0.270	0.266	0.310	0.361	0.316	0.281	0.273	0.331	0.280	0.333	0.279	0.326	0.292	0.288	0.286	0.273	0.302	0.280
0:00:00																																																																																																	

Results
	1	2	3	4	5	6	7	8	9	10	11	12
A	0.404	0.402	0.421	0.408	0.357	0.388	0.382	0.377	0.394	0.394	0.389	0.393	Max V [600]
	0.991	0.994	0.990	0.981	0.980	0.979	0.980	0.979	0.984	0.987	0.977	0.992	R-Squared [600]
	21:00:45	21:00:45	21:00:45	21:00:45	21:00:45	20:00:44	21:00:45	21:00:45	21:00:45	21:00:45	20:00:44	20:00:44	t at Max V [600]
	18:21:02	18:42:26	18:42:39	18:21:17	18:34:49	17:52:28	18:14:41	18:04:55	18:20:47	18:16:05	18:09:52	17:20:46	Lagtime [600]
B	0.349	0.393	0.262	0.274	0.312	0.409	0.423	0.439	0.405	0.422	0.392	0.405	Max V [600]
	0.994	0.977	0.913	0.913	0.963	0.989	0.976	0.982	0.978	0.987	0.986	0.988	R-Squared [600]
	21:00:45	21:00:45	21:00:45	21:00:45	21:00:45	21:00:45	21:00:45	21:00:45	21:00:45	21:00:45	21:00:45	20:00:44	t at Max V [600]
	18:23:25	18:56:00	19:39:23	19:40:09	19:16:46	18:23:13	18:42:04	18:43:58	18:54:16	18:40:17	18:53:26	17:47:25	Lagtime [600]
C	0.341	0.354	0.331	0.342	0.319	0.343	0.360	0.323	0.362	0.333	0.394	0.374	Max V [600]
	0.982	0.941	0.953	0.959	0.947	0.959	0.959	0.964	0.972	0.966	0.988	0.981	R-Squared [600]
	21:00:45	21:00:45	21:00:45	21:00:45	21:00:45	21:00:45	21:00:45	21:00:45	21:00:45	21:00:45	21:00:45	21:00:45	t at Max V [600]
	18:00:23	19:24:12	19:21:49	19:15:35	19:20:27	19:04:56	18:52:08	19:08:32	19:05:12	19:05:07	18:24:53	18:06:50	Lagtime [600]
D	0.295	0.309	0.362	0.585	0.293	0.233	0.348	0.330	0.287	0.300	0.317	0.371	Max V [600]
	0.934	0.939	0.910	0.805	0.946	0.943	0.976	0.953	0.926	0.948	0.961	0.975	R-Squared [600]
	21:00:45	21:00:45	21:00:45	20:00:44	21:00:45	21:00:45	21:00:45	21:00:45	21:00:45	21:00:45	21:00:45	21:00:45	t at Max V [600]
	18:24:04	19:07:39	18:46:23	18:48:21	19:41:03	19:33:39	18:58:40	19:06:08	19:22:59	19:20:56	19:33:23	18:38:58	Lagtime [600]
E	0.318	0.385	0.366	0.378	0.537	0.534	0.423	0.256	0.389	0.442	0.327	0.298	Max V [600]
	0.977	0.875	0.815	0.905	0.848	0.943	0.902	0.833	0.905	0.952	0.945	0.926	R-Squared [600]
	20:00:44	21:00:45	19:00:44	20:00:44	20:00:44	21:00:45	21:00:45	21:00:45	21:00:45	20:00:44	21:00:45	21:00:45	t at Max V [600]
	17:51:21	19:46:18	17:52:58	18:36:37	18:46:42	19:12:12	18:46:35	18:38:50	19:01:39	18:26:35	18:29:35	17:22:39	Lagtime [600]
F	0.450	0.422	0.299	0.465	0.322	0.354	0.639	0.360	0.342	0.665	0.351	0.337	Max V [600]
	0.702	0.819	0.793	0.905	0.825	0.901	0.866	0.886	0.891	0.977	0.807	0.973	R-Squared [600]
	21:00:45	18:00:44	18:00:44	20:00:44	19:00:44	21:00:45	20:00:44	20:00:44	20:00:44	20:00:44	21:00:45	21:00:45	t at Max V [600]
	18:53:03	16:56:00	16:58:21	18:12:33	17:55:11	19:04:14	18:20:51	19:06:37	18:05:56	18:22:01	17:53:03	18:14:58	Lagtime [600]
G	0.361	0.363	0.503	0.555	0.555	0.516	0.280	0.671	0.592	0.706	0.373	0.535	Max V [600]
	0.982	0.979	0.876	0.975	0.928	0.956	0.622	0.978	0.946	0.998	0.802	0.942	R-Squared [600]
	21:00:45	21:00:45	19:00:44	21:00:45	20:00:44	20:00:44	18:00:44	20:00:44	19:00:44	20:00:44	21:00:45	19:00:44	t at Max V [600]
	18:21:03	19:03:42	16:59:19	18:29:14	18:20:31	17:54:26	16:48:36	18:21:00	17:32:26	17:38:48	17:20:29	17:22:48	Lagtime [600]
H	0.477	0.491	0.420	0.603	0.744	0.587	0.495	0.459	0.573	0.367	0.684	0.351	Max V [600]
	0.875	0.811	0.855	0.911	0.948	0.977	0.944	0.977	0.977	0.652	0.779	0.951	R-Squared [600]
	18:00:44	21:00:45	18:00:44	21:00:45	20:00:44	19:00:44	19:00:44	20:00:44	20:00:44	19:00:44	19:00:44	21:00:45	t at Max V [600]
	16:43:16	18:17:12	16:25:44	18:17:45	17:07:45	16:55:20	17:17:39	17:50:16	17:21:55	17:10:54	17:04:34	17:51:39	Lagtime [600]

