
Software Version	3.11.19



Experiment File Path:	C:\Users\patil-group\Desktop\Sweeteners_stacker\231121_NT5048_77_81_Rep1\NT5048_77_81_Rep1.xpt
Protocol File Path:	C:\Users\Public\Documents\Protocols\Screening-protocol.prt



Plate Number	Plate 13
Date	23/11/2021
Time	14:48:59
Reader Type:	Epoch 2
Reader Serial Number:	2103223
Reading Type	Reader

Procedure Details

Plate Type	96 WELL PLATE
Discontinuous Kinetics	Runtime 1:00:00 (D:HH:MM), Interval 0:01:00, 25 Reads
	Pause after each run
Eject plate on completion	
Shake	Linear: 0:00:30 (HH:MM:SS)
	Frequency: 567 cpm (3 mm)
Read	Absorbance Endpoint
	Full Plate
	Wavelengths:  600
	Read Speed: Normal,  Delay: 100 msec,  Measurements/Data Point: 8

600

Time	T° 600	A1	A2	A3	A4	A5	A6	A7	A8	A9	A10	A11	A12	B1	B2	B3	B4	B5	B6	B7	B8	B9	B10	B11	B12	C1	C2	C3	C4	C5	C6	C7	C8	C9	C10	C11	C12	D1	D2	D3	D4	D5	D6	D7	D8	D9	D10	D11	D12	E1	E2	E3	E4	E5	E6	E7	E8	E9	E10	E11	E12	F1	F2	F3	F4	F5	F6	F7	F8	F9	F10	F11	F12	G1	G2	G3	G4	G5	G6	G7	G8	G9	G10	G11	G12	H1	H2	H3	H4	H5	H6	H7	H8	H9	H10	H11	H12
0:00:34	34.5	0.172	0.180	0.170	0.173	0.167	0.164	0.169	0.166	0.173	0.165	0.166	0.174	0.172	0.173	0.167	0.171	0.170	0.163	0.171	0.171	0.184	0.164	0.169	0.174	0.179	0.176	0.174	0.166	0.172	0.177	0.167	0.174	0.178	0.170	0.172	0.170	0.184	0.184	0.179	0.170	0.178	0.166	0.168	0.164	0.172	0.173	0.168	0.169	0.193	0.175	0.173	0.176	0.184	0.168	0.172	0.167	0.166	0.169	0.166	0.171	0.178	0.166	0.170	0.182	0.175	0.167	0.167	0.174	0.172	0.166	0.165	0.169	0.176	0.170	0.177	0.176	0.173	0.172	0.168	0.164	0.180	0.165	0.171	0.173	0.176	0.176	0.171	0.169	0.171	0.171	0.165	0.165	0.168	0.166	0.168	0.168
1:00:31	34.7	0.173	0.179	0.171	0.173	0.167	0.164	0.169	0.165	0.173	0.164	0.167	0.174	0.173	0.175	0.169	0.172	0.171	0.164	0.171	0.171	0.183	0.164	0.169	0.174	0.179	0.177	0.175	0.166	0.172	0.174	0.167	0.174	0.176	0.169	0.172	0.170	0.184	0.184	0.180	0.170	0.177	0.166	0.168	0.164	0.170	0.171	0.169	0.169	0.185	0.176	0.173	0.176	0.183	0.168	0.172	0.166	0.165	0.169	0.166	0.171	0.177	0.167	0.172	0.182	0.177	0.167	0.167	0.174	0.172	0.166	0.165	0.169	0.177	0.172	0.177	0.178	0.174	0.172	0.168	0.164	0.180	0.165	0.171	0.173	0.177	0.176	0.172	0.169	0.172	0.171	0.165	0.165	0.168	0.167	0.168	0.168
2:00:33	34.8	0.176	0.180	0.174	0.174	0.170	0.166	0.169	0.166	0.174	0.165	0.169	0.177	0.175	0.177	0.171	0.173	0.173	0.166	0.172	0.172	0.185	0.166	0.171	0.177	0.181	0.178	0.176	0.167	0.172	0.175	0.168	0.175	0.177	0.170	0.173	0.172	0.187	0.185	0.180	0.172	0.178	0.167	0.171	0.165	0.171	0.172	0.171	0.171	0.186	0.177	0.175	0.178	0.184	0.169	0.172	0.166	0.166	0.169	0.168	0.172	0.179	0.169	0.174	0.184	0.178	0.168	0.168	0.175	0.173	0.167	0.167	0.171	0.180	0.174	0.179	0.179	0.176	0.172	0.170	0.166	0.181	0.166	0.172	0.175	0.180	0.179	0.175	0.172	0.174	0.172	0.167	0.166	0.170	0.168	0.169	0.170
3:00:33	34.8	0.183	0.185	0.178	0.178	0.175	0.170	0.173	0.170	0.179	0.169	0.172	0.183	0.181	0.181	0.175	0.176	0.175	0.170	0.175	0.176	0.188	0.169	0.175	0.182	0.186	0.182	0.179	0.171	0.175	0.178	0.171	0.178	0.180	0.173	0.177	0.177	0.192	0.188	0.183	0.175	0.181	0.171	0.174	0.168	0.174	0.175	0.175	0.177	0.192	0.182	0.178	0.181	0.187	0.172	0.174	0.167	0.169	0.173	0.171	0.177	0.184	0.173	0.178	0.187	0.181	0.172	0.171	0.179	0.176	0.171	0.171	0.176	0.187	0.179	0.183	0.183	0.180	0.177	0.174	0.170	0.184	0.171	0.175	0.179	0.185	0.184	0.180	0.177	0.178	0.177	0.171	0.170	0.174	0.173	0.174	0.176
04:00:34	34.7	0.19	0.191	0.186	0.184	0.181	0.176	0.178	0.195	0.185	0.175	0.18	0.189	0.188	0.187	0.181	0.189	0.185	0.175	0.193	0.181	0.194	0.175	0.181	0.189	0.191	0.188	0.184	0.179	0.181	0.184	0.176	0.184	0.185	0.178	0.183	0.183	0.198	0.209	0.188	0.181	0.185	0.176	0.176	0.173	0.179	0.18	0.182	0.182	0.198	0.189	0.184	0.188	0.193	0.178	0.178	0.169	0.174	0.179	0.177	0.181	0.191	0.179	0.185	0.192	0.187	0.179	0.177	0.184	0.181	0.176	0.176	0.182	0.193	0.185	0.188	0.189	0.185	0.183	0.18	0.175	0.19	0.176	0.181	0.184	0.191	0.188	0.184	0.182	0.184	0.184	0.176	0.175	0.179	0.178	0.179	0.181
05:00:34	34.7	0.2	0.199	0.195	0.192	0.19	0.185	0.186	0.202	0.194	0.183	0.19	0.2	0.197	0.193	0.188	0.195	0.191	0.182	0.198	0.188	0.201	0.181	0.188	0.198	0.199	0.194	0.19	0.184	0.187	0.189	0.181	0.19	0.19	0.185	0.189	0.193	0.206	0.213	0.194	0.186	0.19	0.182	0.181	0.179	0.185	0.187	0.188	0.191	0.205	0.195	0.19	0.193	0.199	0.183	0.182	0.173	0.18	0.185	0.182	0.188	0.199	0.186	0.19	0.198	0.193	0.185	0.183	0.19	0.189	0.182	0.183	0.19	0.202	0.194	0.194	0.195	0.192	0.189	0.187	0.182	0.196	0.182	0.187	0.192	0.201	0.196	0.193	0.19	0.19	0.19	0.182	0.181	0.185	0.185	0.187	0.19
06:00:34	34.8	0.222	0.217	0.212	0.208	0.205	0.202	0.199	0.218	0.211	0.199	0.206	0.221	0.215	0.206	0.201	0.206	0.202	0.197	0.21	0.201	0.213	0.194	0.202	0.216	0.215	0.204	0.201	0.194	0.196	0.198	0.191	0.201	0.2	0.195	0.202	0.211	0.222	0.223	0.205	0.195	0.2	0.191	0.19	0.189	0.195	0.198	0.202	0.207	0.222	0.207	0.201	0.202	0.208	0.193	0.188	0.179	0.19	0.195	0.193	0.202	0.216	0.199	0.202	0.208	0.205	0.195	0.193	0.2	0.197	0.194	0.198	0.207	0.22	0.208	0.205	0.206	0.203	0.2	0.201	0.195	0.207	0.195	0.199	0.206	0.221	0.213	0.207	0.205	0.205	0.204	0.196	0.194	0.199	0.2	0.203	0.208
07:00:34	34.8	0.258	0.248	0.241	0.236	0.234	0.23	0.225	0.245	0.241	0.227	0.233	0.256	0.246	0.23	0.225	0.226	0.222	0.217	0.231	0.224	0.233	0.215	0.228	0.247	0.243	0.225	0.22	0.213	0.213	0.215	0.21	0.222	0.219	0.212	0.225	0.24	0.25	0.243	0.225	0.212	0.216	0.208	0.207	0.204	0.214	0.215	0.225	0.235	0.264	0.231	0.22	0.219	0.227	0.211	0.199	0.189	0.208	0.214	0.213	0.227	0.246	0.222	0.224	0.227	0.224	0.213	0.211	0.219	0.214	0.214	0.222	0.234	0.252	0.232	0.226	0.226	0.225	0.221	0.225	0.219	0.228	0.217	0.221	0.23	0.254	0.243	0.234	0.232	0.23	0.23	0.22	0.218	0.224	0.226	0.231	0.239
08:00:34	34.8	0.307	0.29	0.285	0.276	0.276	0.271	0.264	0.285	0.282	0.267	0.272	0.304	0.29	0.265	0.259	0.257	0.254	0.25	0.262	0.258	0.265	0.248	0.266	0.291	0.284	0.257	0.252	0.243	0.242	0.243	0.239	0.254	0.248	0.238	0.261	0.284	0.29	0.275	0.255	0.24	0.243	0.235	0.233	0.229	0.245	0.242	0.26	0.276	0.289	0.266	0.25	0.247	0.256	0.239	0.216	0.205	0.237	0.243	0.242	0.263	0.288	0.259	0.257	0.257	0.255	0.242	0.239	0.249	0.242	0.246	0.258	0.274	0.295	0.268	0.259	0.26	0.258	0.253	0.26	0.254	0.261	0.251	0.253	0.264	0.299	0.287	0.273	0.273	0.267	0.269	0.255	0.253	0.261	0.265	0.272	0.282
09:00:34	34.8	0.363	0.342	0.336	0.325	0.328	0.323	0.312	0.334	0.333	0.317	0.323	0.358	0.344	0.314	0.306	0.299	0.297	0.294	0.304	0.301	0.308	0.293	0.316	0.345	0.335	0.302	0.295	0.285	0.282	0.282	0.28	0.297	0.29	0.276	0.309	0.337	0.341	0.319	0.298	0.28	0.281	0.274	0.269	0.264	0.287	0.281	0.305	0.326	0.338	0.311	0.292	0.287	0.297	0.279	0.242	0.23	0.276	0.284	0.285	0.309	0.34	0.307	0.302	0.3	0.298	0.281	0.279	0.291	0.282	0.289	0.305	0.324	0.349	0.316	0.304	0.303	0.304	0.296	0.305	0.299	0.304	0.296	0.295	0.309	0.354	0.341	0.324	0.322	0.314	0.318	0.302	0.3	0.31	0.313	0.323	0.336
10:00:34	34.8	0.431	0.4	0.396	0.383	0.388	0.382	0.367	0.392	0.392	0.374	0.381	0.424	0.404	0.368	0.358	0.35	0.348	0.347	0.353	0.353	0.359	0.344	0.373	0.406	0.393	0.355	0.346	0.335	0.331	0.331	0.329	0.347	0.341	0.328	0.363	0.397	0.398	0.37	0.349	0.328	0.328	0.322	0.315	0.31	0.338	0.326	0.356	0.382	0.394	0.363	0.342	0.336	0.347	0.327	0.276	0.263	0.325	0.334	0.335	0.364	0.397	0.361	0.354	0.353	0.347	0.329	0.328	0.341	0.331	0.339	0.359	0.38	0.41	0.372	0.357	0.356	0.357	0.349	0.356	0.351	0.355	0.347	0.344	0.362	0.416	0.404	0.382	0.38	0.369	0.376	0.356	0.354	0.366	0.369	0.382	0.398
11:00:34	34.8	0.507	0.469	0.465	0.448	0.457	0.45	0.431	0.459	0.461	0.442	0.449	0.497	0.472	0.43	0.418	0.409	0.406	0.408	0.409	0.412	0.422	0.404	0.439	0.476	0.458	0.415	0.404	0.392	0.385	0.385	0.384	0.404	0.397	0.385	0.426	0.467	0.462	0.427	0.406	0.382	0.38	0.376	0.365	0.362	0.394	0.378	0.415	0.448	0.457	0.42	0.397	0.391	0.401	0.381	0.314	0.301	0.379	0.389	0.392	0.428	0.461	0.42	0.413	0.409	0.402	0.382	0.381	0.396	0.385	0.396	0.421	0.445	0.476	0.436	0.416	0.416	0.417	0.407	0.417	0.41	0.413	0.407	0.4	0.417	0.488	0.472	0.448	0.446	0.433	0.441	0.418	0.417	0.432	0.434	0.452	0.469
12:00:34	34.8	0.588	0.541	0.538	0.52	0.531	0.523	0.501	0.532	0.536	0.516	0.523	0.573	0.543	0.498	0.484	0.474	0.472	0.475	0.472	0.478	0.483	0.471	0.511	0.551	0.53	0.481	0.469	0.457	0.446	0.446	0.447	0.469	0.462	0.448	0.495	0.541	0.533	0.491	0.469	0.443	0.439	0.435	0.422	0.42	0.458	0.436	0.48	0.519	0.523	0.485	0.459	0.453	0.462	0.442	0.356	0.344	0.439	0.451	0.455	0.499	0.531	0.487	0.479	0.474	0.464	0.442	0.443	0.46	0.447	0.46	0.49	0.515	0.548	0.506	0.482	0.483	0.485	0.472	0.482	0.475	0.477	0.473	0.463	0.481	0.56	0.55	0.52	0.517	0.503	0.513	0.487	0.486	0.503	0.504	0.526	0.543
13:00:34	34.8	0.652	0.614	0.609	0.594	0.607	0.596	0.574	0.604	0.609	0.588	0.597	0.634	0.616	0.57	0.556	0.545	0.542	0.547	0.542	0.55	0.553	0.543	0.588	0.625	0.602	0.553	0.539	0.526	0.514	0.514	0.515	0.538	0.533	0.518	0.569	0.616	0.603	0.56	0.538	0.508	0.505	0.501	0.485	0.484	0.528	0.5	0.549	0.592	0.606	0.551	0.526	0.519	0.529	0.508	0.404	0.392	0.505	0.518	0.524	0.573	0.603	0.557	0.548	0.546	0.532	0.508	0.51	0.529	0.514	0.529	0.562	0.588	0.622	0.577	0.552	0.553	0.556	0.543	0.55	0.544	0.546	0.544	0.531	0.547	0.632	0.625	0.595	0.589	0.576	0.589	0.56	0.561	0.579	0.577	0.602	0.617
14:00:34	34.8	0.697	0.661	0.656	0.645	0.658	0.646	0.63	0.655	0.657	0.636	0.645	0.677	0.668	0.64	0.624	0.616	0.613	0.618	0.61	0.615	0.622	0.612	0.651	0.677	0.667	0.626	0.61	0.599	0.585	0.584	0.587	0.609	0.606	0.591	0.641	0.67	0.667	0.631	0.608	0.58	0.572	0.571	0.552	0.553	0.598	0.564	0.616	0.653	0.654	0.618	0.595	0.589	0.599	0.577	0.456	0.446	0.574	0.588	0.597	0.64	0.664	0.63	0.62	0.619	0.601	0.576	0.58	0.599	0.585	0.599	0.627	0.643	0.68	0.646	0.625	0.624	0.631	0.614	0.616	0.609	0.615	0.612	0.598	0.611	0.679	0.681	0.659	0.654	0.64	0.65	0.622	0.624	0.642	0.633	0.655	0.663
15:00:34	34.8	0.729	0.698	0.693	0.685	0.699	0.685	0.67	0.691	0.695	0.675	0.683	0.708	0.706	0.685	0.668	0.669	0.666	0.669	0.657	0.658	0.671	0.658	0.694	0.712	0.708	0.683	0.669	0.66	0.649	0.649	0.645	0.661	0.664	0.655	0.69	0.709	0.707	0.689	0.67	0.648	0.639	0.638	0.617	0.619	0.656	0.623	0.662	0.694	0.697	0.671	0.656	0.658	0.659	0.643	0.51	0.501	0.638	0.649	0.654	0.684	0.703	0.683	0.682	0.687	0.662	0.638	0.645	0.664	0.648	0.653	0.67	0.683	0.719	0.692	0.686	0.681	0.688	0.671	0.659	0.652	0.666	0.659	0.653	0.655	0.712	0.72	0.699	0.696	0.683	0.692	0.665	0.668	0.686	0.674	0.693	0.698
16:00:34	34.8	0.751	0.723	0.72	0.713	0.727	0.71	0.7	0.717	0.72	0.698	0.708	0.725	0.732	0.721	0.703	0.708	0.703	0.706	0.693	0.692	0.708	0.694	0.724	0.738	0.737	0.722	0.709	0.701	0.69	0.691	0.685	0.699	0.704	0.698	0.726	0.735	0.738	0.727	0.71	0.691	0.684	0.682	0.66	0.661	0.698	0.662	0.696	0.723	0.727	0.708	0.694	0.705	0.701	0.685	0.561	0.555	0.68	0.689	0.692	0.714	0.731	0.72	0.721	0.732	0.701	0.678	0.686	0.704	0.689	0.691	0.703	0.71	0.748	0.731	0.726	0.717	0.724	0.709	0.691	0.685	0.701	0.694	0.688	0.685	0.736	0.744	0.73	0.729	0.713	0.721	0.697	0.7	0.714	0.702	0.718	0.721
17:00:34	34.8	0.762	0.741	0.736	0.73	0.744	0.726	0.719	0.733	0.736	0.713	0.724	0.733	0.75	0.745	0.726	0.735	0.729	0.729	0.718	0.713	0.733	0.717	0.745	0.754	0.757	0.75	0.738	0.73	0.721	0.724	0.714	0.723	0.73	0.729	0.748	0.752	0.759	0.754	0.741	0.724	0.717	0.714	0.693	0.694	0.728	0.694	0.717	0.741	0.747	0.735	0.725	0.74	0.731	0.715	0.595	0.593	0.711	0.718	0.72	0.733	0.749	0.745	0.749	0.76	0.732	0.706	0.718	0.734	0.719	0.716	0.723	0.727	0.764	0.757	0.755	0.744	0.748	0.735	0.712	0.707	0.727	0.717	0.712	0.703	0.752	0.761	0.749	0.748	0.733	0.74	0.718	0.719	0.732	0.719	0.734	0.734
18:00:34	34.8	0.762	0.749	0.744	0.741	0.752	0.733	0.729	0.74	0.742	0.719	0.73	0.729	0.76	0.761	0.741	0.751	0.746	0.744	0.733	0.725	0.749	0.732	0.756	0.76	0.769	0.768	0.757	0.747	0.741	0.742	0.733	0.738	0.747	0.749	0.761	0.759	0.771	0.773	0.761	0.746	0.736	0.736	0.716	0.717	0.745	0.716	0.731	0.75	0.761	0.751	0.746	0.762	0.748	0.735	0.623	0.623	0.731	0.738	0.737	0.744	0.76	0.76	0.768	0.78	0.75	0.725	0.739	0.751	0.739	0.735	0.736	0.736	0.77	0.775	0.771	0.762	0.764	0.752	0.726	0.721	0.742	0.731	0.726	0.713	0.758	0.772	0.762	0.765	0.746	0.751	0.731	0.731	0.742	0.728	0.742	0.738
19:00:34	34.7	0.737	0.746	0.743	0.741	0.752	0.729	0.731	0.736	0.737	0.714	0.724	0.703	0.759	0.77	0.747	0.76	0.754	0.752	0.742	0.733	0.757	0.74	0.76	0.753	0.773	0.777	0.767	0.757	0.752	0.755	0.744	0.746	0.756	0.76	0.766	0.755	0.776	0.785	0.772	0.758	0.748	0.748	0.73	0.729	0.755	0.73	0.738	0.75	0.766	0.761	0.759	0.776	0.758	0.746	0.646	0.649	0.744	0.75	0.746	0.746	0.763	0.77	0.777	0.789	0.761	0.738	0.75	0.764	0.751	0.743	0.74	0.737	0.776	0.786	0.781	0.773	0.773	0.761	0.733	0.729	0.75	0.739	0.733	0.715	0.752	0.769	0.766	0.767	0.751	0.753	0.735	0.734	0.745	0.731	0.741	0.732
20:00:34	34.8	0.715	0.724	0.722	0.726	0.738	0.712	0.721	0.719	0.718	0.692	0.703	0.684	0.741	0.769	0.747	0.759	0.756	0.751	0.743	0.732	0.759	0.741	0.752	0.733	0.763	0.778	0.771	0.759	0.756	0.758	0.748	0.748	0.758	0.767	0.764	0.742	0.771	0.79	0.777	0.764	0.754	0.754	0.738	0.736	0.757	0.738	0.738	0.741	0.774	0.765	0.765	0.784	0.761	0.752	0.663	0.666	0.749	0.756	0.747	0.737	0.76	0.772	0.78	0.791	0.765	0.744	0.755	0.767	0.756	0.746	0.735	0.726	0.762	0.787	0.784	0.777	0.773	0.763	0.734	0.731	0.753	0.739	0.729	0.708	0.741	0.756	0.758	0.758	0.746	0.744	0.731	0.728	0.735	0.723	0.728	0.714
21:00:34	34.9	0.702	0.701	0.698	0.7	0.726	0.698	0.703	0.704	0.702	0.682	0.69	0.694	0.727	0.756	0.738	0.752	0.749	0.744	0.736	0.722	0.748	0.733	0.739	0.715	0.748	0.769	0.765	0.754	0.753	0.756	0.746	0.742	0.752	0.764	0.752	0.73	0.755	0.787	0.775	0.765	0.753	0.754	0.741	0.737	0.752	0.74	0.729	0.725	0.752	0.763	0.765	0.786	0.76	0.752	0.676	0.681	0.748	0.756	0.738	0.724	0.743	0.765	0.776	0.783	0.762	0.743	0.753	0.765	0.754	0.742	0.725	0.718	0.746	0.77	0.779	0.773	0.767	0.757	0.726	0.724	0.747	0.729	0.718	0.688	0.722	0.742	0.742	0.74	0.733	0.731	0.717	0.715	0.723	0.711	0.715	0.704
22:00:34	34.9	0.691	0.685	0.695	0.693	0.72	0.693	0.695	0.696	0.695	0.677	0.682	0.669	0.721	0.746	0.727	0.736	0.738	0.735	0.723	0.715	0.733	0.725	0.734	0.707	0.742	0.758	0.757	0.748	0.746	0.747	0.737	0.735	0.743	0.753	0.745	0.725	0.741	0.778	0.767	0.756	0.746	0.748	0.735	0.731	0.743	0.729	0.72	0.717	0.738	0.753	0.758	0.78	0.762	0.747	0.683	0.688	0.739	0.748	0.728	0.716	0.729	0.754	0.767	0.772	0.754	0.735	0.745	0.756	0.744	0.733	0.72	0.711	0.735	0.756	0.767	0.762	0.757	0.748	0.721	0.718	0.736	0.721	0.708	0.677	0.711	0.734	0.732	0.73	0.722	0.726	0.71	0.709	0.716	0.704	0.713	0.701
23:00:34	34.9	0.689	0.675	0.692	0.686	0.712	0.681	0.689	0.691	0.689	0.671	0.675	0.659	0.715	0.74	0.722	0.731	0.732	0.729	0.717	0.71	0.724	0.718	0.73	0.7	0.736	0.751	0.752	0.742	0.741	0.741	0.733	0.732	0.738	0.746	0.74	0.719	0.736	0.77	0.76	0.752	0.741	0.742	0.729	0.724	0.737	0.715	0.715	0.712	0.763	0.746	0.75	0.77	0.757	0.743	0.683	0.69	0.734	0.741	0.724	0.711	0.723	0.748	0.76	0.767	0.748	0.73	0.74	0.751	0.737	0.728	0.717	0.705	0.729	0.747	0.759	0.754	0.753	0.743	0.717	0.714	0.731	0.717	0.7	0.672	0.704	0.728	0.727	0.726	0.718	0.72	0.706	0.703	0.712	0.698	0.708	0.695
0:00:00																																																																																																	
0:00:00																																																																																																	
0:00:00																																																																																																	
0:00:00																																																																																																	
0:00:00																																																																																																	
0:00:00																																																																																																	
0:00:00																																																																																																	
0:00:00																																																																																																	
0:00:00																																																																																																	
0:00:00																																																																																																	
0:00:00																																																																																																	
0:00:00																																																																																																	
0:00:00																																																																																																	
0:00:00																																																																																																	
0:00:00																																																																																																	
0:00:00																																																																																																	
0:00:00																																																																																																	
0:00:00																																																																																																	
0:00:00																																																																																																	
0:00:00																																																																																																	
0:00:00																																																																																																	

Results
	1	2	3	4	5	6	7	8	9	10	11	12
A	?????	?????	?????	?????	?????	?????	?????	?????	?????	?????	?????	?????	Max V [600]
	?????	?????	?????	?????	?????	?????	?????	?????	?????	?????	?????	?????	R-Squared [600]
	?????	?????	?????	?????	?????	?????	?????	?????	?????	?????	?????	?????	t at Max V [600]
	?????	?????	?????	?????	?????	?????	?????	?????	?????	?????	?????	?????	Lagtime [600]
B	?????	?????	?????	?????	?????	?????	?????	?????	?????	?????	?????	?????	Max V [600]
	?????	?????	?????	?????	?????	?????	?????	?????	?????	?????	?????	?????	R-Squared [600]
	?????	?????	?????	?????	?????	?????	?????	?????	?????	?????	?????	?????	t at Max V [600]
	?????	?????	?????	?????	?????	?????	?????	?????	?????	?????	?????	?????	Lagtime [600]
C	?????	?????	?????	?????	?????	?????	?????	?????	?????	?????	?????	?????	Max V [600]
	?????	?????	?????	?????	?????	?????	?????	?????	?????	?????	?????	?????	R-Squared [600]
	?????	?????	?????	?????	?????	?????	?????	?????	?????	?????	?????	?????	t at Max V [600]
	?????	?????	?????	?????	?????	?????	?????	?????	?????	?????	?????	?????	Lagtime [600]
D	?????	?????	?????	?????	?????	?????	?????	?????	?????	?????	?????	?????	Max V [600]
	?????	?????	?????	?????	?????	?????	?????	?????	?????	?????	?????	?????	R-Squared [600]
	?????	?????	?????	?????	?????	?????	?????	?????	?????	?????	?????	?????	t at Max V [600]
	?????	?????	?????	?????	?????	?????	?????	?????	?????	?????	?????	?????	Lagtime [600]
E	?????	?????	?????	?????	?????	?????	?????	?????	?????	?????	?????	?????	Max V [600]
	?????	?????	?????	?????	?????	?????	?????	?????	?????	?????	?????	?????	R-Squared [600]
	?????	?????	?????	?????	?????	?????	?????	?????	?????	?????	?????	?????	t at Max V [600]
	?????	?????	?????	?????	?????	?????	?????	?????	?????	?????	?????	?????	Lagtime [600]
F	?????	?????	?????	?????	?????	?????	?????	?????	?????	?????	?????	?????	Max V [600]
	?????	?????	?????	?????	?????	?????	?????	?????	?????	?????	?????	?????	R-Squared [600]
	?????	?????	?????	?????	?????	?????	?????	?????	?????	?????	?????	?????	t at Max V [600]
	?????	?????	?????	?????	?????	?????	?????	?????	?????	?????	?????	?????	Lagtime [600]
G	?????	?????	?????	?????	?????	?????	?????	?????	?????	?????	?????	?????	Max V [600]
	?????	?????	?????	?????	?????	?????	?????	?????	?????	?????	?????	?????	R-Squared [600]
	?????	?????	?????	?????	?????	?????	?????	?????	?????	?????	?????	?????	t at Max V [600]
	?????	?????	?????	?????	?????	?????	?????	?????	?????	?????	?????	?????	Lagtime [600]
H	?????	?????	?????	?????	?????	?????	?????	?????	?????	?????	?????	?????	Max V [600]
	?????	?????	?????	?????	?????	?????	?????	?????	?????	?????	?????	?????	R-Squared [600]
	?????	?????	?????	?????	?????	?????	?????	?????	?????	?????	?????	?????	t at Max V [600]
	?????	?????	?????	?????	?????	?????	?????	?????	?????	?????	?????	?????	Lagtime [600]

