
Software Version	3.11.19



Experiment File Path:	C:\Users\patil-group\Desktop\Sweeteners_stacker\181121_NT5026_37_38_Rep3\NT5026_37_38_Rep3.xpt
Protocol File Path:	C:\Users\Public\Documents\Protocols\Screening-protocol.prt



Plate Number	Plate 12
Date	18/11/2021
Time	15:22:53
Reader Type:	Epoch 2
Reader Serial Number:	2103223
Reading Type	Reader

Procedure Details

Plate Type	96 WELL PLATE
Discontinuous Kinetics	Runtime 1:00:00 (D:HH:MM), Interval 0:01:00, 25 Reads
	Pause after each run
Eject plate on completion	
Shake	Linear: 0:00:30 (HH:MM:SS)
	Frequency: 567 cpm (3 mm)
Read	Absorbance Endpoint
	Full Plate
	Wavelengths:  600
	Read Speed: Normal,  Delay: 100 msec,  Measurements/Data Point: 8

600

Time	T° 600	A1	A2	A3	A4	A5	A6	A7	A8	A9	A10	A11	A12	B1	B2	B3	B4	B5	B6	B7	B8	B9	B10	B11	B12	C1	C2	C3	C4	C5	C6	C7	C8	C9	C10	C11	C12	D1	D2	D3	D4	D5	D6	D7	D8	D9	D10	D11	D12	E1	E2	E3	E4	E5	E6	E7	E8	E9	E10	E11	E12	F1	F2	F3	F4	F5	F6	F7	F8	F9	F10	F11	F12	G1	G2	G3	G4	G5	G6	G7	G8	G9	G10	G11	G12	H1	H2	H3	H4	H5	H6	H7	H8	H9	H10	H11	H12
0:00:34	34.7	0.161	0.156	0.161	0.168	0.160	0.169	0.161	0.165	0.161	0.164	0.154	0.165	0.163	0.167	0.177	0.166	0.153	0.157	0.171	0.165	0.167	0.158	0.157	0.156	0.160	0.166	0.167	0.160	0.167	0.157	0.158	0.173	0.159	0.159	0.161	0.163	0.167	0.163	0.162	0.165	0.167	0.157	0.165	0.172	0.163	0.166	0.164	0.174	0.157	0.158	0.158	0.170	0.160	0.155	0.161	0.160	0.159	0.162	0.185	0.167	0.178	0.186	0.173	0.162	0.164	0.173	0.161	0.173	0.170	0.160	0.161	0.159	0.167	0.161	0.163	0.163	0.163	0.161	0.169	0.159	0.169	0.158	0.162	0.161	0.159	0.161	0.168	0.161	0.158	0.160	0.160	0.159	0.166	0.161	0.164	0.160
1:00:34	34.9	0.165	0.159	0.164	0.171	0.163	0.170	0.164	0.167	0.163	0.166	0.157	0.168	0.166	0.169	0.178	0.168	0.156	0.160	0.173	0.167	0.170	0.160	0.159	0.158	0.163	0.169	0.170	0.163	0.169	0.159	0.160	0.176	0.161	0.161	0.164	0.166	0.170	0.166	0.165	0.168	0.169	0.159	0.166	0.172	0.165	0.168	0.166	0.176	0.160	0.161	0.162	0.172	0.162	0.158	0.163	0.161	0.161	0.164	0.164	0.170	0.178	0.188	0.177	0.164	0.166	0.175	0.162	0.175	0.172	0.162	0.163	0.162	0.170	0.164	0.165	0.166	0.164	0.163	0.170	0.162	0.171	0.161	0.164	0.164	0.162	0.165	0.171	0.164	0.160	0.162	0.162	0.162	0.168	0.164	0.167	0.163
2:00:34	34.9	0.166	0.159	0.165	0.171	0.163	0.169	0.165	0.168	0.164	0.167	0.157	0.169	0.168	0.171	0.180	0.169	0.158	0.161	0.174	0.168	0.171	0.162	0.160	0.159	0.166	0.170	0.171	0.165	0.170	0.161	0.162	0.177	0.163	0.162	0.165	0.168	0.171	0.169	0.168	0.171	0.171	0.160	0.168	0.173	0.167	0.170	0.168	0.177	0.161	0.162	0.163	0.175	0.164	0.159	0.164	0.163	0.163	0.165	0.171	0.172	0.181	0.189	0.180	0.166	0.168	0.176	0.164	0.176	0.172	0.163	0.165	0.164	0.172	0.165	0.167	0.169	0.166	0.165	0.171	0.163	0.173	0.162	0.166	0.164	0.162	0.167	0.174	0.164	0.161	0.163	0.163	0.162	0.168	0.166	0.167	0.163
3:00:35	34.9	0.165	0.157	0.162	0.168	0.161	0.165	0.163	0.165	0.161	0.164	0.155	0.168	0.168	0.168	0.180	0.167	0.156	0.159	0.171	0.167	0.170	0.159	0.158	0.157	0.167	0.169	0.170	0.163	0.169	0.160	0.161	0.176	0.161	0.160	0.162	0.168	0.169	0.169	0.170	0.172	0.171	0.159	0.166	0.172	0.166	0.169	0.167	0.174	0.162	0.162	0.164	0.175	0.162	0.157	0.162	0.161	0.161	0.164	0.184	0.171	0.179	0.188	0.182	0.164	0.166	0.173	0.164	0.176	0.172	0.161	0.162	0.164	0.172	0.162	0.167	0.170	0.165	0.164	0.169	0.162	0.172	0.159	0.164	0.161	0.161	0.167	0.173	0.162	0.159	0.160	0.161	0.160	0.166	0.166	0.165	0.161
4:00:35	34.9	0.166	0.159	0.164	0.170	0.162	0.166	0.164	0.165	0.162	0.165	0.155	0.169	0.169	0.169	0.180	0.167	0.156	0.160	0.171	0.167	0.169	0.159	0.158	0.157	0.168	0.170	0.171	0.164	0.169	0.161	0.161	0.176	0.160	0.160	0.162	0.168	0.171	0.170	0.170	0.172	0.170	0.158	0.165	0.171	0.165	0.168	0.166	0.175	0.163	0.160	0.162	0.174	0.162	0.157	0.162	0.161	0.160	0.163	0.163	0.171	0.182	0.188	0.183	0.164	0.166	0.173	0.162	0.173	0.170	0.160	0.162	0.164	0.172	0.163	0.167	0.169	0.163	0.162	0.169	0.162	0.172	0.159	0.163	0.162	0.164	0.169	0.175	0.164	0.161	0.162	0.162	0.162	0.168	0.166	0.166	0.163
5:00:36	34.9	0.172	0.168	0.172	0.178	0.169	0.172	0.172	0.171	0.170	0.171	0.163	0.174	0.173	0.176	0.182	0.173	0.162	0.166	0.177	0.173	0.174	0.164	0.162	0.160	0.172	0.176	0.176	0.170	0.175	0.165	0.166	0.182	0.166	0.166	0.168	0.171	0.178	0.173	0.173	0.175	0.173	0.162	0.169	0.175	0.169	0.173	0.175	0.181	0.164	0.161	0.163	0.175	0.167	0.163	0.168	0.166	0.165	0.167	0.171	0.174	0.184	0.195	0.186	0.171	0.171	0.178	0.164	0.174	0.170	0.165	0.168	0.167	0.177	0.170	0.169	0.172	0.166	0.165	0.175	0.168	0.178	0.164	0.169	0.169	0.173	0.174	0.180	0.172	0.168	0.169	0.169	0.169	0.176	0.170	0.173	0.170
6:00:37	34.9	0.184	0.183	0.186	0.192	0.182	0.185	0.185	0.184	0.181	0.184	0.178	0.184	0.184	0.190	0.191	0.186	0.174	0.178	0.189	0.184	0.184	0.173	0.172	0.169	0.182	0.188	0.186	0.181	0.186	0.175	0.177	0.193	0.176	0.180	0.181	0.179	0.193	0.181	0.181	0.182	0.180	0.173	0.180	0.186	0.180	0.183	0.185	0.193	0.167	0.165	0.168	0.181	0.178	0.174	0.178	0.177	0.175	0.177	0.231	0.181	0.193	0.209	0.195	0.184	0.182	0.188	0.171	0.180	0.175	0.176	0.178	0.175	0.187	0.182	0.177	0.177	0.173	0.172	0.186	0.179	0.188	0.174	0.180	0.179	0.186	0.185	0.191	0.185	0.182	0.182	0.182	0.182	0.188	0.179	0.185	0.182
7:00:37	34.9	0.200	0.205	0.205	0.209	0.203	0.204	0.203	0.207	0.199	0.201	0.195	0.202	0.203	0.207	0.205	0.204	0.192	0.197	0.206	0.203	0.201	0.189	0.186	0.182	0.199	0.206	0.204	0.199	0.203	0.193	0.194	0.212	0.194	0.198	0.200	0.194	0.208	0.196	0.196	0.197	0.194	0.189	0.195	0.202	0.197	0.201	0.200	0.214	0.175	0.176	0.177	0.193	0.195	0.192	0.196	0.194	0.192	0.195	0.195	0.195	0.208	0.228	0.211	0.201	0.201	0.205	0.184	0.192	0.187	0.194	0.197	0.189	0.204	0.199	0.192	0.189	0.185	0.183	0.203	0.197	0.206	0.192	0.201	0.197	0.201	0.201	0.209	0.204	0.200	0.198	0.199	0.199	0.203	0.197	0.206	0.198
8:00:38	34.9	0.214	0.217	0.223	0.226	0.220	0.222	0.223	0.218	0.219	0.219	0.214	0.220	0.220	0.225	0.223	0.221	0.211	0.218	0.225	0.223	0.216	0.204	0.202	0.196	0.218	0.227	0.224	0.221	0.222	0.213	0.211	0.229	0.214	0.214	0.214	0.210	0.224	0.212	0.211	0.213	0.208	0.206	0.211	0.226	0.213	0.216	0.212	0.220	0.190	0.194	0.195	0.212	0.209	0.212	0.212	0.209	0.206	0.205	0.209	0.209	0.222	0.240	0.229	0.220	0.218	0.223	0.201	0.209	0.203	0.210	0.209	0.219	0.220	0.215	0.210	0.203	0.200	0.198	0.219	0.222	0.220	0.210	0.216	0.213	0.209	0.219	0.229	0.226	0.215	0.216	0.225	0.227	0.236	0.213	0.236	0.249
9:00:39	34.9	0.233	0.231	0.236	0.231	0.226	0.232	0.227	0.227	0.224	0.227	0.220	0.228	0.224	0.238	0.234	0.238	0.218	0.225	0.235	0.230	0.227	0.216	0.210	0.210	0.225	0.234	0.231	0.229	0.234	0.228	0.224	0.242	0.223	0.222	0.221	0.224	0.231	0.220	0.220	0.226	0.224	0.223	0.222	0.228	0.225	0.227	0.221	0.227	0.213	0.217	0.218	0.234	0.229	0.220	0.222	0.221	0.219	0.224	0.216	0.234	0.238	0.253	0.238	0.242	0.231	0.238	0.221	0.233	0.233	0.222	0.217	0.268	0.233	0.233	0.227	0.221	0.213	0.212	0.234	0.228	0.232	0.219	0.226	0.224	0.216	0.239	0.242	0.230	0.230	0.227	0.226	0.222	0.229	0.224	0.221	0.264
10:00:39	34.9	0.247	0.257	0.254	0.245	0.239	0.240	0.236	0.239	0.239	0.239	0.241	0.242	0.237	0.261	0.249	0.269	0.229	0.237	0.247	0.243	0.242	0.223	0.222	0.211	0.234	0.243	0.241	0.234	0.252	0.238	0.236	0.258	0.239	0.233	0.243	0.254	0.233	0.232	0.247	0.232	0.243	0.228	0.235	0.248	0.234	0.232	0.253	0.246	0.222	0.226	0.229	0.244	0.229	0.246	0.266	0.272	0.245	0.244	0.252	0.296	0.296	0.266	0.253	0.250	0.245	0.251	0.230	0.242	0.237	0.279	0.258	0.271	0.243	0.248	0.236	0.226	0.223	0.219	0.244	0.242	0.277	0.241	0.265	0.286	0.302	0.259	0.255	0.258	0.245	0.244	0.241	0.252	0.271	0.245	0.249	0.253
11:00:39	34.9	0.263	0.255	0.262	0.263	0.252	0.261	0.257	0.254	0.257	0.261	0.252	0.266	0.259	0.271	0.261	0.261	0.246	0.271	0.289	0.265	0.243	0.246	0.233	0.238	0.248	0.260	0.265	0.274	0.270	0.257	0.253	0.274	0.254	0.257	0.317	0.280	0.258	0.247	0.265	0.243	0.254	0.252	0.330	0.267	0.240	0.255	0.458	0.408	0.237	0.242	0.243	0.261	0.260	0.327	0.250	0.382	0.256	0.292	0.284	0.399	0.526	0.384	0.257	0.281	0.332	0.281	0.259	0.261	0.252	0.423	0.314	0.266	0.296	0.310	0.317	0.231	0.251	0.233	0.282	0.271	0.340	0.353	0.427	0.417	0.422	0.299	0.312	0.286	0.390	0.387	0.277	0.326	0.376	0.263	0.436	0.384
12:00:40	34.9	0.263	0.254	0.259	0.263	0.251	0.260	0.255	0.255	0.261	0.256	0.259	0.270	0.263	0.264	0.292	0.265	0.248	0.255	0.267	0.270	0.253	0.240	0.238	0.241	0.250	0.262	0.258	0.260	0.267	0.272	0.286	0.272	0.321	0.251	0.269	0.255	0.290	0.286	0.306	0.297	0.287	0.304	0.311	0.291	0.255	0.260	0.247	0.260	0.253	0.256	0.260	0.276	0.321	0.248	0.293	0.380	0.283	0.277	0.283	0.432	0.368	0.318	0.400	0.268	0.262	0.265	0.269	0.278	0.272	0.445	0.266	0.347	0.270	0.261	0.447	0.319	0.358	0.270	0.313	0.359	0.434	0.411	0.282	0.372	0.272	0.271	0.441	0.339	0.374	0.372	0.296	0.315	0.246	0.298	0.313	0.259
13:00:41	34.9	0.257	0.249	0.257	0.264	0.253	0.259	0.255	0.255	0.254	0.254	0.255	0.265	0.256	0.258	0.262	0.255	0.248	0.253	0.263	0.263	0.257	0.236	0.244	0.236	0.251	0.260	0.258	0.257	0.263	0.257	0.253	0.266	0.305	0.249	0.253	0.250	0.251	0.275	0.321	0.258	0.326	0.251	0.246	0.254	0.273	0.247	0.246	0.262	0.254	0.259	0.261	0.278	0.255	0.267	0.297	0.260	0.244	0.283	0.317	0.268	0.258	0.269	0.405	0.250	0.296	0.256	0.263	0.276	0.273	0.431	0.265	0.294	0.256	0.263	0.299	0.338	0.305	0.242	0.260	0.278	0.266	0.384	0.255	0.269	0.450	0.267	0.271	0.326	0.292	0.267	0.306	0.308	0.245	0.250	0.274	0.360
14:00:41	34.9	0.254	0.250	0.253	0.260	0.252	0.258	0.254	0.252	0.254	0.251	0.251	0.260	0.256	0.257	0.261	0.254	0.250	0.253	0.260	0.260	0.253	0.233	0.242	0.238	0.252	0.261	0.257	0.253	0.263	0.251	0.252	0.268	0.253	0.249	0.243	0.255	0.244	0.249	0.297	0.320	0.250	0.242	0.244	0.333	0.265	0.254	0.269	0.253	0.257	0.259	0.263	0.277	0.247	0.248	0.242	0.302	0.253	0.276	0.300	0.251	0.274	0.354	0.268	0.263	0.262	0.263	0.267	0.276	0.271	0.243	0.255	0.241	0.252	0.247	0.269	0.240	0.261	0.305	0.254	0.263	0.339	0.338	0.272	0.263	0.265	0.291	0.312	0.248	0.367	0.319	0.243	0.329	0.269	0.243	0.322	0.254
15:00:41	34.9	0.253	0.246	0.254	0.254	0.248	0.254	0.253	0.251	0.250	0.253	0.245	0.258	0.252	0.258	0.257	0.253	0.248	0.251	0.258	0.259	0.245	0.235	0.236	0.229	0.250	0.258	0.256	0.250	0.260	0.249	0.251	0.264	0.247	0.248	0.260	0.245	0.245	0.246	0.320	0.253	0.254	0.237	0.240	0.252	0.244	0.255	0.241	0.259	0.250	0.256	0.260	0.274	0.251	0.247	0.238	0.243	0.242	0.243	0.241	0.292	0.271	0.321	0.281	0.294	0.394	0.305	0.262	0.274	0.271	0.251	0.275	0.232	0.249	0.271	0.250	0.242	0.263	0.231	0.271	0.250	0.256	0.329	0.294	0.276	0.443	0.258	0.264	0.274	0.246	0.253	0.298	0.244	0.278	0.255	0.303	0.286
16:00:41	34.9	0.248	0.242	0.251	0.250	0.246	0.255	0.249	0.250	0.250	0.253	0.242	0.254	0.251	0.256	0.254	0.251	0.246	0.250	0.255	0.255	0.242	0.230	0.234	0.228	0.249	0.254	0.252	0.248	0.255	0.247	0.247	0.262	0.246	0.244	0.244	0.259	0.293	0.273	0.248	0.271	0.247	0.254	0.244	0.251	0.259	0.269	0.246	0.256	0.249	0.258	0.254	0.273	0.246	0.242	0.241	0.242	0.287	0.244	0.241	0.244	0.292	0.273	0.266	0.314	0.255	0.271	0.260	0.272	0.269	0.267	0.241	0.236	0.246	0.247	0.254	0.247	0.249	0.233	0.316	0.256	0.287	0.250	0.270	0.277	0.296	0.273	0.262	0.311	0.243	0.275	0.278	0.245	0.240	0.302	0.257	0.295
17:00:42	34.9	0.244	0.244	0.249	0.249	0.245	0.253	0.246	0.248	0.250	0.254	0.241	0.252	0.247	0.253	0.254	0.248	0.243	0.246	0.256	0.251	0.240	0.230	0.232	0.224	0.248	0.252	0.251	0.248	0.253	0.248	0.246	0.261	0.242	0.243	0.242	0.245	0.244	0.239	0.248	0.250	0.246	0.238	0.242	0.249	0.290	0.256	0.242	0.255	0.245	0.252	0.254	0.272	0.246	0.242	0.244	0.241	0.243	0.321	0.238	0.245	0.252	0.269	0.261	0.281	0.253	0.248	0.256	0.269	0.265	0.311	0.260	0.244	0.261	0.248	0.246	0.285	0.245	0.278	0.250	0.249	0.356	0.252	0.245	0.290	0.379	0.260	0.260	0.247	0.244	0.244	0.276	0.244	0.241	0.252	0.247	0.263
18:00:43	34.9	0.245	0.243	0.245	0.249	0.245	0.251	0.247	0.246	0.245	0.252	0.240	0.249	0.250	0.256	0.252	0.250	0.244	0.246	0.254	0.253	0.239	0.232	0.228	0.221	0.248	0.250	0.255	0.247	0.256	0.249	0.247	0.263	0.243	0.243	0.245	0.241	0.248	0.243	0.247	0.254	0.247	0.247	0.244	0.251	0.243	0.248	0.245	0.255	0.243	0.252	0.254	0.271	0.246	0.243	0.242	0.241	0.240	0.243	0.239	0.245	0.251	0.271	0.264	0.249	0.253	0.268	0.256	0.268	0.264	0.243	0.247	0.235	0.246	0.246	0.248	0.260	0.232	0.232	0.252	0.251	0.258	0.252	0.246	0.244	0.236	0.242	0.248	0.248	0.247	0.245	0.243	0.242	0.251	0.246	0.254	0.241
19:00:43	34.9	0.244	0.242	0.249	0.254	0.243	0.254	0.248	0.247	0.245	0.253	0.239	0.250	0.248	0.255	0.256	0.250	0.243	0.246	0.256	0.254	0.238	0.229	0.230	0.225	0.248	0.251	0.254	0.247	0.258	0.250	0.246	0.265	0.245	0.244	0.244	0.240	0.248	0.245	0.249	0.249	0.248	0.240	0.246	0.254	0.244	0.249	0.248	0.257	0.243	0.250	0.253	0.270	0.247	0.241	0.245	0.245	0.243	0.244	0.249	0.247	0.254	0.309	0.318	0.257	0.255	0.274	0.255	0.267	0.264	0.245	0.251	0.242	0.244	0.247	0.250	0.285	0.235	0.292	0.253	0.253	0.258	0.246	0.261	0.260	0.237	0.243	0.249	0.246	0.245	0.244	0.244	0.243	0.250	0.251	0.247	0.247
20:00:44	34.9	0.244	0.244	0.247	0.255	0.245	0.250	0.247	0.249	0.247	0.251	0.240	0.248	0.248	0.255	0.255	0.252	0.243	0.249	0.257	0.254	0.240	0.235	0.228	0.225	0.247	0.262	0.254	0.250	0.258	0.253	0.247	0.266	0.247	0.246	0.245	0.243	0.250	0.246	0.250	0.255	0.247	0.246	0.247	0.251	0.250	0.253	0.251	0.258	0.244	0.251	0.255	0.270	0.248	0.245	0.244	0.248	0.245	0.248	0.263	0.251	0.256	0.270	0.265	0.254	0.255	0.254	0.252	0.266	0.264	0.247	0.248	0.242	0.246	0.247	0.250	0.233	0.233	0.229	0.252	0.252	0.264	0.245	0.248	0.243	0.237	0.244	0.251	0.247	0.246	0.245	0.244	0.243	0.247	0.244	0.246	0.246
21:00:45	34.9	0.240	0.240	0.247	0.253	0.243	0.247	0.245	0.245	0.246	0.248	0.239	0.247	0.244	0.252	0.256	0.251	0.241	0.247	0.255	0.252	0.254	0.230	0.230	0.225	0.248	0.256	0.254	0.251	0.258	0.252	0.247	0.263	0.246	0.244	0.246	0.241	0.248	0.246	0.252	0.255	0.246	0.244	0.245	0.251	0.253	0.253	0.251	0.258	0.243	0.250	0.254	0.267	0.247	0.243	0.243	0.246	0.244	0.246	0.263	0.248	0.256	0.271	0.267	0.252	0.253	0.253	0.251	0.265	0.262	0.248	0.246	0.241	0.247	0.246	0.250	0.233	0.232	0.228	0.253	0.251	0.258	0.243	0.246	0.240	0.235	0.243	0.252	0.245	0.245	0.244	0.242	0.242	0.245	0.244	0.245	0.243
22:00:45	34.9	0.238	0.240	0.247	0.252	0.242	0.246	0.246	0.246	0.245	0.248	0.241	0.246	0.242	0.251	0.253	0.248	0.239	0.246	0.253	0.251	0.244	0.231	0.228	0.225	0.245	0.252	0.252	0.252	0.256	0.251	0.247	0.262	0.246	0.244	0.244	0.243	0.247	0.246	0.252	0.253	0.245	0.243	0.244	0.251	0.252	0.253	0.250	0.257	0.241	0.258	0.252	0.266	0.246	0.242	0.243	0.245	0.244	0.246	0.252	0.246	0.256	0.269	0.265	0.250	0.255	0.256	0.249	0.263	0.263	0.246	0.244	0.238	0.245	0.244	0.248	0.232	0.233	0.230	0.252	0.250	0.257	0.242	0.244	0.241	0.232	0.241	0.250	0.245	0.244	0.243	0.241	0.240	0.245	0.242	0.244	0.241
23:00:45	35.1	0.236	0.240	0.246	0.251	0.242	0.246	0.245	0.244	0.243	0.247	0.240	0.245	0.241	0.252	0.252	0.248	0.239	0.246	0.253	0.251	0.246	0.230	0.228	0.224	0.245	0.252	0.252	0.251	0.258	0.250	0.248	0.264	0.246	0.243	0.244	0.242	0.248	0.246	0.251	0.254	0.245	0.244	0.244	0.250	0.251	0.254	0.251	0.257	0.241	0.249	0.252	0.266	0.246	0.243	0.242	0.246	0.244	0.246	0.260	0.244	0.255	0.268	0.264	0.250	0.254	0.253	0.249	0.263	0.261	0.246	0.244	0.236	0.245	0.243	0.248	0.233	0.231	0.228	0.251	0.250	0.256	0.242	0.243	0.240	0.234	0.241	0.251	0.245	0.244	0.242	0.241	0.241	0.245	0.241	0.244	0.242
0:00:00																																																																																																	

Results
	1	2	3	4	5	6	7	8	9	10	11	12
A	0.266	0.291	0.278	0.236	0.253	0.259	0.248	0.244	0.243	0.244	0.252	0.250	Max V [600]
	0.999	0.981	0.997	0.983	0.978	0.992	0.968	0.976	0.972	0.988	0.983	0.976	R-Squared [600]
	9:00:38	8:00:38	8:00:38	6:00:37	7:00:38	7:00:38	6:00:37	7:00:38	7:00:38	7:00:38	8:00:38	9:00:38	t at Max V [600]
	4:37:40	4:25:51	4:25:13	4:07:12	4:21:02	4:49:25	4:06:57	4:31:48	4:25:47	4:31:03	4:18:24	4:32:26	Lagtime [600]
B	0.227	0.289	0.274	0.332	0.245	0.280	0.313	0.255	0.234	0.225	0.211	0.213	Max V [600]
	0.971	0.993	0.955	0.980	0.983	0.936	0.914	0.979	0.995	0.995	0.989	0.936	R-Squared [600]
	7:00:38	8:00:38	10:00:39	8:00:38	7:00:38	9:00:38	9:00:38	7:00:38	8:00:38	7:00:38	7:00:38	9:00:38	t at Max V [600]
	4:12:09	4:41:19	5:26:03	5:07:40	4:26:03	4:42:26	5:18:01	4:34:22	4:41:29	4:41:29	4:38:59	4:59:40	Lagtime [600]
C	0.237	0.256	0.245	0.273	0.270	0.274	0.298	0.265	0.410	0.243	0.439	0.362	Max V [600]
	0.981	0.982	0.979	0.898	0.996	0.990	0.949	0.996	0.839	0.988	0.808	0.976	R-Squared [600]
	7:00:38	7:00:38	7:00:38	9:00:38	8:00:38	7:00:38	10:00:39	8:00:38	11:00:40	7:00:38	9:00:38	9:00:38	t at Max V [600]
	4:14:14	4:23:55	4:29:09	4:40:32	4:45:35	4:43:07	5:19:18	4:40:18	6:35:00	4:27:29	6:03:14	5:50:47	Lagtime [600]
D	0.264	0.292	0.433	0.318	0.414	0.374	0.514	0.282	0.240	0.234	0.929	0.690	Max V [600]
	0.852	0.899	0.982	0.658	0.951	0.875	0.791	0.951	0.994	0.993	0.672	0.639	R-Squared [600]
	10:00:39	10:00:39	11:00:40	12:00:40	11:00:40	10:00:39	10:00:39	10:00:39	7:00:38	7:00:38	9:00:38	9:00:38	t at Max V [600]
	4:56:18	5:37:23	6:45:43	6:29:52	6:59:02	6:11:23	6:51:43	5:15:35	4:40:17	4:36:34	7:07:52	6:52:23	Lagtime [600]
E	0.262	0.274	0.276	0.279	0.423	0.508	0.336	0.837	0.318	0.388	0.388	1.018	Max V [600]
	0.984	0.982	0.986	0.988	0.844	0.832	0.928	0.897	0.984	0.919	0.937	0.959	R-Squared [600]
	9:00:38	9:00:38	9:00:38	9:00:38	10:00:39	9:00:38	8:00:38	10:00:39	10:00:39	9:00:38	11:00:40	10:00:39	t at Max V [600]
	5:48:41	5:47:34	5:44:53	5:29:20	6:29:55	6:14:43	5:19:32	7:21:35	5:40:45	6:00:48	7:21:45	7:35:53	Lagtime [600]
F	1.182	0.560	0.803	0.317	0.482	0.300	0.298	0.283	0.283	1.117	0.473	-0.470	Max V [600]
	0.725	0.716	0.817	0.976	0.802	0.976	0.979	0.986	0.956	0.909	0.878	0.808	R-Squared [600]
	9:00:38	9:00:38	11:00:40	9:00:38	9:00:38	9:00:38	9:00:38	9:00:38	8:00:38	10:00:39	9:00:38	14:00:41	t at Max V [600]
	7:18:46	6:22:58	8:09:34	4:59:32	6:11:21	5:18:43	5:46:55	5:49:05	5:49:23	7:41:04	6:15:45	17:56:41	Lagtime [600]
G	0.344	0.425	0.940	0.546	0.590	0.301	0.391	0.530	0.893	0.893	0.834	0.855	Max V [600]
	0.873	0.888	0.824	0.837	0.772	0.702	0.946	0.796	0.923	0.886	0.733	0.809	R-Squared [600]
	9:00:38	9:00:38	10:00:39	11:00:40	10:00:39	12:00:40	10:00:39	10:00:39	10:00:39	10:00:39	9:00:38	9:00:38	t at Max V [600]
	5:31:10	5:52:44	7:47:53	7:50:59	7:33:35	6:52:00	6:10:39	6:42:05	7:33:34	7:36:37	6:54:32	6:56:29	Lagtime [600]
H	0.894	0.395	0.825	0.468	0.797	0.787	0.358	0.467	0.633	0.347	0.789	0.628	Max V [600]
	0.805	0.969	0.805	0.916	0.808	0.807	0.966	0.813	0.793	0.965	0.627	0.748	R-Squared [600]
	9:00:38	9:00:38	10:00:39	10:00:39	10:00:39	10:00:39	11:00:40	9:00:38	9:00:38	10:00:39	9:00:38	9:00:38	t at Max V [600]
	6:56:36	5:33:55	7:25:35	6:13:34	7:13:43	7:16:32	5:53:56	5:56:18	6:27:25	5:49:10	6:47:05	6:06:21	Lagtime [600]

