

Software Version	3.10.06



Experiment File Path:	C:\Users\patil-group\Desktop\Sweeteners_stacker\NT5001_02_03.xpt
Protocol File Path:	C:\Users\Public\Documents\Protocols\Screening-protocol.prt



Plate Number	Plate 9
Date	13/10/2021
Time	13:12:06
Reader Type:	Epoch 2
Reader Serial Number:	2103223
Reading Type	Reader

Procedure Details

Plate Type	96 WELL PLATE
Discontinuous Kinetics	Runtime 1:00:00 (D:HH:MM), Interval 0:01:00, 25 Reads
	Pause after each run
Eject plate on completion	
Set Temperature	Setpoint 37°C, Gradient 0 °C
Shake	Linear: 0:00:30 (HH:MM:SS)
	Frequency: 567 cpm (3 mm)
Read	Absorbance Endpoint
	Full Plate
	Wavelengths:  600
	Read Speed: Normal,  Delay: 100 msec,  Measurements/Data Point: 8

600

Time	T° 600	A1	A2	A3	A4	A5	A6	A7	A8	A9	A10	A11	A12	B1	B2	B3	B4	B5	B6	B7	B8	B9	B10	B11	B12	C1	C2	C3	C4	C5	C6	C7	C8	C9	C10	C11	C12	D1	D2	D3	D4	D5	D6	D7	D8	D9	D10	D11	D12	E1	E2	E3	E4	E5	E6	E7	E8	E9	E10	E11	E12	F1	F2	F3	F4	F5	F6	F7	F8	F9	F10	F11	F12	G1	G2	G3	G4	G5	G6	G7	G8	G9	G10	G11	G12	H1	H2	H3	H4	H5	H6	H7	H8	H9	H10	H11	H12
0:00:34	37.0	0.207	0.188	0.188	0.186	0.189	0.184	0.183	0.178	0.184	0.177	0.186	0.166	0.186	0.189	0.188	0.189	0.189	0.179	0.187	0.190	0.184	0.188	0.195	0.177	0.187	0.191	0.196	0.188	0.195	0.195	0.193	0.200	0.202	0.198	0.199	0.178	0.190	0.195	0.208	0.205	0.192	0.208	0.204	0.193	0.199	0.183	0.186	0.178	0.193	0.216	0.199	0.202	0.200	0.193	0.201	0.196	0.192	0.195	0.178	0.179	0.194	0.196	0.202	0.181	0.197	0.187	0.187	0.183	0.182	0.194	0.194	0.182	0.193	0.211	0.194	0.199	0.205	0.210	0.198	0.188	0.193	0.201	0.203	0.190	0.206	0.194	0.187	0.186	0.186	0.183	0.203	0.194	0.187	0.199	0.197	0.190
1:00:34	37.0	0.217	0.198	0.200	0.203	0.206	0.200	0.195	0.188	0.191	0.185	0.195	0.175	0.196	0.198	0.194	0.196	0.194	0.187	0.191	0.193	0.188	0.188	0.196	0.185	0.197	0.198	0.206	0.196	0.204	0.198	0.197	0.204	0.202	0.202	0.203	0.185	0.198	0.196	0.210	0.210	0.199	0.209	0.203	0.192	0.195	0.184	0.187	0.184	0.202	0.221	0.205	0.209	0.204	0.194	0.202	0.193	0.194	0.192	0.182	0.185	0.204	0.205	0.204	0.188	0.202	0.188	0.189	0.188	0.185	0.195	0.197	0.188	0.198	0.221	0.202	0.208	0.212	0.207	0.201	0.189	0.193	0.200	0.200	0.192	0.213	0.202	0.200	0.197	0.194	0.191	0.210	0.196	0.191	0.200	0.202	0.197
2:00:34	37.1	0.238	0.218	0.220	0.223	0.226	0.219	0.210	0.204	0.206	0.200	0.207	0.192	0.219	0.218	0.213	0.213	0.210	0.203	0.203	0.204	0.198	0.200	0.208	0.201	0.217	0.217	0.232	0.216	0.223	0.213	0.213	0.226	0.213	0.219	0.219	0.198	0.217	0.218	0.229	0.233	0.216	0.234	0.215	0.204	0.204	0.197	0.198	0.199	0.221	0.244	0.221	0.239	0.232	0.209	0.218	0.203	0.204	0.202	0.195	0.199	0.226	0.224	0.225	0.206	0.221	0.201	0.202	0.200	0.198	0.206	0.209	0.204	0.220	0.245	0.229	0.227	0.236	0.220	0.218	0.206	0.205	0.212	0.212	0.206	0.238	0.225	0.219	0.218	0.214	0.208	0.223	0.211	0.207	0.212	0.215	0.213
3:00:35	37.0	0.281	0.259	0.261	0.261	0.263	0.254	0.242	0.238	0.238	0.231	0.238	0.222	0.265	0.257	0.251	0.248	0.243	0.235	0.231	0.232	0.226	0.227	0.235	0.232	0.257	0.252	0.268	0.253	0.257	0.244	0.244	0.258	0.234	0.248	0.247	0.227	0.254	0.254	0.257	0.264	0.250	0.265	0.239	0.225	0.226	0.219	0.223	0.227	0.257	0.275	0.253	0.277	0.266	0.234	0.247	0.224	0.223	0.224	0.221	0.227	0.265	0.260	0.261	0.237	0.254	0.227	0.228	0.224	0.222	0.229	0.236	0.233	0.261	0.281	0.269	0.258	0.271	0.249	0.248	0.236	0.229	0.236	0.238	0.233	0.283	0.264	0.256	0.256	0.250	0.243	0.254	0.241	0.237	0.239	0.246	0.243
4:00:36	37.1	0.349	0.326	0.330	0.328	0.328	0.316	0.302	0.297	0.295	0.285	0.293	0.269	0.335	0.324	0.315	0.310	0.302	0.290	0.283	0.284	0.277	0.275	0.286	0.286	0.323	0.314	0.326	0.311	0.310	0.292	0.289	0.297	0.285	0.290	0.292	0.278	0.317	0.312	0.311	0.310	0.296	0.307	0.282	0.268	0.267	0.268	0.270	0.275	0.318	0.326	0.306	0.320	0.310	0.279	0.285	0.265	0.264	0.266	0.267	0.274	0.329	0.321	0.315	0.290	0.305	0.273	0.273	0.270	0.266	0.274	0.283	0.282	0.326	0.338	0.324	0.309	0.323	0.297	0.292	0.282	0.275	0.283	0.285	0.282	0.352	0.328	0.318	0.317	0.310	0.300	0.311	0.296	0.289	0.289	0.298	0.296
5:00:36	37.1	0.476	0.442	0.451	0.445	0.436	0.424	0.403	0.399	0.389	0.373	0.390	0.356	0.464	0.438	0.425	0.419	0.401	0.382	0.371	0.373	0.364	0.360	0.375	0.378	0.432	0.410	0.415	0.403	0.395	0.367	0.354	0.362	0.356	0.358	0.363	0.364	0.414	0.400	0.396	0.387	0.367	0.364	0.348	0.332	0.334	0.329	0.342	0.351	0.420	0.406	0.388	0.380	0.365	0.346	0.336	0.326	0.332	0.336	0.339	0.348	0.439	0.423	0.406	0.379	0.384	0.351	0.345	0.343	0.336	0.345	0.359	0.365	0.428	0.428	0.405	0.384	0.381	0.359	0.352	0.344	0.346	0.354	0.358	0.356	0.476	0.439	0.425	0.418	0.420	0.398	0.403	0.384	0.372	0.365	0.388	0.386
6:00:37	37.0	0.598	0.563	0.575	0.567	0.561	0.561	0.534	0.532	0.520	0.499	0.525	0.464	0.588	0.557	0.548	0.547	0.528	0.513	0.500	0.503	0.496	0.489	0.508	0.515	0.553	0.525	0.538	0.529	0.521	0.488	0.472	0.488	0.479	0.488	0.498	0.493	0.527	0.516	0.514	0.507	0.485	0.483	0.465	0.440	0.448	0.441	0.457	0.473	0.532	0.524	0.507	0.511	0.485	0.459	0.442	0.433	0.447	0.450	0.458	0.470	0.554	0.546	0.535	0.506	0.516	0.472	0.470	0.468	0.459	0.468	0.489	0.492	0.542	0.548	0.542	0.510	0.515	0.472	0.477	0.463	0.465	0.472	0.477	0.475	0.598	0.555	0.543	0.538	0.546	0.520	0.534	0.508	0.495	0.484	0.519	0.516
7:00:37	37.0	0.662	0.641	0.651	0.643	0.647	0.651	0.637	0.630	0.625	0.610	0.631	0.533	0.654	0.637	0.633	0.635	0.621	0.612	0.604	0.606	0.604	0.600	0.615	0.620	0.637	0.615	0.631	0.623	0.623	0.596	0.588	0.604	0.596	0.603	0.614	0.602	0.620	0.612	0.615	0.604	0.599	0.605	0.578	0.549	0.561	0.551	0.566	0.582	0.615	0.618	0.607	0.620	0.599	0.569	0.549	0.535	0.560	0.561	0.570	0.579	0.630	0.630	0.622	0.598	0.613	0.582	0.584	0.585	0.578	0.586	0.600	0.593	0.626	0.640	0.633	0.609	0.622	0.586	0.599	0.584	0.580	0.585	0.585	0.582	0.661	0.638	0.625	0.630	0.630	0.616	0.638	0.615	0.605	0.593	0.628	0.622
8:00:38	37.1	0.707	0.677	0.687	0.675	0.678	0.683	0.675	0.670	0.663	0.649	0.675	0.582	0.695	0.670	0.665	0.671	0.657	0.652	0.648	0.653	0.652	0.651	0.660	0.665	0.668	0.645	0.665	0.659	0.664	0.650	0.649	0.662	0.658	0.662	0.670	0.651	0.650	0.649	0.657	0.652	0.657	0.665	0.644	0.625	0.634	0.634	0.629	0.634	0.647	0.654	0.648	0.667	0.653	0.628	0.613	0.602	0.633	0.631	0.634	0.629	0.663	0.660	0.657	0.640	0.654	0.635	0.646	0.643	0.641	0.648	0.653	0.638	0.654	0.665	0.663	0.650	0.669	0.643	0.652	0.650	0.643	0.646	0.638	0.628	0.703	0.671	0.655	0.664	0.665	0.654	0.675	0.654	0.650	0.644	0.671	0.664
9:00:39	37.0	0.741	0.710	0.717	0.704	0.708	0.718	0.707	0.704	0.698	0.685	0.713	0.620	0.725	0.701	0.695	0.702	0.687	0.682	0.680	0.685	0.686	0.685	0.693	0.706	0.698	0.675	0.693	0.690	0.689	0.674	0.668	0.684	0.682	0.689	0.697	0.688	0.680	0.675	0.683	0.676	0.671	0.686	0.666	0.646	0.662	0.652	0.653	0.669	0.677	0.677	0.672	0.686	0.672	0.648	0.637	0.628	0.658	0.657	0.660	0.664	0.694	0.689	0.682	0.667	0.679	0.660	0.673	0.670	0.672	0.674	0.682	0.676	0.684	0.693	0.687	0.674	0.691	0.663	0.677	0.672	0.668	0.670	0.668	0.664	0.736	0.701	0.686	0.696	0.699	0.687	0.707	0.686	0.681	0.672	0.707	0.701
10:00:40	37.0	0.763	0.734	0.742	0.730	0.734	0.747	0.734	0.731	0.727	0.714	0.741	0.645	0.747	0.725	0.719	0.728	0.714	0.709	0.708	0.713	0.713	0.714	0.720	0.737	0.722	0.701	0.718	0.715	0.715	0.699	0.694	0.711	0.710	0.715	0.727	0.718	0.705	0.700	0.710	0.705	0.697	0.713	0.692	0.670	0.689	0.679	0.680	0.700	0.703	0.703	0.699	0.711	0.696	0.673	0.663	0.658	0.685	0.684	0.686	0.695	0.718	0.713	0.709	0.698	0.708	0.686	0.701	0.695	0.698	0.702	0.709	0.705	0.708	0.720	0.717	0.702	0.720	0.687	0.703	0.698	0.695	0.697	0.696	0.693	0.759	0.726	0.711	0.721	0.723	0.713	0.733	0.714	0.711	0.701	0.736	0.730
11:00:41	37.0	0.777	0.749	0.759	0.748	0.753	0.765	0.754	0.751	0.748	0.735	0.761	0.659	0.762	0.743	0.737	0.747	0.734	0.727	0.728	0.734	0.735	0.736	0.742	0.758	0.739	0.721	0.741	0.732	0.739	0.723	0.718	0.739	0.735	0.741	0.749	0.738	0.725	0.719	0.728	0.729	0.719	0.735	0.713	0.692	0.712	0.702	0.703	0.722	0.722	0.724	0.721	0.736	0.716	0.696	0.679	0.683	0.708	0.707	0.708	0.716	0.736	0.731	0.730	0.713	0.728	0.708	0.724	0.720	0.721	0.725	0.732	0.725	0.727	0.743	0.743	0.726	0.743	0.713	0.728	0.722	0.720	0.721	0.718	0.715	0.775	0.742	0.728	0.741	0.742	0.733	0.754	0.735	0.733	0.724	0.757	0.751
12:00:41	37.0	0.785	0.760	0.770	0.758	0.764	0.775	0.765	0.764	0.762	0.750	0.772	0.667	0.773	0.756	0.751	0.761	0.747	0.742	0.744	0.751	0.750	0.752	0.756	0.771	0.750	0.736	0.757	0.751	0.756	0.742	0.737	0.759	0.752	0.759	0.766	0.752	0.738	0.735	0.743	0.744	0.738	0.755	0.731	0.712	0.731	0.720	0.721	0.738	0.735	0.742	0.737	0.758	0.736	0.715	0.695	0.700	0.726	0.726	0.724	0.730	0.748	0.746	0.748	0.730	0.745	0.726	0.740	0.736	0.739	0.741	0.748	0.740	0.738	0.761	0.761	0.742	0.760	0.732	0.746	0.742	0.738	0.738	0.734	0.729	0.783	0.754	0.740	0.754	0.755	0.747	0.769	0.750	0.749	0.740	0.771	0.764
13:00:41	37.1	0.789	0.766	0.777	0.763	0.770	0.779	0.772	0.771	0.771	0.758	0.779	0.669	0.780	0.764	0.760	0.769	0.758	0.751	0.754	0.762	0.762	0.763	0.766	0.779	0.757	0.746	0.766	0.762	0.771	0.752	0.751	0.770	0.764	0.773	0.777	0.761	0.747	0.745	0.754	0.754	0.752	0.770	0.748	0.726	0.744	0.739	0.733	0.748	0.742	0.754	0.750	0.771	0.751	0.730	0.705	0.712	0.740	0.740	0.736	0.740	0.755	0.756	0.761	0.742	0.760	0.738	0.754	0.748	0.751	0.753	0.758	0.749	0.745	0.769	0.772	0.752	0.773	0.745	0.757	0.755	0.750	0.751	0.745	0.739	0.788	0.761	0.749	0.763	0.765	0.756	0.778	0.760	0.760	0.751	0.782	0.771
14:00:43	37.1	0.791	0.769	0.780	0.767	0.774	0.782	0.777	0.774	0.775	0.763	0.782	0.670	0.786	0.771	0.766	0.775	0.765	0.758	0.761	0.769	0.770	0.771	0.772	0.783	0.760	0.751	0.774	0.768	0.776	0.760	0.760	0.776	0.773	0.780	0.784	0.767	0.752	0.752	0.761	0.762	0.762	0.778	0.757	0.735	0.754	0.744	0.742	0.754	0.747	0.760	0.756	0.778	0.761	0.740	0.713	0.721	0.750	0.749	0.745	0.747	0.760	0.762	0.768	0.749	0.769	0.747	0.763	0.759	0.760	0.761	0.765	0.755	0.749	0.773	0.777	0.757	0.780	0.752	0.767	0.763	0.757	0.761	0.753	0.745	0.792	0.767	0.754	0.769	0.771	0.762	0.783	0.767	0.767	0.759	0.788	0.776
15:00:44	37.1	0.794	0.773	0.782	0.769	0.777	0.783	0.781	0.778	0.778	0.767	0.785	0.671	0.789	0.774	0.771	0.780	0.768	0.763	0.766	0.775	0.774	0.775	0.777	0.787	0.764	0.755	0.775	0.770	0.780	0.763	0.764	0.777	0.778	0.785	0.785	0.770	0.756	0.755	0.764	0.769	0.768	0.784	0.762	0.743	0.762	0.751	0.749	0.758	0.748	0.762	0.759	0.783	0.768	0.748	0.718	0.727	0.758	0.757	0.751	0.750	0.765	0.766	0.772	0.754	0.774	0.753	0.769	0.765	0.766	0.766	0.770	0.760	0.751	0.776	0.778	0.760	0.782	0.757	0.772	0.767	0.761	0.766	0.758	0.748	0.795	0.770	0.759	0.773	0.775	0.765	0.786	0.772	0.771	0.764	0.792	0.779
16:00:44	37.0	0.797	0.775	0.786	0.772	0.779	0.785	0.782	0.781	0.781	0.769	0.787	0.673	0.793	0.778	0.775	0.782	0.772	0.766	0.770	0.779	0.778	0.779	0.779	0.789	0.766	0.758	0.776	0.773	0.783	0.764	0.765	0.775	0.780	0.786	0.787	0.773	0.758	0.758	0.767	0.771	0.770	0.784	0.764	0.746	0.767	0.756	0.752	0.761	0.753	0.763	0.759	0.783	0.769	0.751	0.722	0.730	0.762	0.762	0.755	0.753	0.768	0.769	0.773	0.757	0.780	0.756	0.773	0.769	0.769	0.769	0.770	0.763	0.755	0.776	0.779	0.761	0.783	0.760	0.774	0.770	0.764	0.768	0.763	0.751	0.798	0.773	0.762	0.776	0.778	0.769	0.788	0.774	0.775	0.767	0.796	0.782
17:00:45	37.0	0.798	0.777	0.788	0.774	0.780	0.786	0.784	0.783	0.783	0.771	0.788	0.675	0.795	0.781	0.777	0.785	0.775	0.768	0.772	0.781	0.780	0.782	0.781	0.791	0.769	0.762	0.777	0.774	0.784	0.764	0.766	0.774	0.782	0.786	0.785	0.775	0.761	0.760	0.769	0.771	0.771	0.786	0.765	0.749	0.769	0.760	0.754	0.763	0.757	0.763	0.761	0.785	0.771	0.752	0.723	0.732	0.765	0.766	0.758	0.754	0.771	0.772	0.774	0.759	0.778	0.759	0.775	0.770	0.771	0.771	0.772	0.766	0.758	0.775	0.779	0.762	0.784	0.761	0.775	0.771	0.765	0.770	0.765	0.752	0.799	0.776	0.764	0.777	0.780	0.771	0.789	0.777	0.778	0.769	0.798	0.783
18:00:46	37.1	0.800	0.780	0.790	0.777	0.782	0.788	0.786	0.785	0.784	0.773	0.789	0.677	0.798	0.783	0.780	0.787	0.778	0.771	0.776	0.783	0.783	0.785	0.784	0.794	0.772	0.764	0.777	0.775	0.784	0.766	0.767	0.777	0.784	0.785	0.786	0.777	0.763	0.762	0.772	0.774	0.772	0.785	0.766	0.751	0.772	0.761	0.756	0.766	0.759	0.764	0.764	0.785	0.770	0.755	0.725	0.733	0.767	0.768	0.760	0.755	0.773	0.774	0.774	0.762	0.778	0.761	0.776	0.773	0.774	0.773	0.773	0.768	0.762	0.775	0.779	0.763	0.785	0.761	0.774	0.771	0.766	0.772	0.768	0.753	0.801	0.778	0.767	0.779	0.784	0.774	0.791	0.780	0.780	0.772	0.800	0.785
19:00:46	37.1	0.802	0.782	0.792	0.779	0.784	0.790	0.789	0.787	0.787	0.775	0.792	0.679	0.802	0.786	0.783	0.790	0.781	0.774	0.778	0.786	0.785	0.788	0.786	0.795	0.775	0.767	0.777	0.777	0.786	0.768	0.767	0.779	0.785	0.785	0.786	0.780	0.765	0.765	0.775	0.775	0.771	0.784	0.767	0.753	0.774	0.763	0.759	0.766	0.761	0.766	0.765	0.785	0.772	0.757	0.727	0.734	0.770	0.771	0.762	0.757	0.776	0.778	0.774	0.765	0.778	0.763	0.779	0.774	0.776	0.775	0.775	0.771	0.763	0.775	0.777	0.764	0.785	0.761	0.775	0.772	0.768	0.774	0.770	0.755	0.803	0.779	0.769	0.780	0.787	0.775	0.794	0.781	0.783	0.775	0.803	0.787
20:00:47	37.0	0.805	0.784	0.795	0.781	0.786	0.792	0.789	0.789	0.789	0.776	0.795	0.680	0.804	0.789	0.786	0.793	0.783	0.776	0.780	0.788	0.787	0.790	0.787	0.797	0.775	0.769	0.778	0.778	0.787	0.770	0.767	0.782	0.788	0.786	0.785	0.781	0.765	0.767	0.776	0.776	0.771	0.786	0.769	0.754	0.777	0.766	0.760	0.767	0.763	0.766	0.767	0.784	0.772	0.758	0.726	0.734	0.772	0.772	0.764	0.758	0.777	0.780	0.776	0.766	0.779	0.764	0.780	0.775	0.778	0.776	0.777	0.772	0.764	0.777	0.780	0.766	0.785	0.762	0.774	0.771	0.770	0.775	0.771	0.757	0.805	0.781	0.771	0.782	0.789	0.777	0.794	0.783	0.784	0.775	0.804	0.787
21:00:47	37.0	0.807	0.787	0.798	0.784	0.789	0.796	0.793	0.792	0.793	0.780	0.798	0.683	0.808	0.791	0.789	0.796	0.785	0.778	0.783	0.789	0.790	0.792	0.791	0.800	0.778	0.771	0.779	0.781	0.789	0.772	0.768	0.784	0.790	0.786	0.788	0.783	0.768	0.769	0.777	0.777	0.772	0.785	0.771	0.755	0.780	0.774	0.763	0.771	0.764	0.767	0.769	0.782	0.771	0.761	0.725	0.732	0.775	0.775	0.766	0.762	0.781	0.782	0.779	0.773	0.779	0.767	0.784	0.777	0.782	0.779	0.778	0.775	0.767	0.777	0.778	0.766	0.787	0.764	0.776	0.774	0.772	0.777	0.773	0.760	0.807	0.784	0.774	0.786	0.791	0.780	0.797	0.785	0.787	0.779	0.808	0.791
22:00:47	37.0	0.808	0.790	0.801	0.787	0.792	0.798	0.796	0.795	0.796	0.782	0.800	0.685	0.811	0.794	0.792	0.798	0.788	0.781	0.785	0.793	0.793	0.796	0.794	0.804	0.783	0.771	0.781	0.783	0.791	0.773	0.769	0.787	0.792	0.787	0.788	0.786	0.770	0.769	0.779	0.778	0.773	0.786	0.772	0.757	0.782	0.771	0.766	0.773	0.766	0.769	0.772	0.784	0.772	0.762	0.725	0.731	0.776	0.776	0.767	0.765	0.783	0.784	0.780	0.772	0.780	0.770	0.785	0.779	0.783	0.782	0.779	0.778	0.769	0.778	0.781	0.769	0.785	0.765	0.774	0.774	0.774	0.778	0.777	0.762	0.809	0.786	0.776	0.788	0.795	0.783	0.800	0.788	0.790	0.781	0.811	0.793
23:00:48	37.1	0.809	0.792	0.803	0.789	0.793	0.800	0.798	0.797	0.797	0.783	0.801	0.684	0.813	0.798	0.794	0.801	0.791	0.783	0.788	0.796	0.796	0.798	0.797	0.805	0.784	0.775	0.783	0.784	0.792	0.774	0.770	0.792	0.793	0.789	0.791	0.788	0.772	0.773	0.783	0.781	0.773	0.787	0.774	0.760	0.782	0.773	0.768	0.775	0.769	0.771	0.773	0.784	0.773	0.763	0.725	0.730	0.778	0.779	0.769	0.766	0.785	0.787	0.781	0.774	0.780	0.773	0.787	0.782	0.786	0.783	0.781	0.780	0.772	0.779	0.780	0.769	0.786	0.766	0.777	0.776	0.776	0.781	0.779	0.764	0.811	0.788	0.779	0.791	0.797	0.785	0.801	0.790	0.792	0.783	0.813	0.794
0:00:00																																																																																																	

Results
	1	2	3	4	5	6	7	8	9	10	11	12
A	1.687	1.669	1.709	1.674	1.667	1.730	1.702	1.701	1.663	1.618	1.697	1.364	Max V [600]
	0.987	0.991	0.990	0.991	0.991	0.987	0.986	0.986	0.983	0.980	0.982	0.986	R-Squared [600]
	5:00:36	5:00:36	5:00:36	5:00:36	5:00:36	5:00:36	5:00:36	5:00:36	5:00:36	5:00:36	5:00:36	5:00:36	t at Max V [600]
	2:22:54	2:25:42	2:25:32	2:23:56	2:25:52	2:32:13	2:39:18	2:38:53	2:42:48	2:42:47	2:45:26	2:31:40	Lagtime [600]
B	1.717	1.654	1.661	1.686	1.634	1.629	1.606	1.618	1.649	1.651	1.647	1.675	Max V [600]
	0.987	0.992	0.991	0.989	0.987	0.983	0.980	0.981	0.981	0.984	0.980	0.980	R-Squared [600]
	5:00:36	5:00:36	5:00:36	5:00:36	5:00:36	5:00:36	5:00:36	6:00:37	6:00:37	6:00:37	6:00:37	5:00:36	t at Max V [600]
	2:20:48	2:27:28	2:32:09	2:36:20	2:39:52	2:41:16	2:49:04	2:58:48	3:02:15	3:06:47	3:01:57	2:43:57	Lagtime [600]
C	1.652	1.561	1.562	1.596	1.571	1.575	1.589	1.619	1.643	1.646	1.676	1.639	Max V [600]
	0.992	0.991	0.987	0.986	0.981	0.986	0.987	0.985	0.988	0.985	0.983	0.983	R-Squared [600]
	5:00:36	5:00:36	5:00:36	5:00:36	5:00:36	6:00:37	6:00:37	6:00:37	6:00:37	6:00:37	6:00:37	6:00:37	t at Max V [600]
	2:27:24	2:31:48	2:27:34	2:32:42	2:36:53	3:00:23	3:06:02	3:06:04	3:14:39	3:08:51	3:08:38	2:57:33	Lagtime [600]
D	1.570	1.534	1.531	1.500	1.589	1.594	1.592	1.552	1.600	1.593	1.571	1.582	Max V [600]
	0.992	0.987	0.983	0.983	0.987	0.984	0.990	0.993	0.992	0.992	0.990	0.985	R-Squared [600]
	5:00:36	5:00:36	5:00:36	6:00:37	6:00:37	6:00:37	6:00:37	6:00:37	6:00:37	6:00:37	6:00:37	6:00:37	t at Max V [600]
	2:30:02	2:34:32	2:43:04	2:49:39	2:58:42	3:06:45	3:17:33	3:19:45	3:24:30	3:16:39	3:10:46	3:00:34	Lagtime [600]
E	1.550	1.475	1.514	1.557	1.536	1.536	1.447	1.472	1.610	1.591	1.606	1.571	Max V [600]
	0.992	0.981	0.982	0.978	0.982	0.989	0.987	0.992	0.991	0.992	0.990	0.985	R-Squared [600]
	5:00:36	5:00:36	5:00:36	6:00:37	6:00:37	6:00:37	6:00:37	6:00:37	6:00:37	6:00:37	6:00:37	6:00:37	t at Max V [600]
	2:28:43	2:35:46	2:40:02	2:49:25	2:56:53	3:09:09	3:11:34	3:19:54	3:22:16	3:21:19	3:09:11	3:01:42	Lagtime [600]
F	1.591	1.610	1.572	1.561	1.548	1.591	1.642	1.650	1.654	1.649	1.635	1.566	Max V [600]
	0.992	0.989	0.983	0.983	0.976	0.986	0.988	0.986	0.988	0.988	0.984	0.980	R-Squared [600]
	5:00:36	5:00:36	5:00:36	5:00:36	5:00:36	6:00:37	6:00:37	6:00:37	6:00:37	6:00:37	6:00:37	6:00:37	t at Max V [600]
	2:23:35	2:31:22	2:36:48	2:39:06	2:39:56	3:07:03	3:12:05	3:11:39	3:15:00	3:16:53	3:07:44	2:53:57	Lagtime [600]
G	1.579	1.548	1.577	1.512	1.556	1.529	1.611	1.628	1.613	1.592	1.554	1.528	Max V [600]
	0.993	0.987	0.979	0.978	0.977	0.986	0.981	0.987	0.989	0.989	0.986	0.983	R-Squared [600]
	5:00:36	5:00:36	5:00:36	6:00:37	6:00:37	6:00:37	6:00:37	6:00:37	6:00:37	6:00:37	6:00:37	6:00:37	t at Max V [600]
	2:26:31	2:28:06	2:27:46	2:46:22	2:49:45	3:09:39	3:08:59	3:10:37	3:14:11	3:12:56	3:09:50	3:00:29	Lagtime [600]
H	1.672	1.625	1.606	1.618	1.658	1.611	1.651	1.601	1.589	1.564	1.641	1.626	Max V [600]
	0.987	0.992	0.991	0.990	0.989	0.987	0.982	0.982	0.982	0.986	0.979	0.980	R-Squared [600]
	5:00:36	5:00:36	5:00:36	5:00:36	5:00:36	5:00:36	5:00:36	5:00:36	6:00:37	6:00:37	5:00:36	5:00:36	t at Max V [600]
	2:20:37	2:26:19	2:27:18	2:28:39	2:32:56	2:36:33	2:44:01	2:46:18	2:54:46	3:03:50	2:47:20	2:43:37	Lagtime [600]

