
Software Version	3.11.19



Experiment File Path:	C:\Users\patil-group\Desktop\Sweeteners_stacker\131221_NT5007_24_24\NT5007_24_24_Rep3.xpt
Protocol File Path:	C:\Users\Public\Documents\Protocols\Screening-protocol.prt



Plate Number	Plate 18
Date	13/12/2021
Time	15:21:32
Reader Type:	Epoch 2
Reader Serial Number:	2103223
Reading Type	Reader

Procedure Details

Plate Type	96 WELL PLATE
Discontinuous Kinetics	Runtime 1:00:00 (D:HH:MM), Interval 0:01:00, 25 Reads
	Pause after each run
Eject plate on completion	
Shake	Linear: 0:00:30 (HH:MM:SS)
	Frequency: 567 cpm (3 mm)
Read	Absorbance Endpoint
	Full Plate
	Wavelengths:  600
	Read Speed: Normal,  Delay: 100 msec,  Measurements/Data Point: 8

600

Time	T° 600	A1	A2	A3	A4	A5	A6	A7	A8	A9	A10	A11	A12	B1	B2	B3	B4	B5	B6	B7	B8	B9	B10	B11	B12	C1	C2	C3	C4	C5	C6	C7	C8	C9	C10	C11	C12	D1	D2	D3	D4	D5	D6	D7	D8	D9	D10	D11	D12	E1	E2	E3	E4	E5	E6	E7	E8	E9	E10	E11	E12	F1	F2	F3	F4	F5	F6	F7	F8	F9	F10	F11	F12	G1	G2	G3	G4	G5	G6	G7	G8	G9	G10	G11	G12	H1	H2	H3	H4	H5	H6	H7	H8	H9	H10	H11	H12
0:00:34	34.3	0.192	0.173	0.178	0.185	0.175	0.188	0.193	0.179	0.181	0.184	0.179	0.190	0.180	0.185	0.176	0.180	0.182	0.185	0.190	0.190	0.192	0.180	0.182	0.185	0.174	0.176	0.182	0.181	0.196	0.187	0.187	0.199	0.187	0.183	0.182	0.179	0.176	0.187	0.182	0.184	0.193	0.192	0.183	0.182	0.184	0.183	0.180	0.178	0.187	0.190	0.187	0.187	0.193	0.183	0.187	0.183	0.188	0.185	0.184	0.184	0.184	0.186	0.183	0.185	0.197	0.196	0.184	0.189	0.190	0.188	0.194	0.183	0.188	0.194	0.191	0.186	0.182	0.186	0.184	0.182	0.203	0.190	0.191	0.184	0.183	0.186	0.193	0.182	0.185	0.185	0.191	0.178	0.182	0.188	0.182	0.188
1:00:34	34.5	0.191	0.175	0.179	0.186	0.176	0.188	0.191	0.180	0.183	0.186	0.181	0.191	0.181	0.184	0.178	0.181	0.183	0.186	0.191	0.191	0.194	0.182	0.184	0.186	0.176	0.177	0.183	0.181	0.197	0.187	0.189	0.201	0.188	0.184	0.183	0.181	0.178	0.186	0.183	0.186	0.195	0.193	0.185	0.184	0.187	0.185	0.182	0.180	0.187	0.189	0.188	0.188	0.193	0.185	0.188	0.185	0.189	0.186	0.186	0.186	0.186	0.188	0.185	0.186	0.198	0.195	0.186	0.191	0.191	0.190	0.195	0.185	0.189	0.193	0.192	0.188	0.183	0.188	0.186	0.184	0.204	0.192	0.193	0.186	0.185	0.187	0.194	0.184	0.186	0.187	0.191	0.179	0.183	0.189	0.184	0.189
2:00:35	34.5	0.189	0.176	0.181	0.187	0.178	0.188	0.192	0.182	0.184	0.188	0.184	0.193	0.183	0.185	0.180	0.183	0.184	0.187	0.192	0.193	0.196	0.184	0.186	0.188	0.178	0.179	0.185	0.183	0.199	0.187	0.191	0.203	0.191	0.186	0.186	0.183	0.180	0.187	0.184	0.188	0.196	0.195	0.187	0.186	0.188	0.187	0.185	0.182	0.189	0.190	0.191	0.190	0.193	0.186	0.190	0.187	0.191	0.189	0.188	0.188	0.188	0.190	0.186	0.188	0.200	0.197	0.189	0.193	0.193	0.191	0.197	0.187	0.191	0.193	0.194	0.190	0.185	0.189	0.188	0.186	0.205	0.193	0.195	0.188	0.187	0.189	0.196	0.186	0.188	0.188	0.193	0.181	0.185	0.191	0.186	0.191
3:00:36	34.6	0.190	0.178	0.183	0.188	0.179	0.189	0.191	0.183	0.186	0.191	0.186	0.194	0.185	0.187	0.182	0.185	0.186	0.189	0.194	0.195	0.197	0.186	0.188	0.190	0.180	0.181	0.187	0.184	0.201	0.189	0.193	0.204	0.192	0.188	0.188	0.185	0.182	0.187	0.186	0.189	0.196	0.197	0.189	0.187	0.190	0.189	0.187	0.184	0.190	0.190	0.192	0.191	0.195	0.188	0.192	0.190	0.193	0.191	0.191	0.190	0.189	0.192	0.188	0.191	0.202	0.199	0.190	0.195	0.195	0.193	0.199	0.189	0.192	0.195	0.195	0.192	0.186	0.191	0.190	0.188	0.207	0.195	0.197	0.190	0.189	0.191	0.198	0.188	0.190	0.190	0.194	0.183	0.187	0.193	0.188	0.193
4:00:37	34.5	0.191	0.180	0.185	0.189	0.181	0.190	0.192	0.186	0.189	0.193	0.188	0.194	0.186	0.188	0.183	0.187	0.188	0.191	0.196	0.197	0.200	0.188	0.190	0.192	0.182	0.183	0.189	0.186	0.202	0.191	0.195	0.206	0.194	0.190	0.190	0.187	0.184	0.189	0.188	0.191	0.198	0.198	0.191	0.190	0.191	0.192	0.189	0.186	0.192	0.191	0.194	0.193	0.196	0.190	0.194	0.191	0.194	0.193	0.193	0.192	0.189	0.194	0.191	0.192	0.203	0.201	0.192	0.197	0.197	0.196	0.201	0.192	0.194	0.197	0.197	0.194	0.189	0.193	0.192	0.190	0.208	0.197	0.199	0.192	0.191	0.194	0.200	0.191	0.192	0.193	0.196	0.185	0.189	0.195	0.191	0.196
5:00:38	34.5	0.191	0.182	0.186	0.189	0.182	0.191	0.193	0.187	0.189	0.194	0.189	0.195	0.187	0.189	0.184	0.189	0.190	0.192	0.196	0.198	0.201	0.189	0.190	0.193	0.183	0.184	0.191	0.188	0.204	0.192	0.197	0.208	0.195	0.191	0.191	0.188	0.185	0.190	0.189	0.192	0.199	0.199	0.193	0.191	0.193	0.193	0.189	0.187	0.192	0.192	0.196	0.195	0.197	0.191	0.195	0.193	0.195	0.193	0.193	0.193	0.190	0.195	0.191	0.194	0.205	0.202	0.193	0.198	0.198	0.196	0.201	0.192	0.196	0.199	0.199	0.196	0.191	0.195	0.193	0.192	0.209	0.198	0.200	0.193	0.192	0.195	0.202	0.192	0.193	0.194	0.197	0.186	0.190	0.196	0.191	0.196
6:00:39	34.5	0.198	0.188	0.192	0.195	0.188	0.197	0.196	0.192	0.195	0.200	0.195	0.202	0.193	0.194	0.190	0.193	0.193	0.195	0.200	0.202	0.205	0.193	0.196	0.199	0.188	0.187	0.193	0.189	0.205	0.195	0.199	0.209	0.197	0.194	0.195	0.192	0.190	0.193	0.190	0.194	0.200	0.202	0.195	0.193	0.193	0.195	0.193	0.191	0.196	0.192	0.198	0.197	0.200	0.194	0.197	0.194	0.197	0.197	0.197	0.199	0.195	0.198	0.194	0.196	0.206	0.204	0.195	0.199	0.199	0.199	0.205	0.198	0.200	0.202	0.202	0.198	0.192	0.197	0.195	0.193	0.211	0.200	0.204	0.198	0.199	0.199	0.207	0.197	0.197	0.198	0.201	0.190	0.194	0.201	0.198	0.203
7:00:39	34.5	0.204	0.196	0.199	0.201	0.196	0.203	0.203	0.199	0.202	0.207	0.203	0.208	0.200	0.200	0.197	0.199	0.199	0.202	0.207	0.208	0.211	0.200	0.203	0.206	0.195	0.194	0.200	0.196	0.212	0.201	0.205	0.215	0.203	0.200	0.201	0.199	0.197	0.199	0.196	0.200	0.206	0.207	0.201	0.199	0.199	0.202	0.199	0.197	0.202	0.198	0.204	0.203	0.205	0.200	0.203	0.201	0.203	0.203	0.204	0.205	0.201	0.204	0.200	0.202	0.212	0.210	0.201	0.205	0.205	0.205	0.212	0.205	0.207	0.209	0.208	0.205	0.199	0.203	0.202	0.200	0.216	0.206	0.211	0.204	0.206	0.207	0.213	0.204	0.204	0.205	0.207	0.196	0.201	0.208	0.204	0.209
8:00:39	34.5	0.212	0.203	0.206	0.208	0.203	0.209	0.210	0.206	0.209	0.215	0.210	0.216	0.207	0.207	0.203	0.206	0.206	0.208	0.213	0.214	0.218	0.207	0.209	0.213	0.202	0.201	0.207	0.202	0.218	0.207	0.211	0.221	0.208	0.206	0.207	0.206	0.204	0.205	0.203	0.206	0.211	0.213	0.207	0.204	0.204	0.208	0.205	0.203	0.209	0.204	0.210	0.209	0.211	0.206	0.209	0.206	0.209	0.208	0.210	0.211	0.208	0.212	0.206	0.209	0.218	0.215	0.207	0.211	0.211	0.211	0.218	0.212	0.215	0.216	0.215	0.211	0.206	0.210	0.208	0.206	0.222	0.212	0.217	0.211	0.214	0.214	0.220	0.210	0.211	0.212	0.214	0.203	0.207	0.215	0.212	0.216
9:00:40	34.5	0.221	0.212	0.215	0.217	0.212	0.218	0.218	0.215	0.218	0.223	0.219	0.224	0.216	0.215	0.211	0.214	0.214	0.216	0.221	0.222	0.227	0.214	0.217	0.222	0.210	0.209	0.214	0.209	0.225	0.214	0.218	0.228	0.216	0.214	0.215	0.213	0.213	0.213	0.210	0.213	0.218	0.220	0.214	0.211	0.211	0.215	0.213	0.211	0.218	0.211	0.217	0.216	0.218	0.213	0.216	0.213	0.215	0.216	0.217	0.219	0.216	0.219	0.213	0.215	0.225	0.221	0.214	0.218	0.218	0.218	0.225	0.220	0.223	0.223	0.223	0.219	0.214	0.219	0.215	0.213	0.228	0.219	0.225	0.219	0.223	0.226	0.228	0.218	0.219	0.220	0.222	0.211	0.215	0.223	0.220	0.225
10:00:40	34.6	0.231	0.223	0.226	0.227	0.222	0.228	0.228	0.224	0.228	0.233	0.228	0.234	0.226	0.224	0.221	0.223	0.223	0.225	0.230	0.231	0.236	0.223	0.226	0.232	0.219	0.217	0.223	0.217	0.232	0.222	0.227	0.236	0.223	0.222	0.223	0.222	0.222	0.221	0.219	0.221	0.226	0.228	0.222	0.219	0.218	0.223	0.221	0.220	0.226	0.220	0.225	0.224	0.226	0.221	0.224	0.222	0.223	0.224	0.226	0.229	0.225	0.228	0.221	0.223	0.232	0.229	0.221	0.226	0.225	0.226	0.232	0.229	0.232	0.232	0.231	0.227	0.222	0.228	0.224	0.221	0.236	0.227	0.234	0.229	0.233	0.234	0.237	0.228	0.228	0.229	0.230	0.220	0.225	0.232	0.230	0.234
11:00:41	34.6	0.239	0.231	0.234	0.235	0.230	0.236	0.237	0.233	0.236	0.240	0.234	0.241	0.234	0.234	0.230	0.233	0.232	0.234	0.238	0.240	0.245	0.232	0.234	0.240	0.228	0.227	0.232	0.226	0.240	0.230	0.235	0.243	0.231	0.231	0.232	0.231	0.232	0.230	0.227	0.229	0.234	0.235	0.230	0.227	0.228	0.233	0.230	0.228	0.235	0.228	0.233	0.232	0.234	0.229	0.232	0.232	0.231	0.232	0.235	0.237	0.234	0.236	0.230	0.232	0.240	0.236	0.229	0.234	0.233	0.235	0.240	0.237	0.242	0.240	0.240	0.236	0.232	0.237	0.231	0.229	0.244	0.235	0.242	0.239	0.243	0.250	0.246	0.236	0.236	0.238	0.240	0.230	0.234	0.241	0.238	0.244
12:00:41	34.6	0.243	0.235	0.239	0.240	0.234	0.240	0.241	0.237	0.241	0.244	0.239	0.245	0.239	0.239	0.236	0.239	0.238	0.239	0.244	0.245	0.251	0.237	0.240	0.244	0.232	0.234	0.239	0.233	0.247	0.236	0.241	0.251	0.238	0.237	0.238	0.235	0.237	0.237	0.235	0.236	0.240	0.242	0.237	0.234	0.234	0.238	0.235	0.232	0.240	0.236	0.240	0.239	0.241	0.235	0.238	0.239	0.238	0.238	0.240	0.242	0.238	0.241	0.236	0.238	0.247	0.242	0.236	0.242	0.240	0.240	0.245	0.241	0.246	0.245	0.245	0.242	0.239	0.243	0.238	0.237	0.250	0.242	0.247	0.243	0.245	0.246	0.251	0.241	0.240	0.242	0.245	0.236	0.239	0.246	0.243	0.247
13:00:42	34.6	0.247	0.240	0.244	0.245	0.239	0.244	0.246	0.242	0.246	0.248	0.243	0.250	0.244	0.244	0.241	0.245	0.244	0.245	0.250	0.251	0.256	0.242	0.244	0.249	0.237	0.239	0.244	0.238	0.252	0.241	0.246	0.256	0.242	0.241	0.242	0.240	0.242	0.243	0.240	0.241	0.245	0.247	0.241	0.239	0.239	0.243	0.240	0.237	0.245	0.241	0.245	0.244	0.245	0.240	0.243	0.244	0.243	0.242	0.245	0.246	0.243	0.246	0.241	0.243	0.252	0.247	0.241	0.246	0.245	0.245	0.249	0.246	0.251	0.250	0.250	0.248	0.243	0.247	0.243	0.242	0.255	0.247	0.252	0.247	0.250	0.251	0.255	0.245	0.245	0.246	0.249	0.241	0.244	0.251	0.247	0.252
14:00:43	34.5	0.253	0.245	0.248	0.249	0.244	0.249	0.250	0.247	0.251	0.253	0.248	0.254	0.249	0.249	0.246	0.250	0.248	0.250	0.253	0.256	0.261	0.247	0.249	0.254	0.241	0.244	0.249	0.243	0.257	0.246	0.251	0.260	0.247	0.247	0.247	0.245	0.246	0.247	0.245	0.245	0.250	0.251	0.246	0.243	0.243	0.248	0.245	0.242	0.250	0.245	0.250	0.248	0.250	0.245	0.248	0.246	0.248	0.247	0.250	0.251	0.248	0.251	0.245	0.248	0.256	0.251	0.246	0.250	0.250	0.250	0.254	0.251	0.255	0.255	0.255	0.253	0.247	0.252	0.248	0.247	0.260	0.252	0.257	0.255	0.255	0.255	0.260	0.250	0.250	0.251	0.254	0.246	0.249	0.256	0.253	0.258
15:00:44	34.5	0.258	0.249	0.252	0.254	0.249	0.253	0.255	0.251	0.256	0.258	0.253	0.258	0.253	0.254	0.250	0.254	0.252	0.255	0.258	0.261	0.265	0.252	0.253	0.258	0.246	0.249	0.253	0.247	0.261	0.251	0.255	0.265	0.252	0.252	0.252	0.250	0.252	0.251	0.249	0.249	0.254	0.255	0.250	0.247	0.248	0.252	0.250	0.246	0.254	0.250	0.254	0.253	0.254	0.249	0.252	0.251	0.252	0.252	0.255	0.256	0.253	0.255	0.250	0.253	0.261	0.256	0.250	0.255	0.255	0.254	0.258	0.256	0.260	0.259	0.260	0.258	0.252	0.256	0.252	0.251	0.264	0.257	0.261	0.257	0.259	0.260	0.264	0.255	0.254	0.255	0.258	0.250	0.253	0.260	0.257	0.262
16:00:44	34.5	0.262	0.253	0.256	0.258	0.253	0.257	0.259	0.256	0.260	0.262	0.256	0.262	0.257	0.258	0.254	0.259	0.256	0.260	0.262	0.265	0.270	0.257	0.257	0.262	0.250	0.253	0.258	0.252	0.265	0.255	0.260	0.269	0.256	0.256	0.257	0.254	0.255	0.255	0.253	0.253	0.258	0.259	0.254	0.251	0.252	0.257	0.255	0.250	0.259	0.254	0.259	0.257	0.257	0.254	0.257	0.255	0.257	0.256	0.259	0.260	0.257	0.260	0.254	0.257	0.265	0.260	0.255	0.259	0.259	0.259	0.263	0.260	0.264	0.264	0.265	0.262	0.256	0.260	0.256	0.256	0.268	0.261	0.266	0.262	0.264	0.265	0.269	0.260	0.259	0.259	0.262	0.255	0.258	0.265	0.262	0.266
17:00:45	34.5	0.264	0.256	0.260	0.261	0.256	0.260	0.262	0.259	0.263	0.266	0.260	0.266	0.260	0.261	0.257	0.263	0.259	0.263	0.266	0.269	0.274	0.261	0.261	0.265	0.253	0.256	0.262	0.256	0.269	0.260	0.264	0.273	0.260	0.260	0.260	0.258	0.258	0.258	0.257	0.257	0.261	0.263	0.258	0.255	0.255	0.261	0.259	0.253	0.263	0.258	0.263	0.262	0.261	0.257	0.261	0.259	0.261	0.260	0.263	0.265	0.262	0.264	0.258	0.262	0.269	0.264	0.259	0.263	0.263	0.264	0.267	0.265	0.268	0.268	0.269	0.266	0.260	0.264	0.260	0.260	0.272	0.265	0.270	0.266	0.269	0.269	0.273	0.264	0.263	0.264	0.265	0.259	0.261	0.269	0.265	0.269
18:00:45	34.4	0.268	0.259	0.262	0.264	0.259	0.263	0.266	0.262	0.266	0.268	0.263	0.268	0.263	0.264	0.260	0.266	0.262	0.266	0.269	0.273	0.278	0.265	0.264	0.269	0.257	0.259	0.264	0.259	0.272	0.265	0.268	0.277	0.264	0.263	0.264	0.262	0.261	0.261	0.260	0.261	0.265	0.266	0.262	0.258	0.259	0.265	0.262	0.256	0.266	0.261	0.267	0.266	0.264	0.262	0.264	0.263	0.264	0.264	0.267	0.268	0.269	0.267	0.262	0.266	0.273	0.268	0.263	0.267	0.267	0.267	0.270	0.269	0.271	0.272	0.272	0.270	0.264	0.267	0.264	0.264	0.276	0.269	0.273	0.275	0.272	0.273	0.276	0.267	0.267	0.268	0.268	0.262	0.264	0.271	0.269	0.271
19:00:46	34.4	0.270	0.261	0.264	0.266	0.261	0.264	0.268	0.264	0.268	0.270	0.265	0.271	0.265	0.267	0.262	0.269	0.264	0.269	0.272	0.276	0.281	0.269	0.266	0.271	0.260	0.261	0.267	0.262	0.275	0.269	0.272	0.281	0.268	0.266	0.267	0.265	0.263	0.263	0.263	0.264	0.270	0.270	0.265	0.262	0.261	0.268	0.265	0.259	0.270	0.264	0.270	0.271	0.269	0.265	0.267	0.267	0.268	0.269	0.270	0.272	0.267	0.271	0.267	0.270	0.277	0.272	0.267	0.270	0.270	0.270	0.274	0.272	0.274	0.275	0.276	0.274	0.267	0.270	0.267	0.267	0.278	0.273	0.278	0.273	0.274	0.277	0.280	0.271	0.270	0.270	0.270	0.264	0.267	0.274	0.271	0.274
20:00:46	34.4	0.273	0.263	0.265	0.267	0.263	0.265	0.270	0.266	0.271	0.272	0.267	0.273	0.267	0.269	0.264	0.271	0.265	0.271	0.273	0.279	0.284	0.273	0.268	0.274	0.262	0.263	0.269	0.265	0.278	0.271	0.276	0.284	0.272	0.270	0.270	0.268	0.264	0.264	0.265	0.267	0.272	0.272	0.268	0.265	0.264	0.272	0.268	0.262	0.270	0.266	0.275	0.274	0.271	0.269	0.270	0.270	0.271	0.272	0.274	0.277	0.270	0.275	0.270	0.273	0.281	0.275	0.270	0.273	0.276	0.274	0.278	0.275	0.278	0.277	0.279	0.278	0.269	0.273	0.271	0.270	0.283	0.274	0.282	0.279	0.276	0.280	0.282	0.274	0.274	0.281	0.272	0.267	0.269	0.276	0.274	0.277
21:00:47	34.4	0.274	0.263	0.266	0.268	0.265	0.266	0.270	0.267	0.272	0.273	0.268	0.273	0.268	0.271	0.265	0.273	0.266	0.273	0.274	0.281	0.286	0.274	0.269	0.274	0.265	0.265	0.271	0.267	0.280	0.274	0.279	0.286	0.275	0.272	0.273	0.271	0.265	0.266	0.267	0.268	0.273	0.278	0.270	0.267	0.268	0.276	0.271	0.263	0.272	0.269	0.275	0.277	0.273	0.272	0.272	0.273	0.275	0.278	0.279	0.279	0.278	0.277	0.273	0.276	0.283	0.279	0.272	0.276	0.277	0.277	0.279	0.279	0.278	0.280	0.281	0.281	0.271	0.275	0.272	0.272	0.284	0.277	0.283	0.277	0.278	0.282	0.285	0.277	0.277	0.275	0.276	0.268	0.273	0.278	0.277	0.277
22:00:48	34.4	0.275	0.263	0.266	0.267	0.266	0.266	0.270	0.267	0.272	0.273	0.268	0.273	0.268	0.272	0.265	0.274	0.266	0.275	0.275	0.283	0.287	0.277	0.269	0.275	0.266	0.267	0.273	0.268	0.282	0.277	0.281	0.288	0.276	0.274	0.275	0.273	0.265	0.271	0.267	0.269	0.274	0.274	0.270	0.268	0.269	0.278	0.272	0.265	0.275	0.270	0.277	0.282	0.274	0.274	0.273	0.275	0.277	0.278	0.282	0.281	0.275	0.279	0.275	0.278	0.288	0.280	0.274	0.277	0.279	0.278	0.281	0.281	0.279	0.284	0.282	0.281	0.273	0.277	0.274	0.274	0.286	0.279	0.287	0.279	0.279	0.283	0.286	0.278	0.278	0.277	0.275	0.270	0.274	0.288	0.278	0.277
23:00:48	34.4	0.275	0.262	0.265	0.266	0.267	0.266	0.270	0.266	0.271	0.273	0.268	0.273	0.268	0.273	0.265	0.274	0.266	0.276	0.276	0.285	0.289	0.277	0.269	0.275	0.267	0.268	0.274	0.270	0.283	0.280	0.283	0.290	0.278	0.275	0.275	0.275	0.267	0.266	0.266	0.270	0.275	0.274	0.271	0.268	0.269	0.279	0.274	0.265	0.275	0.271	0.278	0.281	0.275	0.275	0.274	0.277	0.279	0.279	0.281	0.285	0.275	0.280	0.277	0.279	0.290	0.281	0.275	0.279	0.283	0.278	0.281	0.283	0.281	0.282	0.285	0.284	0.274	0.278	0.275	0.276	0.288	0.281	0.286	0.285	0.286	0.285	0.287	0.279	0.279	0.279	0.276	0.274	0.275	0.284	0.281	0.276
0:00:00																																																																																																	

Results
	1	2	3	4	5	6	7	8	9	10	11	12
A	0.146	0.149	0.150	0.145	0.146	0.140	0.143	0.145	0.144	0.139	0.136	0.139	Max V [600]
	0.998	0.998	0.997	0.996	0.998	0.995	0.997	0.997	0.997	0.997	0.998	0.997	R-Squared [600]
	9:00:40	9:00:40	9:00:40	9:00:40	9:00:40	9:00:40	9:00:40	9:00:40	9:00:40	9:00:40	8:00:40	9:00:40	t at Max V [600]
	5:34:26	4:36:31	4:43:07	5:14:11	4:42:23	5:22:57	6:01:50	4:46:49	4:43:20	4:16:21	4:03:52	4:53:01	Lagtime [600]
B	0.146	0.139	0.140	0.141	0.137	0.135	0.133	0.133	0.143	0.133	0.132	0.143	Max V [600]
	0.997	0.996	0.994	0.995	0.997	0.995	0.996	0.996	0.997	0.997	0.997	0.998	R-Squared [600]
	9:00:40	9:00:40	9:00:40	10:00:40	10:00:40	9:00:40	9:00:40	9:00:40	9:00:40	9:00:40	9:00:40	9:00:40	t at Max V [600]
	4:50:30	5:18:27	4:43:58	4:56:14	5:03:55	5:03:00	4:59:26	4:51:53	4:51:49	4:38:06	4:26:59	4:35:07	Lagtime [600]
C	0.136	0.140	0.138	0.130	0.121	0.124	0.125	0.124	0.124	0.132	0.130	0.134	Max V [600]
	0.997	0.997	0.999	0.999	0.999	0.999	0.998	1.000	0.999	0.999	0.996	0.996	R-Squared [600]
	9:00:40	10:00:40	10:00:40	10:00:40	10:00:40	10:00:40	10:00:40	10:00:40	10:00:40	10:00:40	9:00:40	9:00:40	t at Max V [600]
	4:32:47	5:06:50	5:07:14	5:18:31	5:01:57	5:19:49	4:46:27	5:06:08	5:04:21	5:01:46	4:39:47	4:43:09	Lagtime [600]
D	0.144	0.136	0.136	0.125	0.122	0.121	0.123	0.124	0.129	0.128	0.131	0.130	Max V [600]
	0.997	0.998	0.999	0.999	0.999	1.000	0.999	0.999	0.994	0.994	0.996	0.996	R-Squared [600]
	9:00:40	10:00:40	10:00:40	10:00:40	10:00:40	10:00:40	10:00:40	10:00:40	10:00:40	10:00:40	9:00:40	9:00:40	t at Max V [600]
	4:43:36	5:47:15	5:28:48	5:04:38	5:30:48	5:09:18	4:48:14	5:00:43	5:33:37	4:48:10	4:43:47	4:39:35	Lagtime [600]
E	0.137	0.134	0.126	0.125	0.123	0.123	0.123	0.139	0.124	0.125	0.130	0.137	Max V [600]
	0.998	0.999	0.999	0.999	0.999	0.998	0.999	0.995	0.999	0.996	0.995	0.997	R-Squared [600]
	9:00:40	10:00:40	10:00:40	10:00:40	10:00:40	10:00:40	10:00:40	10:00:40	10:00:40	10:00:40	9:00:40	9:00:40	t at Max V [600]
	5:15:39	6:14:48	4:58:43	5:05:41	5:27:45	4:56:01	4:57:57	5:19:40	5:16:49	4:51:21	4:36:45	4:38:03	Lagtime [600]
F	0.137	0.133	0.127	0.126	0.121	0.115	0.123	0.127	0.124	0.123	0.120	0.135	Max V [600]
	0.997	0.998	0.999	0.999	0.998	0.999	0.999	0.999	0.999	0.996	0.997	0.997	R-Squared [600]
	9:00:40	9:00:40	10:00:40	10:00:40	10:00:40	10:00:40	10:00:40	10:00:40	10:00:40	10:00:40	9:00:40	9:00:40	t at Max V [600]
	5:03:33	4:46:04	5:00:09	4:52:12	5:07:33	5:13:36	5:01:41	5:07:54	5:13:24	4:50:11	4:35:23	4:27:13	Lagtime [600]
G	0.143	0.130	0.132	0.133	0.141	0.141	0.127	0.132	0.122	0.129	0.132	0.144	Max V [600]
	0.998	0.995	0.997	0.997	0.998	0.997	0.999	0.999	0.997	0.999	0.996	0.995	R-Squared [600]
	9:00:40	9:00:40	9:00:40	10:00:40	10:00:40	9:00:40	10:00:40	10:00:40	10:00:40	10:00:40	9:00:40	9:00:40	t at Max V [600]
	4:50:41	5:07:52	4:53:11	4:48:36	5:12:04	5:05:01	4:51:46	5:07:01	5:30:48	5:13:49	4:36:50	4:49:57	Lagtime [600]
H	0.155	0.178	0.137	0.136	0.133	0.139	0.136	0.143	0.140	0.141	0.143	0.144	Max V [600]
	0.998	0.984	0.997	0.997	0.998	0.996	0.996	0.994	0.996	0.996	0.998	0.997	R-Squared [600]
	9:00:40	9:00:40	9:00:40	9:00:40	9:00:40	9:00:40	9:00:40	9:00:40	9:00:40	9:00:40	9:00:40	9:00:40	t at Max V [600]
	4:38:48	5:14:58	4:39:13	4:29:53	4:40:33	4:44:51	5:07:32	4:58:57	4:53:54	4:48:00	4:25:48	4:39:52	Lagtime [600]

