
Software Version	3.11.19



Experiment File Path:	C:\Users\patil-group\Desktop\Sweeteners_stacker\101121_NT5025_42_78_Rep1\NT5025_42_78_Rep1.xpt
Protocol File Path:	C:\Users\Public\Documents\Protocols\Screening-protocol.prt



Plate Number	Plate 2
Date	10/11/2021
Time	14:55:41
Reader Type:	Epoch 2
Reader Serial Number:	2103223
Reading Type	Reader

Procedure Details

Plate Type	96 WELL PLATE
Discontinuous Kinetics	Runtime 1:00:00 (D:HH:MM), Interval 0:01:00, 25 Reads
	Pause after each run
Eject plate on completion	
Shake	Linear: 0:00:30 (HH:MM:SS)
	Frequency: 567 cpm (3 mm)
Read	Absorbance Endpoint
	Full Plate
	Wavelengths:  600
	Read Speed: Normal,  Delay: 100 msec,  Measurements/Data Point: 8

600

Time	T° 600	A1	A2	A3	A4	A5	A6	A7	A8	A9	A10	A11	A12	B1	B2	B3	B4	B5	B6	B7	B8	B9	B10	B11	B12	C1	C2	C3	C4	C5	C6	C7	C8	C9	C10	C11	C12	D1	D2	D3	D4	D5	D6	D7	D8	D9	D10	D11	D12	E1	E2	E3	E4	E5	E6	E7	E8	E9	E10	E11	E12	F1	F2	F3	F4	F5	F6	F7	F8	F9	F10	F11	F12	G1	G2	G3	G4	G5	G6	G7	G8	G9	G10	G11	G12	H1	H2	H3	H4	H5	H6	H7	H8	H9	H10	H11	H12
0:00:34	34.9	0.173	0.169	0.173	0.172	0.172	0.175	0.174	0.172	0.171	0.169	0.172	0.175	0.173	0.174	0.176	0.165	0.173	0.168	0.172	0.174	0.180	0.174	0.182	0.174	0.188	0.171	0.170	0.174	0.183	0.173	0.172	0.174	0.166	0.172	0.169	0.173	0.176	0.184	0.171	0.169	0.173	0.168	0.173	0.172	0.174	0.172	0.177	0.173	0.174	0.179	0.171	0.176	0.177	0.179	0.176	0.222	0.168	0.174	0.177	0.170	0.169	0.180	0.167	0.209	0.176	0.173	0.175	0.174	0.173	0.175	0.185	0.172	0.175	0.174	0.172	0.170	0.173	0.172	0.172	0.168	0.180	0.169	0.174	0.172	0.174	0.171	0.179	0.171	0.170	0.171	0.171	0.169	0.168	0.172	0.174	0.175
1:00:34	35.0	0.175	0.171	0.175	0.174	0.174	0.176	0.176	0.174	0.173	0.171	0.174	0.177	0.174	0.176	0.178	0.171	0.175	0.170	0.174	0.177	0.181	0.176	0.174	0.176	0.188	0.172	0.172	0.175	0.184	0.176	0.174	0.179	0.167	0.174	0.172	0.175	0.177	0.184	0.172	0.172	0.175	0.171	0.176	0.173	0.175	0.175	0.178	0.175	0.175	0.180	0.171	0.174	0.179	0.180	0.178	0.225	0.170	0.175	0.176	0.172	0.171	0.181	0.169	0.203	0.178	0.174	0.176	0.176	0.174	0.177	0.183	0.175	0.176	0.174	0.173	0.172	0.175	0.175	0.174	0.170	0.181	0.171	0.181	0.174	0.175	0.173	0.181	0.174	0.172	0.174	0.174	0.171	0.170	0.174	0.176	0.177
2:00:34	35.0	0.179	0.174	0.177	0.177	0.177	0.179	0.179	0.177	0.176	0.173	0.177	0.180	0.176	0.178	0.181	0.173	0.177	0.172	0.176	0.179	0.184	0.178	0.177	0.178	0.190	0.175	0.174	0.177	0.185	0.177	0.177	0.182	0.170	0.177	0.175	0.178	0.180	0.186	0.174	0.178	0.178	0.173	0.178	0.175	0.177	0.177	0.180	0.177	0.178	0.182	0.173	0.172	0.181	0.180	0.179	0.226	0.172	0.177	0.178	0.174	0.174	0.183	0.172	0.199	0.180	0.176	0.174	0.184	0.176	0.179	0.182	0.177	0.179	0.176	0.175	0.175	0.177	0.177	0.176	0.172	0.183	0.173	0.183	0.177	0.178	0.176	0.184	0.176	0.175	0.182	0.177	0.174	0.174	0.176	0.179	0.180
3:00:35	35.0	0.184	0.179	0.181	0.181	0.182	0.184	0.183	0.182	0.180	0.178	0.181	0.185	0.182	0.183	0.184	0.177	0.181	0.177	0.180	0.183	0.188	0.182	0.181	0.182	0.194	0.179	0.178	0.181	0.189	0.182	0.182	0.186	0.173	0.181	0.179	0.182	0.185	0.189	0.179	0.178	0.182	0.177	0.182	0.179	0.180	0.181	0.184	0.181	0.183	0.185	0.177	0.182	0.185	0.183	0.183	0.231	0.176	0.182	0.181	0.179	0.179	0.186	0.176	0.211	0.184	0.180	0.177	0.182	0.180	0.183	0.185	0.181	0.182	0.180	0.180	0.179	0.182	0.182	0.181	0.177	0.187	0.178	0.186	0.181	0.184	0.182	0.189	0.181	0.180	0.182	0.182	0.178	0.179	0.181	0.184	0.184
4:00:34	34.6	0.200	0.188	0.189	0.188	0.190	0.192	0.190	0.194	0.193	0.186	0.188	0.191	0.191	0.189	0.190	0.184	0.189	0.183	0.187	0.191	0.193	0.189	0.188	0.188	0.202	0.186	0.186	0.187	0.195	0.188	0.189	0.192	0.179	0.193	0.186	0.188	0.192	0.199	0.185	0.186	0.190	0.182	0.188	0.184	0.185	0.190	0.191	0.187	0.189	0.193	0.186	0.182	0.193	0.189	0.193	0.235	0.182	0.186	0.187	0.189	0.189	0.193	0.183	0.209	0.193	0.185	0.186	0.192	0.185	0.185	0.190	0.187	0.192	0.191	0.187	0.188	0.189	0.190	0.193	0.185	0.193	0.184	0.192	0.188	0.195	0.189	0.197	0.188	0.187	0.188	0.189	0.185	0.186	0.188	0.189	0.191
5:00:34	34.6	0.211	0.200	0.200	0.199	0.207	0.203	0.200	0.202	0.203	0.196	0.198	0.202	0.202	0.199	0.201	0.193	0.199	0.193	0.196	0.200	0.207	0.199	0.199	0.198	0.212	0.197	0.196	0.196	0.205	0.198	0.199	0.202	0.190	0.203	0.196	0.197	0.203	0.209	0.196	0.195	0.201	0.192	0.199	0.194	0.196	0.198	0.201	0.197	0.201	0.203	0.195	0.193	0.210	0.198	0.204	0.242	0.191	0.202	0.196	0.198	0.199	0.203	0.193	0.222	0.204	0.194	0.197	0.203	0.194	0.202	0.199	0.197	0.201	0.199	0.197	0.200	0.200	0.202	0.201	0.196	0.202	0.196	0.201	0.197	0.206	0.200	0.208	0.198	0.198	0.199	0.201	0.195	0.196	0.198	0.199	0.201
6:00:34	34.9	0.212	0.202	0.204	0.227	0.208	0.218	0.213	0.216	0.210	0.204	0.201	0.204	0.203	0.201	0.224	0.236	0.214	0.207	0.208	0.214	0.217	0.260	0.205	0.202	0.212	0.220	0.226	0.256	0.219	0.212	0.216	0.215	0.203	0.216	0.209	0.205	0.209	0.241	0.229	0.209	0.215	0.206	0.213	0.207	0.209	0.211	0.215	0.204	0.210	0.227	0.208	0.206	0.222	0.212	0.218	0.255	0.230	0.216	0.208	0.208	0.240	0.254	0.207	0.210	0.217	0.585	0.300	0.213	0.205	0.215	0.386	0.206	0.228	0.202	0.233	0.230	0.203	0.203	0.203	0.200	0.214	0.202	0.205	0.206	0.217	0.209	0.215	0.194	0.203	0.199	0.205	0.201	0.202	0.198	0.202	0.201
7:00:32	35.1	0.232	0.223	0.223	0.246	0.224	0.236	0.231	0.233	0.231	0.230	0.223	0.226	0.226	0.223	0.243	0.254	0.232	0.226	0.225	0.232	0.232	0.264	0.223	0.225	0.226	0.240	0.245	0.267	0.237	0.230	0.230	0.233	0.220	0.234	0.228	0.225	0.222	0.259	0.249	0.226	0.234	0.223	0.230	0.224	0.226	0.229	0.233	0.225	0.227	0.244	0.226	0.223	0.243	0.230	0.235	0.271	0.222	0.243	0.225	0.225	0.256	0.274	0.225	0.227	0.234	0.542	0.219	0.229	0.222	0.232	0.351	0.223	0.249	0.217	0.249	0.246	0.220	0.220	0.219	0.217	0.232	0.219	0.230	0.228	0.238	0.229	0.238	0.225	0.226	0.227	0.228	0.223	0.225	0.225	0.223	0.223
8:00:32	35.0	0.249	0.240	0.240	0.264	0.239	0.255	0.249	0.251	0.249	0.246	0.239	0.242	0.243	0.240	0.263	0.284	0.251	0.243	0.242	0.248	0.248	0.285	0.239	0.241	0.240	0.259	0.264	0.281	0.255	0.248	0.248	0.250	0.238	0.251	0.245	0.242	0.237	0.279	0.269	0.241	0.252	0.241	0.247	0.241	0.243	0.247	0.251	0.242	0.243	0.263	0.242	0.240	0.259	0.247	0.252	0.287	0.239	0.251	0.242	0.242	0.273	0.292	0.243	0.245	0.252	0.470	0.235	0.245	0.239	0.250	0.312	0.239	0.265	0.231	0.267	0.267	0.237	0.237	0.237	0.235	0.248	0.236	0.248	0.246	0.256	0.248	0.256	0.243	0.244	0.244	0.245	0.242	0.242	0.242	0.239	0.237
9:00:32	35.0	0.271	0.261	0.258	0.283	0.257	0.275	0.267	0.269	0.269	0.268	0.258	0.262	0.262	0.258	0.283	0.295	0.270	0.262	0.259	0.264	0.264	0.301	0.258	0.260	0.257	0.279	0.284	0.294	0.273	0.266	0.265	0.267	0.255	0.269	0.264	0.260	0.254	0.301	0.287	0.259	0.276	0.258	0.265	0.258	0.260	0.265	0.269	0.260	0.261	0.279	0.261	0.257	0.276	0.264	0.269	0.303	0.256	0.269	0.258	0.256	0.293	0.309	0.260	0.262	0.269	0.395	0.251	0.261	0.256	0.267	0.293	0.258	0.288	0.248	0.285	0.292	0.255	0.255	0.254	0.251	0.265	0.255	0.263	0.264	0.278	0.273	0.276	0.263	0.263	0.262	0.264	0.260	0.260	0.259	0.258	0.256
10:00:33	35.0	0.298	0.289	0.284	0.311	0.281	0.303	0.292	0.294	0.296	0.292	0.285	0.289	0.288	0.284	0.309	0.322	0.296	0.288	0.281	0.286	0.286	0.330	0.283	0.285	0.280	0.306	0.310	0.311	0.298	0.290	0.293	0.291	0.279	0.294	0.291	0.285	0.279	0.324	0.312	0.283	0.293	0.282	0.288	0.281	0.283	0.290	0.299	0.285	0.286	0.303	0.285	0.281	0.295	0.288	0.291	0.325	0.279	0.294	0.281	0.276	0.315	0.334	0.285	0.286	0.293	0.346	0.274	0.285	0.279	0.291	0.299	0.284	0.314	0.271	0.312	0.308	0.280	0.279	0.278	0.275	0.290	0.280	0.282	0.288	0.307	0.300	0.303	0.289	0.290	0.288	0.290	0.287	0.286	0.284	0.283	0.281
11:00:34	34.9	0.327	0.320	0.314	0.342	0.309	0.335	0.321	0.324	0.326	0.323	0.330	0.319	0.317	0.312	0.340	0.354	0.326	0.317	0.308	0.314	0.311	0.355	0.313	0.315	0.307	0.337	0.343	0.340	0.327	0.320	0.319	0.320	0.307	0.324	0.321	0.314	0.306	0.359	0.344	0.310	0.323	0.310	0.317	0.309	0.312	0.320	0.329	0.314	0.315	0.334	0.313	0.309	0.325	0.317	0.319	0.351	0.307	0.324	0.309	0.302	0.345	0.360	0.314	0.315	0.322	0.339	0.301	0.313	0.306	0.319	0.319	0.312	0.345	0.295	0.343	0.338	0.309	0.307	0.306	0.303	0.318	0.308	0.310	0.316	0.338	0.326	0.333	0.319	0.320	0.318	0.320	0.317	0.315	0.313	0.311	0.307
12:00:34	35.0	0.353	0.346	0.340	0.374	0.336	0.365	0.351	0.353	0.352	0.351	0.354	0.342	0.344	0.339	0.373	0.380	0.356	0.346	0.338	0.344	0.337	0.376	0.339	0.342	0.333	0.366	0.374	0.366	0.357	0.350	0.350	0.348	0.335	0.352	0.350	0.340	0.333	0.390	0.375	0.340	0.353	0.341	0.347	0.338	0.340	0.349	0.357	0.341	0.342	0.362	0.342	0.339	0.354	0.346	0.347	0.377	0.335	0.352	0.334	0.325	0.374	0.390	0.343	0.344	0.352	0.353	0.331	0.342	0.333	0.346	0.342	0.337	0.373	0.317	0.372	0.373	0.337	0.334	0.332	0.331	0.347	0.335	0.335	0.340	0.365	0.353	0.360	0.346	0.347	0.346	0.347	0.347	0.342	0.338	0.335	0.330
13:00:34	34.9	0.370	0.365	0.359	0.396	0.358	0.388	0.374	0.375	0.372	0.369	0.372	0.360	0.364	0.361	0.387	0.403	0.381	0.369	0.362	0.367	0.356	0.393	0.358	0.362	0.352	0.391	0.402	0.388	0.383	0.377	0.376	0.372	0.360	0.376	0.373	0.360	0.352	0.416	0.401	0.365	0.380	0.368	0.374	0.364	0.366	0.375	0.381	0.363	0.365	0.385	0.368	0.365	0.377	0.372	0.369	0.399	0.359	0.377	0.355	0.344	0.394	0.409	0.369	0.370	0.378	0.376	0.358	0.367	0.357	0.370	0.362	0.356	0.390	0.332	0.403	0.400	0.359	0.356	0.354	0.353	0.370	0.355	0.353	0.357	0.385	0.372	0.380	0.365	0.367	0.367	0.368	0.369	0.362	0.358	0.353	0.347
14:00:34	34.9	0.376	0.371	0.367	0.403	0.367	0.400	0.385	0.385	0.381	0.382	0.377	0.368	0.371	0.371	0.399	0.416	0.396	0.383	0.377	0.381	0.368	0.401	0.365	0.376	0.359	0.402	0.421	0.405	0.402	0.396	0.394	0.390	0.379	0.392	0.386	0.374	0.360	0.428	0.419	0.385	0.399	0.388	0.395	0.384	0.385	0.392	0.396	0.377	0.374	0.394	0.386	0.385	0.395	0.390	0.386	0.416	0.378	0.393	0.368	0.357	0.405	0.416	0.386	0.389	0.396	0.388	0.375	0.381	0.373	0.386	0.373	0.369	0.389	0.336	0.413	0.405	0.368	0.365	0.362	0.363	0.380	0.362	0.366	0.369	0.391	0.380	0.387	0.373	0.375	0.375	0.376	0.378	0.371	0.371	0.360	0.354
15:00:35	34.9	0.381	0.378	0.374	0.413	0.373	0.406	0.390	0.390	0.386	0.385	0.380	0.371	0.377	0.377	0.410	0.421	0.402	0.389	0.382	0.386	0.371	0.407	0.370	0.379	0.364	0.407	0.423	0.406	0.408	0.403	0.400	0.396	0.386	0.398	0.391	0.378	0.366	0.431	0.420	0.392	0.407	0.395	0.402	0.392	0.392	0.399	0.400	0.381	0.379	0.398	0.393	0.391	0.402	0.397	0.395	0.424	0.383	0.399	0.370	0.359	0.410	0.418	0.392	0.395	0.403	0.393	0.381	0.388	0.379	0.391	0.377	0.372	0.394	0.340	0.417	0.413	0.375	0.371	0.369	0.370	0.386	0.368	0.369	0.370	0.397	0.385	0.394	0.379	0.381	0.381	0.382	0.385	0.377	0.375	0.365	0.357
16:00:36	34.9	0.385	0.383	0.381	0.416	0.378	0.411	0.394	0.394	0.389	0.388	0.383	0.373	0.383	0.382	0.409	0.419	0.408	0.395	0.387	0.391	0.376	0.404	0.375	0.382	0.369	0.414	0.432	0.412	0.414	0.408	0.406	0.402	0.391	0.403	0.397	0.381	0.372	0.436	0.428	0.398	0.413	0.402	0.408	0.398	0.397	0.404	0.406	0.386	0.385	0.402	0.400	0.399	0.409	0.402	0.397	0.427	0.390	0.406	0.373	0.361	0.416	0.423	0.399	0.402	0.409	0.397	0.388	0.395	0.386	0.397	0.379	0.374	0.403	0.345	0.420	0.420	0.382	0.378	0.375	0.376	0.391	0.375	0.368	0.369	0.400	0.391	0.400	0.385	0.387	0.387	0.388	0.391	0.384	0.379	0.369	0.361
17:00:36	34.9	0.382	0.382	0.385	0.418	0.381	0.414	0.397	0.396	0.391	0.390	0.383	0.370	0.386	0.386	0.412	0.424	0.412	0.399	0.391	0.394	0.380	0.403	0.377	0.383	0.373	0.422	0.432	0.418	0.420	0.414	0.411	0.408	0.396	0.407	0.400	0.382	0.375	0.441	0.428	0.404	0.419	0.407	0.414	0.404	0.403	0.410	0.410	0.389	0.388	0.406	0.406	0.405	0.415	0.408	0.399	0.428	0.395	0.411	0.374	0.360	0.415	0.424	0.405	0.408	0.415	0.402	0.394	0.401	0.392	0.402	0.379	0.374	0.409	0.347	0.423	0.419	0.387	0.381	0.378	0.382	0.396	0.378	0.366	0.366	0.400	0.392	0.399	0.384	0.385	0.388	0.392	0.395	0.386	0.378	0.366	0.359
18:00:37	34.9	0.369	0.368	0.372	0.409	0.368	0.403	0.390	0.390	0.380	0.381	0.376	0.363	0.374	0.374	0.399	0.413	0.403	0.389	0.388	0.394	0.378	0.400	0.365	0.377	0.360	0.409	0.420	0.413	0.412	0.408	0.407	0.402	0.392	0.401	0.391	0.377	0.362	0.430	0.416	0.401	0.414	0.406	0.409	0.401	0.399	0.404	0.401	0.381	0.375	0.393	0.401	0.399	0.408	0.404	0.399	0.428	0.388	0.404	0.368	0.354	0.405	0.415	0.396	0.400	0.409	0.394	0.388	0.392	0.383	0.393	0.377	0.370	0.398	0.336	0.413	0.406	0.375	0.369	0.367	0.371	0.386	0.365	0.361	0.359	0.387	0.378	0.387	0.372	0.374	0.377	0.379	0.382	0.373	0.370	0.358	0.349
19:00:37	34.9	0.360	0.358	0.364	0.401	0.359	0.392	0.382	0.381	0.371	0.372	0.365	0.355	0.364	0.366	0.388	0.403	0.393	0.379	0.378	0.382	0.368	0.390	0.357	0.365	0.351	0.399	0.411	0.401	0.402	0.397	0.395	0.393	0.383	0.392	0.381	0.366	0.354	0.417	0.403	0.390	0.404	0.395	0.399	0.391	0.389	0.394	0.391	0.371	0.367	0.384	0.390	0.389	0.398	0.394	0.391	0.419	0.379	0.395	0.361	0.346	0.393	0.406	0.387	0.390	0.399	0.384	0.379	0.383	0.375	0.385	0.366	0.361	0.390	0.328	0.405	0.393	0.366	0.361	0.359	0.362	0.376	0.357	0.353	0.351	0.379	0.370	0.378	0.365	0.366	0.368	0.371	0.373	0.365	0.362	0.349	0.341
20:00:38	34.9	0.352	0.350	0.356	0.391	0.350	0.383	0.375	0.374	0.363	0.363	0.356	0.344	0.357	0.358	0.380	0.392	0.384	0.371	0.370	0.374	0.360	0.380	0.349	0.357	0.344	0.390	0.402	0.393	0.393	0.388	0.387	0.385	0.374	0.384	0.372	0.358	0.346	0.407	0.394	0.382	0.394	0.386	0.390	0.382	0.380	0.385	0.383	0.363	0.359	0.374	0.382	0.381	0.389	0.385	0.382	0.411	0.371	0.387	0.353	0.339	0.383	0.399	0.378	0.381	0.390	0.375	0.370	0.374	0.367	0.377	0.358	0.350	0.382	0.321	0.398	0.385	0.357	0.353	0.351	0.355	0.368	0.349	0.343	0.342	0.370	0.362	0.370	0.356	0.358	0.360	0.363	0.365	0.357	0.354	0.341	0.334
21:00:39	35.0	0.344	0.342	0.348	0.379	0.342	0.374	0.368	0.367	0.354	0.355	0.348	0.336	0.349	0.350	0.362	0.379	0.376	0.363	0.362	0.366	0.353	0.371	0.341	0.348	0.336	0.378	0.389	0.388	0.384	0.379	0.378	0.376	0.366	0.375	0.364	0.350	0.339	0.398	0.386	0.374	0.386	0.378	0.382	0.373	0.371	0.376	0.374	0.355	0.351	0.367	0.373	0.372	0.380	0.376	0.374	0.403	0.363	0.378	0.344	0.331	0.375	0.393	0.370	0.372	0.381	0.366	0.362	0.366	0.359	0.368	0.350	0.342	0.374	0.315	0.390	0.376	0.349	0.345	0.344	0.346	0.360	0.341	0.334	0.333	0.361	0.354	0.362	0.348	0.350	0.352	0.354	0.356	0.349	0.345	0.333	0.326
22:00:39	35.0	0.335	0.334	0.340	0.369	0.334	0.364	0.361	0.361	0.345	0.346	0.340	0.328	0.341	0.342	0.354	0.367	0.367	0.354	0.355	0.358	0.345	0.363	0.333	0.340	0.328	0.367	0.379	0.382	0.375	0.370	0.369	0.367	0.357	0.367	0.355	0.342	0.331	0.388	0.378	0.365	0.377	0.368	0.373	0.365	0.363	0.368	0.365	0.346	0.342	0.358	0.365	0.363	0.371	0.367	0.364	0.394	0.354	0.369	0.337	0.323	0.368	0.385	0.361	0.364	0.372	0.357	0.353	0.358	0.350	0.359	0.342	0.334	0.367	0.307	0.382	0.368	0.341	0.337	0.336	0.339	0.351	0.333	0.326	0.326	0.352	0.346	0.353	0.339	0.342	0.344	0.347	0.348	0.341	0.337	0.325	0.318
23:00:40	35.0	0.329	0.327	0.332	0.360	0.326	0.356	0.355	0.355	0.338	0.338	0.333	0.321	0.333	0.335	0.347	0.357	0.358	0.346	0.347	0.350	0.337	0.357	0.325	0.332	0.320	0.358	0.370	0.375	0.367	0.362	0.361	0.359	0.349	0.358	0.347	0.334	0.323	0.380	0.371	0.357	0.369	0.360	0.365	0.357	0.355	0.359	0.357	0.338	0.335	0.350	0.356	0.355	0.362	0.359	0.355	0.386	0.346	0.361	0.329	0.316	0.359	0.377	0.352	0.355	0.364	0.350	0.345	0.350	0.342	0.351	0.335	0.326	0.356	0.301	0.373	0.358	0.333	0.330	0.328	0.331	0.344	0.325	0.319	0.319	0.344	0.338	0.345	0.332	0.334	0.336	0.339	0.340	0.333	0.330	0.318	0.312
24:00:41	35.1	0.321	0.319	0.325	0.350	0.318	0.347	0.349	0.349	0.331	0.330	0.325	0.315	0.326	0.327	0.340	0.348	0.350	0.338	0.340	0.343	0.330	0.351	0.318	0.324	0.312	0.348	0.358	0.369	0.358	0.354	0.353	0.351	0.341	0.350	0.339	0.326	0.316	0.371	0.362	0.349	0.360	0.352	0.356	0.348	0.346	0.351	0.349	0.330	0.327	0.342	0.348	0.347	0.354	0.350	0.346	0.378	0.338	0.353	0.322	0.309	0.351	0.367	0.344	0.348	0.355	0.342	0.338	0.343	0.335	0.344	0.328	0.319	0.344	0.295	0.362	0.352	0.326	0.323	0.321	0.324	0.336	0.318	0.313	0.314	0.336	0.331	0.337	0.325	0.327	0.329	0.332	0.332	0.326	0.323	0.312	0.305

0:00:00																																																																																																	
0:00:00																																																																																																	
0:00:00																																																																																																	
0:00:00																																																																																																	
0:00:00																																																																																																	
0:00:00																																																																																																	
0:00:00																																																																																																	
0:00:00																																																																																																	
0:00:00																																																																																																	
0:00:00																																																																																																	
0:00:00																																																																																																	
0:00:00																																																																																																	
0:00:00																																																																																																	
0:00:00																																																																																																	
0:00:00																																																																																																	
0:00:00																																																																																																	
0:00:00																																																																																																	
0:00:00																																																																																																	
0:00:00																																																																																																	
0:00:00																																																																																																	
0:00:00																																																																																																	

Results
	1	2	3	4	5	6	7	8	9	10	11	12
A	?????	?????	?????	?????	?????	?????	?????	?????	?????	?????	?????	?????	Max V [600]
	?????	?????	?????	?????	?????	?????	?????	?????	?????	?????	?????	?????	R-Squared [600]
	?????	?????	?????	?????	?????	?????	?????	?????	?????	?????	?????	?????	t at Max V [600]
	?????	?????	?????	?????	?????	?????	?????	?????	?????	?????	?????	?????	Lagtime [600]
B	?????	?????	?????	?????	?????	?????	?????	?????	?????	?????	?????	?????	Max V [600]
	?????	?????	?????	?????	?????	?????	?????	?????	?????	?????	?????	?????	R-Squared [600]
	?????	?????	?????	?????	?????	?????	?????	?????	?????	?????	?????	?????	t at Max V [600]
	?????	?????	?????	?????	?????	?????	?????	?????	?????	?????	?????	?????	Lagtime [600]
C	?????	?????	?????	?????	?????	?????	?????	?????	?????	?????	?????	?????	Max V [600]
	?????	?????	?????	?????	?????	?????	?????	?????	?????	?????	?????	?????	R-Squared [600]
	?????	?????	?????	?????	?????	?????	?????	?????	?????	?????	?????	?????	t at Max V [600]
	?????	?????	?????	?????	?????	?????	?????	?????	?????	?????	?????	?????	Lagtime [600]
D	?????	?????	?????	?????	?????	?????	?????	?????	?????	?????	?????	?????	Max V [600]
	?????	?????	?????	?????	?????	?????	?????	?????	?????	?????	?????	?????	R-Squared [600]
	?????	?????	?????	?????	?????	?????	?????	?????	?????	?????	?????	?????	t at Max V [600]
	?????	?????	?????	?????	?????	?????	?????	?????	?????	?????	?????	?????	Lagtime [600]
E	?????	?????	?????	?????	?????	?????	?????	?????	?????	?????	?????	?????	Max V [600]
	?????	?????	?????	?????	?????	?????	?????	?????	?????	?????	?????	?????	R-Squared [600]
	?????	?????	?????	?????	?????	?????	?????	?????	?????	?????	?????	?????	t at Max V [600]
	?????	?????	?????	?????	?????	?????	?????	?????	?????	?????	?????	?????	Lagtime [600]
F	?????	?????	?????	?????	?????	?????	?????	?????	?????	?????	?????	?????	Max V [600]
	?????	?????	?????	?????	?????	?????	?????	?????	?????	?????	?????	?????	R-Squared [600]
	?????	?????	?????	?????	?????	?????	?????	?????	?????	?????	?????	?????	t at Max V [600]
	?????	?????	?????	?????	?????	?????	?????	?????	?????	?????	?????	?????	Lagtime [600]
G	?????	?????	?????	?????	?????	?????	?????	?????	?????	?????	?????	?????	Max V [600]
	?????	?????	?????	?????	?????	?????	?????	?????	?????	?????	?????	?????	R-Squared [600]
	?????	?????	?????	?????	?????	?????	?????	?????	?????	?????	?????	?????	t at Max V [600]
	?????	?????	?????	?????	?????	?????	?????	?????	?????	?????	?????	?????	Lagtime [600]
H	?????	?????	?????	?????	?????	?????	?????	?????	?????	?????	?????	?????	Max V [600]
	?????	?????	?????	?????	?????	?????	?????	?????	?????	?????	?????	?????	R-Squared [600]
	?????	?????	?????	?????	?????	?????	?????	?????	?????	?????	?????	?????	t at Max V [600]
	?????	?????	?????	?????	?????	?????	?????	?????	?????	?????	?????	?????	Lagtime [600]


