
Software Version	3.11.19



Experiment File Path:	C:\Users\patil-group\Desktop\Sweeteners_stacker\NT5007_07_24_76_Rep1.xpt
Protocol File Path:	C:\Users\Public\Documents\Protocols\Screening-protocol.prt



Plate Number	Plate 4
Date	12/12/2021
Time	15:01:45
Reader Type:	Epoch 2
Reader Serial Number:	2103223
Reading Type	Reader

Procedure Details

Plate Type	96 WELL PLATE
Discontinuous Kinetics	Runtime 1:00:00 (D:HH:MM), Interval 0:01:00, 25 Reads
	Pause after each run
Eject plate on completion	
Shake	Linear: 0:00:30 (HH:MM:SS)
	Frequency: 567 cpm (3 mm)
Read	Absorbance Endpoint
	Full Plate
	Wavelengths:  600
	Read Speed: Normal,  Delay: 100 msec,  Measurements/Data Point: 8

600

Time	T° 600	A1	A2	A3	A4	A5	A6	A7	A8	A9	A10	A11	A12	B1	B2	B3	B4	B5	B6	B7	B8	B9	B10	B11	B12	C1	C2	C3	C4	C5	C6	C7	C8	C9	C10	C11	C12	D1	D2	D3	D4	D5	D6	D7	D8	D9	D10	D11	D12	E1	E2	E3	E4	E5	E6	E7	E8	E9	E10	E11	E12	F1	F2	F3	F4	F5	F6	F7	F8	F9	F10	F11	F12	G1	G2	G3	G4	G5	G6	G7	G8	G9	G10	G11	G12	H1	H2	H3	H4	H5	H6	H7	H8	H9	H10	H11	H12
0:00:34	34.7	0.162	0.162	0.164	0.164	0.165	0.161	0.163	0.165	0.164	0.162	0.170	0.165	0.166	0.173	0.167	0.164	0.164	0.161	0.165	0.166	0.172	0.171	0.175	0.172	0.171	0.170	0.165	0.164	0.190	0.167	0.167	0.178	0.168	0.168	0.167	0.174	0.167	0.169	0.165	0.166	0.175	0.171	0.168	0.167	0.176	0.174	0.175	0.174	0.165	0.176	0.169	0.168	0.172	0.167	0.167	0.176	0.170	0.168	0.176	0.174	0.174	0.166	0.171	0.171	0.174	0.170	0.167	0.173	0.171	0.179	0.177	0.175	0.173	0.173	0.177	0.172	0.170	0.166	0.175	0.169	0.177	0.173	0.176	0.181	0.174	0.165	0.173	0.168	0.176	0.170	0.176	0.172	0.174	0.183	0.169	0.178
1:00:34	34.5	0.163	0.163	0.165	0.166	0.166	0.161	0.165	0.166	0.165	0.164	0.172	0.168	0.167	0.173	0.167	0.165	0.164	0.162	0.166	0.166	0.173	0.172	0.174	0.174	0.172	0.170	0.165	0.164	0.189	0.167	0.168	0.179	0.168	0.169	0.168	0.176	0.168	0.169	0.166	0.167	0.177	0.171	0.168	0.168	0.177	0.176	0.176	0.176	0.166	0.176	0.170	0.168	0.171	0.166	0.168	0.178	0.171	0.169	0.178	0.177	0.174	0.167	0.171	0.172	0.174	0.171	0.168	0.173	0.172	0.180	0.178	0.178	0.174	0.175	0.177	0.173	0.170	0.166	0.176	0.171	0.178	0.175	0.178	0.184	0.177	0.168	0.176	0.171	0.179	0.172	0.177	0.173	0.176	0.184	0.172	0.181
2:00:34	34.6	0.171	0.171	0.172	0.173	0.172	0.163	0.171	0.173	0.173	0.172	0.179	0.177	0.176	0.179	0.174	0.170	0.170	0.167	0.172	0.172	0.179	0.178	0.181	0.182	0.179	0.175	0.171	0.169	0.194	0.167	0.169	0.183	0.174	0.176	0.176	0.184	0.175	0.175	0.172	0.172	0.180	0.174	0.173	0.173	0.181	0.181	0.182	0.184	0.173	0.181	0.178	0.173	0.173	0.167	0.172	0.182	0.177	0.175	0.185	0.185	0.182	0.173	0.177	0.176	0.180	0.176	0.173	0.179	0.178	0.185	0.184	0.185	0.182	0.182	0.182	0.179	0.174	0.169	0.181	0.176	0.184	0.181	0.185	0.192	0.190	0.180	0.186	0.180	0.189	0.182	0.184	0.180	0.183	0.192	0.180	0.190
3:00:35	34.6	0.192	0.188	0.190	0.189	0.188	0.167	0.189	0.191	0.190	0.192	0.198	0.200	0.194	0.195	0.189	0.183	0.183	0.179	0.185	0.188	0.194	0.194	0.197	0.201	0.196	0.189	0.184	0.181	0.205	0.166	0.174	0.197	0.188	0.191	0.191	0.201	0.192	0.188	0.184	0.184	0.191	0.181	0.185	0.185	0.192	0.194	0.197	0.200	0.190	0.194	0.188	0.185	0.182	0.170	0.181	0.195	0.190	0.189	0.199	0.203	0.198	0.186	0.189	0.188	0.191	0.186	0.183	0.191	0.191	0.199	0.199	0.202	0.199	0.196	0.196	0.192	0.184	0.174	0.193	0.189	0.198	0.196	0.201	0.208	0.218	0.205	0.210	0.203	0.210	0.203	0.199	0.199	0.199	0.209	0.199	0.210
4:00:35	34.6	0.232	0.223	0.224	0.222	0.217	0.172	0.223	0.225	0.227	0.228	0.237	0.239	0.228	0.226	0.217	0.211	0.211	0.202	0.212	0.214	0.225	0.225	0.230	0.238	0.228	0.215	0.211	0.206	0.228	0.169	0.181	0.222	0.217	0.219	0.220	0.237	0.223	0.216	0.210	0.207	0.213	0.197	0.207	0.208	0.215	0.218	0.225	0.235	0.220	0.220	0.212	0.208	0.201	0.173	0.199	0.216	0.215	0.214	0.228	0.236	0.229	0.213	0.213	0.210	0.215	0.206	0.206	0.216	0.216	0.225	0.228	0.237	0.232	0.225	0.224	0.220	0.204	0.183	0.216	0.216	0.226	0.224	0.229	0.241	0.284	0.251	0.256	0.252	0.250	0.241	0.228	0.227	0.230	0.243	0.235	0.249
5:00:35	34.6	0.262	0.256	0.260	0.258	0.255	0.179	0.258	0.261	0.258	0.261	0.267	0.267	0.264	0.263	0.255	0.255	0.255	0.241	0.254	0.257	0.264	0.264	0.268	0.271	0.269	0.257	0.253	0.247	0.269	0.167	0.192	0.266	0.262	0.264	0.264	0.272	0.264	0.260	0.252	0.249	0.251	0.223	0.239	0.252	0.258	0.263	0.269	0.272	0.260	0.263	0.256	0.250	0.233	0.179	0.229	0.256	0.259	0.259	0.271	0.280	0.270	0.257	0.257	0.252	0.255	0.241	0.245	0.258	0.260	0.270	0.274	0.275	0.270	0.272	0.270	0.266	0.237	0.197	0.259	0.262	0.273	0.271	0.274	0.281	0.325	0.289	0.335	0.293	0.299	0.313	0.272	0.271	0.274	0.281	0.271	0.281
6:00:36	34.6	0.280	0.272	0.275	0.270	0.264	0.186	0.274	0.277	0.275	0.278	0.283	0.282	0.276	0.278	0.272	0.270	0.269	0.257	0.265	0.272	0.281	0.277	0.283	0.285	0.283	0.268	0.266	0.261	0.288	0.170	0.203	0.282	0.276	0.278	0.277	0.288	0.279	0.273	0.265	0.268	0.272	0.256	0.263	0.270	0.273	0.277	0.287	0.287	0.271	0.275	0.271	0.268	0.261	0.185	0.262	0.282	0.276	0.269	0.278	0.276	0.281	0.266	0.273	0.273	0.277	0.268	0.267	0.274	0.277	0.282	0.283	0.284	0.277	0.280	0.283	0.278	0.262	0.210	0.275	0.276	0.283	0.280	0.281	0.284	0.362	0.330	0.335	0.319	0.320	0.330	0.282	0.280	0.282	0.291	0.281	0.289
7:00:36	34.6	0.285	0.280	0.283	0.279	0.270	0.191	0.284	0.287	0.283	0.285	0.289	0.287	0.282	0.286	0.283	0.283	0.280	0.258	0.273	0.284	0.296	0.290	0.295	0.293	0.294	0.278	0.278	0.273	0.303	0.170	0.212	0.295	0.292	0.295	0.293	0.298	0.290	0.284	0.277	0.278	0.283	0.251	0.266	0.284	0.283	0.287	0.299	0.297	0.281	0.285	0.282	0.278	0.258	0.191	0.268	0.294	0.288	0.279	0.280	0.279	0.291	0.269	0.277	0.280	0.282	0.263	0.273	0.284	0.287	0.292	0.290	0.292	0.286	0.289	0.296	0.288	0.253	0.220	0.277	0.288	0.296	0.291	0.286	0.291	0.331	0.303	0.315	0.321	0.319	0.322	0.292	0.289	0.292	0.301	0.290	0.298
8:00:36	34.6	0.285	0.279	0.282	0.278	0.274	0.191	0.285	0.287	0.286	0.286	0.287	0.287	0.282	0.285	0.284	0.286	0.284	0.267	0.277	0.287	0.297	0.292	0.297	0.292	0.296	0.283	0.281	0.279	0.309	0.169	0.219	0.302	0.298	0.299	0.294	0.299	0.292	0.290	0.284	0.292	0.292	0.243	0.273	0.294	0.293	0.296	0.298	0.299	0.284	0.290	0.288	0.286	0.261	0.195	0.266	0.305	0.298	0.286	0.283	0.287	0.293	0.275	0.284	0.288	0.291	0.265	0.281	0.292	0.295	0.298	0.297	0.296	0.289	0.296	0.300	0.294	0.249	0.225	0.283	0.295	0.302	0.296	0.289	0.294	0.317	0.325	0.304	0.310	0.320	0.310	0.295	0.294	0.296	0.306	0.293	0.300
9:00:36	34.6	0.283	0.280	0.281	0.278	0.272	0.184	0.284	0.287	0.284	0.285	0.287	0.285	0.282	0.286	0.283	0.283	0.282	0.262	0.280	0.285	0.295	0.290	0.296	0.290	0.294	0.283	0.280	0.279	0.307	0.169	0.219	0.300	0.295	0.297	0.293	0.298	0.292	0.290	0.284	0.288	0.293	0.244	0.278	0.295	0.294	0.298	0.296	0.298	0.282	0.290	0.289	0.287	0.266	0.196	0.271	0.304	0.299	0.286	0.287	0.289	0.293	0.278	0.286	0.290	0.295	0.269	0.285	0.292	0.297	0.300	0.298	0.297	0.290	0.297	0.300	0.295	0.253	0.219	0.287	0.295	0.302	0.297	0.291	0.295	0.311	0.303	0.305	0.306	0.319	0.310	0.295	0.295	0.295	0.305	0.293	0.300
10:00:37	34.6	0.280	0.279	0.278	0.274	0.270	0.177	0.283	0.284	0.282	0.284	0.286	0.286	0.281	0.285	0.282	0.279	0.280	0.264	0.277	0.283	0.292	0.288	0.294	0.289	0.291	0.282	0.279	0.277	0.304	0.168	0.212	0.297	0.294	0.296	0.292	0.297	0.289	0.287	0.282	0.285	0.292	0.249	0.279	0.293	0.294	0.296	0.296	0.297	0.281	0.287	0.286	0.284	0.267	0.194	0.272	0.303	0.297	0.285	0.287	0.289	0.290	0.277	0.284	0.290	0.294	0.270	0.285	0.292	0.295	0.300	0.298	0.295	0.286	0.293	0.299	0.294	0.254	0.207	0.285	0.294	0.300	0.297	0.290	0.294	0.307	0.299	0.304	0.300	0.318	0.307	0.295	0.293	0.295	0.303	0.293	0.299
11:00:37	34.6	0.279	0.277	0.275	0.272	0.270	0.175	0.281	0.282	0.282	0.282	0.285	0.283	0.279	0.284	0.281	0.277	0.279	0.262	0.274	0.283	0.291	0.286	0.291	0.289	0.288	0.281	0.278	0.276	0.302	0.168	0.205	0.295	0.292	0.294	0.291	0.295	0.287	0.283	0.279	0.283	0.289	0.251	0.279	0.291	0.292	0.293	0.295	0.295	0.280	0.286	0.285	0.281	0.266	0.188	0.277	0.301	0.296	0.283	0.287	0.288	0.289	0.275	0.285	0.287	0.292	0.270	0.282	0.290	0.294	0.296	0.295	0.295	0.285	0.292	0.297	0.292	0.256	0.206	0.284	0.293	0.300	0.294	0.287	0.291	0.302	0.296	0.298	0.300	0.313	0.304	0.294	0.293	0.294	0.302	0.291	0.298
12:00:38	34.6	0.277	0.274	0.274	0.271	0.270	0.169	0.280	0.281	0.281	0.282	0.283	0.282	0.278	0.282	0.279	0.277	0.278	0.260	0.274	0.281	0.290	0.285	0.289	0.287	0.287	0.278	0.276	0.276	0.300	0.167	0.202	0.293	0.291	0.291	0.289	0.292	0.284	0.282	0.279	0.279	0.288	0.251	0.276	0.290	0.290	0.291	0.293	0.292	0.279	0.285	0.284	0.280	0.264	0.181	0.270	0.300	0.294	0.283	0.286	0.286	0.287	0.274	0.283	0.285	0.290	0.268	0.282	0.288	0.293	0.297	0.293	0.293	0.284	0.290	0.294	0.291	0.256	0.206	0.283	0.292	0.299	0.293	0.284	0.290	0.303	0.290	0.299	0.293	0.310	0.302	0.291	0.290	0.291	0.300	0.289	0.296
13:00:38	34.6	0.276	0.273	0.272	0.269	0.268	0.165	0.278	0.279	0.279	0.280	0.281	0.280	0.277	0.281	0.278	0.275	0.276	0.259	0.272	0.280	0.288	0.284	0.287	0.287	0.285	0.277	0.276	0.273	0.297	0.166	0.197	0.291	0.289	0.288	0.286	0.289	0.283	0.281	0.278	0.278	0.285	0.249	0.273	0.288	0.288	0.289	0.289	0.289	0.277	0.284	0.283	0.280	0.263	0.176	0.269	0.299	0.292	0.279	0.282	0.284	0.287	0.273	0.281	0.285	0.288	0.266	0.280	0.287	0.290	0.294	0.291	0.289	0.283	0.287	0.292	0.288	0.254	0.202	0.280	0.289	0.295	0.291	0.282	0.287	0.306	0.290	0.299	0.292	0.307	0.296	0.289	0.288	0.289	0.297	0.286	0.294
14:00:39	34.6	0.273	0.271	0.269	0.268	0.267	0.163	0.276	0.277	0.277	0.276	0.279	0.278	0.275	0.278	0.276	0.276	0.275	0.259	0.271	0.279	0.286	0.281	0.283	0.284	0.283	0.275	0.275	0.273	0.294	0.166	0.195	0.291	0.286	0.286	0.282	0.287	0.281	0.279	0.277	0.277	0.283	0.249	0.270	0.285	0.286	0.286	0.287	0.288	0.275	0.282	0.281	0.279	0.261	0.174	0.267	0.298	0.290	0.277	0.282	0.284	0.285	0.272	0.279	0.281	0.287	0.263	0.277	0.286	0.289	0.292	0.290	0.288	0.281	0.285	0.290	0.287	0.254	0.198	0.279	0.287	0.295	0.288	0.279	0.285	0.301	0.289	0.299	0.298	0.306	0.297	0.287	0.286	0.287	0.295	0.284	0.292
15:00:39	34.6	0.271	0.270	0.268	0.264	0.266	0.160	0.275	0.276	0.276	0.276	0.277	0.276	0.272	0.276	0.275	0.273	0.274	0.256	0.270	0.277	0.285	0.280	0.283	0.282	0.282	0.276	0.271	0.269	0.292	0.165	0.195	0.290	0.284	0.285	0.281	0.286	0.280	0.278	0.275	0.276	0.282	0.246	0.270	0.283	0.285	0.285	0.286	0.286	0.274	0.279	0.279	0.277	0.260	0.171	0.268	0.296	0.288	0.276	0.282	0.281	0.282	0.270	0.277	0.279	0.285	0.262	0.275	0.283	0.287	0.290	0.287	0.286	0.279	0.284	0.287	0.285	0.254	0.198	0.277	0.285	0.292	0.287	0.277	0.282	0.298	0.291	0.299	0.294	0.302	0.297	0.285	0.284	0.284	0.293	0.283	0.289
16:00:40	34.6	0.269	0.269	0.266	0.263	0.263	0.159	0.273	0.273	0.273	0.274	0.275	0.274	0.271	0.274	0.273	0.271	0.272	0.254	0.269	0.276	0.283	0.278	0.280	0.280	0.280	0.272	0.269	0.269	0.290	0.165	0.193	0.288	0.282	0.283	0.280	0.283	0.277	0.276	0.273	0.275	0.281	0.245	0.268	0.281	0.282	0.282	0.282	0.284	0.272	0.278	0.277	0.275	0.259	0.167	0.266	0.294	0.286	0.274	0.281	0.281	0.281	0.268	0.275	0.278	0.281	0.262	0.274	0.282	0.285	0.288	0.285	0.285	0.277	0.282	0.286	0.283	0.253	0.195	0.276	0.282	0.290	0.283	0.276	0.280	0.299	0.289	0.299	0.291	0.300	0.295	0.283	0.282	0.283	0.291	0.281	0.287
17:00:40	34.6	0.269	0.266	0.264	0.262	0.260	0.158	0.271	0.272	0.271	0.271	0.273	0.271	0.268	0.273	0.272	0.270	0.271	0.252	0.266	0.274	0.281	0.275	0.279	0.279	0.278	0.270	0.268	0.266	0.290	0.164	0.188	0.287	0.281	0.282	0.278	0.282	0.276	0.275	0.272	0.274	0.279	0.244	0.266	0.279	0.280	0.281	0.282	0.283	0.270	0.277	0.276	0.275	0.257	0.165	0.265	0.294	0.284	0.273	0.277	0.280	0.278	0.266	0.274	0.277	0.279	0.260	0.273	0.280	0.284	0.286	0.283	0.283	0.275	0.279	0.283	0.280	0.248	0.193	0.274	0.281	0.288	0.281	0.271	0.279	0.301	0.285	0.296	0.291	0.303	0.296	0.281	0.279	0.281	0.289	0.279	0.285
18:00:41	34.6	0.268	0.265	0.261	0.259	0.259	0.156	0.269	0.271	0.269	0.270	0.271	0.270	0.266	0.270	0.271	0.269	0.271	0.251	0.265	0.273	0.280	0.274	0.276	0.277	0.276	0.268	0.268	0.266	0.288	0.164	0.186	0.285	0.279	0.281	0.277	0.281	0.275	0.274	0.269	0.273	0.278	0.241	0.265	0.277	0.279	0.279	0.280	0.280	0.267	0.274	0.275	0.272	0.255	0.164	0.264	0.292	0.282	0.271	0.276	0.279	0.277	0.265	0.273	0.275	0.277	0.258	0.271	0.280	0.282	0.284	0.282	0.281	0.273	0.278	0.282	0.279	0.247	0.190	0.273	0.279	0.286	0.280	0.272	0.276	0.300	0.284	0.295	0.292	0.304	0.296	0.279	0.277	0.279	0.288	0.278	0.283
19:00:41	34.6	0.266	0.263	0.260	0.259	0.259	0.154	0.268	0.269	0.268	0.269	0.270	0.269	0.266	0.268	0.270	0.268	0.268	0.248	0.263	0.272	0.279	0.274	0.276	0.275	0.275	0.266	0.266	0.265	0.289	0.164	0.183	0.284	0.279	0.280	0.275	0.281	0.272	0.271	0.269	0.271	0.277	0.240	0.265	0.277	0.279	0.278	0.278	0.280	0.266	0.272	0.274	0.270	0.253	0.162	0.262	0.289	0.281	0.270	0.276	0.277	0.275	0.263	0.271	0.273	0.276	0.257	0.271	0.279	0.279	0.283	0.280	0.280	0.272	0.276	0.281	0.277	0.245	0.188	0.271	0.278	0.284	0.277	0.269	0.273	0.300	0.284	0.295	0.295	0.303	0.299	0.277	0.276	0.276	0.286	0.275	0.282
20:00:42	34.6	0.264	0.262	0.260	0.257	0.257	0.154	0.266	0.269	0.267	0.268	0.268	0.268	0.262	0.267	0.268	0.266	0.268	0.248	0.262	0.270	0.277	0.273	0.274	0.274	0.274	0.265	0.265	0.263	0.285	0.164	0.181	0.284	0.276	0.279	0.274	0.279	0.272	0.270	0.266	0.269	0.276	0.238	0.263	0.275	0.276	0.276	0.277	0.278	0.265	0.271	0.273	0.269	0.253	0.162	0.259	0.287	0.279	0.268	0.275	0.275	0.273	0.262	0.269	0.271	0.275	0.255	0.269	0.277	0.277	0.281	0.279	0.279	0.271	0.274	0.279	0.275	0.243	0.186	0.269	0.276	0.282	0.275	0.268	0.271	0.300	0.285	0.293	0.296	0.302	0.297	0.274	0.273	0.275	0.283	0.273	0.279
21:00:43	34.7	0.261	0.260	0.259	0.255	0.256	0.153	0.266	0.269	0.266	0.268	0.269	0.267	0.260	0.266	0.267	0.265	0.268	0.246	0.260	0.269	0.276	0.273	0.274	0.272	0.272	0.263	0.264	0.263	0.283	0.163	0.180	0.282	0.275	0.278	0.272	0.277	0.270	0.268	0.267	0.268	0.274	0.237	0.261	0.274	0.275	0.275	0.276	0.276	0.263	0.269	0.271	0.268	0.253	0.159	0.257	0.286	0.278	0.267	0.273	0.274	0.272	0.260	0.267	0.270	0.273	0.253	0.268	0.275	0.276	0.280	0.276	0.277	0.269	0.273	0.277	0.273	0.242	0.184	0.267	0.274	0.281	0.274	0.266	0.270	0.298	0.285	0.294	0.289	0.297	0.296	0.273	0.271	0.273	0.282	0.272	0.278
22:00:43	34.7	0.261	0.260	0.259	0.255	0.255	0.153	0.265	0.267	0.265	0.267	0.267	0.265	0.259	0.264	0.266	0.264	0.266	0.245	0.260	0.269	0.276	0.271	0.272	0.270	0.270	0.263	0.264	0.263	0.283	0.163	0.175	0.282	0.274	0.278	0.273	0.276	0.268	0.269	0.266	0.268	0.273	0.236	0.261	0.274	0.275	0.274	0.276	0.276	0.262	0.269	0.271	0.267	0.251	0.158	0.258	0.285	0.277	0.267	0.272	0.271	0.270	0.259	0.267	0.269	0.274	0.252	0.267	0.274	0.276	0.279	0.276	0.275	0.267	0.272	0.275	0.273	0.241	0.180	0.265	0.273	0.279	0.274	0.265	0.269	0.296	0.287	0.296	0.290	0.298	0.297	0.272	0.270	0.273	0.282	0.271	0.277
23:00:44	34.7	0.261	0.259	0.260	0.255	0.255	0.152	0.263	0.267	0.265	0.265	0.265	0.265	0.257	0.263	0.266	0.264	0.265	0.244	0.260	0.268	0.275	0.269	0.272	0.270	0.268	0.262	0.263	0.262	0.283	0.163	0.173	0.281	0.275	0.276	0.271	0.274	0.267	0.268	0.266	0.268	0.273	0.235	0.260	0.273	0.275	0.274	0.276	0.274	0.262	0.267	0.270	0.267	0.251	0.157	0.256	0.285	0.277	0.266	0.272	0.270	0.269	0.259	0.267	0.269	0.273	0.251	0.266	0.274	0.276	0.279	0.277	0.274	0.267	0.272	0.275	0.273	0.240	0.177	0.265	0.272	0.279	0.274	0.265	0.268	0.297	0.288	0.296	0.293	0.298	0.294	0.271	0.270	0.272	0.280	0.270	0.276
0:00:00																																																																																																	

Results
	1	2	3	4	5	6	7	8	9	10	11	12
A	0.479	0.451	0.459	0.438	0.417	0.102	0.457	0.460	0.453	0.467	0.459	0.461	Max V [600]
	0.985	0.983	0.982	0.977	0.969	0.995	0.983	0.982	0.984	0.984	0.982	0.980	R-Squared [600]
	4:00:35	4:00:35	4:00:35	4:00:35	4:00:35	5:00:36	4:00:35	4:00:35	4:00:35	4:00:35	4:00:35	4:00:35	t at Max V [600]
	1:43:18	1:47:34	1:48:54	1:47:42	1:49:38	2:09:59	1:49:33	1:48:37	1:46:42	1:43:52	1:44:24	1:33:19	Lagtime [600]
B	0.449	0.441	0.436	0.452	0.449	0.402	0.425	0.447	0.458	0.446	0.457	0.457	Max V [600]
	0.977	0.979	0.980	0.969	0.969	0.970	0.963	0.972	0.980	0.975	0.980	0.981	R-Squared [600]
	4:00:35	4:00:35	4:00:35	4:00:35	4:00:35	4:00:35	4:00:35	4:00:35	4:00:35	4:00:35	4:00:35	4:00:35	t at Max V [600]
	1:44:03	1:55:13	1:54:56	2:02:04	2:00:29	2:01:25	1:57:25	1:57:26	1:56:49	1:52:57	1:56:17	1:40:45	Lagtime [600]
C	0.470	0.423	0.432	0.418	0.427	0.012	0.166	0.442	0.464	0.460	0.460	0.463	Max V [600]
	0.976	0.965	0.967	0.968	0.968	0.542	0.995	0.968	0.967	0.969	0.969	0.983	R-Squared [600]
	4:00:35	4:00:35	4:00:35	4:00:35	5:00:36	5:00:36	5:00:36	4:00:35	4:00:35	4:00:35	4:00:35	4:00:35	t at Max V [600]
	1:53:49	1:58:46	1:59:44	2:03:24	2:19:42	3:36:45	2:26:58	2:03:03	2:02:05	1:56:34	1:52:39	1:47:14	Lagtime [600]
D	0.464	0.445	0.424	0.427	0.405	0.340	0.391	0.434	0.417	0.435	0.470	0.463	Max V [600]
	0.976	0.965	0.966	0.968	0.967	0.939	0.978	0.964	0.961	0.961	0.972	0.979	R-Squared [600]
	4:00:35	4:00:35	4:00:35	4:00:35	4:00:35	4:00:35	4:00:35	5:00:36	4:00:35	4:00:35	4:00:35	4:00:35	t at Max V [600]
	1:51:20	1:59:54	1:59:06	2:04:08	2:07:14	2:17:31	2:04:37	2:12:42	2:06:14	1:59:53	1:59:38	1:48:28	Lagtime [600]
E	0.441	0.428	0.423	0.425	0.375	0.092	0.394	0.439	0.444	0.431	0.429	0.431	Max V [600]
	0.973	0.964	0.959	0.966	0.961	0.990	0.966	0.973	0.966	0.959	0.959	0.929	R-Squared [600]
	4:00:35	4:00:35	4:00:35	4:00:35	4:00:35	6:00:36	5:00:36	5:00:36	4:00:35	4:00:35	4:00:35	4:00:35	t at Max V [600]
	1:50:39	2:02:35	1:58:41	2:04:26	2:17:31	2:46:22	2:26:35	2:16:37	1:59:43	1:56:24	1:51:20	1:37:44	Lagtime [600]
F	0.450	0.426	0.433	0.429	0.433	0.398	0.418	0.430	0.442	0.441	0.452	0.451	Max V [600]
	0.971	0.959	0.963	0.966	0.967	0.964	0.966	0.967	0.965	0.963	0.959	0.969	R-Squared [600]
	4:00:35	4:00:35	4:00:35	4:00:35	4:00:35	4:00:35	4:00:35	4:00:35	4:00:35	4:00:35	4:00:35	4:00:35	t at Max V [600]
	1:51:28	1:54:59	2:02:11	2:05:56	2:05:39	2:07:33	2:06:10	2:03:13	2:00:34	1:59:29	1:54:20	1:44:57	Lagtime [600]
G	0.438	0.454	0.460	0.452	0.382	0.196	0.420	0.455	0.455	0.453	0.440	0.429	Max V [600]
	0.964	0.956	0.963	0.960	0.967	0.996	0.965	0.961	0.956	0.959	0.956	0.955	R-Squared [600]
	4:00:35	4:00:35	4:00:35	4:00:35	4:00:35	5:00:36	4:00:35	4:00:35	4:00:35	4:00:35	4:00:35	4:00:35	t at Max V [600]
	1:45:13	1:52:35	2:03:44	1:59:28	2:08:19	2:25:04	2:03:00	2:00:31	1:57:59	1:54:05	1:49:50	1:40:45	Lagtime [600]
H	0.750	0.640	0.703	0.613	0.585	0.675	0.450	0.453	0.455	0.452	0.456	0.448	Max V [600]
	0.986	0.993	0.934	0.987	0.982	0.958	0.965	0.968	0.964	0.972	0.972	0.968	R-Squared [600]
	4:00:35	4:00:35	4:00:35	4:00:35	4:00:35	4:00:35	4:00:35	4:00:35	4:00:35	4:00:35	4:00:35	4:00:35	t at Max V [600]
	1:44:02	1:45:42	1:51:45	1:47:07	1:48:46	1:56:27	1:54:08	1:48:52	1:48:35	1:47:16	1:38:17	1:33:15	Lagtime [600]


