

Software Version	3.11.19



Experiment File Path:	C:\Users\patil-group\Desktop\Sweeteners_stacker\NT5007_07_24_76_Rep1.xpt
Protocol File Path:	C:\Users\Public\Documents\Protocols\Screening-protocol.prt



Plate Number	Plate 2
Date	12/12/2021
Time	14:58:03
Reader Type:	Epoch 2
Reader Serial Number:	2103223
Reading Type	Reader

Procedure Details

Plate Type	96 WELL PLATE
Discontinuous Kinetics	Runtime 1:00:00 (D:HH:MM), Interval 0:01:00, 25 Reads
	Pause after each run
Eject plate on completion	
Shake	Linear: 0:00:30 (HH:MM:SS)
	Frequency: 567 cpm (3 mm)
Read	Absorbance Endpoint
	Full Plate
	Wavelengths:  600
	Read Speed: Normal,  Delay: 100 msec,  Measurements/Data Point: 8

600

Time	T° 600	A1	A2	A3	A4	A5	A6	A7	A8	A9	A10	A11	A12	B1	B2	B3	B4	B5	B6	B7	B8	B9	B10	B11	B12	C1	C2	C3	C4	C5	C6	C7	C8	C9	C10	C11	C12	D1	D2	D3	D4	D5	D6	D7	D8	D9	D10	D11	D12	E1	E2	E3	E4	E5	E6	E7	E8	E9	E10	E11	E12	F1	F2	F3	F4	F5	F6	F7	F8	F9	F10	F11	F12	G1	G2	G3	G4	G5	G6	G7	G8	G9	G10	G11	G12	H1	H2	H3	H4	H5	H6	H7	H8	H9	H10	H11	H12
0:00:34	34.8	0.170	0.170	0.172	0.176	0.168	0.175	0.175	0.167	0.172	0.170	0.168	0.166	0.167	0.172	0.171	0.174	0.168	0.175	0.174	0.173	0.183	0.169	0.174	0.176	0.168	0.179	0.174	0.172	0.178	0.174	0.173	0.187	0.225	0.175	0.169	0.169	0.169	0.170	0.173	0.170	0.175	0.168	0.168	0.173	0.173	0.170	0.180	0.167	0.168	0.180	0.174	0.170	0.169	0.175	0.168	0.169	0.168	0.172	0.171	0.169	0.174	0.170	0.179	0.168	0.176	0.172	0.168	0.174	0.172	0.177	0.188	0.171	0.173	0.172	0.169	0.173	0.168	0.170	0.180	0.170	0.176	0.169	0.183	0.177	0.175	0.173	0.176	0.203	0.171	0.176	0.171	0.172	0.171	0.174	0.175	0.173
1:00:34	34.6	0.173	0.172	0.175	0.178	0.171	0.178	0.178	0.170	0.174	0.173	0.170	0.170	0.170	0.175	0.172	0.174	0.170	0.177	0.176	0.175	0.184	0.172	0.176	0.179	0.171	0.182	0.176	0.173	0.179	0.175	0.175	0.188	0.226	0.177	0.171	0.171	0.172	0.173	0.174	0.171	0.176	0.170	0.170	0.174	0.174	0.172	0.182	0.171	0.171	0.182	0.175	0.172	0.170	0.186	0.170	0.171	0.170	0.174	0.173	0.172	0.177	0.171	0.179	0.171	0.177	0.173	0.170	0.176	0.173	0.178	0.190	0.174	0.176	0.174	0.172	0.175	0.169	0.172	0.180	0.172	0.177	0.172	0.185	0.179	0.178	0.175	0.178	0.219	0.173	0.178	0.173	0.174	0.174	0.177	0.178	0.177
2:00:34	34.7	0.185	0.183	0.186	0.189	0.182	0.187	0.188	0.180	0.184	0.183	0.182	0.183	0.183	0.185	0.181	0.181	0.177	0.185	0.185	0.182	0.193	0.180	0.186	0.190	0.182	0.192	0.185	0.181	0.186	0.181	0.182	0.194	0.234	0.184	0.180	0.182	0.183	0.183	0.181	0.180	0.183	0.178	0.178	0.182	0.181	0.181	0.191	0.181	0.183	0.190	0.184	0.180	0.179	0.185	0.177	0.183	0.177	0.182	0.183	0.183	0.187	0.180	0.188	0.180	0.185	0.181	0.178	0.184	0.182	0.188	0.200	0.186	0.186	0.183	0.180	0.183	0.179	0.181	0.189	0.181	0.187	0.181	0.196	0.191	0.190	0.187	0.188	0.358	0.183	0.188	0.183	0.185	0.184	0.189	0.191	0.190
3:00:34	34.6	0.214	0.208	0.210	0.214	0.206	0.210	0.213	0.205	0.209	0.209	0.211	0.214	0.208	0.209	0.202	0.202	0.198	0.206	0.206	0.204	0.214	0.203	0.210	0.217	0.208	0.213	0.205	0.201	0.207	0.201	0.202	0.214	0.253	0.205	0.203	0.207	0.209	0.206	0.202	0.201	0.202	0.198	0.197	0.202	0.202	0.202	0.214	0.207	0.207	0.212	0.205	0.200	0.198	0.203	0.197	0.199	0.198	0.204	0.209	0.210	0.212	0.203	0.208	0.200	0.205	0.200	0.198	0.204	0.203	0.209	0.225	0.213	0.210	0.206	0.203	0.205	0.200	0.203	0.210	0.203	0.209	0.206	0.220	0.218	0.221	0.213	0.213	0.284	0.207	0.212	0.209	0.208	0.210	0.215	0.219	0.219
4:00:35	34.6	0.257	0.252	0.254	0.255	0.250	0.251	0.256	0.248	0.248	0.258	0.252	0.258	0.248	0.250	0.240	0.239	0.233	0.245	0.243	0.241	0.250	0.242	0.251	0.260	0.247	0.249	0.242	0.235	0.240	0.237	0.235	0.250	0.289	0.241	0.246	0.254	0.254	0.243	0.238	0.238	0.237	0.234	0.234	0.237	0.238	0.239	0.255	0.252	0.253	0.250	0.241	0.234	0.233	0.235	0.232	0.233	0.234	0.239	0.245	0.248	0.258	0.244	0.249	0.234	0.241	0.235	0.234	0.240	0.239	0.249	0.263	0.259	0.258	0.250	0.246	0.246	0.247	0.240	0.250	0.242	0.246	0.246	0.261	0.273	0.268	0.268	0.259	0.326	0.256	0.263	0.256	0.253	0.254	0.258	0.264	0.273
5:00:35	34.6	0.279	0.274	0.269	0.282	0.268	0.275	0.274	0.272	0.270	0.282	0.270	0.279	0.275	0.283	0.266	0.266	0.270	0.273	0.267	0.269	0.275	0.268	0.275	0.281	0.270	0.277	0.273	0.265	0.275	0.273	0.267	0.281	0.317	0.269	0.272	0.272	0.276	0.276	0.265	0.273	0.281	0.264	0.270	0.263	0.270	0.266	0.276	0.274	0.268	0.276	0.275	0.273	0.279	0.266	0.251	0.273	0.264	0.279	0.305	0.290	0.282	0.280	0.278	0.273	0.282	0.274	0.272	0.277	0.275	0.275	0.292	0.275	0.284	0.283	0.276	0.287	0.282	0.269	0.278	0.267	0.267	0.277	0.293	0.288	0.310	0.290	0.283	0.287	0.294	0.302	0.281	0.286	0.277	0.287	0.303	0.284
6:00:36	34.6	0.301	0.299	0.305	0.304	0.296	0.305	0.299	0.301	0.299	0.298	0.287	0.302	0.301	0.302	0.303	0.289	0.289	0.306	0.294	0.293	0.312	0.295	0.301	0.313	0.303	0.297	0.297	0.291	0.298	0.296	0.288	0.301	0.339	0.296	0.300	0.296	0.300	0.304	0.293	0.290	0.288	0.285	0.282	0.291	0.294	0.290	0.307	0.297	0.303	0.299	0.291	0.303	0.289	0.286	0.365	0.364	0.291	0.293	0.300	0.295	0.311	0.294	0.309	0.300	0.294	0.294	0.292	0.295	0.290	0.312	0.305	0.300	0.305	0.305	0.296	0.299	0.294	0.295	0.310	0.308	0.294	0.292	0.310	0.305	0.328	0.318	0.319	0.571	0.300	0.325	0.294	0.313	0.297	0.297	0.301	0.310
7:00:36	34.6	0.305	0.306	0.306	0.307	0.303	0.307	0.304	0.308	0.304	0.303	0.295	0.305	0.303	0.307	0.300	0.301	0.301	0.313	0.304	0.304	0.313	0.305	0.312	0.318	0.304	0.314	0.309	0.316	0.315	0.308	0.312	0.315	0.352	0.310	0.306	0.312	0.313	0.314	0.315	0.316	0.310	0.306	0.304	0.307	0.304	0.309	0.314	0.310	0.318	0.322	0.313	0.314	0.311	0.307	0.570	0.604	0.300	0.305	0.300	0.307	0.309	0.308	0.312	0.307	0.330	0.307	0.307	0.311	0.307	0.310	0.316	0.307	0.313	0.315	0.314	0.310	0.312	0.312	0.319	0.304	0.311	0.309	0.319	0.309	0.315	0.319	0.339	0.375	0.313	0.318	0.299	0.304	0.300	0.301	0.310	0.311
8:00:36	34.6	0.307	0.304	0.303	0.305	0.303	0.310	0.310	0.301	0.303	0.304	0.300	0.307	0.301	0.307	0.302	0.303	0.305	0.313	0.307	0.307	0.315	0.303	0.315	0.322	0.305	0.303	0.314	0.311	0.318	0.316	0.322	0.322	0.328	0.318	0.306	0.301	0.307	0.316	0.304	0.321	0.317	0.317	0.316	0.319	0.314	0.312	0.319	0.306	0.310	0.320	0.317	0.324	0.316	0.311	0.551	0.579	0.306	0.311	0.306	0.322	0.312	0.311	0.322	0.317	0.319	0.311	0.317	0.320	0.310	0.314	0.321	0.310	0.311	0.317	0.313	0.322	0.316	0.313	0.324	0.309	0.318	0.307	0.318	0.312	0.312	0.315	0.316	0.346	0.313	0.315	0.301	0.302	0.301	0.307	0.310	0.307
9:00:36	34.6	0.301	0.302	0.302	0.309	0.311	0.315	0.311	0.300	0.304	0.306	0.301	0.306	0.296	0.306	0.303	0.311	0.309	0.320	0.311	0.307	0.313	0.303	0.317	0.322	0.304	0.305	0.309	0.310	0.316	0.313	0.318	0.323	0.305	0.327	0.307	0.301	0.314	0.319	0.311	0.323	0.315	0.321	0.318	0.318	0.313	0.315	0.320	0.306	0.310	0.319	0.323	0.321	0.315	0.313	0.486	0.638	0.307	0.311	0.307	0.315	0.313	0.311	0.323	0.314	0.317	0.311	0.314	0.321	0.309	0.315	0.330	0.307	0.311	0.312	0.315	0.321	0.315	0.311	0.320	0.320	0.320	0.308	0.319	0.309	0.314	0.313	0.314	0.318	0.311	0.317	0.306	0.303	0.303	0.305	0.307	0.308
10:00:37	34.6	0.308	0.305	0.301	0.308	0.317	0.319	0.313	0.298	0.307	0.308	0.284	0.307	0.292	0.300	0.302	0.316	0.313	0.314	0.310	0.310	0.314	0.304	0.314	0.320	0.299	0.308	0.301	0.306	0.311	0.311	0.313	0.323	0.307	0.322	0.308	0.300	0.308	0.315	0.309	0.316	0.315	0.318	0.310	0.319	0.313	0.314	0.319	0.305	0.306	0.316	0.317	0.314	0.313	0.311	0.301	0.374	0.306	0.311	0.305	0.309	0.311	0.308	0.317	0.315	0.317	0.305	0.308	0.320	0.306	0.312	0.329	0.305	0.308	0.309	0.311	0.318	0.314	0.309	0.315	0.310	0.317	0.305	0.316	0.307	0.314	0.311	0.317	0.379	0.310	0.314	0.305	0.301	0.304	0.307	0.308	0.306
11:00:37	34.6	0.302	0.299	0.300	0.299	0.307	0.307	0.307	0.292	0.300	0.303	0.283	0.301	0.294	0.300	0.306	0.313	0.298	0.305	0.298	0.307	0.310	0.303	0.308	0.303	0.301	0.294	0.298	0.298	0.301	0.301	0.311	0.316	0.302	0.320	0.306	0.301	0.304	0.311	0.301	0.311	0.309	0.313	0.304	0.318	0.316	0.316	0.316	0.302	0.306	0.311	0.313	0.312	0.308	0.308	0.304	0.295	0.308	0.312	0.304	0.304	0.310	0.306	0.314	0.308	0.317	0.304	0.303	0.318	0.305	0.315	0.321	0.301	0.303	0.306	0.310	0.316	0.313	0.310	0.314	0.311	0.318	0.304	0.320	0.304	0.309	0.311	0.314	0.459	0.308	0.311	0.301	0.301	0.303	0.304	0.302	0.301
12:00:38	34.6	0.291	0.299	0.295	0.296	0.290	0.292	0.300	0.286	0.291	0.286	0.291	0.291	0.293	0.293	0.296	0.299	0.286	0.298	0.291	0.294	0.307	0.300	0.295	0.297	0.295	0.297	0.303	0.300	0.299	0.296	0.298	0.309	0.298	0.305	0.304	0.295	0.305	0.311	0.307	0.308	0.307	0.307	0.303	0.306	0.306	0.312	0.308	0.301	0.301	0.311	0.310	0.308	0.307	0.305	0.309	0.306	0.303	0.305	0.308	0.297	0.307	0.306	0.313	0.308	0.316	0.303	0.306	0.311	0.308	0.312	0.317	0.295	0.307	0.307	0.308	0.311	0.315	0.315	0.313	0.305	0.313	0.300	0.316	0.300	0.315	0.307	0.307	0.320	0.303	0.310	0.300	0.303	0.304	0.306	0.299	0.301
13:00:38	34.6	0.298	0.296	0.297	0.293	0.286	0.293	0.297	0.283	0.290	0.286	0.293	0.286	0.289	0.291	0.292	0.294	0.285	0.301	0.291	0.295	0.298	0.291	0.290	0.300	0.286	0.300	0.302	0.296	0.303	0.298	0.292	0.312	0.289	0.297	0.287	0.296	0.305	0.306	0.308	0.305	0.305	0.299	0.301	0.299	0.298	0.301	0.301	0.290	0.303	0.311	0.308	0.306	0.306	0.307	0.307	0.309	0.299	0.307	0.297	0.298	0.308	0.303	0.312	0.307	0.313	0.305	0.299	0.305	0.302	0.308	0.313	0.296	0.307	0.308	0.307	0.309	0.307	0.310	0.314	0.304	0.310	0.301	0.317	0.297	0.311	0.308	0.313	0.477	0.306	0.309	0.299	0.299	0.301	0.297	0.300	0.297
14:00:39	34.6	0.288	0.291	0.294	0.293	0.284	0.293	0.293	0.287	0.291	0.285	0.291	0.287	0.280	0.288	0.291	0.292	0.281	0.295	0.293	0.291	0.296	0.288	0.286	0.299	0.281	0.296	0.299	0.295	0.297	0.293	0.285	0.304	0.283	0.293	0.281	0.285	0.301	0.306	0.304	0.304	0.303	0.293	0.300	0.295	0.295	0.298	0.303	0.291	0.302	0.307	0.306	0.302	0.301	0.305	0.304	0.304	0.298	0.302	0.298	0.297	0.306	0.300	0.306	0.305	0.307	0.301	0.301	0.306	0.301	0.307	0.312	0.295	0.304	0.305	0.301	0.303	0.298	0.303	0.309	0.301	0.307	0.300	0.306	0.295	0.306	0.303	0.308	0.317	0.302	0.305	0.297	0.300	0.297	0.298	0.299	0.292
15:00:39	34.6	0.286	0.289	0.287	0.289	0.282	0.292	0.291	0.286	0.290	0.283	0.280	0.284	0.273	0.286	0.296	0.292	0.280	0.294	0.292	0.291	0.294	0.287	0.288	0.299	0.278	0.293	0.301	0.295	0.298	0.293	0.289	0.304	0.280	0.295	0.281	0.283	0.300	0.305	0.302	0.303	0.302	0.291	0.295	0.293	0.295	0.297	0.304	0.294	0.300	0.306	0.304	0.302	0.297	0.304	0.301	0.302	0.295	0.300	0.298	0.298	0.304	0.299	0.305	0.301	0.302	0.299	0.303	0.306	0.300	0.303	0.310	0.292	0.300	0.303	0.298	0.301	0.295	0.300	0.306	0.303	0.306	0.296	0.305	0.295	0.304	0.305	0.305	0.377	0.300	0.306	0.297	0.299	0.296	0.298	0.296	0.292
16:00:39	34.6	0.282	0.287	0.285	0.288	0.281	0.292	0.293	0.286	0.285	0.278	0.276	0.281	0.273	0.287	0.293	0.289	0.279	0.292	0.285	0.286	0.292	0.290	0.286	0.296	0.275	0.290	0.300	0.294	0.296	0.288	0.289	0.302	0.280	0.295	0.279	0.283	0.298	0.307	0.302	0.302	0.300	0.291	0.294	0.297	0.299	0.300	0.303	0.293	0.300	0.307	0.302	0.302	0.297	0.307	0.300	0.302	0.296	0.305	0.298	0.298	0.305	0.300	0.306	0.301	0.301	0.298	0.305	0.305	0.302	0.299	0.308	0.296	0.297	0.302	0.299	0.300	0.295	0.300	0.307	0.301	0.307	0.297	0.308	0.292	0.301	0.305	0.304	0.360	0.297	0.304	0.293	0.301	0.294	0.295	0.295	0.291
17:00:40	34.6	0.283	0.287	0.288	0.287	0.281	0.289	0.289	0.281	0.281	0.278	0.278	0.282	0.273	0.285	0.294	0.290	0.279	0.290	0.284	0.283	0.292	0.287	0.285	0.290	0.274	0.287	0.298	0.293	0.295	0.288	0.287	0.301	0.281	0.293	0.279	0.285	0.297	0.304	0.301	0.301	0.300	0.293	0.294	0.296	0.296	0.297	0.300	0.291	0.299	0.309	0.304	0.302	0.299	0.305	0.301	0.299	0.294	0.303	0.297	0.298	0.305	0.302	0.304	0.303	0.301	0.296	0.300	0.302	0.301	0.304	0.306	0.292	0.294	0.301	0.300	0.300	0.294	0.297	0.308	0.299	0.307	0.295	0.306	0.290	0.303	0.302	0.305	0.293	0.299	0.301	0.294	0.297	0.294	0.296	0.292	0.288
18:00:40	34.6	0.285	0.287	0.287	0.291	0.279	0.285	0.288	0.277	0.278	0.278	0.280	0.284	0.274	0.284	0.292	0.287	0.276	0.288	0.283	0.280	0.292	0.288	0.285	0.287	0.278	0.286	0.293	0.291	0.292	0.286	0.287	0.300	0.285	0.292	0.278	0.291	0.296	0.306	0.297	0.301	0.302	0.291	0.295	0.295	0.297	0.296	0.304	0.294	0.297	0.307	0.304	0.303	0.299	0.303	0.301	0.300	0.295	0.304	0.298	0.298	0.304	0.303	0.306	0.303	0.302	0.297	0.301	0.301	0.299	0.303	0.303	0.295	0.293	0.299	0.301	0.301	0.298	0.297	0.307	0.299	0.307	0.295	0.308	0.290	0.303	0.302	0.306	0.493	0.299	0.302	0.291	0.296	0.294	0.295	0.293	0.291
19:00:41	34.6	0.289	0.287	0.291	0.290	0.283	0.285	0.287	0.275	0.284	0.279	0.283	0.285	0.276	0.286	0.290	0.287	0.281	0.287	0.283	0.279	0.293	0.290	0.287	0.291	0.283	0.287	0.291	0.290	0.290	0.286	0.286	0.300	0.283	0.291	0.286	0.295	0.296	0.304	0.293	0.299	0.300	0.292	0.294	0.296	0.296	0.294	0.304	0.295	0.298	0.304	0.302	0.302	0.298	0.301	0.299	0.298	0.295	0.302	0.295	0.297	0.304	0.301	0.306	0.304	0.304	0.296	0.300	0.299	0.300	0.304	0.303	0.297	0.298	0.297	0.301	0.302	0.298	0.298	0.306	0.297	0.305	0.297	0.311	0.290	0.305	0.300	0.305	0.295	0.300	0.303	0.292	0.294	0.293	0.292	0.290	0.288
20:00:42	34.6	0.293	0.289	0.294	0.291	0.282	0.287	0.287	0.277	0.284	0.284	0.288	0.289	0.279	0.289	0.284	0.285	0.280	0.286	0.283	0.278	0.295	0.289	0.286	0.293	0.284	0.281	0.290	0.290	0.289	0.286	0.288	0.300	0.283	0.290	0.283	0.300	0.297	0.301	0.293	0.299	0.299	0.291	0.292	0.294	0.297	0.294	0.305	0.294	0.297	0.303	0.303	0.303	0.298	0.303	0.300	0.298	0.298	0.301	0.297	0.300	0.304	0.299	0.307	0.300	0.304	0.296	0.298	0.299	0.297	0.303	0.303	0.296	0.298	0.299	0.301	0.303	0.298	0.296	0.305	0.297	0.304	0.297	0.308	0.289	0.306	0.303	0.303	0.326	0.299	0.301	0.288	0.292	0.293	0.297	0.294	0.288
21:00:43	34.7	0.294	0.295	0.289	0.293	0.287	0.287	0.290	0.276	0.284	0.288	0.289	0.289	0.277	0.291	0.285	0.282	0.278	0.285	0.280	0.278	0.291	0.292	0.288	0.290	0.286	0.280	0.289	0.292	0.291	0.285	0.286	0.299	0.282	0.289	0.287	0.303	0.296	0.300	0.293	0.296	0.300	0.292	0.294	0.295	0.297	0.294	0.306	0.298	0.291	0.301	0.303	0.301	0.297	0.302	0.301	0.300	0.296	0.301	0.299	0.301	0.300	0.301	0.304	0.299	0.303	0.296	0.297	0.300	0.297	0.301	0.305	0.292	0.301	0.301	0.299	0.301	0.298	0.300	0.308	0.298	0.304	0.297	0.307	0.290	0.303	0.296	0.303	0.295	0.301	0.302	0.284	0.294	0.292	0.293	0.294	0.291
22:00:43	34.7	0.292	0.296	0.292	0.294	0.290	0.286	0.288	0.279	0.286	0.287	0.290	0.287	0.279	0.290	0.284	0.286	0.278	0.283	0.280	0.283	0.300	0.290	0.296	0.294	0.286	0.282	0.290	0.287	0.291	0.287	0.284	0.299	0.281	0.289	0.288	0.294	0.294	0.301	0.294	0.298	0.298	0.293	0.290	0.295	0.297	0.294	0.305	0.292	0.290	0.304	0.303	0.301	0.299	0.301	0.303	0.301	0.296	0.300	0.298	0.297	0.295	0.301	0.305	0.300	0.305	0.298	0.299	0.302	0.299	0.302	0.306	0.293	0.302	0.301	0.301	0.302	0.298	0.301	0.308	0.299	0.305	0.299	0.309	0.296	0.300	0.298	0.303	0.341	0.302	0.301	0.290	0.294	0.295	0.289	0.289	0.290
23:00:44	34.7	0.291	0.291	0.291	0.290	0.288	0.290	0.289	0.282	0.288	0.287	0.291	0.288	0.279	0.283	0.287	0.289	0.282	0.286	0.287	0.288	0.296	0.294	0.293	0.295	0.287	0.288	0.286	0.286	0.289	0.286	0.289	0.297	0.286	0.298	0.288	0.291	0.299	0.297	0.289	0.297	0.297	0.293	0.287	0.294	0.295	0.296	0.303	0.292	0.292	0.298	0.301	0.302	0.300	0.301	0.303	0.300	0.293	0.303	0.294	0.297	0.296	0.296	0.304	0.299	0.304	0.299	0.297	0.301	0.301	0.303	0.307	0.292	0.304	0.305	0.295	0.303	0.293	0.295	0.304	0.294	0.303	0.302	0.307	0.292	0.300	0.303	0.303	0.369	0.299	0.302	0.288	0.289	0.285	0.291	0.290	0.290
0:00:00																																																																																																	

Results
	1	2	3	4	5	6	7	8	9	10	11	12
A	0.494	0.494	0.495	0.500	0.482	0.500	0.471	0.514	0.484	0.503	0.449	0.504	Max V [600]
	0.982	0.986	0.984	0.991	0.986	0.993	0.985	0.992	0.993	0.968	0.970	0.981	R-Squared [600]
	4:00:35	4:00:35	4:00:35	4:00:35	4:00:35	4:00:35	4:00:35	4:00:35	4:00:35	4:00:35	3:00:35	4:00:35	t at Max V [600]
	1:23:47	1:31:37	1:34:04	1:34:54	1:30:56	1:40:07	1:30:08	1:35:52	1:34:25	1:29:12	1:10:08	1:20:06	Lagtime [600]
B	0.505	0.513	0.513	0.465	0.493	0.511	0.467	0.477	0.496	0.490	0.493	0.516	Max V [600]
	0.993	0.986	0.993	0.993	0.988	0.994	0.994	0.993	0.993	0.994	0.992	0.992	R-Squared [600]
	4:00:35	4:00:35	4:00:35	4:00:35	4:00:35	4:00:35	4:00:35	4:00:35	4:00:35	4:00:35	4:00:35	4:00:35	t at Max V [600]
	1:30:35	1:36:34	1:49:18	1:47:45	1:48:36	1:48:07	1:41:13	1:44:55	1:47:47	1:40:34	1:37:31	1:32:10	Lagtime [600]
C	0.508	0.458	0.488	0.480	0.487	0.502	0.461	0.469	0.454	0.477	0.513	0.490	Max V [600]
	0.996	0.991	0.993	0.995	0.993	0.991	0.993	0.990	0.991	0.995	0.992	0.978	R-Squared [600]
	4:00:35	4:00:35	4:00:35	5:00:35	4:00:35	4:00:35	4:00:35	4:00:35	4:00:35	4:00:35	4:00:35	4:00:35	t at Max V [600]
	1:34:47	1:36:16	1:45:22	1:54:33	1:50:43	1:53:12	1:46:04	1:50:35	1:44:39	1:45:59	1:42:19	1:30:57	Lagtime [600]
D	0.502	0.518	0.480	0.490	0.480	0.467	0.470	0.463	0.488	0.471	0.491	0.498	Max V [600]
	0.985	0.996	0.995	0.986	0.965	0.990	0.979	0.995	0.993	0.993	0.991	0.984	R-Squared [600]
	4:00:35	4:00:35	4:00:35	4:00:35	4:00:35	4:00:35	4:00:35	4:00:35	4:00:35	4:00:35	4:00:35	4:00:35	t at Max V [600]
	1:30:02	1:41:20	1:50:21	1:44:11	1:48:49	1:43:37	1:43:02	1:46:19	1:48:29	1:41:28	1:41:30	1:29:59	Lagtime [600]
E	0.502	0.470	0.472	0.530	0.503	0.441	1.593	1.706	0.488	0.493	0.551	0.507	Max V [600]
	0.983	0.992	0.986	0.991	0.969	0.991	0.888	0.884	0.994	0.981	0.931	0.964	R-Squared [600]
	4:00:35	4:00:35	4:00:35	4:00:35	4:00:35	4:00:35	6:00:36	6:00:36	4:00:35	4:00:35	4:00:35	4:00:35	t at Max V [600]
	1:31:32	1:40:47	1:41:47	1:52:45	1:48:19	1:45:15	3:38:53	3:39:08	1:46:33	1:42:22	1:39:34	1:29:46	Lagtime [600]
F	0.530	0.507	0.522	0.524	0.505	0.502	0.503	0.492	0.476	0.525	0.462	0.485	Max V [600]
	0.991	0.979	0.992	0.991	0.977	0.987	0.987	0.986	0.983	0.992	0.979	0.978	R-Squared [600]
	4:00:35	4:00:35	4:00:35	4:00:35	5:00:35	4:00:35	4:00:35	4:00:35	4:00:35	4:00:35	4:00:35	4:00:35	t at Max V [600]
	1:38:12	1:42:36	1:50:37	1:47:53	1:52:55	1:50:50	1:47:48	1:46:34	1:42:12	1:46:55	1:29:57	1:25:06	Lagtime [600]
G	0.523	0.535	0.509	0.522	0.523	0.492	0.516	0.529	0.453	0.489	0.502	0.501	Max V [600]
	0.979	0.989	0.985	0.975	0.967	0.995	0.994	0.990	0.992	0.981	0.983	0.949	R-Squared [600]
	4:00:35	4:00:35	4:00:35	4:00:35	4:00:35	4:00:35	4:00:35	4:00:35	4:00:35	4:00:35	4:00:35	3:00:35	t at Max V [600]
	1:35:24	1:42:37	1:39:45	1:43:54	1:41:42	1:43:44	1:49:43	1:48:03	1:37:09	1:34:27	1:34:15	1:14:44	Lagtime [600]
H	0.606	0.566	0.553	-0.733	0.532	0.609	0.487	0.557	0.488	0.481	0.539	0.508	Max V [600]
	0.982	0.978	0.993	0.486	0.955	0.984	0.966	0.992	0.980	0.968	0.963	0.957	R-Squared [600]
	4:00:35	4:00:35	4:00:35	8:00:37	4:00:35	4:00:35	4:00:35	4:00:35	4:00:35	4:00:35	3:00:35	4:00:35	t at Max V [600]
	1:35:02	1:35:28	1:41:56	12:26:53	1:35:12	1:45:54	1:28:43	1:42:04	1:30:30	1:25:13	1:16:45	1:18:52	Lagtime [600]

