
Software Version	3.11.19



Experiment File Path:	C:\Users\patil-group\Desktop\Sweeteners_stacker\171121_NT5026_37_38_Rep2\NT5026_37_38_Rep2.xpt
Protocol File Path:	C:\Users\Public\Documents\Protocols\Screening-protocol.prt



Plate Number	Plate 5
Date	17/11/2021
Time	15:23:48
Reader Type:	Epoch 2
Reader Serial Number:	2103223
Reading Type	Reader

Procedure Details

Plate Type	96 WELL PLATE
Discontinuous Kinetics	Runtime 1:00:00 (D:HH:MM), Interval 0:01:00, 25 Reads
	Pause after each run
Eject plate on completion	
Shake	Linear: 0:00:30 (HH:MM:SS)
	Frequency: 567 cpm (3 mm)
Read	Absorbance Endpoint
	Full Plate
	Wavelengths:  600
	Read Speed: Normal,  Delay: 100 msec,  Measurements/Data Point: 8

600

Time	T° 600	A1	A2	A3	A4	A5	A6	A7	A8	A9	A10	A11	A12	B1	B2	B3	B4	B5	B6	B7	B8	B9	B10	B11	B12	C1	C2	C3	C4	C5	C6	C7	C8	C9	C10	C11	C12	D1	D2	D3	D4	D5	D6	D7	D8	D9	D10	D11	D12	E1	E2	E3	E4	E5	E6	E7	E8	E9	E10	E11	E12	F1	F2	F3	F4	F5	F6	F7	F8	F9	F10	F11	F12	G1	G2	G3	G4	G5	G6	G7	G8	G9	G10	G11	G12	H1	H2	H3	H4	H5	H6	H7	H8	H9	H10	H11	H12
0:00:34	35.1	0.163	0.161	0.169	0.170	0.171	0.163	0.167	0.162	0.165	0.200	0.166	0.172	0.167	0.162	0.168	0.170	0.166	0.164	0.165	0.166	0.173	0.161	0.173	0.169	0.162	0.176	0.166	0.163	0.176	0.165	0.168	0.174	0.167	0.164	0.165	0.165	0.163	0.166	0.170	0.180	0.164	0.175	0.181	0.164	0.165	0.167	0.170	0.167	0.158	0.168	0.159	0.166	0.164	0.167	0.168	0.174	0.173	0.179	0.171	0.164	0.166	0.163	0.171	0.165	0.176	0.172	0.165	0.172	0.176	0.172	0.175	0.172	0.165	0.171	0.162	0.169	0.165	0.166	0.166	0.164	0.176	0.168	0.167	0.173	0.169	0.165	0.182	0.167	0.168	0.163	0.161	0.166	0.185	0.174	0.167	0.165
1:00:31	34.9	0.168	0.165	0.174	0.175	0.175	0.167	0.172	0.168	0.170	0.203	0.170	0.177	0.172	0.166	0.172	0.173	0.170	0.169	0.169	0.170	0.176	0.166	0.176	0.173	0.167	0.180	0.169	0.166	0.179	0.169	0.171	0.178	0.170	0.168	0.169	0.169	0.167	0.170	0.173	0.183	0.167	0.179	0.185	0.169	0.170	0.171	0.175	0.172	0.163	0.172	0.162	0.169	0.168	0.171	0.172	0.177	0.177	0.180	0.174	0.169	0.170	0.167	0.174	0.168	0.179	0.175	0.169	0.175	0.179	0.176	0.180	0.176	0.169	0.174	0.166	0.172	0.168	0.170	0.170	0.168	0.180	0.172	0.171	0.176	0.173	0.170	0.187	0.171	0.172	0.167	0.164	0.169	0.189	0.177	0.172	0.170
2:00:32	34.9	0.175	0.171	0.180	0.181	0.182	0.173	0.177	0.173	0.176	0.207	0.177	0.184	0.178	0.172	0.177	0.177	0.174	0.173	0.174	0.175	0.181	0.172	0.181	0.179	0.173	0.185	0.174	0.170	0.183	0.173	0.176	0.183	0.175	0.173	0.175	0.175	0.173	0.175	0.178	0.187	0.171	0.184	0.190	0.172	0.175	0.177	0.179	0.177	0.169	0.177	0.167	0.174	0.172	0.174	0.176	0.181	0.181	0.183	0.179	0.174	0.177	0.173	0.180	0.173	0.183	0.179	0.173	0.180	0.184	0.180	0.185	0.182	0.175	0.179	0.171	0.176	0.172	0.174	0.173	0.172	0.184	0.176	0.176	0.182	0.179	0.177	0.193	0.176	0.177	0.172	0.170	0.174	0.193	0.184	0.178	0.176
3:00:32	34.9	0.187	0.183	0.191	0.191	0.193	0.184	0.187	0.184	0.188	0.217	0.189	0.196	0.190	0.181	0.187	0.184	0.183	0.181	0.182	0.183	0.190	0.181	0.191	0.190	0.184	0.194	0.183	0.178	0.190	0.181	0.183	0.190	0.182	0.182	0.184	0.184	0.184	0.183	0.186	0.194	0.179	0.192	0.197	0.179	0.181	0.185	0.188	0.187	0.179	0.186	0.175	0.181	0.178	0.180	0.182	0.188	0.188	0.190	0.187	0.184	0.188	0.181	0.188	0.180	0.190	0.186	0.180	0.187	0.191	0.188	0.193	0.192	0.186	0.187	0.180	0.184	0.180	0.181	0.180	0.179	0.190	0.184	0.185	0.192	0.191	0.187	0.202	0.187	0.186	0.182	0.179	0.182	0.200	0.194	0.189	0.188
4:00:33	34.9	0.211	0.206	0.213	0.212	0.216	0.205	0.209	0.206	0.211	0.238	0.212	0.219	0.212	0.202	0.205	0.199	0.200	0.198	0.200	0.202	0.208	0.200	0.211	0.212	0.205	0.211	0.200	0.193	0.205	0.195	0.198	0.206	0.198	0.201	0.203	0.205	0.205	0.202	0.202	0.207	0.193	0.207	0.212	0.193	0.196	0.201	0.205	0.208	0.201	0.204	0.192	0.196	0.192	0.193	0.195	0.202	0.202	0.204	0.204	0.203	0.211	0.199	0.204	0.195	0.204	0.200	0.194	0.203	0.206	0.204	0.211	0.212	0.208	0.205	0.198	0.201	0.196	0.198	0.196	0.195	0.207	0.202	0.204	0.213	0.215	0.209	0.222	0.207	0.206	0.202	0.198	0.200	0.218	0.216	0.212	0.211
5:00:33	34.9	0.226	0.223	0.228	0.228	0.235	0.224	0.227	0.225	0.230	0.254	0.227	0.234	0.228	0.220	0.224	0.219	0.221	0.221	0.220	0.221	0.227	0.218	0.228	0.227	0.224	0.232	0.221	0.214	0.225	0.217	0.219	0.229	0.219	0.222	0.222	0.222	0.224	0.223	0.223	0.228	0.213	0.230	0.233	0.214	0.218	0.222	0.226	0.225	0.220	0.226	0.214	0.217	0.213	0.215	0.215	0.225	0.223	0.225	0.225	0.223	0.232	0.222	0.225	0.217	0.225	0.220	0.215	0.225	0.225	0.225	0.231	0.233	0.227	0.226	0.220	0.223	0.217	0.217	0.218	0.217	0.228	0.222	0.223	0.230	0.231	0.228	0.242	0.225	0.225	0.221	0.218	0.222	0.237	0.235	0.230	0.229
6:00:34	34.9	0.243	0.238	0.242	0.243	0.250	0.239	0.241	0.241	0.247	0.270	0.243	0.250	0.243	0.234	0.238	0.234	0.235	0.234	0.232	0.234	0.242	0.232	0.240	0.242	0.238	0.245	0.235	0.232	0.240	0.234	0.233	0.248	0.236	0.238	0.237	0.237	0.237	0.237	0.238	0.246	0.234	0.248	0.249	0.236	0.243	0.239	0.241	0.238	0.233	0.238	0.229	0.235	0.232	0.236	0.235	0.248	0.246	0.247	0.242	0.238	0.247	0.235	0.237	0.232	0.239	0.238	0.237	0.252	0.251	0.240	0.248	0.245	0.242	0.239	0.234	0.236	0.230	0.232	0.235	0.243	0.249	0.240	0.236	0.244	0.246	0.241	0.254	0.240	0.238	0.235	0.231	0.235	0.253	0.249	0.244	0.242
7:00:35	34.9	0.268	0.263	0.264	0.263	0.273	0.261	0.266	0.265	0.272	0.292	0.269	0.277	0.267	0.255	0.259	0.249	0.254	0.253	0.252	0.254	0.262	0.254	0.261	0.266	0.261	0.265	0.256	0.254	0.262	0.255	0.252	0.268	0.258	0.262	0.257	0.259	0.259	0.257	0.258	0.263	0.254	0.267	0.267	0.255	0.264	0.261	0.262	0.258	0.254	0.256	0.247	0.257	0.254	0.257	0.258	0.271	0.270	0.272	0.264	0.272	0.268	0.254	0.255	0.255	0.260	0.258	0.254	0.277	0.275	0.261	0.271	0.265	0.265	0.258	0.252	0.258	0.247	0.255	0.260	0.270	0.275	0.267	0.256	0.266	0.270	0.263	0.273	0.262	0.260	0.256	0.254	0.258	0.275	0.272	0.268	0.268
8:00:35	34.9	0.296	0.299	0.295	0.293	0.305	0.292	0.298	0.297	0.307	0.325	0.300	0.304	0.303	0.288	0.288	0.275	0.285	0.285	0.280	0.285	0.293	0.284	0.294	0.299	0.293	0.293	0.285	0.282	0.289	0.281	0.281	0.296	0.287	0.291	0.290	0.292	0.292	0.286	0.285	0.286	0.278	0.294	0.291	0.277	0.286	0.287	0.291	0.289	0.285	0.284	0.276	0.285	0.280	0.283	0.282	0.294	0.294	0.300	0.295	0.303	0.300	0.284	0.286	0.287	0.288	0.283	0.276	0.302	0.300	0.290	0.301	0.298	0.299	0.287	0.280	0.289	0.279	0.286	0.289	0.299	0.305	0.296	0.286	0.296	0.301	0.296	0.303	0.295	0.292	0.288	0.287	0.288	0.307	0.307	0.302	0.307
9:00:36	34.9	0.311	0.309	0.314	0.313	0.318	0.310	0.311	0.311	0.318	0.338	0.312	0.317	0.311	0.303	0.308	0.302	0.308	0.307	0.304	0.305	0.313	0.302	0.308	0.309	0.309	0.318	0.311	0.311	0.318	0.313	0.306	0.322	0.312	0.309	0.309	0.308	0.308	0.312	0.315	0.320	0.313	0.322	0.321	0.308	0.318	0.310	0.310	0.306	0.301	0.309	0.304	0.315	0.311	0.314	0.315	0.325	0.321	0.324	0.320	0.321	0.316	0.307	0.312	0.315	0.318	0.315	0.311	0.327	0.326	0.313	0.323	0.314	0.311	0.311	0.306	0.315	0.304	0.311	0.314	0.321	0.327	0.318	0.308	0.313	0.312	0.309	0.321	0.310	0.310	0.306	0.306	0.309	0.323	0.318	0.315	0.315
10:00:37	34.9	0.317	0.316	0.322	0.322	0.324	0.319	0.320	0.318	0.324	0.347	0.319	0.325	0.321	0.313	0.318	0.315	0.314	0.316	0.313	0.314	0.323	0.312	0.318	0.317	0.319	0.329	0.321	0.322	0.328	0.322	0.317	0.332	0.322	0.317	0.319	0.319	0.318	0.324	0.326	0.327	0.319	0.330	0.328	0.317	0.324	0.320	0.320	0.315	0.309	0.320	0.315	0.326	0.322	0.323	0.322	0.332	0.331	0.334	0.329	0.321	0.326	0.318	0.323	0.326	0.328	0.324	0.315	0.336	0.335	0.324	0.332	0.325	0.320	0.322	0.318	0.325	0.315	0.321	0.323	0.330	0.336	0.327	0.318	0.322	0.321	0.321	0.333	0.321	0.321	0.317	0.315	0.319	0.331	0.326	0.322	0.323
11:00:38	34.9	0.317	0.316	0.325	0.323	0.324	0.319	0.317	0.318	0.322	0.345	0.318	0.324	0.321	0.312	0.320	0.322	0.317	0.320	0.319	0.316	0.328	0.317	0.323	0.317	0.320	0.332	0.325	0.325	0.333	0.328	0.322	0.337	0.328	0.323	0.323	0.324	0.323	0.329	0.332	0.334	0.325	0.337	0.335	0.324	0.331	0.323	0.323	0.321	0.310	0.323	0.320	0.330	0.327	0.330	0.328	0.337	0.336	0.335	0.333	0.327	0.326	0.322	0.328	0.331	0.334	0.330	0.323	0.342	0.340	0.329	0.337	0.331	0.319	0.325	0.321	0.329	0.320	0.327	0.329	0.335	0.340	0.330	0.320	0.322	0.320	0.325	0.339	0.321	0.323	0.318	0.320	0.327	0.334	0.329	0.321	0.324
12:00:38	34.9	0.316	0.316	0.322	0.320	0.322	0.317	0.316	0.316	0.319	0.343	0.318	0.323	0.320	0.309	0.319	0.319	0.315	0.317	0.316	0.314	0.325	0.314	0.321	0.316	0.319	0.330	0.323	0.322	0.330	0.327	0.320	0.335	0.324	0.321	0.321	0.321	0.321	0.325	0.330	0.338	0.329	0.340	0.338	0.328	0.333	0.327	0.326	0.326	0.309	0.321	0.318	0.327	0.322	0.326	0.326	0.334	0.334	0.332	0.330	0.323	0.326	0.321	0.329	0.327	0.337	0.334	0.326	0.344	0.340	0.326	0.338	0.328	0.319	0.322	0.320	0.326	0.316	0.323	0.323	0.330	0.336	0.325	0.318	0.321	0.320	0.325	0.338	0.320	0.324	0.316	0.318	0.321	0.331	0.326	0.321	0.323
13:00:38	34.9	0.315	0.314	0.323	0.320	0.320	0.316	0.314	0.316	0.319	0.342	0.317	0.322	0.318	0.307	0.317	0.318	0.313	0.315	0.315	0.312	0.324	0.313	0.320	0.316	0.318	0.328	0.320	0.319	0.328	0.324	0.317	0.331	0.321	0.319	0.319	0.320	0.321	0.323	0.329	0.340	0.326	0.337	0.338	0.326	0.333	0.331	0.326	0.325	0.309	0.320	0.315	0.323	0.320	0.325	0.324	0.330	0.330	0.327	0.328	0.326	0.324	0.320	0.326	0.323	0.333	0.333	0.328	0.338	0.335	0.324	0.335	0.327	0.318	0.321	0.317	0.323	0.313	0.320	0.321	0.326	0.333	0.322	0.316	0.321	0.319	0.324	0.337	0.319	0.322	0.315	0.316	0.320	0.328	0.327	0.321	0.322
14:00:38	34.9	0.314	0.312	0.321	0.319	0.319	0.315	0.313	0.314	0.316	0.341	0.316	0.321	0.317	0.304	0.316	0.316	0.311	0.314	0.314	0.311	0.322	0.311	0.318	0.315	0.317	0.327	0.318	0.316	0.326	0.320	0.315	0.330	0.320	0.317	0.318	0.318	0.320	0.322	0.327	0.337	0.323	0.334	0.335	0.323	0.329	0.330	0.325	0.325	0.307	0.319	0.312	0.322	0.317	0.322	0.321	0.328	0.327	0.325	0.325	0.342	0.324	0.319	0.324	0.321	0.330	0.328	0.324	0.336	0.333	0.321	0.332	0.326	0.316	0.320	0.316	0.321	0.313	0.318	0.319	0.323	0.329	0.319	0.316	0.320	0.318	0.323	0.336	0.318	0.320	0.315	0.315	0.319	0.326	0.326	0.320	0.321
15:00:39	34.9	0.313	0.312	0.321	0.318	0.319	0.314	0.311	0.313	0.315	0.340	0.315	0.320	0.315	0.302	0.315	0.315	0.311	0.312	0.312	0.309	0.321	0.311	0.318	0.313	0.316	0.325	0.316	0.315	0.325	0.318	0.313	0.328	0.317	0.316	0.317	0.318	0.319	0.320	0.326	0.336	0.322	0.333	0.334	0.322	0.328	0.327	0.324	0.324	0.306	0.318	0.311	0.319	0.316	0.319	0.319	0.325	0.325	0.322	0.324	0.323	0.322	0.318	0.324	0.319	0.329	0.328	0.323	0.333	0.330	0.319	0.331	0.325	0.315	0.319	0.315	0.320	0.311	0.316	0.316	0.321	0.327	0.317	0.314	0.318	0.316	0.322	0.335	0.316	0.319	0.314	0.315	0.318	0.325	0.325	0.318	0.319
16:00:39	34.9	0.312	0.310	0.319	0.317	0.318	0.312	0.310	0.311	0.314	0.338	0.313	0.318	0.313	0.299	0.314	0.314	0.309	0.311	0.311	0.308	0.320	0.309	0.317	0.311	0.314	0.324	0.315	0.312	0.322	0.316	0.311	0.325	0.315	0.315	0.315	0.316	0.317	0.319	0.325	0.335	0.320	0.331	0.333	0.320	0.325	0.326	0.323	0.324	0.305	0.317	0.310	0.316	0.315	0.317	0.318	0.322	0.322	0.320	0.323	0.340	0.320	0.317	0.324	0.318	0.328	0.327	0.323	0.331	0.327	0.318	0.329	0.324	0.314	0.317	0.314	0.318	0.310	0.314	0.314	0.318	0.324	0.315	0.312	0.316	0.314	0.321	0.334	0.315	0.317	0.312	0.313	0.315	0.324	0.323	0.316	0.318
17:00:41	34.9	0.309	0.308	0.316	0.315	0.316	0.310	0.308	0.310	0.311	0.336	0.311	0.316	0.311	0.297	0.312	0.312	0.307	0.309	0.310	0.307	0.318	0.308	0.315	0.309	0.312	0.321	0.313	0.311	0.321	0.315	0.309	0.323	0.313	0.314	0.314	0.315	0.315	0.317	0.323	0.334	0.319	0.330	0.332	0.319	0.324	0.325	0.324	0.324	0.303	0.316	0.308	0.315	0.313	0.315	0.316	0.320	0.320	0.317	0.320	0.325	0.318	0.317	0.324	0.317	0.328	0.328	0.322	0.330	0.325	0.316	0.327	0.322	0.312	0.315	0.312	0.317	0.308	0.312	0.312	0.314	0.321	0.313	0.310	0.314	0.312	0.319	0.333	0.313	0.315	0.310	0.311	0.313	0.323	0.321	0.314	0.316
18:00:40	34.9	0.307	0.307	0.315	0.313	0.314	0.308	0.306	0.307	0.310	0.334	0.309	0.314	0.308	0.294	0.310	0.310	0.306	0.307	0.308	0.305	0.318	0.306	0.313	0.307	0.309	0.320	0.311	0.309	0.318	0.314	0.309	0.322	0.311	0.311	0.312	0.313	0.313	0.315	0.321	0.333	0.318	0.328	0.330	0.318	0.323	0.324	0.322	0.322	0.300	0.314	0.307	0.313	0.312	0.314	0.315	0.318	0.319	0.315	0.319	0.316	0.315	0.315	0.322	0.315	0.327	0.326	0.321	0.327	0.323	0.314	0.326	0.320	0.310	0.313	0.309	0.314	0.307	0.310	0.310	0.312	0.319	0.310	0.309	0.312	0.310	0.317	0.331	0.310	0.313	0.307	0.309	0.310	0.321	0.318	0.311	0.315
19:00:41	34.9	0.305	0.305	0.313	0.311	0.312	0.306	0.303	0.304	0.307	0.332	0.307	0.310	0.305	0.291	0.308	0.308	0.304	0.306	0.306	0.303	0.315	0.304	0.311	0.304	0.307	0.318	0.309	0.307	0.316	0.312	0.306	0.320	0.310	0.310	0.309	0.310	0.311	0.313	0.319	0.332	0.317	0.327	0.330	0.316	0.322	0.323	0.320	0.321	0.298	0.312	0.304	0.311	0.310	0.311	0.313	0.316	0.316	0.313	0.317	0.327	0.313	0.312	0.320	0.314	0.325	0.325	0.319	0.325	0.320	0.311	0.323	0.318	0.307	0.311	0.307	0.312	0.304	0.308	0.308	0.309	0.316	0.308	0.306	0.310	0.307	0.315	0.328	0.308	0.311	0.305	0.307	0.308	0.321	0.316	0.309	0.312
20:00:41	35.0	0.303	0.303	0.311	0.310	0.311	0.304	0.302	0.303	0.305	0.329	0.304	0.308	0.303	0.290	0.307	0.306	0.302	0.303	0.305	0.302	0.314	0.303	0.310	0.302	0.304	0.316	0.308	0.306	0.315	0.310	0.305	0.318	0.308	0.310	0.308	0.307	0.308	0.311	0.318	0.331	0.316	0.326	0.328	0.315	0.321	0.323	0.319	0.319	0.297	0.310	0.302	0.310	0.309	0.310	0.311	0.314	0.314	0.311	0.315	0.329	0.311	0.310	0.318	0.312	0.324	0.324	0.318	0.324	0.318	0.310	0.321	0.316	0.307	0.309	0.306	0.310	0.302	0.306	0.307	0.306	0.315	0.306	0.305	0.308	0.305	0.312	0.326	0.305	0.309	0.302	0.305	0.307	0.317	0.314	0.306	0.309
21:00:42	35.0	0.299	0.300	0.308	0.308	0.309	0.302	0.299	0.300	0.302	0.327	0.301	0.304	0.300	0.287	0.304	0.304	0.300	0.301	0.303	0.299	0.310	0.299	0.306	0.299	0.300	0.313	0.305	0.303	0.312	0.308	0.304	0.316	0.305	0.308	0.305	0.305	0.305	0.308	0.315	0.329	0.313	0.323	0.326	0.312	0.319	0.320	0.316	0.316	0.294	0.308	0.300	0.306	0.306	0.308	0.309	0.312	0.312	0.308	0.313	0.309	0.306	0.308	0.315	0.308	0.321	0.321	0.316	0.321	0.315	0.308	0.319	0.313	0.304	0.307	0.303	0.308	0.300	0.304	0.304	0.304	0.312	0.304	0.302	0.305	0.302	0.309	0.322	0.303	0.305	0.300	0.302	0.303	0.312	0.310	0.303	0.305
22:00:42	34.9	0.296	0.297	0.305	0.305	0.305	0.299	0.296	0.297	0.299	0.324	0.299	0.301	0.297	0.284	0.302	0.302	0.297	0.298	0.301	0.297	0.308	0.297	0.303	0.296	0.296	0.310	0.302	0.300	0.310	0.305	0.301	0.313	0.303	0.305	0.302	0.301	0.301	0.305	0.312	0.326	0.311	0.320	0.324	0.310	0.316	0.318	0.314	0.312	0.290	0.305	0.298	0.304	0.303	0.305	0.307	0.309	0.309	0.305	0.310	0.305	0.303	0.304	0.312	0.306	0.319	0.318	0.314	0.318	0.312	0.305	0.315	0.310	0.301	0.304	0.300	0.305	0.297	0.301	0.301	0.301	0.309	0.301	0.299	0.302	0.299	0.306	0.319	0.300	0.303	0.297	0.299	0.300	0.309	0.307	0.300	0.301
23:00:43	35.0	0.294	0.296	0.303	0.303	0.304	0.296	0.295	0.295	0.298	0.322	0.296	0.298	0.294	0.282	0.299	0.301	0.296	0.296	0.298	0.295	0.306	0.295	0.301	0.294	0.291	0.308	0.300	0.299	0.308	0.302	0.299	0.311	0.301	0.303	0.299	0.299	0.298	0.303	0.310	0.324	0.309	0.318	0.322	0.308	0.313	0.315	0.314	0.310	0.288	0.303	0.295	0.302	0.302	0.303	0.305	0.306	0.307	0.303	0.307	0.304	0.301	0.302	0.310	0.304	0.316	0.316	0.311	0.315	0.309	0.303	0.313	0.307	0.299	0.302	0.299	0.303	0.294	0.299	0.299	0.298	0.306	0.298	0.296	0.299	0.297	0.302	0.317	0.298	0.300	0.295	0.297	0.297	0.306	0.304	0.298	0.299
0:00:00																																																																																																	

Results
	1	2	3	4	5	6	7	8	9	10	11	12
A	0.370	0.388	0.374	0.367	0.370	0.375	0.375	0.380	0.393	0.372	0.381	0.367	Max V [600]
	0.989	0.974	0.987	0.988	0.981	0.987	0.981	0.985	0.978	0.983	0.983	0.987	R-Squared [600]
	7:00:35	7:00:35	7:00:35	7:00:35	7:00:35	7:00:35	7:00:35	7:00:35	7:00:35	7:00:35	7:00:35	7:00:35	t at Max V [600]
	2:14:32	2:28:12	2:35:41	2:33:38	2:16:39	2:26:39	2:28:07	2:22:49	2:21:57	2:41:53	2:26:20	2:16:24	Lagtime [600]
B	0.377	0.368	0.362	0.358	0.374	0.373	0.360	0.365	0.372	0.367	0.358	0.369	Max V [600]
	0.970	0.983	0.986	0.985	0.983	0.981	0.983	0.983	0.988	0.988	0.978	0.977	R-Squared [600]
	7:00:35	7:00:35	7:00:35	8:00:36	7:00:35	7:00:35	7:00:35	7:00:35	7:00:35	7:00:35	7:00:35	7:00:35	t at Max V [600]
	2:25:32	2:34:32	2:36:14	3:07:14	2:48:23	2:43:34	2:45:06	2:44:16	2:45:29	2:36:41	2:39:19	2:29:50	Lagtime [600]
C	0.374	0.367	0.384	0.407	0.390	0.399	0.369	0.391	0.395	0.377	0.380	0.378	Max V [600]
	0.984	0.984	0.984	0.990	0.985	0.985	0.984	0.992	0.992	0.991	0.984	0.983	R-Squared [600]
	7:00:35	8:00:36	7:00:35	7:00:35	7:00:35	7:00:35	7:00:35	7:00:35	7:00:35	7:00:35	7:00:35	7:00:35	t at Max V [600]
	2:26:00	2:50:19	2:52:19	3:05:03	3:08:04	3:02:47	2:56:34	2:47:53	2:58:21	2:35:09	2:42:54	2:41:09	Lagtime [600]
D	0.370	0.383	0.388	0.371	0.407	0.383	0.364	0.379	0.405	0.375	0.362	0.352	Max V [600]
	0.981	0.984	0.984	0.978	0.987	0.988	0.982	0.991	0.994	0.994	0.991	0.983	R-Squared [600]
	7:00:35	8:00:36	8:00:36	7:00:35	7:00:35	7:00:35	7:00:35	7:00:35	7:00:35	7:00:35	7:00:35	7:00:35	t at Max V [600]
	2:26:23	2:54:00	3:04:22	3:02:48	3:09:52	2:47:38	2:50:48	2:52:56	2:51:42	2:43:40	2:36:38	2:26:22	Lagtime [600]
E	0.357	0.359	0.383	0.408	0.407	0.410	0.408	0.409	0.405	0.418	0.406	0.434	Max V [600]
	0.982	0.982	0.983	0.990	0.989	0.992	0.991	0.996	0.999	0.999	0.989	0.985	R-Squared [600]
	7:00:35	8:00:36	8:00:36	7:00:35	7:00:35	7:00:35	7:00:35	7:00:35	7:00:35	7:00:35	7:00:35	7:00:35	t at Max V [600]
	2:19:39	2:44:15	2:59:53	3:04:39	3:09:20	3:11:27	3:13:30	2:58:49	2:59:30	3:12:53	2:57:16	2:54:30	Lagtime [600]
F	0.370	0.364	0.381	0.416	0.393	0.391	0.383	0.424	0.419	0.378	0.393	0.362	Max V [600]
	0.983	0.981	0.980	0.983	0.981	0.985	0.982	1.000	1.000	0.988	0.992	0.977	R-Squared [600]
	7:00:35	7:00:35	8:00:36	7:00:35	7:00:35	7:00:35	7:00:35	7:00:35	7:00:35	7:00:35	7:00:35	7:00:35	t at Max V [600]
	2:10:33	2:34:19	3:08:04	3:08:27	3:11:28	3:07:51	2:55:03	2:52:59	3:02:18	2:53:23	2:47:15	2:25:34	Lagtime [600]
G	0.376	0.362	0.368	0.395	0.379	0.402	0.408	0.438	0.425	0.416	0.370	0.364	Max V [600]
	0.978	0.983	0.986	0.983	0.979	0.987	0.993	0.998	0.997	0.994	0.983	0.987	R-Squared [600]
	7:00:35	8:00:36	8:00:36	7:00:35	8:00:36	7:00:35	7:00:35	7:00:35	7:00:35	7:00:35	7:00:35	7:00:35	t at Max V [600]
	2:23:07	2:49:25	2:45:33	2:58:15	3:10:31	3:05:31	3:02:29	2:58:29	3:03:16	2:58:33	2:44:57	2:33:40	Lagtime [600]
H	0.362	0.360	0.345	0.377	0.372	0.372	0.386	0.382	0.376	0.371	0.379	0.396	Max V [600]
	0.981	0.979	0.981	0.983	0.983	0.982	0.982	0.985	0.988	0.976	0.977	0.964	R-Squared [600]
	7:00:35	7:00:35	7:00:35	7:00:35	7:00:35	7:00:35	7:00:35	7:00:35	7:00:35	7:00:35	7:00:35	7:00:35	t at Max V [600]
	2:15:27	2:15:05	2:21:42	2:36:44	2:40:12	2:37:58	2:46:01	2:47:32	2:51:16	2:24:49	2:24:14	2:30:12	Lagtime [600]


