
Software Version	3.11.19



Experiment File Path:	C:\Users\patil-group\Desktop\Sweeteners_stacker\171121_NT5026_37_38_Rep2\NT5026_37_38_Rep2.xpt
Protocol File Path:	C:\Users\Public\Documents\Protocols\Screening-protocol.prt



Plate Number	Plate 2
Date	17/11/2021
Time	15:18:15
Reader Type:	Epoch 2
Reader Serial Number:	2103223
Reading Type	Reader

Procedure Details

Plate Type	96 WELL PLATE
Discontinuous Kinetics	Runtime 1:00:00 (D:HH:MM), Interval 0:01:00, 25 Reads
	Pause after each run
Eject plate on completion	
Shake	Linear: 0:00:30 (HH:MM:SS)
	Frequency: 567 cpm (3 mm)
Read	Absorbance Endpoint
	Full Plate
	Wavelengths:  600
	Read Speed: Normal,  Delay: 100 msec,  Measurements/Data Point: 8

600

Time	T° 600	A1	A2	A3	A4	A5	A6	A7	A8	A9	A10	A11	A12	B1	B2	B3	B4	B5	B6	B7	B8	B9	B10	B11	B12	C1	C2	C3	C4	C5	C6	C7	C8	C9	C10	C11	C12	D1	D2	D3	D4	D5	D6	D7	D8	D9	D10	D11	D12	E1	E2	E3	E4	E5	E6	E7	E8	E9	E10	E11	E12	F1	F2	F3	F4	F5	F6	F7	F8	F9	F10	F11	F12	G1	G2	G3	G4	G5	G6	G7	G8	G9	G10	G11	G12	H1	H2	H3	H4	H5	H6	H7	H8	H9	H10	H11	H12
0:00:34	35.2	0.170	0.182	0.182	0.176	0.177	0.176	0.172	0.168	0.167	0.180	0.173	0.164	0.176	0.179	0.177	0.171	0.171	0.170	0.171	0.177	0.173	0.167	0.170	0.170	0.172	0.179	0.179	0.176	0.170	0.169	0.171	0.173	0.171	0.170	0.170	0.168	0.190	0.172	0.172	0.173	0.166	0.170	0.174	0.171	0.173	0.174	0.167	0.168	0.176	0.171	0.176	0.189	0.178	0.166	0.172	0.170	0.177	0.171	0.164	0.166	0.183	0.171	0.172	0.178	0.179	0.175	0.167	0.169	0.172	0.166	0.168	0.175	0.175	0.169	0.166	0.171	0.173	0.171	0.168	0.166	0.175	0.167	0.170	0.166	0.171	0.182	0.178	0.171	0.169	0.171	0.172	0.179	0.168	0.174	0.166	0.168
1:00:31	35.0	0.176	0.187	0.187	0.181	0.182	0.181	0.177	0.172	0.172	0.185	0.177	0.169	0.181	0.182	0.181	0.175	0.175	0.174	0.175	0.180	0.177	0.173	0.175	0.174	0.177	0.183	0.187	0.182	0.176	0.174	0.175	0.179	0.177	0.175	0.175	0.174	0.193	0.178	0.178	0.179	0.172	0.175	0.179	0.176	0.178	0.179	0.172	0.173	0.180	0.176	0.181	0.193	0.182	0.172	0.178	0.175	0.182	0.175	0.169	0.171	0.188	0.175	0.176	0.182	0.185	0.180	0.172	0.174	0.177	0.171	0.172	0.180	0.180	0.173	0.170	0.174	0.178	0.176	0.172	0.171	0.179	0.172	0.175	0.171	0.176	0.185	0.183	0.175	0.173	0.176	0.176	0.184	0.173	0.179	0.171	0.174
2:00:32	35.0	0.183	0.193	0.193	0.186	0.188	0.186	0.182	0.177	0.178	0.191	0.184	0.175	0.187	0.188	0.189	0.180	0.180	0.179	0.179	0.184	0.183	0.179	0.181	0.181	0.183	0.191	0.192	0.188	0.182	0.180	0.180	0.183	0.183	0.181	0.181	0.180	0.197	0.184	0.184	0.185	0.177	0.181	0.184	0.180	0.183	0.185	0.179	0.179	0.186	0.181	0.185	0.197	0.188	0.176	0.182	0.179	0.188	0.180	0.175	0.177	0.192	0.181	0.180	0.186	0.190	0.186	0.177	0.179	0.181	0.177	0.177	0.186	0.187	0.179	0.174	0.180	0.183	0.181	0.177	0.176	0.185	0.177	0.181	0.176	0.182	0.191	0.190	0.181	0.179	0.182	0.181	0.189	0.180	0.185	0.177	0.181
3:00:32	35.0	0.196	0.204	0.203	0.195	0.199	0.197	0.191	0.186	0.187	0.202	0.195	0.186	0.198	0.197	0.197	0.189	0.186	0.186	0.187	0.191	0.191	0.188	0.190	0.191	0.195	0.200	0.201	0.197	0.190	0.189	0.188	0.192	0.191	0.190	0.191	0.191	0.206	0.192	0.192	0.192	0.186	0.188	0.192	0.187	0.190	0.194	0.188	0.189	0.196	0.191	0.194	0.204	0.193	0.183	0.190	0.187	0.195	0.189	0.183	0.186	0.201	0.189	0.188	0.194	0.198	0.193	0.185	0.187	0.189	0.185	0.186	0.200	0.198	0.190	0.182	0.187	0.190	0.188	0.185	0.183	0.192	0.185	0.190	0.185	0.194	0.201	0.199	0.191	0.188	0.192	0.190	0.198	0.189	0.195	0.188	0.194
4:00:33	35.0	0.221	0.226	0.224	0.215	0.221	0.218	0.210	0.204	0.206	0.224	0.217	0.207	0.220	0.216	0.215	0.205	0.203	0.202	0.203	0.207	0.209	0.206	0.209	0.212	0.217	0.220	0.219	0.214	0.207	0.205	0.203	0.208	0.208	0.207	0.208	0.211	0.226	0.211	0.210	0.207	0.202	0.203	0.206	0.200	0.205	0.211	0.206	0.208	0.217	0.209	0.207	0.219	0.209	0.197	0.204	0.202	0.211	0.205	0.201	0.206	0.222	0.206	0.204	0.209	0.213	0.209	0.201	0.202	0.204	0.202	0.203	0.214	0.219	0.209	0.199	0.203	0.208	0.204	0.200	0.198	0.208	0.202	0.208	0.205	0.218	0.225	0.222	0.211	0.208	0.212	0.209	0.217	0.211	0.217	0.210	0.217
5:00:33	35.0	0.239	0.246	0.243	0.237	0.243	0.238	0.230	0.225	0.228	0.244	0.237	0.227	0.240	0.239	0.241	0.229	0.225	0.225	0.226	0.231	0.229	0.231	0.231	0.232	0.239	0.245	0.246	0.238	0.234	0.232	0.226	0.232	0.233	0.233	0.234	0.234	0.246	0.236	0.238	0.230	0.226	0.227	0.232	0.224	0.229	0.235	0.231	0.230	0.241	0.233	0.232	0.240	0.232	0.219	0.226	0.226	0.236	0.230	0.226	0.229	0.242	0.232	0.228	0.234	0.237	0.233	0.225	0.224	0.229	0.229	0.229	0.235	0.240	0.235	0.222	0.227	0.235	0.228	0.222	0.221	0.231	0.227	0.233	0.226	0.238	0.248	0.247	0.234	0.231	0.237	0.232	0.239	0.233	0.239	0.231	0.229
6:00:34	35.0	0.254	0.262	0.262	0.259	0.262	0.259	0.246	0.239	0.242	0.257	0.250	0.242	0.256	0.251	0.256	0.250	0.249	0.250	0.243	0.247	0.243	0.244	0.243	0.245	0.257	0.262	0.265	0.264	0.258	0.253	0.256	0.255	0.253	0.247	0.246	0.246	0.259	0.252	0.260	0.262	0.256	0.258	0.254	0.250	0.251	0.248	0.243	0.243	0.255	0.247	0.262	0.270	0.262	0.251	0.255	0.253	0.259	0.243	0.238	0.241	0.259	0.252	0.251	0.266	0.263	0.264	0.251	0.249	0.248	0.242	0.242	0.248	0.257	0.251	0.243	0.256	0.265	0.258	0.250	0.244	0.247	0.239	0.245	0.239	0.253	0.266	0.271	0.259	0.252	0.261	0.261	0.258	0.250	0.255	0.244	0.243
7:00:35	35.0	0.280	0.286	0.282	0.279	0.286	0.285	0.270	0.261	0.262	0.281	0.273	0.266	0.281	0.270	0.277	0.271	0.271	0.272	0.264	0.265	0.262	0.264	0.265	0.268	0.282	0.285	0.288	0.291	0.284	0.276	0.277	0.279	0.274	0.266	0.264	0.267	0.280	0.272	0.285	0.283	0.276	0.285	0.274	0.269	0.271	0.268	0.262	0.261	0.277	0.265	0.285	0.292	0.286	0.276	0.276	0.273	0.278	0.261	0.256	0.258	0.281	0.274	0.275	0.291	0.286	0.285	0.272	0.271	0.268	0.261	0.259	0.271	0.282	0.274	0.270	0.282	0.289	0.284	0.275	0.266	0.269	0.259	0.263	0.260	0.276	0.289	0.293	0.281	0.275	0.282	0.286	0.283	0.274	0.278	0.264	0.267
8:00:35	35.0	0.318	0.322	0.318	0.311	0.321	0.319	0.302	0.292	0.294	0.316	0.308	0.303	0.314	0.299	0.304	0.296	0.295	0.295	0.290	0.289	0.291	0.293	0.295	0.302	0.317	0.314	0.317	0.315	0.308	0.301	0.301	0.302	0.299	0.295	0.290	0.297	0.313	0.300	0.306	0.307	0.297	0.306	0.294	0.289	0.293	0.297	0.290	0.289	0.309	0.292	0.309	0.315	0.307	0.297	0.295	0.293	0.299	0.285	0.283	0.288	0.314	0.302	0.304	0.313	0.310	0.304	0.294	0.294	0.291	0.287	0.286	0.297	0.316	0.307	0.300	0.308	0.315	0.307	0.304	0.294	0.297	0.289	0.292	0.293	0.311	0.323	0.328	0.311	0.306	0.311	0.320	0.314	0.307	0.312	0.298	0.291
9:00:36	34.9	0.328	0.337	0.339	0.335	0.336	0.334	0.323	0.314	0.316	0.331	0.321	0.315	0.329	0.324	0.331	0.325	0.326	0.326	0.316	0.323	0.314	0.316	0.318	0.319	0.333	0.335	0.341	0.342	0.333	0.328	0.330	0.330	0.328	0.322	0.316	0.317	0.334	0.326	0.333	0.336	0.330	0.335	0.326	0.324	0.322	0.322	0.312	0.311	0.328	0.319	0.338	0.345	0.336	0.326	0.329	0.325	0.332	0.315	0.309	0.310	0.331	0.328	0.330	0.341	0.340	0.333	0.324	0.324	0.321	0.314	0.312	0.318	0.333	0.329	0.326	0.334	0.337	0.333	0.330	0.319	0.323	0.318	0.320	0.314	0.327	0.337	0.339	0.329	0.325	0.330	0.337	0.333	0.326	0.330	0.317	0.303
10:00:37	34.9	0.337	0.348	0.349	0.344	0.345	0.343	0.333	0.327	0.329	0.341	0.332	0.327	0.341	0.336	0.341	0.334	0.335	0.335	0.328	0.331	0.324	0.327	0.329	0.330	0.343	0.346	0.351	0.352	0.342	0.338	0.338	0.339	0.337	0.332	0.328	0.328	0.345	0.338	0.343	0.342	0.334	0.340	0.333	0.330	0.330	0.334	0.324	0.323	0.339	0.330	0.345	0.353	0.344	0.333	0.332	0.332	0.337	0.324	0.321	0.323	0.342	0.338	0.339	0.348	0.347	0.339	0.329	0.330	0.331	0.325	0.322	0.330	0.342	0.340	0.336	0.344	0.344	0.340	0.338	0.329	0.332	0.329	0.330	0.325	0.338	0.348	0.349	0.337	0.334	0.339	0.346	0.343	0.335	0.341	0.328	0.310
11:00:37	35.0	0.340	0.352	0.352	0.346	0.346	0.344	0.339	0.333	0.334	0.343	0.334	0.327	0.345	0.344	0.347	0.341	0.342	0.342	0.333	0.339	0.330	0.332	0.335	0.337	0.347	0.351	0.355	0.356	0.345	0.342	0.344	0.346	0.343	0.336	0.333	0.334	0.351	0.343	0.348	0.345	0.339	0.345	0.340	0.336	0.338	0.338	0.329	0.328	0.345	0.336	0.348	0.356	0.349	0.339	0.340	0.339	0.345	0.330	0.327	0.330	0.347	0.345	0.345	0.352	0.351	0.345	0.336	0.338	0.338	0.332	0.329	0.336	0.348	0.344	0.342	0.347	0.349	0.347	0.343	0.334	0.338	0.336	0.336	0.330	0.345	0.350	0.354	0.342	0.339	0.344	0.348	0.347	0.338	0.345	0.334	0.314
12:00:37	34.9	0.339	0.349	0.351	0.342	0.343	0.341	0.337	0.334	0.334	0.341	0.334	0.327	0.342	0.346	0.351	0.345	0.345	0.345	0.336	0.343	0.331	0.336	0.338	0.338	0.344	0.352	0.358	0.357	0.348	0.344	0.347	0.350	0.347	0.339	0.338	0.338	0.350	0.347	0.351	0.346	0.341	0.345	0.344	0.339	0.341	0.341	0.334	0.333	0.346	0.341	0.350	0.361	0.352	0.342	0.342	0.341	0.347	0.334	0.331	0.335	0.348	0.348	0.348	0.354	0.354	0.347	0.339	0.340	0.340	0.336	0.334	0.338	0.347	0.340	0.344	0.349	0.349	0.350	0.343	0.337	0.342	0.339	0.339	0.330	0.349	0.353	0.356	0.344	0.341	0.347	0.350	0.347	0.339	0.346	0.335	0.313
13:00:38	35.0	0.338	0.347	0.348	0.340	0.341	0.338	0.336	0.332	0.333	0.340	0.334	0.326	0.341	0.344	0.350	0.342	0.342	0.342	0.333	0.342	0.330	0.334	0.334	0.337	0.342	0.349	0.353	0.354	0.345	0.344	0.347	0.349	0.345	0.339	0.337	0.337	0.349	0.345	0.348	0.348	0.341	0.346	0.344	0.339	0.341	0.341	0.334	0.331	0.344	0.339	0.348	0.359	0.349	0.341	0.342	0.341	0.346	0.333	0.330	0.333	0.346	0.344	0.346	0.351	0.353	0.347	0.339	0.340	0.340	0.334	0.333	0.338	0.345	0.339	0.340	0.346	0.346	0.346	0.340	0.334	0.341	0.337	0.337	0.329	0.347	0.352	0.354	0.344	0.341	0.345	0.345	0.345	0.337	0.343	0.335	0.313
14:00:38	35.0	0.337	0.346	0.346	0.338	0.338	0.337	0.335	0.332	0.333	0.339	0.333	0.325	0.339	0.343	0.347	0.340	0.339	0.340	0.331	0.341	0.329	0.333	0.334	0.336	0.340	0.346	0.351	0.350	0.343	0.341	0.344	0.345	0.342	0.336	0.336	0.335	0.348	0.342	0.345	0.343	0.338	0.343	0.341	0.336	0.337	0.339	0.333	0.330	0.343	0.337	0.346	0.355	0.347	0.337	0.338	0.337	0.344	0.332	0.329	0.333	0.345	0.341	0.344	0.349	0.350	0.344	0.336	0.337	0.338	0.333	0.331	0.337	0.344	0.337	0.337	0.343	0.343	0.343	0.336	0.331	0.338	0.335	0.337	0.329	0.347	0.352	0.352	0.340	0.338	0.343	0.342	0.343	0.335	0.342	0.334	0.312
15:00:39	35.0	0.335	0.345	0.344	0.337	0.336	0.335	0.333	0.331	0.332	0.338	0.332	0.323	0.337	0.343	0.346	0.339	0.338	0.338	0.330	0.340	0.328	0.332	0.334	0.336	0.337	0.344	0.348	0.348	0.340	0.339	0.341	0.342	0.340	0.336	0.336	0.335	0.346	0.341	0.343	0.342	0.336	0.340	0.339	0.334	0.336	0.338	0.332	0.330	0.342	0.337	0.344	0.353	0.345	0.335	0.337	0.336	0.342	0.331	0.328	0.332	0.344	0.339	0.342	0.346	0.348	0.344	0.336	0.335	0.336	0.330	0.330	0.336	0.343	0.335	0.336	0.340	0.341	0.341	0.334	0.330	0.336	0.334	0.335	0.328	0.345	0.350	0.351	0.338	0.336	0.342	0.340	0.340	0.334	0.341	0.333	0.311
16:00:39	34.9	0.334	0.343	0.343	0.336	0.335	0.334	0.332	0.330	0.331	0.336	0.330	0.322	0.335	0.341	0.345	0.339	0.335	0.337	0.329	0.339	0.327	0.332	0.333	0.334	0.336	0.342	0.347	0.345	0.337	0.337	0.338	0.340	0.338	0.335	0.335	0.334	0.345	0.339	0.340	0.340	0.333	0.338	0.337	0.332	0.334	0.338	0.332	0.329	0.341	0.336	0.341	0.350	0.342	0.333	0.336	0.333	0.341	0.330	0.328	0.332	0.343	0.337	0.339	0.345	0.346	0.342	0.334	0.335	0.334	0.330	0.330	0.336	0.341	0.334	0.334	0.337	0.339	0.338	0.333	0.331	0.335	0.331	0.335	0.327	0.344	0.350	0.349	0.336	0.335	0.339	0.337	0.339	0.333	0.340	0.332	0.310
17:00:40	34.9	0.330	0.340	0.340	0.334	0.333	0.332	0.330	0.329	0.330	0.334	0.328	0.319	0.332	0.340	0.344	0.336	0.335	0.336	0.328	0.338	0.326	0.331	0.332	0.332	0.332	0.340	0.344	0.344	0.334	0.334	0.337	0.339	0.336	0.333	0.334	0.332	0.342	0.337	0.338	0.338	0.332	0.336	0.335	0.331	0.332	0.337	0.331	0.328	0.340	0.335	0.339	0.348	0.340	0.332	0.334	0.331	0.341	0.329	0.327	0.330	0.340	0.336	0.337	0.343	0.344	0.340	0.333	0.334	0.334	0.328	0.329	0.334	0.340	0.332	0.332	0.335	0.337	0.337	0.331	0.329	0.335	0.330	0.333	0.325	0.341	0.348	0.348	0.334	0.334	0.339	0.334	0.336	0.331	0.338	0.331	0.307
18:00:40	34.9	0.326	0.338	0.337	0.331	0.331	0.329	0.329	0.327	0.328	0.332	0.326	0.317	0.328	0.338	0.343	0.335	0.333	0.335	0.326	0.337	0.325	0.329	0.331	0.331	0.330	0.338	0.343	0.342	0.332	0.333	0.335	0.337	0.336	0.332	0.333	0.331	0.340	0.336	0.336	0.336	0.330	0.334	0.334	0.329	0.331	0.337	0.330	0.327	0.338	0.333	0.337	0.346	0.338	0.329	0.332	0.330	0.340	0.328	0.325	0.329	0.338	0.334	0.336	0.341	0.341	0.338	0.331	0.333	0.332	0.328	0.328	0.333	0.337	0.330	0.330	0.332	0.336	0.337	0.328	0.328	0.335	0.329	0.333	0.323	0.340	0.346	0.345	0.332	0.332	0.336	0.332	0.337	0.330	0.336	0.329	0.306
19:00:41	34.9	0.323	0.335	0.335	0.329	0.328	0.327	0.326	0.325	0.326	0.329	0.323	0.314	0.326	0.335	0.341	0.334	0.332	0.333	0.325	0.335	0.324	0.328	0.329	0.329	0.327	0.337	0.341	0.340	0.331	0.331	0.332	0.335	0.335	0.331	0.332	0.329	0.337	0.334	0.334	0.334	0.329	0.332	0.333	0.327	0.330	0.335	0.329	0.325	0.336	0.332	0.334	0.344	0.335	0.327	0.331	0.328	0.337	0.327	0.324	0.327	0.335	0.332	0.334	0.338	0.340	0.336	0.330	0.332	0.331	0.326	0.326	0.331	0.334	0.327	0.328	0.331	0.333	0.334	0.328	0.326	0.332	0.327	0.331	0.321	0.336	0.343	0.343	0.330	0.329	0.334	0.329	0.335	0.328	0.334	0.327	0.303
20:00:41	35.1	0.320	0.333	0.333	0.326	0.327	0.325	0.324	0.322	0.324	0.327	0.321	0.311	0.323	0.333	0.340	0.333	0.329	0.331	0.323	0.333	0.322	0.326	0.327	0.326	0.325	0.336	0.339	0.338	0.330	0.330	0.331	0.334	0.333	0.330	0.331	0.327	0.335	0.332	0.332	0.333	0.327	0.331	0.331	0.326	0.329	0.333	0.328	0.323	0.333	0.330	0.332	0.342	0.334	0.325	0.329	0.327	0.336	0.326	0.322	0.325	0.333	0.329	0.332	0.336	0.339	0.335	0.328	0.330	0.329	0.325	0.325	0.329	0.332	0.326	0.326	0.328	0.330	0.331	0.325	0.323	0.328	0.325	0.329	0.319	0.334	0.341	0.341	0.327	0.327	0.332	0.327	0.333	0.325	0.331	0.324	0.301
21:00:42	35.1	0.315	0.330	0.330	0.323	0.323	0.322	0.321	0.319	0.321	0.324	0.318	0.308	0.320	0.330	0.336	0.330	0.327	0.329	0.321	0.330	0.319	0.324	0.324	0.323	0.322	0.331	0.336	0.335	0.326	0.327	0.328	0.331	0.330	0.326	0.327	0.323	0.331	0.329	0.329	0.330	0.324	0.328	0.329	0.324	0.326	0.331	0.324	0.320	0.329	0.327	0.329	0.339	0.331	0.322	0.327	0.325	0.333	0.323	0.320	0.321	0.330	0.326	0.329	0.333	0.336	0.332	0.324	0.326	0.326	0.322	0.322	0.325	0.328	0.322	0.323	0.325	0.328	0.328	0.322	0.320	0.325	0.321	0.326	0.315	0.330	0.337	0.337	0.325	0.323	0.328	0.324	0.329	0.321	0.328	0.320	0.297
22:00:42	35.0	0.311	0.325	0.326	0.319	0.319	0.318	0.317	0.315	0.317	0.320	0.314	0.304	0.317	0.326	0.333	0.326	0.323	0.325	0.317	0.327	0.316	0.320	0.321	0.320	0.318	0.327	0.332	0.332	0.323	0.324	0.324	0.328	0.326	0.324	0.325	0.320	0.328	0.325	0.326	0.327	0.321	0.325	0.325	0.321	0.323	0.327	0.321	0.317	0.326	0.322	0.326	0.336	0.328	0.319	0.324	0.321	0.329	0.319	0.317	0.318	0.327	0.323	0.325	0.330	0.332	0.329	0.320	0.323	0.324	0.318	0.319	0.322	0.324	0.318	0.319	0.321	0.324	0.324	0.317	0.316	0.322	0.319	0.324	0.311	0.326	0.334	0.334	0.321	0.320	0.325	0.320	0.324	0.318	0.325	0.318	0.295
23:00:43	35.0	0.308	0.323	0.324	0.317	0.317	0.316	0.314	0.312	0.314	0.318	0.311	0.302	0.314	0.323	0.330	0.323	0.320	0.323	0.315	0.325	0.314	0.318	0.318	0.317	0.316	0.325	0.329	0.329	0.320	0.322	0.322	0.326	0.325	0.321	0.322	0.317	0.325	0.322	0.323	0.325	0.319	0.322	0.323	0.318	0.320	0.325	0.318	0.315	0.323	0.320	0.322	0.332	0.324	0.317	0.321	0.319	0.327	0.317	0.314	0.316	0.323	0.320	0.323	0.326	0.329	0.326	0.318	0.321	0.320	0.315	0.317	0.319	0.321	0.315	0.316	0.319	0.321	0.321	0.315	0.314	0.320	0.317	0.320	0.310	0.323	0.331	0.332	0.319	0.318	0.322	0.319	0.321	0.316	0.323	0.314	0.292
0:00:00																																																																																																	

Results
	1	2	3	4	5	6	7	8	9	10	11	12
A	0.404	0.406	0.411	0.412	0.409	0.420	0.403	0.384	0.379	0.391	0.379	0.397	Max V [600]
	0.969	0.980	0.985	0.994	0.987	0.989	0.990	0.986	0.983	0.978	0.974	0.976	R-Squared [600]
	7:00:35	7:00:35	7:00:35	7:00:35	7:00:35	7:00:35	7:00:35	7:00:35	7:00:35	7:00:35	7:00:35	7:00:35	t at Max V [600]
	2:19:29	2:33:28	2:40:32	2:38:10	2:25:20	2:37:55	2:46:46	2:44:17	2:34:29	2:28:53	2:22:59	2:32:37	Lagtime [600]
B	0.391	0.374	0.382	0.396	0.413	0.414	0.379	0.377	0.364	0.363	0.375	0.385	Max V [600]
	0.986	0.984	0.987	0.994	0.996	0.996	0.992	0.977	0.984	0.983	0.981	0.981	R-Squared [600]
	7:00:35	8:00:36	7:00:35	7:00:35	7:00:35	7:00:35	7:00:35	7:00:35	7:00:35	7:00:35	7:00:35	7:00:35	t at Max V [600]
	2:25:32	2:47:37	2:26:20	2:40:10	2:51:52	2:50:02	2:45:26	2:53:00	2:39:49	2:18:22	2:31:48	2:32:10	Lagtime [600]
C	0.412	0.389	0.400	0.432	0.420	0.402	0.422	0.407	0.396	0.375	0.362	0.363	Max V [600]
	0.986	0.994	0.995	1.000	1.000	0.998	0.998	0.999	0.995	0.982	0.987	0.982	R-Squared [600]
	7:00:35	7:00:35	7:00:35	7:00:35	6:00:34	7:00:35	7:00:35	7:00:35	7:00:35	8:00:36	8:00:36	7:00:35	t at Max V [600]
	2:26:18	2:19:34	2:21:13	2:37:07	2:31:30	2:28:27	2:46:54	2:39:14	2:32:28	2:34:43	2:31:20	2:14:56	Lagtime [600]
D	0.383	0.379	0.398	0.430	0.416	0.438	0.381	0.401	0.381	0.376	0.351	0.348	Max V [600]
	0.981	0.986	0.998	0.995	0.992	0.997	0.991	0.988	0.995	0.985	0.985	0.983	R-Squared [600]
	7:00:35	7:00:35	6:00:34	7:00:35	7:00:35	7:00:35	7:00:35	7:00:35	7:00:35	8:00:36	8:00:36	8:00:36	t at Max V [600]
	2:49:50	2:23:41	2:21:25	2:43:59	2:34:59	2:44:44	2:32:34	2:50:39	2:36:38	2:41:13	2:22:43	2:24:42	Lagtime [600]
E	0.381	0.369	0.433	0.425	0.421	0.434	0.409	0.395	0.387	0.361	0.362	0.357	Max V [600]
	0.985	0.986	0.997	0.996	0.997	0.995	0.991	0.991	0.989	0.982	0.985	0.984	R-Squared [600]
	7:00:35	8:00:36	7:00:35	7:00:35	7:00:35	7:00:35	7:00:35	7:00:35	7:00:35	8:00:36	8:00:36	8:00:36	t at Max V [600]
	2:21:30	2:37:06	2:47:38	2:57:59	2:47:39	2:50:56	2:45:33	2:38:22	2:33:40	2:44:20	2:37:11	2:29:44	Lagtime [600]
F	0.388	0.404	0.431	0.438	0.419	0.402	0.400	0.408	0.380	0.362	0.356	0.361	Max V [600]
	0.987	0.996	0.998	0.996	0.998	0.993	0.997	0.997	0.991	0.984	0.983	0.990	R-Squared [600]
	7:00:35	7:00:35	7:00:35	6:00:34	7:00:35	6:00:34	7:00:35	7:00:35	7:00:35	8:00:36	8:00:36	7:00:35	t at Max V [600]
	2:38:26	2:36:08	2:55:09	2:46:21	2:41:54	2:30:45	2:34:34	2:46:31	2:38:47	2:29:57	2:33:09	2:26:26	Lagtime [600]
G	0.408	0.407	0.443	0.446	0.445	0.435	0.448	0.409	0.389	0.398	0.381	0.380	Max V [600]
	0.988	0.987	0.996	0.999	0.999	0.998	1.000	0.998	0.989	0.983	0.980	0.981	R-Squared [600]
	7:00:35	7:00:35	7:00:35	7:00:35	6:00:34	6:00:34	7:00:35	7:00:35	7:00:35	8:00:36	8:00:36	7:00:35	t at Max V [600]
	2:29:16	2:30:20	3:00:05	2:51:44	2:40:03	2:45:03	3:00:18	2:49:44	2:47:16	3:01:05	2:46:53	2:35:52	Lagtime [600]
H	0.392	0.396	0.430	0.412	0.400	0.401	0.458	0.407	0.406	0.398	0.375	0.326	Max V [600]
	0.981	0.985	0.994	0.997	0.995	0.998	0.996	0.994	0.989	0.985	0.977	0.987	R-Squared [600]
	7:00:35	6:00:34	6:00:34	6:00:34	7:00:35	6:00:34	6:00:34	7:00:35	7:00:35	7:00:35	7:00:35	7:00:35	t at Max V [600]
	2:19:33	2:18:11	2:22:32	2:25:49	2:28:58	2:15:44	2:43:54	2:40:33	2:30:08	2:26:11	2:20:40	1:58:35	Lagtime [600]


