

Software Version	3.10.06



Experiment File Path:	C:\Users\patil-group\Desktop\Sweeteners_stacker\221021_NT5009_11_Rep2\NT5009_11_Rep2_read2.xpt
Protocol File Path:	C:\Users\Public\Documents\Protocols\Screening-protocol.prt



Plate Number	Plate 5
Date	22/10/2021
Time	16:46:54
Reader Type:	Epoch 2
Reader Serial Number:	2103223
Reading Type	Reader

Procedure Details

Plate Type	96 WELL PLATE
Discontinuous Kinetics	Runtime 1:00:00 (D:HH:MM), Interval 0:01:00, 25 Reads
	Pause after each run
Eject plate on completion	
Shake	Linear: 0:00:30 (HH:MM:SS)
	Frequency: 567 cpm (3 mm)
Read	Absorbance Endpoint
	Full Plate
	Wavelengths:  600
	Read Speed: Normal,  Delay: 100 msec,  Measurements/Data Point: 8

600

Time	T° 600	A1	A2	A3	A4	A5	A6	A7	A8	A9	A10	A11	A12	B1	B2	B3	B4	B5	B6	B7	B8	B9	B10	B11	B12	C1	C2	C3	C4	C5	C6	C7	C8	C9	C10	C11	C12	D1	D2	D3	D4	D5	D6	D7	D8	D9	D10	D11	D12	E1	E2	E3	E4	E5	E6	E7	E8	E9	E10	E11	E12	F1	F2	F3	F4	F5	F6	F7	F8	F9	F10	F11	F12	G1	G2	G3	G4	G5	G6	G7	G8	G9	G10	G11	G12	H1	H2	H3	H4	H5	H6	H7	H8	H9	H10	H11	H12
0:00:34	34.2	0.182	0.160	0.165	0.156	0.159	0.158	0.163	0.159	0.160	0.155	0.154	0.167	0.157	0.156	0.159	0.156	0.163	0.166	0.162	0.170	0.159	0.162	0.157	0.165	0.168	0.156	0.156	0.160	0.157	0.158	0.161	0.158	0.158	0.155	0.154	0.162	0.170	0.159	0.158	0.159	0.166	0.157	0.168	0.164	0.156	0.151	0.156	0.158	0.156	0.156	0.161	0.157	0.179	0.162	0.158	0.159	0.154	0.155	0.154	0.162	0.163	0.172	0.163	0.156	0.157	0.153	0.160	0.155	0.155	0.153	0.167	0.166	0.163	0.161	0.156	0.161	0.155	0.156	0.161	0.154	0.157	0.154	0.153	0.159	0.162	0.152	0.156	0.164	0.155	0.153	0.164	0.156	0.155	0.158	0.163	0.167
1:00:31	35.0	0.181	0.159	0.165	0.156	0.159	0.157	0.162	0.159	0.160	0.155	0.154	0.167	0.157	0.156	0.159	0.155	0.162	0.166	0.162	0.169	0.159	0.161	0.156	0.165	0.168	0.155	0.155	0.160	0.157	0.158	0.161	0.157	0.158	0.154	0.154	0.162	0.169	0.159	0.158	0.158	0.165	0.157	0.165	0.165	0.156	0.150	0.155	0.157	0.156	0.156	0.159	0.157	0.177	0.161	0.157	0.157	0.154	0.155	0.154	0.164	0.162	0.171	0.162	0.155	0.156	0.152	0.159	0.155	0.154	0.153	0.167	0.165	0.159	0.161	0.155	0.159	0.154	0.155	0.160	0.153	0.155	0.153	0.153	0.159	0.162	0.152	0.155	0.163	0.154	0.153	0.163	0.155	0.155	0.158	0.162	0.167
2:00:32	35.1	0.182	0.161	0.167	0.158	0.161	0.159	0.164	0.161	0.162	0.157	0.156	0.169	0.159	0.157	0.160	0.157	0.164	0.167	0.163	0.170	0.160	0.163	0.158	0.167	0.169	0.157	0.156	0.161	0.158	0.159	0.162	0.159	0.163	0.156	0.155	0.164	0.170	0.160	0.159	0.159	0.166	0.158	0.166	0.166	0.157	0.152	0.157	0.159	0.157	0.157	0.160	0.158	0.173	0.161	0.158	0.157	0.155	0.156	0.155	0.166	0.164	0.172	0.163	0.156	0.157	0.153	0.160	0.156	0.155	0.154	0.167	0.167	0.161	0.162	0.157	0.161	0.155	0.157	0.161	0.156	0.157	0.155	0.156	0.162	0.158	0.154	0.157	0.165	0.156	0.155	0.165	0.157	0.158	0.160	0.164	0.170
3:00:34	34.9	0.184	0.163	0.169	0.160	0.163	0.160	0.166	0.163	0.164	0.160	0.158	0.172	0.161	0.159	0.162	0.158	0.165	0.168	0.164	0.171	0.163	0.165	0.160	0.169	0.171	0.159	0.158	0.162	0.159	0.161	0.164	0.160	0.160	0.158	0.157	0.168	0.172	0.161	0.160	0.161	0.167	0.159	0.167	0.168	0.159	0.154	0.159	0.161	0.159	0.159	0.162	0.159	0.174	0.163	0.160	0.159	0.156	0.158	0.158	0.168	0.165	0.173	0.164	0.158	0.159	0.154	0.161	0.157	0.157	0.155	0.169	0.168	0.164	0.164	0.159	0.163	0.157	0.159	0.163	0.157	0.159	0.157	0.158	0.164	0.160	0.157	0.159	0.167	0.158	0.157	0.167	0.160	0.160	0.163	0.166	0.172
4:00:31	35.0	0.191	0.169	0.175	0.166	0.169	0.165	0.172	0.169	0.171	0.166	0.165	0.179	0.166	0.164	0.167	0.163	0.170	0.173	0.169	0.176	0.168	0.170	0.166	0.176	0.176	0.163	0.162	0.167	0.164	0.165	0.168	0.165	0.164	0.163	0.163	0.173	0.177	0.165	0.165	0.165	0.171	0.163	0.172	0.172	0.164	0.159	0.165	0.167	0.164	0.164	0.166	0.163	0.177	0.167	0.164	0.163	0.161	0.163	0.163	0.174	0.171	0.180	0.169	0.163	0.164	0.159	0.166	0.162	0.162	0.160	0.173	0.174	0.170	0.170	0.164	0.168	0.162	0.164	0.169	0.162	0.164	0.163	0.164	0.172	0.169	0.163	0.165	0.173	0.164	0.163	0.173	0.165	0.166	0.169	0.173	0.180
5:00:32	35.0	0.208	0.188	0.192	0.181	0.185	0.180	0.188	0.188	0.191	0.189	0.191	0.206	0.183	0.179	0.179	0.176	0.182	0.184	0.182	0.188	0.184	0.188	0.187	0.201	0.190	0.175	0.172	0.176	0.172	0.173	0.178	0.176	0.176	0.176	0.180	0.195	0.193	0.182	0.176	0.175	0.179	0.171	0.184	0.184	0.176	0.173	0.181	0.187	0.175	0.173	0.177	0.173	0.187	0.177	0.175	0.173	0.172	0.175	0.179	0.196	0.186	0.193	0.181	0.175	0.175	0.170	0.178	0.174	0.175	0.174	0.187	0.192	0.190	0.188	0.179	0.184	0.176	0.178	0.184	0.179	0.180	0.180	0.186	0.198	0.196	0.187	0.186	0.193	0.184	0.182	0.193	0.183	0.187	0.189	0.195	0.208
6:00:33	35.0	0.253	0.234	0.234	0.224	0.228	0.222	0.233	0.235	0.238	0.240	0.244	0.261	0.226	0.221	0.217	0.213	0.218	0.220	0.221	0.225	0.225	0.233	0.233	0.255	0.229	0.211	0.205	0.208	0.203	0.203	0.209	0.210	0.212	0.213	0.222	0.243	0.234	0.214	0.211	0.208	0.210	0.201	0.220	0.219	0.212	0.212	0.220	0.234	0.210	0.203	0.210	0.205	0.217	0.210	0.207	0.205	0.206	0.212	0.220	0.243	0.227	0.228	0.213	0.210	0.210	0.202	0.212	0.209	0.211	0.213	0.226	0.240	0.239	0.233	0.222	0.229	0.217	0.218	0.226	0.222	0.223	0.225	0.236	0.254	0.252	0.240	0.232	0.240	0.232	0.229	0.240	0.228	0.233	0.233	0.244	0.264
7:00:34	35.0	0.306	0.287	0.285	0.277	0.282	0.274	0.286	0.290	0.291	0.295	0.299	0.321	0.279	0.272	0.268	0.263	0.267	0.269	0.271	0.275	0.274	0.286	0.285	0.307	0.280	0.259	0.253	0.255	0.249	0.248	0.256	0.257	0.259	0.260	0.270	0.297	0.286	0.264	0.261	0.257	0.258	0.248	0.267	0.267	0.260	0.260	0.269	0.285	0.263	0.255	0.259	0.254	0.265	0.257	0.254	0.254	0.254	0.260	0.264	0.291	0.278	0.278	0.262	0.260	0.258	0.250	0.261	0.257	0.259	0.262	0.273	0.291	0.293	0.287	0.274	0.282	0.270	0.271	0.278	0.271	0.273	0.275	0.291	0.312	0.307	0.295	0.284	0.293	0.284	0.279	0.291	0.277	0.282	0.281	0.297	0.322
8:00:34	35.0	0.364	0.344	0.338	0.332	0.338	0.331	0.343	0.349	0.346	0.351	0.360	0.379	0.335	0.326	0.322	0.316	0.320	0.321	0.325	0.329	0.327	0.337	0.338	0.366	0.333	0.310	0.303	0.305	0.299	0.297	0.306	0.310	0.310	0.311	0.324	0.351	0.342	0.317	0.314	0.308	0.308	0.298	0.317	0.315	0.311	0.310	0.314	0.336	0.314	0.303	0.309	0.304	0.314	0.305	0.303	0.304	0.302	0.308	0.314	0.340	0.332	0.328	0.313	0.308	0.306	0.297	0.309	0.305	0.305	0.309	0.322	0.348	0.347	0.337	0.328	0.337	0.321	0.321	0.329	0.324	0.325	0.327	0.348	0.374	0.363	0.354	0.336	0.349	0.342	0.335	0.340	0.327	0.331	0.335	0.347	0.382
9:00:34	35.0	0.420	0.404	0.396	0.393	0.399	0.392	0.404	0.409	0.407	0.411	0.423	0.442	0.395	0.384	0.381	0.374	0.376	0.377	0.380	0.386	0.383	0.400	0.398	0.427	0.391	0.365	0.355	0.356	0.351	0.349	0.358	0.366	0.364	0.365	0.379	0.406	0.400	0.373	0.366	0.360	0.361	0.351	0.365	0.370	0.365	0.363	0.369	0.393	0.371	0.355	0.362	0.357	0.366	0.361	0.358	0.358	0.356	0.357	0.365	0.392	0.392	0.384	0.365	0.363	0.361	0.351	0.363	0.361	0.360	0.364	0.380	0.408	0.405	0.394	0.385	0.397	0.378	0.378	0.390	0.382	0.384	0.387	0.410	0.437	0.421	0.407	0.390	0.404	0.399	0.393	0.399	0.384	0.387	0.390	0.410	0.443
10:00:34	35.0	0.480	0.459	0.448	0.449	0.458	0.450	0.461	0.466	0.462	0.466	0.475	0.488	0.453	0.434	0.437	0.427	0.433	0.428	0.437	0.444	0.437	0.455	0.452	0.476	0.450	0.419	0.413	0.411	0.405	0.400	0.411	0.419	0.420	0.420	0.433	0.458	0.458	0.431	0.424	0.417	0.418	0.408	0.422	0.424	0.420	0.419	0.424	0.446	0.425	0.415	0.414	0.410	0.422	0.414	0.413	0.414	0.409	0.415	0.415	0.436	0.452	0.440	0.423	0.416	0.416	0.403	0.417	0.415	0.412	0.415	0.434	0.462	0.460	0.448	0.436	0.448	0.430	0.431	0.444	0.435	0.436	0.440	0.465	0.487	0.473	0.460	0.443	0.454	0.452	0.444	0.450	0.435	0.436	0.437	0.460	0.490
11:00:34	35.0	0.525	0.508	0.500	0.499	0.507	0.502	0.509	0.508	0.502	0.504	0.510	0.522	0.501	0.489	0.486	0.482	0.482	0.485	0.488	0.495	0.483	0.499	0.493	0.514	0.499	0.471	0.462	0.464	0.460	0.458	0.468	0.469	0.469	0.466	0.477	0.496	0.504	0.480	0.476	0.468	0.469	0.461	0.472	0.474	0.469	0.464	0.467	0.486	0.477	0.468	0.469	0.465	0.474	0.464	0.462	0.463	0.457	0.462	0.455	0.472	0.494	0.487	0.475	0.461	0.465	0.453	0.466	0.464	0.458	0.461	0.476	0.503	0.502	0.494	0.482	0.494	0.478	0.477	0.490	0.478	0.478	0.484	0.506	0.524	0.512	0.500	0.484	0.495	0.494	0.486	0.491	0.474	0.475	0.476	0.498	0.526
12:00:35	35.0	0.551	0.539	0.532	0.532	0.540	0.533	0.540	0.536	0.532	0.533	0.537	0.548	0.532	0.526	0.527	0.520	0.520	0.529	0.524	0.533	0.516	0.530	0.524	0.541	0.533	0.508	0.505	0.505	0.504	0.504	0.513	0.506	0.504	0.501	0.509	0.525	0.536	0.518	0.519	0.513	0.516	0.505	0.511	0.511	0.505	0.498	0.499	0.515	0.517	0.506	0.507	0.503	0.515	0.502	0.499	0.500	0.493	0.498	0.486	0.500	0.528	0.522	0.512	0.499	0.503	0.490	0.503	0.500	0.493	0.495	0.509	0.533	0.532	0.527	0.516	0.531	0.513	0.513	0.526	0.511	0.512	0.517	0.540	0.555	0.542	0.533	0.516	0.528	0.527	0.518	0.524	0.505	0.506	0.505	0.528	0.555
13:00:35	35.0	0.574	0.564	0.556	0.557	0.566	0.558	0.564	0.558	0.556	0.556	0.560	0.571	0.556	0.554	0.556	0.548	0.548	0.557	0.551	0.560	0.540	0.556	0.551	0.566	0.558	0.535	0.533	0.535	0.536	0.538	0.544	0.534	0.531	0.526	0.535	0.548	0.563	0.547	0.550	0.546	0.548	0.539	0.540	0.539	0.533	0.525	0.524	0.538	0.545	0.539	0.536	0.534	0.546	0.530	0.528	0.530	0.520	0.525	0.514	0.524	0.555	0.552	0.542	0.526	0.531	0.518	0.532	0.527	0.521	0.523	0.534	0.557	0.558	0.556	0.545	0.562	0.542	0.541	0.554	0.540	0.540	0.544	0.569	0.581	0.570	0.561	0.543	0.555	0.555	0.545	0.552	0.530	0.530	0.528	0.551	0.578
14:00:36	35.0	0.593	0.585	0.577	0.579	0.587	0.580	0.585	0.578	0.576	0.576	0.579	0.589	0.575	0.576	0.581	0.573	0.572	0.582	0.574	0.583	0.560	0.579	0.574	0.586	0.578	0.560	0.556	0.557	0.562	0.562	0.567	0.556	0.553	0.547	0.557	0.568	0.586	0.573	0.576	0.573	0.574	0.564	0.563	0.563	0.557	0.548	0.546	0.559	0.568	0.565	0.561	0.561	0.570	0.553	0.553	0.555	0.543	0.548	0.536	0.543	0.573	0.575	0.568	0.550	0.555	0.541	0.555	0.551	0.544	0.546	0.554	0.576	0.579	0.578	0.569	0.588	0.566	0.565	0.582	0.563	0.564	0.566	0.593	0.605	0.591	0.582	0.566	0.578	0.578	0.568	0.574	0.551	0.552	0.552	0.572	0.609
15:00:37	35.0	0.619	0.614	0.591	0.594	0.610	0.594	0.602	0.606	0.603	0.604	0.600	0.607	0.592	0.592	0.597	0.591	0.592	0.600	0.591	0.600	0.575	0.607	0.601	0.608	0.594	0.580	0.577	0.577	0.583	0.581	0.586	0.576	0.572	0.565	0.575	0.595	0.603	0.594	0.596	0.593	0.594	0.584	0.584	0.579	0.576	0.566	0.563	0.584	0.587	0.587	0.581	0.582	0.590	0.574	0.573	0.575	0.562	0.567	0.554	0.559	0.593	0.593	0.589	0.570	0.575	0.561	0.575	0.568	0.563	0.564	0.570	0.597	0.606	0.609	0.592	0.620	0.584	0.583	0.611	0.591	0.590	0.595	0.615	0.615	0.607	0.602	0.595	0.607	0.604	0.593	0.601	0.577	0.566	0.564	0.594	0.611
16:00:37	34.9	0.619	0.613	0.611	0.612	0.615	0.611	0.614	0.606	0.606	0.604	0.602	0.607	0.604	0.610	0.616	0.610	0.616	0.621	0.613	0.619	0.594	0.608	0.603	0.609	0.616	0.605	0.605	0.603	0.600	0.594	0.611	0.598	0.595	0.587	0.593	0.596	0.620	0.619	0.620	0.621	0.621	0.610	0.608	0.602	0.597	0.585	0.582	0.585	0.612	0.617	0.607	0.610	0.617	0.599	0.602	0.603	0.586	0.589	0.576	0.571	0.605	0.614	0.617	0.595	0.598	0.586	0.599	0.591	0.585	0.584	0.594	0.605	0.603	0.610	0.605	0.623	0.603	0.602	0.616	0.597	0.597	0.597	0.618	0.616	0.608	0.606	0.599	0.610	0.606	0.596	0.604	0.582	0.583	0.583	0.597	0.611
17:00:38	35.0	0.618	0.613	0.608	0.610	0.615	0.610	0.613	0.605	0.605	0.603	0.602	0.604	0.606	0.610	0.617	0.612	0.618	0.622	0.613	0.619	0.595	0.610	0.605	0.608	0.615	0.604	0.605	0.608	0.612	0.610	0.611	0.599	0.597	0.586	0.595	0.596	0.623	0.619	0.622	0.621	0.620	0.611	0.608	0.604	0.600	0.588	0.584	0.586	0.612	0.617	0.608	0.613	0.617	0.601	0.604	0.602	0.588	0.589	0.575	0.570	0.608	0.615	0.618	0.596	0.601	0.588	0.602	0.595	0.588	0.587	0.594	0.602	0.604	0.612	0.608	0.625	0.607	0.605	0.619	0.601	0.599	0.598	0.617	0.615	0.607	0.606	0.599	0.611	0.607	0.598	0.605	0.583	0.586	0.584	0.597	0.608
18:00:38	34.9	0.615	0.611	0.605	0.608	0.613	0.608	0.611	0.603	0.603	0.600	0.599	0.601	0.605	0.609	0.617	0.612	0.618	0.623	0.613	0.620	0.596	0.610	0.603	0.606	0.615	0.604	0.607	0.609	0.612	0.609	0.612	0.599	0.598	0.586	0.595	0.595	0.622	0.619	0.622	0.624	0.622	0.613	0.609	0.606	0.602	0.589	0.584	0.584	0.611	0.617	0.610	0.615	0.618	0.603	0.605	0.599	0.590	0.591	0.573	0.567	0.608	0.616	0.618	0.598	0.604	0.590	0.603	0.597	0.590	0.588	0.592	0.599	0.603	0.612	0.609	0.625	0.608	0.606	0.619	0.600	0.600	0.599	0.614	0.610	0.606	0.604	0.599	0.610	0.605	0.597	0.604	0.582	0.585	0.584	0.596	0.603
19:00:38	34.9	0.611	0.606	0.601	0.603	0.609	0.604	0.607	0.599	0.600	0.597	0.595	0.597	0.605	0.606	0.614	0.611	0.616	0.619	0.611	0.617	0.593	0.608	0.601	0.602	0.613	0.602	0.606	0.610	0.610	0.608	0.609	0.598	0.597	0.585	0.593	0.592	0.619	0.617	0.621	0.622	0.621	0.612	0.607	0.605	0.599	0.588	0.583	0.581	0.608	0.616	0.609	0.615	0.616	0.602	0.604	0.594	0.589	0.590	0.571	0.565	0.606	0.615	0.618	0.598	0.603	0.589	0.603	0.596	0.589	0.587	0.589	0.595	0.600	0.610	0.607	0.623	0.606	0.605	0.616	0.598	0.598	0.596	0.611	0.606	0.602	0.602	0.596	0.607	0.602	0.595	0.601	0.580	0.585	0.582	0.593	0.599
20:00:39	34.9	0.607	0.602	0.597	0.598	0.604	0.600	0.603	0.595	0.594	0.592	0.591	0.592	0.602	0.603	0.610	0.607	0.612	0.615	0.607	0.614	0.589	0.605	0.597	0.598	0.609	0.599	0.603	0.606	0.607	0.605	0.606	0.595	0.595	0.582	0.591	0.588	0.615	0.615	0.618	0.618	0.617	0.609	0.605	0.603	0.597	0.585	0.580	0.578	0.604	0.613	0.606	0.612	0.614	0.599	0.601	0.587	0.587	0.588	0.568	0.562	0.603	0.612	0.616	0.596	0.599	0.588	0.601	0.593	0.587	0.584	0.586	0.590	0.598	0.606	0.604	0.619	0.603	0.602	0.613	0.595	0.595	0.593	0.607	0.602	0.597	0.597	0.593	0.604	0.598	0.591	0.598	0.576	0.581	0.579	0.589	0.595
21:00:40	34.9	0.602	0.596	0.592	0.593	0.599	0.595	0.598	0.590	0.589	0.587	0.586	0.587	0.598	0.599	0.606	0.603	0.609	0.612	0.603	0.609	0.586	0.600	0.593	0.593	0.605	0.595	0.599	0.603	0.603	0.601	0.602	0.592	0.591	0.579	0.588	0.584	0.610	0.611	0.613	0.614	0.613	0.605	0.597	0.599	0.592	0.581	0.577	0.573	0.600	0.609	0.604	0.608	0.610	0.595	0.596	0.581	0.584	0.584	0.566	0.558	0.602	0.609	0.612	0.592	0.595	0.584	0.597	0.590	0.583	0.580	0.581	0.585	0.595	0.604	0.599	0.614	0.599	0.599	0.609	0.590	0.592	0.589	0.603	0.596	0.593	0.594	0.589	0.599	0.593	0.587	0.594	0.572	0.578	0.576	0.584	0.590
22:00:40	34.9	0.598	0.592	0.588	0.588	0.595	0.589	0.593	0.585	0.586	0.582	0.581	0.583	0.594	0.594	0.601	0.598	0.603	0.607	0.599	0.604	0.581	0.596	0.588	0.588	0.602	0.591	0.594	0.599	0.598	0.597	0.598	0.588	0.586	0.576	0.584	0.578	0.606	0.606	0.608	0.609	0.608	0.600	0.593	0.594	0.588	0.576	0.573	0.570	0.595	0.605	0.597	0.603	0.605	0.590	0.591	0.575	0.580	0.581	0.563	0.555	0.597	0.604	0.607	0.587	0.591	0.580	0.593	0.587	0.579	0.577	0.576	0.580	0.591	0.599	0.595	0.610	0.595	0.595	0.604	0.586	0.588	0.585	0.599	0.591	0.588	0.590	0.585	0.595	0.588	0.582	0.589	0.568	0.574	0.571	0.580	0.584
23:00:41	35.0	0.594	0.585	0.581	0.582	0.588	0.584	0.586	0.579	0.577	0.578	0.577	0.578	0.588	0.589	0.595	0.591	0.598	0.602	0.594	0.598	0.576	0.591	0.583	0.583	0.599	0.586	0.589	0.594	0.592	0.591	0.593	0.584	0.581	0.571	0.580	0.574	0.603	0.601	0.603	0.603	0.602	0.595	0.588	0.589	0.584	0.572	0.569	0.565	0.591	0.599	0.594	0.598	0.600	0.585	0.585	0.569	0.576	0.577	0.560	0.551	0.593	0.599	0.602	0.583	0.586	0.576	0.589	0.582	0.575	0.573	0.572	0.575	0.587	0.595	0.591	0.605	0.591	0.590	0.600	0.582	0.584	0.582	0.594	0.586	0.583	0.585	0.581	0.590	0.583	0.578	0.585	0.563	0.570	0.566	0.575	0.579
24:00:41	35.1	0.586	0.578	0.574	0.575	0.581	0.578	0.579	0.574	0.572	0.573	0.571	0.571	0.582	0.583	0.589	0.585	0.593	0.595	0.588	0.592	0.572	0.587	0.579	0.578	0.594	0.580	0.583	0.589	0.588	0.586	0.588	0.579	0.577	0.568	0.575	0.570	0.597	0.597	0.597	0.598	0.596	0.589	0.583	0.585	0.579	0.567	0.565	0.561	0.586	0.593	0.589	0.592	0.594	0.580	0.579	0.563	0.572	0.573	0.557	0.548	0.588	0.592	0.597	0.577	0.581	0.572	0.584	0.577	0.571	0.569	0.568	0.571	0.582	0.590	0.587	0.601	0.587	0.585	0.595	0.578	0.579	0.577	0.589	0.581	0.578	0.581	0.576	0.585	0.578	0.573	0.580	0.558	0.565	0.561	0.571	0.574
0:00:00																																																																																																	
0:00:00																																																																																																	
0:00:00																																																																																																	

Results
	1	2	3	4	5	6	7	8	9	10	11	12
A	0.950	0.944	0.899	0.942	0.961	0.957	0.958	0.969	0.938	0.946	0.975	0.982	Max V [600]
	1.000	1.000	0.999	0.999	0.999	0.999	0.999	1.000	1.000	1.000	0.999	1.000	R-Squared [600]
	5:00:34	5:00:34	6:00:34	5:00:34	5:00:34	5:00:34	5:00:34	5:00:34	5:00:34	5:00:34	5:00:34	4:00:33	t at Max V [600]
	1:50:47	1:47:35	1:50:44	1:54:35	1:55:02	1:58:58	1:53:12	1:47:12	1:43:43	1:36:43	1:33:13	1:27:38	Lagtime [600]
B	0.951	0.904	0.921	0.916	0.904	0.901	0.910	0.924	0.888	0.929	0.916	0.940	Max V [600]
	0.999	1.000	0.999	1.000	0.999	1.000	1.000	1.000	0.999	0.999	0.999	0.999	R-Squared [600]
	5:00:34	6:00:34	5:00:34	6:00:34	6:00:34	6:00:34	6:00:34	6:00:34	5:00:34	5:00:34	5:00:34	5:00:34	t at Max V [600]
	1:54:29	1:55:05	2:03:21	2:07:12	2:07:35	2:10:18	2:03:28	2:08:15	1:53:10	1:49:52	1:43:00	1:30:51	Lagtime [600]
C	0.927	0.889	0.881	0.876	0.882	0.872	0.882	0.885	0.882	0.867	0.885	0.898	Max V [600]
	0.999	1.000	0.999	1.000	1.000	0.999	0.999	1.000	1.000	0.999	0.999	1.000	R-Squared [600]
	6:00:34	6:00:34	6:00:34	6:00:34	6:00:34	7:00:35	6:00:34	6:00:34	6:00:34	6:00:34	5:00:34	5:00:34	t at Max V [600]
	2:03:33	2:08:31	2:14:18	2:16:31	2:20:53	2:23:51	2:18:34	2:10:05	2:08:41	2:02:12	1:49:55	1:36:21	Lagtime [600]
D	0.939	0.907	0.900	0.886	0.886	0.891	0.859	0.873	0.878	0.863	0.846	0.886	Max V [600]
	1.000	0.999	1.000	1.000	1.000	0.999	0.999	1.000	1.000	0.999	0.998	1.000	R-Squared [600]
	5:00:34	6:00:34	6:00:34	6:00:34	6:00:34	6:00:34	6:00:34	6:00:34	6:00:34	6:00:34	5:00:34	5:00:34	t at Max V [600]
	1:57:13	2:07:08	2:09:29	2:13:18	2:19:03	2:22:36	2:06:15	2:09:09	2:05:41	1:57:47	1:51:24	1:39:58	Lagtime [600]
E	0.901	0.896	0.874	0.880	0.878	0.871	0.879	0.883	0.856	0.852	0.820	0.814	Max V [600]
	1.000	0.999	1.000	1.000	0.999	1.000	0.999	0.999	1.000	0.999	0.999	1.000	R-Squared [600]
	6:00:34	6:00:34	6:00:34	6:00:34	6:00:34	6:00:34	6:00:34	6:00:34	6:00:34	6:00:34	5:00:34	4:00:33	t at Max V [600]
	2:06:00	2:17:02	2:10:46	2:14:26	2:19:10	2:13:57	2:14:35	2:13:59	2:07:36	2:02:25	1:47:45	1:27:45	Lagtime [600]
F	0.939	0.884	0.895	0.862	0.874	0.850	0.864	0.872	0.842	0.842	0.871	0.934	Max V [600]
	0.999	0.999	1.000	0.999	0.999	1.000	1.000	0.999	0.999	0.999	0.998	0.999	R-Squared [600]
	5:00:34	6:00:34	6:00:34	5:00:34	6:00:34	6:00:34	6:00:34	6:00:34	6:00:34	5:00:34	5:00:34	5:00:34	t at Max V [600]
	1:58:38	2:03:16	2:13:05	2:01:57	2:08:34	2:09:35	2:07:04	2:07:14	2:00:55	1:53:57	1:58:45	1:46:11	Lagtime [600]
G	0.923	0.895	0.898	0.921	0.888	0.887	0.912	0.895	0.896	0.905	0.960	0.997	Max V [600]
	1.000	1.000	1.000	0.999	1.000	1.000	0.999	0.999	0.999	0.999	1.000	0.999	R-Squared [600]
	5:00:34	5:00:34	5:00:34	5:00:34	5:00:34	5:00:34	5:00:34	5:00:34	5:00:34	5:00:34	5:00:34	4:00:33	t at Max V [600]
	1:40:12	1:44:26	1:50:36	1:49:26	1:53:05	1:54:13	1:53:59	1:51:11	1:51:35	1:49:02	1:40:38	1:28:57	Lagtime [600]
H	0.935	0.923	0.879	0.896	0.925	0.908	0.881	0.868	0.852	0.859	0.909	0.978	Max V [600]
	1.000	1.000	1.000	1.000	1.000	0.999	0.999	0.999	0.999	0.999	0.999	1.000	R-Squared [600]
	4:00:33	4:00:33	5:00:34	5:00:34	5:00:34	5:00:34	5:00:34	5:00:34	5:00:34	5:00:34	5:00:34	4:00:33	t at Max V [600]
	1:23:02	1:28:46	1:38:18	1:38:33	1:42:13	1:43:53	1:40:08	1:44:05	1:36:32	1:39:33	1:36:21	1:25:59	Lagtime [600]

