
Software Version	3.11.19



Experiment File Path:	C:\Users\patil-group\Desktop\Sweeteners_stacker\191121_NT5022_23_78_Rep4\NT5022_23_78_Rep4.xpt
Protocol File Path:	C:\Users\Public\Documents\Protocols\Screening-protocol.prt



Plate Number	Plate 17
Date	19/11/2021
Time	15:12:47
Reader Type:	Epoch 2
Reader Serial Number:	2103223
Reading Type	Reader

Procedure Details

Plate Type	96 WELL PLATE
Discontinuous Kinetics	Runtime 1:00:00 (D:HH:MM), Interval 0:01:00, 25 Reads
	Pause after each run
Eject plate on completion	
Shake	Linear: 0:00:30 (HH:MM:SS)
	Frequency: 567 cpm (3 mm)
Read	Absorbance Endpoint
	Full Plate
	Wavelengths:  600
	Read Speed: Normal,  Delay: 100 msec,  Measurements/Data Point: 8

600

Time	T° 600	A1	A2	A3	A4	A5	A6	A7	A8	A9	A10	A11	A12	B1	B2	B3	B4	B5	B6	B7	B8	B9	B10	B11	B12	C1	C2	C3	C4	C5	C6	C7	C8	C9	C10	C11	C12	D1	D2	D3	D4	D5	D6	D7	D8	D9	D10	D11	D12	E1	E2	E3	E4	E5	E6	E7	E8	E9	E10	E11	E12	F1	F2	F3	F4	F5	F6	F7	F8	F9	F10	F11	F12	G1	G2	G3	G4	G5	G6	G7	G8	G9	G10	G11	G12	H1	H2	H3	H4	H5	H6	H7	H8	H9	H10	H11	H12
0:00:34	34.9	0.194	0.192	0.184	0.209	0.184	0.188	0.180	0.184	0.187	0.186	0.182	0.189	0.189	0.186	0.180	0.181	0.176	0.186	0.186	0.186	0.181	0.180	0.183	0.196	0.190	0.180	0.184	0.179	0.182	0.181	0.179	0.185	0.185	0.194	0.182	0.187	0.192	0.183	0.186	0.183	0.183	0.184	0.183	0.187	0.191	0.181	0.203	0.188	0.193	0.189	0.185	0.183	0.180	0.179	0.187	0.183	0.183	0.186	0.183	0.194	0.188	0.182	0.184	0.181	0.184	0.178	0.180	0.184	0.188	0.179	0.185	0.189	0.183	0.180	0.177	0.181	0.180	0.188	0.181	0.189	0.181	0.188	0.190	0.189	0.190	0.184	0.187	0.181	0.186	0.189	0.191	0.186	0.185	0.189	0.184	0.189
1:00:35	35.0	0.267	0.264	0.248	0.276	0.251	0.249	0.245	0.250	0.251	0.254	0.252	0.262	0.257	0.249	0.237	0.239	0.230	0.239	0.243	0.236	0.239	0.240	0.250	0.266	0.256	0.238	0.243	0.231	0.231	0.234	0.233	0.240	0.240	0.251	0.245	0.257	0.255	0.243	0.245	0.235	0.231	0.233	0.233	0.238	0.244	0.236	0.261	0.255	0.257	0.249	0.242	0.239	0.233	0.231	0.235	0.235	0.235	0.240	0.244	0.261	0.251	0.239	0.240	0.237	0.234	0.231	0.231	0.238	0.241	0.235	0.246	0.257	0.251	0.245	0.237	0.238	0.236	0.244	0.236	0.244	0.240	0.245	0.255	0.258	0.263	0.254	0.255	0.247	0.251	0.254	0.253	0.251	0.249	0.254	0.257	0.263
2:00:35	35.0	0.366	0.362	0.353	0.380	0.357	0.350	0.349	0.350	0.351	0.356	0.349	0.354	0.366	0.355	0.341	0.342	0.329	0.341	0.346	0.337	0.342	0.341	0.353	0.369	0.360	0.342	0.343	0.332	0.332	0.334	0.332	0.340	0.339	0.349	0.345	0.360	0.357	0.345	0.351	0.341	0.332	0.334	0.335	0.337	0.342	0.338	0.359	0.357	0.358	0.349	0.346	0.342	0.333	0.332	0.333	0.337	0.332	0.338	0.346	0.363	0.353	0.337	0.342	0.336	0.333	0.330	0.330	0.337	0.341	0.335	0.346	0.360	0.353	0.351	0.340	0.338	0.336	0.346	0.335	0.345	0.344	0.345	0.358	0.360	0.365	0.360	0.358	0.352	0.358	0.363	0.359	0.357	0.351	0.358	0.359	0.363
3:00:36	35.1	0.388	0.385	0.378	0.403	0.380	0.376	0.375	0.372	0.374	0.379	0.371	0.374	0.390	0.384	0.372	0.375	0.366	0.381	0.381	0.367	0.374	0.368	0.379	0.391	0.388	0.377	0.376	0.369	0.373	0.374	0.368	0.374	0.371	0.382	0.372	0.383	0.384	0.379	0.387	0.380	0.373	0.377	0.376	0.374	0.378	0.374	0.387	0.383	0.383	0.384	0.383	0.378	0.369	0.373	0.372	0.373	0.367	0.372	0.378	0.388	0.378	0.369	0.377	0.374	0.369	0.367	0.368	0.372	0.377	0.369	0.377	0.385	0.374	0.380	0.371	0.373	0.370	0.381	0.368	0.379	0.378	0.374	0.383	0.383	0.386	0.383	0.382	0.375	0.385	0.389	0.385	0.383	0.375	0.380	0.381	0.384
4:00:37	35.0	0.401	0.397	0.391	0.416	0.393	0.388	0.387	0.386	0.387	0.393	0.385	0.388	0.402	0.396	0.385	0.389	0.378	0.393	0.394	0.380	0.387	0.381	0.393	0.405	0.403	0.391	0.388	0.380	0.385	0.387	0.381	0.386	0.385	0.396	0.386	0.397	0.398	0.392	0.400	0.391	0.387	0.390	0.391	0.388	0.394	0.391	0.400	0.396	0.396	0.398	0.397	0.390	0.381	0.384	0.386	0.385	0.380	0.386	0.393	0.404	0.391	0.383	0.393	0.388	0.384	0.381	0.382	0.384	0.391	0.383	0.391	0.400	0.387	0.391	0.383	0.386	0.383	0.395	0.381	0.391	0.390	0.387	0.397	0.397	0.398	0.396	0.394	0.386	0.397	0.400	0.397	0.395	0.388	0.393	0.393	0.397
5:00:37	35.0	0.412	0.408	0.403	0.427	0.401	0.396	0.397	0.394	0.397	0.403	0.396	0.398	0.416	0.409	0.394	0.398	0.387	0.404	0.403	0.389	0.397	0.391	0.402	0.415	0.411	0.399	0.396	0.388	0.392	0.396	0.389	0.394	0.393	0.404	0.394	0.407	0.406	0.399	0.409	0.399	0.394	0.397	0.399	0.396	0.403	0.400	0.410	0.407	0.405	0.403	0.406	0.398	0.388	0.393	0.394	0.392	0.388	0.393	0.403	0.414	0.399	0.390	0.400	0.394	0.391	0.388	0.390	0.391	0.399	0.391	0.399	0.409	0.396	0.396	0.391	0.394	0.391	0.402	0.389	0.398	0.397	0.395	0.407	0.407	0.409	0.405	0.403	0.395	0.405	0.407	0.405	0.403	0.396	0.400	0.403	0.407
6:00:37	35.0	0.422	0.418	0.412	0.440	0.411	0.407	0.406	0.404	0.408	0.413	0.406	0.408	0.428	0.421	0.406	0.410	0.400	0.416	0.413	0.401	0.409	0.403	0.413	0.426	0.421	0.410	0.408	0.397	0.400	0.407	0.399	0.404	0.404	0.414	0.404	0.418	0.417	0.409	0.421	0.408	0.402	0.404	0.410	0.407	0.415	0.412	0.421	0.418	0.416	0.412	0.416	0.407	0.397	0.404	0.403	0.399	0.398	0.403	0.412	0.425	0.410	0.399	0.409	0.404	0.400	0.398	0.398	0.402	0.410	0.402	0.409	0.420	0.407	0.407	0.401	0.404	0.400	0.412	0.399	0.407	0.407	0.405	0.418	0.418	0.420	0.415	0.413	0.404	0.415	0.417	0.414	0.412	0.406	0.410	0.413	0.419
7:00:38	35.1	0.428	0.428	0.421	0.446	0.420	0.414	0.413	0.410	0.415	0.420	0.414	0.415	0.436	0.430	0.415	0.420	0.410	0.424	0.422	0.410	0.417	0.410	0.421	0.432	0.429	0.419	0.418	0.409	0.410	0.416	0.408	0.413	0.412	0.421	0.411	0.425	0.424	0.417	0.430	0.417	0.412	0.413	0.419	0.415	0.423	0.420	0.429	0.426	0.423	0.420	0.426	0.417	0.407	0.413	0.413	0.409	0.406	0.412	0.420	0.431	0.418	0.408	0.416	0.413	0.409	0.406	0.407	0.412	0.419	0.412	0.417	0.427	0.416	0.415	0.410	0.412	0.409	0.423	0.407	0.416	0.417	0.414	0.425	0.424	0.427	0.423	0.421	0.412	0.422	0.429	0.421	0.421	0.414	0.418	0.421	0.426
8:00:39	35.0	0.434	0.429	0.427	0.451	0.424	0.418	0.417	0.414	0.419	0.423	0.419	0.418	0.440	0.435	0.421	0.425	0.415	0.428	0.427	0.417	0.422	0.414	0.425	0.437	0.433	0.423	0.421	0.416	0.415	0.421	0.413	0.417	0.417	0.426	0.415	0.430	0.430	0.422	0.435	0.422	0.416	0.418	0.425	0.420	0.429	0.425	0.433	0.432	0.427	0.425	0.431	0.423	0.413	0.419	0.418	0.414	0.412	0.417	0.425	0.435	0.422	0.413	0.422	0.419	0.415	0.412	0.412	0.416	0.424	0.415	0.423	0.431	0.422	0.421	0.416	0.417	0.415	0.427	0.412	0.421	0.422	0.419	0.429	0.429	0.432	0.428	0.427	0.417	0.428	0.431	0.426	0.426	0.419	0.423	0.426	0.430
9:00:39	35.0	0.436	0.433	0.429	0.454	0.427	0.423	0.419	0.417	0.423	0.426	0.422	0.421	0.444	0.440	0.425	0.428	0.418	0.432	0.431	0.419	0.426	0.419	0.429	0.440	0.437	0.426	0.426	0.420	0.418	0.425	0.417	0.422	0.420	0.430	0.419	0.433	0.433	0.426	0.440	0.425	0.420	0.422	0.429	0.424	0.433	0.429	0.437	0.435	0.431	0.428	0.435	0.427	0.418	0.424	0.422	0.418	0.416	0.420	0.428	0.438	0.426	0.417	0.427	0.424	0.420	0.417	0.417	0.419	0.429	0.419	0.426	0.434	0.427	0.426	0.420	0.424	0.419	0.432	0.418	0.426	0.427	0.423	0.432	0.432	0.435	0.432	0.431	0.422	0.433	0.435	0.430	0.431	0.423	0.427	0.430	0.433
10:00:40	35.0	0.439	0.435	0.432	0.456	0.429	0.426	0.422	0.420	0.425	0.429	0.425	0.424	0.447	0.444	0.428	0.431	0.422	0.436	0.434	0.422	0.429	0.422	0.432	0.442	0.439	0.429	0.427	0.423	0.422	0.428	0.420	0.425	0.424	0.432	0.422	0.436	0.435	0.429	0.443	0.428	0.422	0.425	0.432	0.427	0.435	0.432	0.440	0.438	0.433	0.430	0.438	0.430	0.422	0.428	0.425	0.421	0.420	0.422	0.431	0.441	0.429	0.421	0.431	0.427	0.424	0.421	0.420	0.421	0.432	0.422	0.428	0.435	0.431	0.429	0.424	0.427	0.423	0.436	0.421	0.429	0.430	0.426	0.435	0.435	0.438	0.435	0.434	0.425	0.436	0.438	0.433	0.434	0.426	0.429	0.432	0.435
11:00:40	35.0	0.442	0.437	0.434	0.459	0.432	0.428	0.424	0.423	0.428	0.431	0.428	0.426	0.449	0.446	0.430	0.433	0.423	0.438	0.437	0.425	0.432	0.424	0.434	0.445	0.442	0.431	0.430	0.424	0.425	0.430	0.423	0.428	0.426	0.434	0.424	0.438	0.438	0.431	0.444	0.430	0.426	0.428	0.435	0.430	0.438	0.434	0.442	0.441	0.436	0.432	0.439	0.432	0.423	0.431	0.428	0.422	0.422	0.425	0.433	0.443	0.431	0.423	0.433	0.430	0.426	0.423	0.422	0.425	0.434	0.424	0.430	0.438	0.435	0.433	0.427	0.428	0.425	0.438	0.424	0.431	0.432	0.428	0.438	0.438	0.440	0.438	0.437	0.428	0.439	0.441	0.436	0.436	0.429	0.431	0.434	0.437
12:00:41	35.0	0.444	0.440	0.436	0.460	0.434	0.431	0.427	0.425	0.430	0.433	0.430	0.428	0.452	0.449	0.433	0.436	0.425	0.440	0.440	0.428	0.434	0.427	0.436	0.447	0.444	0.433	0.431	0.427	0.427	0.433	0.425	0.430	0.428	0.437	0.425	0.441	0.441	0.433	0.447	0.432	0.428	0.431	0.437	0.433	0.440	0.437	0.444	0.444	0.438	0.434	0.441	0.433	0.425	0.434	0.430	0.425	0.425	0.427	0.436	0.446	0.434	0.425	0.436	0.433	0.429	0.425	0.425	0.427	0.437	0.426	0.432	0.440	0.438	0.436	0.430	0.430	0.428	0.440	0.427	0.434	0.435	0.431	0.440	0.441	0.443	0.440	0.440	0.430	0.441	0.447	0.439	0.439	0.432	0.434	0.436	0.440
13:00:41	35.1	0.446	0.442	0.438	0.462	0.436	0.432	0.429	0.427	0.432	0.435	0.433	0.429	0.453	0.451	0.435	0.438	0.428	0.443	0.441	0.429	0.436	0.429	0.438	0.449	0.446	0.435	0.433	0.428	0.430	0.435	0.427	0.432	0.430	0.439	0.427	0.443	0.442	0.436	0.448	0.434	0.430	0.432	0.439	0.435	0.442	0.439	0.446	0.445	0.440	0.436	0.443	0.436	0.427	0.436	0.433	0.426	0.427	0.430	0.437	0.448	0.436	0.427	0.438	0.435	0.431	0.428	0.427	0.429	0.439	0.428	0.433	0.442	0.440	0.439	0.432	0.432	0.429	0.442	0.429	0.436	0.437	0.433	0.442	0.443	0.445	0.442	0.442	0.433	0.443	0.446	0.441	0.441	0.434	0.435	0.438	0.442
14:00:42	35.0	0.447	0.444	0.439	0.463	0.438	0.434	0.431	0.429	0.434	0.438	0.435	0.430	0.472	0.454	0.437	0.440	0.429	0.444	0.443	0.431	0.438	0.431	0.440	0.451	0.447	0.436	0.435	0.429	0.432	0.437	0.429	0.434	0.432	0.440	0.429	0.445	0.445	0.438	0.451	0.435	0.432	0.434	0.442	0.437	0.444	0.441	0.449	0.447	0.443	0.437	0.445	0.438	0.429	0.439	0.435	0.429	0.429	0.432	0.439	0.450	0.439	0.429	0.440	0.437	0.433	0.430	0.429	0.431	0.442	0.430	0.435	0.444	0.444	0.441	0.434	0.434	0.431	0.445	0.431	0.438	0.439	0.435	0.445	0.445	0.448	0.444	0.444	0.435	0.445	0.448	0.443	0.443	0.436	0.437	0.441	0.444
15:00:43	35.0	0.450	0.446	0.440	0.465	0.441	0.437	0.434	0.432	0.437	0.440	0.438	0.431	0.479	0.457	0.439	0.443	0.432	0.446	0.445	0.434	0.441	0.434	0.442	0.453	0.450	0.439	0.438	0.432	0.435	0.440	0.431	0.437	0.435	0.443	0.431	0.447	0.449	0.441	0.453	0.436	0.434	0.437	0.444	0.440	0.446	0.444	0.452	0.450	0.446	0.440	0.448	0.440	0.432	0.442	0.437	0.431	0.432	0.434	0.440	0.452	0.442	0.432	0.443	0.440	0.436	0.433	0.431	0.435	0.444	0.433	0.436	0.446	0.447	0.444	0.437	0.436	0.434	0.447	0.434	0.441	0.442	0.437	0.448	0.448	0.451	0.447	0.448	0.439	0.447	0.452	0.446	0.446	0.440	0.440	0.444	0.447
16:00:43	35.0	0.453	0.450	0.443	0.468	0.445	0.440	0.437	0.435	0.439	0.443	0.440	0.433	0.466	0.462	0.443	0.446	0.435	0.449	0.449	0.438	0.444	0.438	0.445	0.456	0.454	0.442	0.441	0.436	0.438	0.443	0.434	0.440	0.438	0.446	0.435	0.451	0.452	0.445	0.456	0.440	0.438	0.440	0.447	0.443	0.450	0.448	0.455	0.453	0.450	0.443	0.451	0.443	0.436	0.447	0.441	0.434	0.435	0.438	0.443	0.456	0.445	0.436	0.446	0.443	0.440	0.437	0.434	0.439	0.448	0.436	0.439	0.449	0.451	0.448	0.441	0.441	0.437	0.451	0.438	0.444	0.445	0.441	0.452	0.451	0.455	0.451	0.452	0.443	0.451	0.456	0.449	0.450	0.443	0.444	0.447	0.450
17:00:44	35.0	0.457	0.453	0.446	0.472	0.448	0.444	0.441	0.439	0.443	0.447	0.445	0.436	0.470	0.466	0.446	0.450	0.438	0.453	0.453	0.443	0.448	0.442	0.449	0.460	0.458	0.446	0.444	0.440	0.441	0.447	0.438	0.444	0.442	0.450	0.439	0.455	0.457	0.449	0.461	0.444	0.442	0.444	0.451	0.448	0.454	0.452	0.459	0.458	0.454	0.447	0.454	0.447	0.440	0.451	0.445	0.438	0.439	0.442	0.446	0.461	0.450	0.439	0.451	0.448	0.444	0.441	0.438	0.443	0.451	0.440	0.443	0.453	0.457	0.454	0.445	0.445	0.441	0.455	0.443	0.448	0.449	0.445	0.456	0.455	0.459	0.456	0.457	0.447	0.456	0.460	0.453	0.454	0.447	0.448	0.452	0.454
18:00:45	35.0	0.462	0.457	0.450	0.476	0.453	0.448	0.445	0.443	0.447	0.451	0.449	0.439	0.474	0.472	0.451	0.455	0.443	0.457	0.457	0.447	0.452	0.447	0.454	0.465	0.462	0.450	0.449	0.443	0.446	0.451	0.443	0.449	0.447	0.454	0.443	0.460	0.462	0.455	0.465	0.448	0.446	0.449	0.456	0.452	0.459	0.456	0.464	0.463	0.459	0.451	0.459	0.452	0.445	0.456	0.449	0.443	0.444	0.446	0.449	0.464	0.454	0.444	0.456	0.453	0.449	0.446	0.442	0.447	0.456	0.445	0.447	0.458	0.462	0.459	0.450	0.449	0.445	0.460	0.448	0.454	0.454	0.450	0.460	0.459	0.464	0.460	0.463	0.452	0.461	0.465	0.458	0.459	0.453	0.452	0.457	0.458
19:00:46	35.0	0.467	0.461	0.453	0.481	0.458	0.452	0.449	0.449	0.451	0.456	0.454	0.443	0.480	0.477	0.456	0.460	0.448	0.462	0.462	0.453	0.457	0.452	0.458	0.469	0.467	0.454	0.455	0.449	0.451	0.456	0.448	0.454	0.453	0.459	0.447	0.466	0.468	0.461	0.471	0.453	0.452	0.454	0.461	0.458	0.464	0.462	0.469	0.468	0.464	0.456	0.463	0.457	0.451	0.462	0.454	0.448	0.449	0.451	0.453	0.469	0.460	0.449	0.462	0.458	0.454	0.452	0.447	0.452	0.461	0.449	0.451	0.463	0.468	0.466	0.455	0.454	0.451	0.466	0.453	0.458	0.459	0.455	0.466	0.464	0.469	0.465	0.469	0.459	0.466	0.471	0.463	0.465	0.459	0.457	0.462	0.462
20:00:46	35.0	0.472	0.467	0.457	0.485	0.463	0.457	0.455	0.454	0.456	0.461	0.459	0.446	0.486	0.483	0.462	0.466	0.454	0.467	0.467	0.459	0.463	0.458	0.464	0.475	0.472	0.460	0.460	0.455	0.457	0.462	0.453	0.460	0.458	0.465	0.453	0.470	0.474	0.467	0.477	0.458	0.458	0.460	0.467	0.463	0.469	0.468	0.475	0.473	0.471	0.461	0.469	0.464	0.457	0.468	0.460	0.453	0.455	0.457	0.459	0.474	0.465	0.454	0.468	0.464	0.460	0.458	0.453	0.458	0.468	0.455	0.456	0.469	0.475	0.473	0.461	0.461	0.457	0.471	0.459	0.464	0.465	0.461	0.472	0.469	0.475	0.471	0.475	0.465	0.472	0.477	0.469	0.470	0.465	0.462	0.469	0.467
21:00:47	35.0	0.478	0.472	0.463	0.491	0.469	0.463	0.460	0.460	0.462	0.466	0.465	0.452	0.493	0.491	0.468	0.472	0.460	0.473	0.474	0.465	0.468	0.464	0.470	0.481	0.478	0.466	0.467	0.461	0.463	0.468	0.460	0.466	0.465	0.470	0.459	0.476	0.481	0.474	0.484	0.464	0.465	0.467	0.474	0.471	0.476	0.475	0.481	0.479	0.477	0.467	0.476	0.471	0.464	0.475	0.467	0.460	0.462	0.463	0.464	0.478	0.472	0.460	0.475	0.471	0.467	0.465	0.459	0.465	0.474	0.461	0.461	0.475	0.483	0.481	0.469	0.467	0.463	0.478	0.465	0.470	0.472	0.468	0.479	0.475	0.482	0.478	0.482	0.472	0.480	0.485	0.476	0.477	0.472	0.469	0.476	0.473
22:00:48	35.0	0.485	0.479	0.467	0.496	0.475	0.469	0.465	0.466	0.467	0.472	0.471	0.456	0.500	0.498	0.475	0.480	0.466	0.479	0.481	0.472	0.476	0.471	0.477	0.488	0.485	0.473	0.474	0.469	0.469	0.475	0.467	0.473	0.472	0.477	0.465	0.482	0.489	0.482	0.491	0.471	0.471	0.474	0.481	0.478	0.483	0.482	0.489	0.486	0.485	0.475	0.483	0.478	0.472	0.484	0.473	0.467	0.469	0.470	0.470	0.485	0.479	0.467	0.482	0.479	0.474	0.472	0.466	0.472	0.481	0.468	0.468	0.481	0.492	0.490	0.476	0.474	0.471	0.486	0.473	0.477	0.480	0.475	0.487	0.481	0.489	0.486	0.490	0.480	0.488	0.493	0.483	0.485	0.480	0.476	0.485	0.479
23:00:48	35.0	0.492	0.486	0.473	0.502	0.482	0.476	0.472	0.473	0.473	0.478	0.478	0.462	0.508	0.506	0.482	0.488	0.473	0.486	0.488	0.479	0.483	0.479	0.484	0.495	0.491	0.480	0.482	0.476	0.478	0.483	0.474	0.481	0.480	0.485	0.472	0.489	0.497	0.490	0.500	0.479	0.479	0.482	0.489	0.486	0.492	0.490	0.498	0.493	0.493	0.482	0.490	0.486	0.480	0.492	0.481	0.474	0.476	0.479	0.478	0.491	0.486	0.474	0.490	0.487	0.483	0.481	0.473	0.480	0.489	0.476	0.474	0.488	0.501	0.499	0.484	0.483	0.478	0.494	0.480	0.485	0.488	0.484	0.496	0.488	0.497	0.494	0.499	0.490	0.496	0.502	0.491	0.493	0.489	0.485	0.494	0.486
0:00:00																																																																																																	

Results
	1	2	3	4	5	6	7	8	9	10	11	12
A	0.891	0.887	0.906	0.902	0.910	0.878	0.903	0.876	0.871	0.897	0.876	0.851	Max V [600]
	0.897	0.897	0.905	0.901	0.898	0.907	0.901	0.902	0.902	0.900	0.901	0.898	R-Squared [600]
	2:00:36	2:00:36	2:00:36	2:00:36	2:00:36	2:00:36	2:00:36	2:00:36	2:00:36	2:00:36	2:00:36	2:00:36	t at Max V [600]
	?????	?????	?????	?????	?????	?????	?????	?????	?????	?????	?????	?????	Lagtime [600]
B	0.933	0.926	0.909	0.919	0.902	0.928	0.922	0.863	0.913	0.881	0.912	0.908	Max V [600]
	0.896	0.908	0.918	0.922	0.927	0.929	0.922	0.919	0.918	0.911	0.906	0.899	R-Squared [600]
	2:00:36	2:00:36	2:00:36	2:00:36	2:00:36	2:00:36	2:00:36	2:00:36	2:00:36	2:00:36	2:00:36	2:00:36	t at Max V [600]
	?????	?????	?????	?????	?????	?????	?????	?????	?????	?????	?????	?????	Lagtime [600]
C	0.932	0.934	0.901	0.902	0.914	0.922	0.896	0.895	0.887	0.889	0.891	0.909	Max V [600]
	0.913	0.924	0.920	0.924	0.931	0.932	0.927	0.923	0.923	0.924	0.913	0.901	R-Squared [600]
	2:00:36	2:00:36	2:00:36	2:00:36	2:00:36	2:00:36	2:00:36	2:00:36	2:00:36	2:00:36	2:00:36	2:00:36	t at Max V [600]
	?????	?????	?????	?????	?????	?????	?????	?????	?????	?????	?????	?????	Lagtime [600]
D	0.901	0.923	0.953	0.936	0.916	0.926	0.930	0.896	0.903	0.930	0.869	0.906	Max V [600]
	0.911	0.920	0.922	0.923	0.934	0.935	0.936	0.929	0.934	0.933	0.916	0.905	R-Squared [600]
	2:00:36	2:00:36	2:00:36	2:00:36	2:00:36	2:00:36	2:00:36	2:00:36	2:00:36	2:00:36	2:00:36	2:00:36	t at Max V [600]
	?????	?????	?????	?????	?????	?????	?????	?????	?????	?????	?????	?????	Lagtime [600]
E	0.889	0.920	0.942	0.920	0.895	0.922	0.891	0.903	0.874	0.886	0.923	0.911	Max V [600]
	0.905	0.924	0.927	0.922	0.926	0.929	0.935	0.925	0.928	0.928	0.921	0.910	R-Squared [600]
	2:00:36	2:00:36	2:00:36	2:00:36	2:00:36	2:00:36	2:00:36	2:00:36	2:00:36	2:00:36	2:00:36	2:00:36	t at Max V [600]
	?????	?????	?????	?????	?????	?????	?????	?????	?????	?????	?????	?????	Lagtime [600]
F	0.888	0.888	0.927	0.917	0.891	0.901	0.902	0.889	0.904	0.903	0.902	0.918	Max V [600]
	0.904	0.924	0.929	0.931	0.931	0.931	0.933	0.924	0.930	0.926	0.918	0.906	R-Squared [600]
	2:00:36	2:00:36	2:00:36	2:00:36	2:00:36	2:00:36	2:00:36	2:00:36	2:00:36	2:00:36	2:00:36	2:00:36	t at Max V [600]
	?????	?????	?????	?????	?????	?????	?????	?????	?????	?????	?????	?????	Lagtime [600]
G	0.883	0.924	0.911	0.905	0.901	0.918	0.888	0.898	0.923	0.879	0.902	0.903	Max V [600]
	0.896	0.905	0.914	0.924	0.924	0.924	0.924	0.921	0.919	0.914	0.906	0.901	R-Squared [600]
	2:00:36	2:00:36	2:00:36	2:00:36	2:00:36	2:00:36	2:00:36	2:00:36	2:00:36	2:00:36	2:00:36	2:00:36	t at Max V [600]
	?????	?????	?????	?????	?????	?????	?????	?????	?????	?????	?????	?????	Lagtime [600]
H	0.900	0.922	0.901	0.896	0.925	0.926	0.906	0.914	0.886	0.886	0.903	0.895	Max V [600]
	0.892	0.898	0.898	0.895	0.904	0.899	0.904	0.903	0.903	0.898	0.894	0.894	R-Squared [600]
	2:00:36	2:00:36	2:00:36	2:00:36	2:00:36	2:00:36	2:00:36	2:00:36	2:00:36	2:00:36	2:00:36	2:00:36	t at Max V [600]
	?????	?????	?????	?????	?????	?????	?????	?????	?????	?????	?????	?????	Lagtime [600]


