
Software Version	3.11.19



Experiment File Path:	C:\Users\patil-group\Desktop\Sweeteners_stacker\161121_NT5026_37_38_Rep1\NT5026_37_38_Rep1.xpt
Protocol File Path:	C:\Users\Public\Documents\Protocols\Screening-protocol.prt



Plate Number	Plate 15
Date	16/11/2021
Time	14:59:06
Reader Type:	Epoch 2
Reader Serial Number:	2103223
Reading Type	Reader

Procedure Details

Plate Type	96 WELL PLATE
Discontinuous Kinetics	Runtime 1:00:00 (D:HH:MM), Interval 0:01:00, 25 Reads
	Pause after each run
Eject plate on completion	
Shake	Linear: 0:00:30 (HH:MM:SS)
	Frequency: 567 cpm (3 mm)
Read	Absorbance Endpoint
	Full Plate
	Wavelengths:  600
	Read Speed: Normal,  Delay: 100 msec,  Measurements/Data Point: 8

600

Time	T° 600	A1	A2	A3	A4	A5	A6	A7	A8	A9	A10	A11	A12	B1	B2	B3	B4	B5	B6	B7	B8	B9	B10	B11	B12	C1	C2	C3	C4	C5	C6	C7	C8	C9	C10	C11	C12	D1	D2	D3	D4	D5	D6	D7	D8	D9	D10	D11	D12	E1	E2	E3	E4	E5	E6	E7	E8	E9	E10	E11	E12	F1	F2	F3	F4	F5	F6	F7	F8	F9	F10	F11	F12	G1	G2	G3	G4	G5	G6	G7	G8	G9	G10	G11	G12	H1	H2	H3	H4	H5	H6	H7	H8	H9	H10	H11	H12
0:00:34	34.4	0.222	0.218	0.216	0.217	0.214	0.206	0.210	0.198	0.206	0.203	0.206	0.215	0.212	0.216	0.212	0.200	0.211	0.204	0.209	0.200	0.216	0.203	0.215	0.209	0.211	0.214	0.199	0.199	0.202	0.192	0.212	0.197	0.194	0.204	0.201	0.204	0.219	0.208	0.201	0.200	0.188	0.185	0.197	0.193	0.190	0.195	0.196	0.203	0.213	0.197	0.197	0.198	0.187	0.193	0.182	0.185	0.193	0.192	0.194	0.198	0.199	0.203	0.188	0.185	0.193	0.184	0.186	0.190	0.184	0.194	0.184	0.186	0.216	0.215	0.199	0.216	0.210	0.196	0.205	0.200	0.195	0.202	0.201	0.211	0.221	0.213	0.212	0.204	0.210	0.205	0.204	0.203	0.201	0.202	0.205	0.212
01:00:34	34.9	0.282	0.292	0.291	0.294	0.288	0.275	0.289	0.27	0.278	0.269	0.274	0.272	0.281	0.283	0.29	0.276	0.297	0.291	0.305	0.28	0.297	0.281	0.29	0.271	0.288	0.294	0.283	0.288	0.288	0.263	0.282	0.277	0.271	0.284	0.274	0.268	0.298	0.294	0.289	0.294	0.283	0.277	0.286	0.281	0.28	0.273	0.275	0.271	0.287	0.272	0.288	0.292	0.282	0.287	0.266	0.264	0.28	0.269	0.276	0.265	0.267	0.282	0.267	0.26	0.273	0.264	0.268	0.272	0.262	0.269	0.253	0.252	0.286	0.296	0.28	0.296	0.284	0.277	0.289	0.288	0.277	0.278	0.278	0.281	0.275	0.275	0.276	0.273	0.282	0.278	0.283	0.274	0.276	0.273	0.269	0.278
02:00:34	35.1	0.285	0.292	0.294	0.297	0.291	0.28	0.3	0.281	0.287	0.275	0.288	0.278	0.281	0.286	0.297	0.286	0.314	0.304	0.309	0.287	0.304	0.296	0.299	0.277	0.29	0.297	0.288	0.294	0.298	0.271	0.294	0.285	0.275	0.285	0.277	0.276	0.296	0.291	0.291	0.305	0.288	0.285	0.306	0.289	0.288	0.279	0.28	0.275	0.29	0.278	0.292	0.303	0.287	0.292	0.269	0.274	0.287	0.276	0.282	0.268	0.272	0.282	0.271	0.268	0.28	0.277	0.275	0.279	0.266	0.271	0.259	0.259	0.288	0.299	0.282	0.3	0.292	0.281	0.295	0.291	0.285	0.282	0.281	0.28	0.278	0.278	0.28	0.274	0.284	0.28	0.285	0.274	0.275	0.273	0.272	0.278
03:00:34	35.1	0.288	0.291	0.293	0.295	0.289	0.28	0.297	0.281	0.286	0.279	0.287	0.282	0.283	0.288	0.298	0.286	0.313	0.303	0.304	0.286	0.301	0.292	0.295	0.28	0.292	0.299	0.289	0.295	0.3	0.275	0.296	0.285	0.279	0.286	0.279	0.281	0.297	0.292	0.293	0.305	0.291	0.284	0.306	0.291	0.29	0.28	0.282	0.281	0.293	0.281	0.293	0.302	0.288	0.293	0.269	0.277	0.29	0.28	0.284	0.272	0.279	0.285	0.273	0.271	0.28	0.28	0.277	0.281	0.271	0.274	0.264	0.263	0.29	0.296	0.284	0.302	0.293	0.283	0.294	0.301	0.285	0.285	0.284	0.283	0.283	0.282	0.284	0.278	0.284	0.281	0.285	0.276	0.276	0.275	0.275	0.281
04:00:34	35.1	0.29	0.292	0.294	0.295	0.289	0.28	0.293	0.281	0.287	0.28	0.286	0.283	0.286	0.289	0.299	0.286	0.307	0.301	0.301	0.284	0.298	0.291	0.295	0.283	0.294	0.3	0.29	0.294	0.301	0.278	0.292	0.289	0.281	0.289	0.282	0.283	0.297	0.294	0.294	0.303	0.291	0.284	0.301	0.29	0.288	0.282	0.283	0.283	0.295	0.283	0.294	0.299	0.288	0.292	0.271	0.278	0.29	0.283	0.285	0.275	0.282	0.289	0.276	0.274	0.281	0.28	0.275	0.282	0.273	0.277	0.267	0.265	0.292	0.295	0.286	0.304	0.295	0.286	0.296	0.292	0.286	0.287	0.287	0.283	0.286	0.285	0.287	0.282	0.283	0.282	0.283	0.276	0.277	0.277	0.277	0.283
05:00:34	35	0.292	0.293	0.294	0.296	0.289	0.281	0.293	0.281	0.287	0.281	0.287	0.284	0.287	0.29	0.299	0.285	0.303	0.298	0.297	0.284	0.297	0.289	0.294	0.285	0.294	0.3	0.291	0.293	0.301	0.28	0.291	0.29	0.284	0.288	0.282	0.284	0.3	0.294	0.294	0.302	0.29	0.282	0.296	0.289	0.288	0.284	0.284	0.284	0.297	0.284	0.295	0.297	0.289	0.294	0.273	0.279	0.289	0.283	0.285	0.276	0.284	0.29	0.277	0.277	0.283	0.278	0.275	0.284	0.275	0.281	0.269	0.266	0.295	0.295	0.288	0.305	0.294	0.286	0.296	0.292	0.287	0.289	0.29	0.284	0.287	0.287	0.289	0.283	0.285	0.283	0.285	0.278	0.278	0.28	0.278	0.284
06:00:34	35	0.292	0.293	0.295	0.296	0.289	0.281	0.29	0.281	0.287	0.281	0.288	0.285	0.288	0.29	0.299	0.284	0.301	0.296	0.296	0.284	0.297	0.288	0.293	0.285	0.294	0.3	0.291	0.294	0.301	0.28	0.291	0.29	0.284	0.289	0.283	0.285	0.297	0.293	0.294	0.301	0.29	0.283	0.293	0.288	0.288	0.283	0.285	0.283	0.297	0.284	0.296	0.295	0.289	0.294	0.274	0.279	0.288	0.283	0.283	0.277	0.285	0.291	0.278	0.278	0.282	0.279	0.275	0.285	0.276	0.281	0.27	0.267	0.295	0.296	0.289	0.305	0.294	0.287	0.297	0.292	0.288	0.291	0.29	0.285	0.287	0.287	0.288	0.281	0.282	0.28	0.28	0.276	0.274	0.275	0.274	0.282
07:00:34	35	0.293	0.294	0.296	0.296	0.289	0.281	0.291	0.28	0.288	0.281	0.288	0.287	0.289	0.291	0.299	0.284	0.301	0.295	0.295	0.284	0.297	0.287	0.293	0.286	0.294	0.299	0.291	0.294	0.301	0.28	0.292	0.291	0.285	0.289	0.283	0.285	0.298	0.293	0.294	0.3	0.289	0.282	0.292	0.29	0.288	0.283	0.285	0.283	0.297	0.284	0.296	0.294	0.289	0.294	0.274	0.281	0.29	0.284	0.284	0.278	0.286	0.291	0.279	0.28	0.282	0.279	0.276	0.286	0.276	0.282	0.27	0.267	0.297	0.296	0.289	0.307	0.293	0.288	0.297	0.291	0.288	0.29	0.291	0.287	0.288	0.288	0.289	0.282	0.282	0.28	0.281	0.277	0.275	0.278	0.275	0.283
08:00:34	34.9	0.295	0.296	0.297	0.297	0.29	0.281	0.291	0.28	0.288	0.281	0.289	0.288	0.291	0.292	0.299	0.285	0.301	0.294	0.294	0.284	0.297	0.287	0.294	0.292	0.294	0.299	0.29	0.294	0.301	0.281	0.292	0.291	0.286	0.29	0.284	0.286	0.297	0.293	0.294	0.299	0.289	0.281	0.293	0.288	0.287	0.284	0.286	0.284	0.298	0.284	0.297	0.294	0.289	0.294	0.276	0.28	0.29	0.284	0.284	0.278	0.287	0.291	0.282	0.281	0.283	0.279	0.276	0.287	0.277	0.282	0.271	0.268	0.296	0.297	0.29	0.305	0.293	0.288	0.296	0.298	0.287	0.291	0.291	0.288	0.289	0.289	0.289	0.282	0.283	0.28	0.28	0.278	0.276	0.28	0.277	0.284
09:00:34	34.9	0.296	0.298	0.299	0.299	0.29	0.281	0.291	0.282	0.289	0.283	0.29	0.289	0.291	0.293	0.299	0.284	0.301	0.294	0.294	0.284	0.296	0.287	0.293	0.287	0.295	0.299	0.291	0.293	0.3	0.281	0.296	0.292	0.286	0.291	0.285	0.286	0.298	0.293	0.294	0.299	0.289	0.281	0.292	0.288	0.287	0.283	0.286	0.286	0.299	0.284	0.296	0.294	0.289	0.293	0.276	0.281	0.289	0.284	0.283	0.278	0.288	0.291	0.281	0.281	0.282	0.279	0.276	0.287	0.277	0.282	0.272	0.269	0.298	0.297	0.291	0.306	0.293	0.287	0.296	0.29	0.288	0.29	0.291	0.29	0.29	0.289	0.291	0.283	0.284	0.28	0.281	0.28	0.278	0.282	0.28	0.286
10:00:34	34.9	0.297	0.299	0.301	0.3	0.291	0.282	0.291	0.283	0.291	0.284	0.291	0.29	0.293	0.295	0.3	0.284	0.301	0.293	0.294	0.284	0.297	0.289	0.294	0.287	0.296	0.3	0.291	0.294	0.3	0.282	0.294	0.293	0.287	0.291	0.286	0.288	0.3	0.293	0.294	0.299	0.289	0.282	0.292	0.29	0.288	0.284	0.288	0.287	0.299	0.285	0.296	0.294	0.289	0.293	0.277	0.282	0.289	0.284	0.284	0.28	0.289	0.291	0.282	0.282	0.283	0.279	0.277	0.289	0.277	0.283	0.274	0.27	0.297	0.297	0.292	0.305	0.293	0.287	0.295	0.29	0.288	0.291	0.292	0.292	0.291	0.29	0.292	0.285	0.285	0.281	0.281	0.28	0.277	0.282	0.279	0.286
11:00:34	34.9	0.297	0.298	0.302	0.301	0.292	0.283	0.293	0.284	0.291	0.285	0.292	0.289	0.295	0.297	0.302	0.285	0.301	0.293	0.294	0.284	0.297	0.289	0.295	0.289	0.296	0.301	0.292	0.294	0.301	0.283	0.296	0.293	0.288	0.291	0.288	0.289	0.301	0.294	0.295	0.298	0.289	0.282	0.293	0.289	0.287	0.286	0.289	0.289	0.3	0.286	0.297	0.294	0.29	0.294	0.278	0.283	0.289	0.284	0.285	0.282	0.291	0.291	0.283	0.282	0.282	0.279	0.276	0.289	0.278	0.284	0.274	0.272	0.298	0.298	0.293	0.307	0.294	0.287	0.295	0.291	0.289	0.291	0.293	0.293	0.292	0.291	0.292	0.286	0.286	0.283	0.283	0.281	0.279	0.284	0.281	0.288
12:00:34	34.9	0.296	0.299	0.303	0.3	0.293	0.284	0.293	0.286	0.292	0.286	0.291	0.288	0.296	0.298	0.303	0.286	0.303	0.293	0.294	0.286	0.298	0.29	0.296	0.288	0.297	0.302	0.293	0.294	0.301	0.285	0.295	0.295	0.289	0.293	0.288	0.289	0.301	0.295	0.295	0.299	0.289	0.281	0.292	0.29	0.288	0.286	0.289	0.289	0.301	0.286	0.298	0.295	0.29	0.294	0.279	0.284	0.289	0.284	0.285	0.288	0.291	0.294	0.284	0.283	0.283	0.279	0.277	0.29	0.278	0.285	0.276	0.273	0.299	0.298	0.294	0.307	0.294	0.289	0.296	0.294	0.29	0.292	0.295	0.293	0.291	0.291	0.293	0.287	0.288	0.284	0.284	0.283	0.281	0.286	0.281	0.289
13:00:34	34.9	0.295	0.297	0.301	0.301	0.293	0.285	0.293	0.286	0.29	0.285	0.29	0.288	0.294	0.297	0.304	0.287	0.303	0.294	0.295	0.287	0.299	0.29	0.296	0.289	0.298	0.304	0.293	0.295	0.303	0.285	0.296	0.295	0.29	0.293	0.288	0.289	0.302	0.295	0.297	0.299	0.29	0.281	0.292	0.29	0.289	0.287	0.289	0.289	0.302	0.288	0.298	0.295	0.29	0.294	0.279	0.284	0.289	0.286	0.286	0.296	0.291	0.293	0.285	0.284	0.284	0.28	0.278	0.291	0.28	0.285	0.277	0.274	0.299	0.3	0.295	0.308	0.295	0.289	0.297	0.293	0.292	0.293	0.295	0.291	0.291	0.292	0.293	0.288	0.302	0.286	0.286	0.284	0.282	0.286	0.284	0.288
14:00:34	34.9	0.294	0.297	0.301	0.298	0.293	0.285	0.292	0.286	0.29	0.285	0.288	0.285	0.293	0.297	0.304	0.288	0.304	0.294	0.295	0.288	0.299	0.29	0.296	0.289	0.298	0.304	0.295	0.295	0.303	0.286	0.302	0.296	0.291	0.294	0.289	0.288	0.301	0.296	0.296	0.3	0.29	0.282	0.292	0.291	0.289	0.288	0.29	0.288	0.302	0.288	0.299	0.295	0.29	0.295	0.279	0.286	0.291	0.287	0.287	0.298	0.292	0.294	0.285	0.286	0.284	0.281	0.279	0.292	0.281	0.286	0.278	0.274	0.299	0.3	0.295	0.309	0.295	0.289	0.298	0.294	0.293	0.295	0.295	0.289	0.291	0.292	0.292	0.288	0.289	0.286	0.286	0.284	0.282	0.286	0.282	0.288
15:00:34	34.9	0.292	0.296	0.3	0.298	0.292	0.285	0.293	0.284	0.288	0.284	0.288	0.284	0.292	0.296	0.304	0.288	0.303	0.294	0.295	0.288	0.299	0.291	0.297	0.289	0.298	0.304	0.295	0.296	0.303	0.287	0.304	0.296	0.292	0.294	0.288	0.288	0.3	0.296	0.297	0.301	0.291	0.282	0.293	0.291	0.29	0.289	0.289	0.287	0.301	0.289	0.3	0.296	0.292	0.296	0.279	0.286	0.291	0.288	0.287	0.321	0.29	0.294	0.286	0.286	0.286	0.282	0.28	0.293	0.283	0.287	0.279	0.273	0.299	0.3	0.295	0.31	0.295	0.291	0.3	0.295	0.293	0.294	0.295	0.289	0.289	0.291	0.292	0.288	0.288	0.286	0.286	0.284	0.283	0.287	0.282	0.288
16:00:34	34.9	0.289	0.293	0.299	0.296	0.291	0.283	0.291	0.283	0.286	0.283	0.285	0.281	0.291	0.294	0.303	0.288	0.303	0.293	0.294	0.289	0.299	0.291	0.298	0.289	0.296	0.304	0.294	0.296	0.305	0.287	0.298	0.296	0.292	0.293	0.287	0.287	0.299	0.296	0.297	0.3	0.29	0.283	0.294	0.291	0.291	0.288	0.289	0.285	0.3	0.289	0.301	0.297	0.292	0.297	0.278	0.285	0.292	0.288	0.288	0.354	0.29	0.294	0.287	0.286	0.287	0.282	0.281	0.293	0.283	0.287	0.278	0.272	0.299	0.3	0.295	0.31	0.295	0.29	0.3	0.295	0.293	0.295	0.294	0.288	0.288	0.29	0.291	0.288	0.288	0.285	0.285	0.284	0.282	0.286	0.282	0.286
17:00:34	34.9	0.288	0.292	0.297	0.295	0.29	0.282	0.289	0.281	0.284	0.281	0.283	0.279	0.289	0.293	0.302	0.287	0.301	0.292	0.294	0.288	0.298	0.289	0.297	0.288	0.295	0.303	0.294	0.295	0.304	0.287	0.298	0.296	0.292	0.292	0.286	0.285	0.298	0.295	0.296	0.3	0.291	0.283	0.293	0.291	0.289	0.287	0.288	0.284	0.299	0.289	0.301	0.297	0.294	0.298	0.278	0.285	0.292	0.287	0.287	0.368	0.289	0.295	0.286	0.287	0.287	0.282	0.281	0.294	0.283	0.288	0.277	0.271	0.298	0.299	0.294	0.31	0.295	0.29	0.301	0.295	0.292	0.294	0.293	0.286	0.286	0.289	0.29	0.287	0.287	0.285	0.285	0.284	0.282	0.286	0.281	0.285
18:00:34	34.9	0.285	0.29	0.296	0.292	0.288	0.28	0.287	0.28	0.282	0.279	0.281	0.277	0.286	0.29	0.301	0.287	0.3	0.291	0.292	0.288	0.297	0.288	0.296	0.286	0.293	0.302	0.293	0.295	0.303	0.287	0.301	0.295	0.29	0.291	0.284	0.284	0.297	0.294	0.295	0.299	0.29	0.282	0.293	0.29	0.289	0.286	0.287	0.281	0.298	0.288	0.3	0.298	0.294	0.298	0.277	0.285	0.292	0.287	0.286	0.353	0.288	0.293	0.286	0.287	0.287	0.288	0.281	0.293	0.283	0.287	0.277	0.27	0.296	0.299	0.292	0.31	0.295	0.29	0.3	0.295	0.292	0.294	0.291	0.284	0.284	0.287	0.288	0.286	0.286	0.284	0.284	0.284	0.28	0.285	0.28	0.284
19:00:34	34.9	0.284	0.288	0.292	0.29	0.286	0.279	0.285	0.277	0.281	0.276	0.279	0.275	0.285	0.289	0.299	0.286	0.298	0.29	0.291	0.287	0.295	0.287	0.295	0.285	0.291	0.3	0.291	0.293	0.302	0.285	0.302	0.295	0.29	0.289	0.282	0.282	0.295	0.293	0.293	0.298	0.289	0.282	0.292	0.289	0.287	0.285	0.285	0.28	0.296	0.287	0.3	0.297	0.293	0.297	0.276	0.284	0.291	0.286	0.285	0.352	0.286	0.293	0.285	0.286	0.287	0.282	0.28	0.293	0.282	0.286	0.276	0.268	0.295	0.297	0.292	0.309	0.293	0.289	0.299	0.294	0.291	0.293	0.29	0.282	0.282	0.285	0.287	0.285	0.286	0.284	0.283	0.281	0.279	0.283	0.278	0.282
20:00:34	35.1	0.283	0.287	0.291	0.289	0.285	0.277	0.285	0.276	0.279	0.276	0.278	0.274	0.283	0.288	0.299	0.284	0.297	0.289	0.291	0.287	0.295	0.286	0.295	0.285	0.29	0.3	0.291	0.292	0.302	0.286	0.295	0.294	0.289	0.288	0.282	0.281	0.294	0.292	0.293	0.297	0.289	0.281	0.292	0.289	0.287	0.285	0.284	0.279	0.295	0.287	0.3	0.297	0.294	0.298	0.276	0.283	0.293	0.286	0.285	0.32	0.286	0.292	0.285	0.286	0.287	0.282	0.28	0.292	0.282	0.286	0.276	0.268	0.294	0.297	0.291	0.309	0.293	0.289	0.299	0.298	0.291	0.293	0.29	0.281	0.282	0.285	0.285	0.284	0.284	0.282	0.283	0.282	0.278	0.283	0.278	0.281
21:00:34	35.1	0.282	0.285	0.289	0.287	0.283	0.276	0.282	0.274	0.277	0.273	0.276	0.272	0.281	0.285	0.296	0.283	0.295	0.288	0.289	0.285	0.293	0.285	0.294	0.284	0.288	0.298	0.289	0.291	0.3	0.284	0.3	0.293	0.288	0.287	0.28	0.279	0.292	0.291	0.291	0.296	0.288	0.28	0.292	0.287	0.285	0.283	0.282	0.276	0.293	0.285	0.299	0.296	0.294	0.298	0.274	0.283	0.293	0.286	0.283	0.319	0.283	0.29	0.284	0.285	0.286	0.281	0.279	0.291	0.282	0.285	0.275	0.266	0.292	0.294	0.29	0.307	0.292	0.288	0.297	0.292	0.29	0.292	0.288	0.28	0.28	0.283	0.283	0.283	0.283	0.281	0.282	0.28	0.277	0.282	0.275	0.28
22:00:34	35.1	0.279	0.282	0.288	0.286	0.281	0.273	0.28	0.272	0.276	0.272	0.274	0.27	0.279	0.283	0.294	0.281	0.294	0.286	0.288	0.284	0.292	0.284	0.292	0.282	0.286	0.296	0.288	0.289	0.299	0.283	0.295	0.292	0.286	0.285	0.278	0.277	0.29	0.289	0.29	0.295	0.287	0.279	0.29	0.285	0.284	0.281	0.28	0.275	0.291	0.284	0.297	0.295	0.293	0.298	0.273	0.281	0.291	0.285	0.282	0.309	0.281	0.289	0.282	0.284	0.285	0.28	0.277	0.289	0.281	0.284	0.273	0.264	0.29	0.293	0.288	0.307	0.291	0.287	0.296	0.289	0.288	0.29	0.286	0.277	0.277	0.281	0.281	0.281	0.281	0.279	0.28	0.279	0.276	0.281	0.274	0.277
23:00:34	35.1	0.278	0.282	0.287	0.284	0.28	0.272	0.28	0.271	0.275	0.27	0.274	0.271	0.278	0.282	0.293	0.28	0.292	0.284	0.287	0.283	0.29	0.282	0.291	0.281	0.284	0.295	0.287	0.289	0.297	0.282	0.295	0.291	0.285	0.284	0.276	0.276	0.289	0.288	0.289	0.294	0.286	0.278	0.29	0.284	0.283	0.28	0.28	0.274	0.29	0.283	0.296	0.294	0.293	0.297	0.273	0.28	0.29	0.284	0.282	0.305	0.281	0.288	0.281	0.283	0.284	0.28	0.277	0.29	0.28	0.283	0.272	0.263	0.289	0.292	0.287	0.306	0.289	0.286	0.294	0.289	0.288	0.289	0.285	0.277	0.276	0.28	0.281	0.281	0.28	0.279	0.279	0.278	0.274	0.279	0.273	0.276
0:00:00																																																																																																	
0:00:00																																																																																																	
0:00:00																																																																																																	
0:00:00																																																																																																	
0:00:00																																																																																																	
0:00:00																																																																																																	
0:00:00																																																																																																	
0:00:00																																																																																																	
0:00:00																																																																																																	
0:00:00																																																																																																	
0:00:00																																																																																																	
0:00:00																																																																																																	
0:00:00																																																																																																	
0:00:00																																																																																																	
0:00:00																																																																																																	
0:00:00																																																																																																	
0:00:00																																																																																																	
0:00:00																																																																																																	
0:00:00																																																																																																	
0:00:00																																																																																																	
0:00:00																																																																																																	
0:00:00																																																																																																	
0:00:00																																																																																																	
0:00:00																																																																																																	

Results
	1	2	3	4	5	6	7	8	9	10	11	12
A	?????	?????	?????	?????	?????	?????	?????	?????	?????	?????	?????	?????	Max V [600]
	?????	?????	?????	?????	?????	?????	?????	?????	?????	?????	?????	?????	R-Squared [600]
	?????	?????	?????	?????	?????	?????	?????	?????	?????	?????	?????	?????	t at Max V [600]
	?????	?????	?????	?????	?????	?????	?????	?????	?????	?????	?????	?????	Lagtime [600]
B	?????	?????	?????	?????	?????	?????	?????	?????	?????	?????	?????	?????	Max V [600]
	?????	?????	?????	?????	?????	?????	?????	?????	?????	?????	?????	?????	R-Squared [600]
	?????	?????	?????	?????	?????	?????	?????	?????	?????	?????	?????	?????	t at Max V [600]
	?????	?????	?????	?????	?????	?????	?????	?????	?????	?????	?????	?????	Lagtime [600]
C	?????	?????	?????	?????	?????	?????	?????	?????	?????	?????	?????	?????	Max V [600]
	?????	?????	?????	?????	?????	?????	?????	?????	?????	?????	?????	?????	R-Squared [600]
	?????	?????	?????	?????	?????	?????	?????	?????	?????	?????	?????	?????	t at Max V [600]
	?????	?????	?????	?????	?????	?????	?????	?????	?????	?????	?????	?????	Lagtime [600]
D	?????	?????	?????	?????	?????	?????	?????	?????	?????	?????	?????	?????	Max V [600]
	?????	?????	?????	?????	?????	?????	?????	?????	?????	?????	?????	?????	R-Squared [600]
	?????	?????	?????	?????	?????	?????	?????	?????	?????	?????	?????	?????	t at Max V [600]
	?????	?????	?????	?????	?????	?????	?????	?????	?????	?????	?????	?????	Lagtime [600]
E	?????	?????	?????	?????	?????	?????	?????	?????	?????	?????	?????	?????	Max V [600]
	?????	?????	?????	?????	?????	?????	?????	?????	?????	?????	?????	?????	R-Squared [600]
	?????	?????	?????	?????	?????	?????	?????	?????	?????	?????	?????	?????	t at Max V [600]
	?????	?????	?????	?????	?????	?????	?????	?????	?????	?????	?????	?????	Lagtime [600]
F	?????	?????	?????	?????	?????	?????	?????	?????	?????	?????	?????	?????	Max V [600]
	?????	?????	?????	?????	?????	?????	?????	?????	?????	?????	?????	?????	R-Squared [600]
	?????	?????	?????	?????	?????	?????	?????	?????	?????	?????	?????	?????	t at Max V [600]
	?????	?????	?????	?????	?????	?????	?????	?????	?????	?????	?????	?????	Lagtime [600]
G	?????	?????	?????	?????	?????	?????	?????	?????	?????	?????	?????	?????	Max V [600]
	?????	?????	?????	?????	?????	?????	?????	?????	?????	?????	?????	?????	R-Squared [600]
	?????	?????	?????	?????	?????	?????	?????	?????	?????	?????	?????	?????	t at Max V [600]
	?????	?????	?????	?????	?????	?????	?????	?????	?????	?????	?????	?????	Lagtime [600]
H	?????	?????	?????	?????	?????	?????	?????	?????	?????	?????	?????	?????	Max V [600]
	?????	?????	?????	?????	?????	?????	?????	?????	?????	?????	?????	?????	R-Squared [600]
	?????	?????	?????	?????	?????	?????	?????	?????	?????	?????	?????	?????	t at Max V [600]
	?????	?????	?????	?????	?????	?????	?????	?????	?????	?????	?????	?????	Lagtime [600]


