
Software Version	3.11.19



Experiment File Path:	C:\Users\patil-group\Desktop\Sweeteners_stacker\281121_NT5025_77_81_Rep4\NT5025_77_81_Rep4.xpt
Protocol File Path:	C:\Users\Public\Documents\Protocols\Screening-protocol.prt



Plate Number	Plate 14
Date	28/11/2021
Time	13:07:05
Reader Type:	Epoch 2
Reader Serial Number:	2103223
Reading Type	Reader

Procedure Details

Plate Type	96 WELL PLATE
Discontinuous Kinetics	Runtime 1:00:00 (D:HH:MM), Interval 0:01:00, 25 Reads
	Pause after each run
Eject plate on completion	
Shake	Linear: 0:00:30 (HH:MM:SS)
	Frequency: 567 cpm (3 mm)
Read	Absorbance Endpoint
	Full Plate
	Wavelengths:  600
	Read Speed: Normal,  Delay: 100 msec,  Measurements/Data Point: 8

600

Time	T° 600	A1	A2	A3	A4	A5	A6	A7	A8	A9	A10	A11	A12	B1	B2	B3	B4	B5	B6	B7	B8	B9	B10	B11	B12	C1	C2	C3	C4	C5	C6	C7	C8	C9	C10	C11	C12	D1	D2	D3	D4	D5	D6	D7	D8	D9	D10	D11	D12	E1	E2	E3	E4	E5	E6	E7	E8	E9	E10	E11	E12	F1	F2	F3	F4	F5	F6	F7	F8	F9	F10	F11	F12	G1	G2	G3	G4	G5	G6	G7	G8	G9	G10	G11	G12	H1	H2	H3	H4	H5	H6	H7	H8	H9	H10	H11	H12
0:00:34	34.4	0.217	0.216	0.229	0.210	0.217	0.210	0.216	0.207	0.208	0.222	0.206	0.211	0.210	0.212	0.211	0.209	0.207	0.203	0.206	0.216	0.223	0.200	0.207	0.211	0.222	0.211	0.207	0.205	0.222	0.207	0.208	0.219	0.201	0.203	0.221	0.207	0.221	0.206	0.207	0.207	0.209	0.203	0.212	0.219	0.206	0.204	0.209	0.244	0.209	0.214	0.203	0.201	0.201	0.204	0.203	0.214	0.204	0.211	0.208	0.208	0.216	0.205	0.206	0.202	0.208	0.210	0.207	0.203	0.208	0.201	0.210	0.221	0.213	0.204	0.213	0.204	0.223	0.217	0.207	0.205	0.216	0.210	0.209	0.217	0.220	0.206	0.211	0.217	0.210	0.210	0.206	0.216	0.208	0.203	0.206	0.212
1:00:33	34.5	0.349	0.342	0.333	0.319	0.345	0.338	0.339	0.318	0.316	0.333	0.310	0.323	0.324	0.321	0.316	0.308	0.322	0.292	0.302	0.306	0.307	0.290	0.310	0.322	0.337	0.312	0.306	0.300	0.303	0.292	0.301	0.309	0.282	0.291	0.314	0.311	0.339	0.314	0.312	0.286	0.293	0.281	0.309	0.300	0.287	0.297	0.301	0.351	0.308	0.302	0.297	0.306	0.304	0.289	0.283	0.293	0.277	0.291	0.297	0.300	0.310	0.299	0.294	0.321	0.309	0.291	0.287	0.289	0.291	0.281	0.307	0.315	0.332	0.304	0.303	0.292	0.312	0.303	0.288	0.293	0.326	0.304	0.301	0.318	0.337	0.313	0.314	0.377	0.303	0.300	0.294	0.307	0.304	0.363	0.314	0.321
2:00:34	34.5	0.474	0.470	0.471	0.458	0.481	0.478	0.474	0.457	0.456	0.470	0.450	0.454	0.472	0.466	0.457	0.446	0.469	0.454	0.458	0.462	0.456	0.437	0.459	0.459	0.465	0.475	0.456	0.471	0.469	0.459	0.460	0.473	0.441	0.443	0.449	0.442	0.479	0.477	0.490	0.459	0.471	0.453	0.518	0.468	0.456	0.468	0.465	0.500	0.441	0.445	0.464	0.497	0.499	0.448	0.428	0.450	0.434	0.441	0.442	0.440	0.444	0.449	0.456	0.670	0.520	0.528	0.438	0.444	0.444	0.427	0.440	0.445	0.474	0.468	0.450	0.449	0.506	0.480	0.455	0.445	0.478	0.463	0.440	0.446	0.471	0.451	0.475	0.503	0.490	0.455	0.451	0.513	0.478	0.475	0.450	0.448
3:00:34	34.4	0.532	0.530	0.533	0.520	0.540	0.536	0.534	0.515	0.518	0.533	0.510	0.516	0.527	0.521	0.515	0.504	0.529	0.515	0.515	0.520	0.517	0.497	0.518	0.520	0.524	0.532	0.517	0.527	0.529	0.517	0.516	0.523	0.498	0.499	0.508	0.505	0.536	0.533	0.551	0.517	0.526	0.509	0.558	0.525	0.511	0.522	0.521	0.555	0.500	0.505	0.522	0.556	0.554	0.506	0.482	0.506	0.496	0.503	0.507	0.501	0.507	0.512	0.512	0.593	0.619	0.533	0.499	0.508	0.505	0.490	0.501	0.509	0.528	0.526	0.511	0.511	0.559	0.534	0.512	0.507	0.538	0.525	0.504	0.513	0.533	0.514	0.534	0.546	0.583	0.513	0.507	0.614	0.568	0.530	0.513	0.512
4:00:35	34.4	0.566	0.564	0.572	0.557	0.575	0.571	0.570	0.550	0.556	0.572	0.549	0.554	0.561	0.553	0.548	0.541	0.566	0.553	0.552	0.557	0.556	0.535	0.554	0.557	0.561	0.564	0.553	0.562	0.567	0.554	0.550	0.556	0.535	0.539	0.546	0.545	0.571	0.566	0.585	0.552	0.554	0.546	0.588	0.561	0.548	0.555	0.553	0.579	0.536	0.542	0.557	0.579	0.581	0.541	0.519	0.539	0.534	0.540	0.543	0.537	0.546	0.548	0.549	0.615	0.656	0.558	0.537	0.546	0.545	0.530	0.543	0.549	0.560	0.560	0.552	0.548	0.600	0.569	0.545	0.546	0.573	0.563	0.543	0.553	0.568	0.551	0.569	0.583	0.609	0.551	0.541	0.642	0.597	0.564	0.550	0.550
5:00:36	34.4	0.601	0.600	0.607	0.591	0.610	0.606	0.605	0.584	0.592	0.609	0.586	0.591	0.595	0.587	0.584	0.574	0.597	0.587	0.584	0.589	0.590	0.570	0.591	0.594	0.597	0.597	0.586	0.593	0.599	0.587	0.582	0.587	0.570	0.574	0.581	0.582	0.606	0.597	0.614	0.584	0.580	0.578	0.615	0.593	0.578	0.583	0.580	0.604	0.570	0.574	0.588	0.598	0.607	0.572	0.552	0.570	0.568	0.574	0.577	0.570	0.582	0.582	0.581	0.639	0.601	0.592	0.569	0.579	0.579	0.563	0.576	0.584	0.593	0.592	0.588	0.581	0.625	0.601	0.577	0.578	0.606	0.597	0.577	0.590	0.605	0.588	0.603	0.614	0.625	0.585	0.576	0.653	0.615	0.598	0.584	0.586
6:00:37	34.4	0.645	0.642	0.645	0.629	0.651	0.647	0.647	0.624	0.633	0.650	0.624	0.630	0.630	0.620	0.620	0.610	0.634	0.621	0.618	0.623	0.626	0.607	0.629	0.636	0.641	0.634	0.623	0.626	0.634	0.620	0.616	0.621	0.605	0.610	0.619	0.624	0.647	0.633	0.648	0.618	0.610	0.610	0.647	0.626	0.611	0.615	0.615	0.641	0.610	0.609	0.622	0.630	0.635	0.603	0.586	0.602	0.601	0.611	0.613	0.609	0.621	0.618	0.614	0.674	0.633	0.627	0.602	0.613	0.613	0.598	0.613	0.622	0.633	0.629	0.622	0.615	0.652	0.637	0.610	0.613	0.641	0.632	0.615	0.629	0.649	0.628	0.642	0.649	0.653	0.625	0.613	0.688	0.649	0.638	0.625	0.628
7:00:37	34.4	0.698	0.694	0.695	0.679	0.704	0.699	0.700	0.673	0.683	0.702	0.669	0.677	0.675	0.664	0.668	0.655	0.681	0.668	0.662	0.668	0.671	0.653	0.679	0.687	0.695	0.683	0.669	0.672	0.677	0.663	0.658	0.664	0.649	0.655	0.666	0.677	0.699	0.681	0.692	0.661	0.651	0.651	0.686	0.668	0.657	0.658	0.661	0.688	0.659	0.655	0.669	0.672	0.673	0.643	0.627	0.642	0.639	0.655	0.657	0.657	0.670	0.663	0.660	0.715	0.675	0.667	0.643	0.653	0.655	0.641	0.657	0.670	0.680	0.678	0.667	0.660	0.692	0.680	0.652	0.655	0.687	0.678	0.660	0.679	0.701	0.679	0.693	0.695	0.697	0.673	0.660	0.730	0.694	0.688	0.677	0.681
8:00:37	34.4	0.754	0.755	0.752	0.733	0.761	0.754	0.756	0.728	0.737	0.758	0.719	0.727	0.721	0.713	0.725	0.710	0.739	0.724	0.714	0.720	0.723	0.707	0.735	0.743	0.750	0.738	0.723	0.725	0.730	0.716	0.710	0.714	0.703	0.710	0.720	0.734	0.755	0.734	0.744	0.714	0.703	0.707	0.734	0.721	0.709	0.711	0.714	0.739	0.713	0.708	0.725	0.723	0.723	0.694	0.676	0.692	0.690	0.708	0.711	0.707	0.725	0.718	0.714	0.764	0.727	0.717	0.690	0.703	0.706	0.691	0.709	0.723	0.730	0.732	0.720	0.714	0.746	0.733	0.703	0.708	0.739	0.731	0.713	0.733	0.756	0.733	0.747	0.748	0.753	0.729	0.713	0.784	0.747	0.743	0.732	0.734
9:00:38	34.4	0.785	0.790	0.791	0.776	0.806	0.799	0.800	0.772	0.784	0.801	0.772	0.776	0.774	0.763	0.776	0.760	0.795	0.779	0.765	0.773	0.776	0.760	0.787	0.784	0.794	0.792	0.778	0.781	0.783	0.770	0.762	0.767	0.753	0.763	0.771	0.780	0.804	0.791	0.801	0.767	0.755	0.759	0.784	0.771	0.761	0.763	0.768	0.785	0.764	0.761	0.781	0.775	0.776	0.746	0.721	0.739	0.743	0.760	0.764	0.759	0.777	0.768	0.768	0.813	0.779	0.767	0.741	0.753	0.757	0.741	0.760	0.771	0.777	0.789	0.774	0.768	0.804	0.786	0.756	0.758	0.793	0.784	0.765	0.777	0.793	0.779	0.797	0.797	0.811	0.780	0.765	0.837	0.800	0.792	0.776	0.772
10:00:38	34.3	0.807	0.813	0.810	0.794	0.826	0.819	0.820	0.791	0.804	0.820	0.796	0.798	0.799	0.798	0.801	0.787	0.817	0.804	0.796	0.800	0.804	0.785	0.810	0.807	0.814	0.814	0.809	0.814	0.820	0.808	0.800	0.800	0.786	0.796	0.796	0.802	0.826	0.818	0.840	0.806	0.799	0.803	0.828	0.814	0.800	0.799	0.795	0.808	0.784	0.791	0.806	0.801	0.818	0.790	0.763	0.782	0.784	0.794	0.792	0.777	0.799	0.800	0.801	0.855	0.824	0.813	0.785	0.799	0.798	0.777	0.790	0.791	0.793	0.812	0.807	0.804	0.837	0.822	0.792	0.798	0.826	0.816	0.788	0.796	0.815	0.800	0.818	0.819	0.832	0.801	0.787	0.861	0.823	0.815	0.797	0.795
20:00:34	33.8	1.051	1.073	1.084	1.040	1.112	1.106	1.102	1.052	1.073	1.074	1.051	1.034	1.085	1.095	1.113	1.126	1.164	1.143	1.127	1.107	1.123	1.079	1.102	1.073	1.082	1.135	1.149	1.159	1.207	1.190	1.171	1.147	1.116	1.150	1.072	1.057	1.102	1.133	1.213	1.155	1.187	1.165	1.250	1.191	1.159	1.152	1.147	1.073	1.057	1.097	1.166	1.178	1.191	1.151	1.096	1.148	1.129	1.154	1.099	1.022	1.070	1.088	1.131	1.228	1.159	1.117	1.110	1.123	1.134	1.074	1.054	1.062	1.016	1.133	1.091	1.111	1.163	1.122	1.076	1.097	1.133	1.100	1.025	1.019	1.063	1.058	1.094	1.093	1.104	1.070	1.076	1.145	1.115	1.116	1.082	1.030
21:00:33	34.5	1.024	1.027	1.003	0.994	1.041	1.025	1.025	1.001	1.010	1.020	1.011	1.007	1.011	1.023	1.018	1.017	1.039	1.026	1.009	1.011	1.024	1.000	1.025	1.018	1.028	1.025	1.032	1.042	1.053	1.041	1.029	1.024	1.010	1.028	1.006	1.017	1.040	1.031	1.056	1.030	1.040	1.031	1.058	1.042	1.029	1.015	1.019	1.016	0.996	1.009	1.027	1.023	1.031	1.012	0.959	0.985	0.999	1.020	1.000	0.982	1.017	1.013	1.021	1.061	1.037	1.020	0.997	1.011	1.003	0.986	1.000	1.002	0.995	1.026	1.017	1.015	1.050	1.019	1.002	1.002	1.030	1.018	0.986	0.996	1.025	1.016	1.026	1.028	1.040	1.009	0.997	1.065	1.031	1.021	1.009	1.006
22:00:33	34.4	1.036	1.035	1.008	1.001	1.046	1.030	1.032	1.012	1.019	1.030	1.024	1.019	1.023	1.028	1.018	1.015	1.036	1.023	1.007	1.014	1.025	1.006	1.033	1.028	1.041	1.027	1.030	1.032	1.042	1.033	1.019	1.019	1.012	1.023	1.017	1.030	1.050	1.034	1.046	1.026	1.023	1.023	1.040	1.032	1.023	1.014	1.019	1.027	1.008	1.013	1.017	1.013	1.017	1.006	0.961	0.976	1.001	1.017	1.005	0.994	1.028	1.020	1.018	1.056	1.031	1.023	0.999	1.012	1.009	0.994	1.009	1.013	1.001	1.030	1.026	1.019	1.043	1.026	1.007	1.009	1.034	1.025	0.998	1.008	1.039	1.029	1.037	1.038	1.050	1.021	1.010	1.077	1.043	1.034	1.022	1.018

0:00:00																																																																																																	
0:00:00																																																																																																	
0:00:00																																																																																																	
0:00:00																																																																																																	
0:00:00																																																																																																	
0:00:00																																																																																																	
0:00:00																																																																																																	
0:00:00																																																																																																	
0:00:00																																																																																																	
0:00:00																																																																																																	
0:00:00																																																																																																	
0:00:00																																																																																																	
0:00:00																																																																																																	
0:00:00																																																																																																	

Results
	1	2	3	4	5	6	7	8	9	10	11	12
A	1.471	1.471	1.477	1.492	1.519	1.534	1.505	1.470	1.497	1.502	1.480	1.463	Max V [600]
	0.938	0.942	0.955	0.951	0.940	0.938	0.943	0.945	0.952	0.953	0.952	0.953	R-Squared [600]
	2:00:35	2:00:35	2:00:35	2:00:35	2:00:35	2:00:35	2:00:35	2:00:35	2:00:35	2:00:35	2:00:35	2:00:35	t at Max V [600]
	?????	?????	?????	?????	?????	?????	?????	?????	?????	?????	?????	?????	Lagtime [600]
B	1.511	1.470	1.454	1.433	1.538	1.537	1.507	1.493	1.462	1.464	1.505	1.484	Max V [600]
	0.937	0.938	0.944	0.952	0.944	0.947	0.944	0.946	0.953	0.953	0.946	0.950	R-Squared [600]
	2:00:35	2:00:35	2:00:35	2:00:35	2:00:35	2:00:35	2:00:35	2:00:35	2:00:35	2:00:35	2:00:35	2:00:35	t at Max V [600]
	?????	?????	?????	?????	?????	?????	?????	?????	?????	?????	?????	?????	Lagtime [600]
C	1.440	1.545	1.505	1.568	1.524	1.534	1.500	1.480	1.476	1.467	1.408	1.452	Max V [600]
	0.950	0.936	0.948	0.935	0.945	0.942	0.941	0.933	0.946	0.949	0.957	0.959	R-Squared [600]
	2:00:35	2:00:35	2:00:35	2:00:35	2:00:35	2:00:35	2:00:35	2:00:35	2:00:35	2:00:35	2:00:35	2:00:35	t at Max V [600]
	?????	?????	?????	?????	?????	?????	?????	?????	?????	?????	?????	?????	Lagtime [600]
D	1.494	1.566	1.657	1.536	1.537	1.527	1.667	1.516	1.510	1.546	1.512	1.456	Max V [600]
	0.942	0.934	0.935	0.938	0.926	0.940	0.903	0.941	0.940	0.933	0.937	0.928	R-Squared [600]
	2:00:35	2:00:35	2:00:35	2:00:35	2:00:35	2:00:35	2:00:35	2:00:35	2:00:35	2:00:35	2:00:35	2:00:35	t at Max V [600]
	?????	?????	?????	?????	?????	?????	?????	?????	?????	?????	?????	?????	Lagtime [600]
E	1.408	1.430	1.557	1.677	1.683	1.481	1.387	1.435	1.466	1.450	1.468	1.433	Max V [600]
	0.952	0.953	0.940	0.917	0.917	0.943	0.950	0.941	0.951	0.954	0.955	0.953	R-Squared [600]
	2:00:35	2:00:35	2:00:35	2:00:35	2:00:35	2:00:35	2:00:35	2:00:35	2:00:35	2:00:35	2:00:35	2:00:35	t at Max V [600]
	?????	?????	?????	?????	?????	?????	?????	?????	?????	?????	?????	?????	Lagtime [600]
F	1.431	1.499	1.506	1.829	2.009	1.563	1.454	1.510	1.483	1.445	1.437	1.417	Max V [600]
	0.959	0.950	0.942	0.710	0.947	0.844	0.954	0.952	0.953	0.958	0.961	0.962	R-Squared [600]
	2:00:35	2:00:35	2:00:35	2:00:35	2:00:35	2:00:35	2:00:35	2:00:35	2:00:35	2:00:35	2:00:35	2:00:35	t at Max V [600]
	?????	?????	?????	?????	?????	?????	?????	?????	?????	?????	?????	?????	Lagtime [600]
G	1.483	1.556	1.477	1.510	1.669	1.557	1.499	1.492	1.542	1.543	1.452	1.445	Max V [600]
	0.935	0.938	0.956	0.949	0.931	0.933	0.937	0.953	0.943	0.948	0.960	0.962	R-Squared [600]
	2:00:35	2:00:35	2:00:35	2:00:35	2:00:35	2:00:35	2:00:35	2:00:35	2:00:35	2:00:35	2:00:35	2:00:35	t at Max V [600]
	?????	?????	?????	?????	?????	?????	?????	?????	?????	?????	?????	?????	Lagtime [600]
H	1.488	1.484	1.557	1.501	1.796	1.491	1.472	1.932	1.736	1.480	1.479	1.444	Max V [600]
	0.947	0.952	0.940	0.909	0.943	0.947	0.942	0.942	0.949	0.919	0.952	0.956	R-Squared [600]
	2:00:35	2:00:35	2:00:35	2:00:35	2:00:35	2:00:35	2:00:35	2:00:35	2:00:35	2:00:35	2:00:35	2:00:35	t at Max V [600]
	?????	?????	?????	?????	?????	?????	?????	?????	?????	?????	?????	?????	Lagtime [600]


