
Software Version	3.11.19



Experiment File Path:	C:\Users\patil-group\Desktop\Sweeteners_stacker\281121_NT5025_77_81_Rep4\NT5025_77_81_Rep4.xpt
Protocol File Path:	C:\Users\Public\Documents\Protocols\Screening-protocol.prt



Plate Number	Plate 16
Date	28/11/2021
Time	13:10:47
Reader Type:	Epoch 2
Reader Serial Number:	2103223
Reading Type	Reader

Procedure Details

Plate Type	96 WELL PLATE
Discontinuous Kinetics	Runtime 1:00:00 (D:HH:MM), Interval 0:01:00, 25 Reads
	Pause after each run
Eject plate on completion	
Shake	Linear: 0:00:30 (HH:MM:SS)
	Frequency: 567 cpm (3 mm)
Read	Absorbance Endpoint
	Full Plate
	Wavelengths:  600
	Read Speed: Normal,  Delay: 100 msec,  Measurements/Data Point: 8

600

Time	T° 600	A1	A2	A3	A4	A5	A6	A7	A8	A9	A10	A11	A12	B1	B2	B3	B4	B5	B6	B7	B8	B9	B10	B11	B12	C1	C2	C3	C4	C5	C6	C7	C8	C9	C10	C11	C12	D1	D2	D3	D4	D5	D6	D7	D8	D9	D10	D11	D12	E1	E2	E3	E4	E5	E6	E7	E8	E9	E10	E11	E12	F1	F2	F3	F4	F5	F6	F7	F8	F9	F10	F11	F12	G1	G2	G3	G4	G5	G6	G7	G8	G9	G10	G11	G12	H1	H2	H3	H4	H5	H6	H7	H8	H9	H10	H11	H12
0:00:34	34.4	0.204	0.205	0.211	0.214	0.215	0.212	0.212	0.218	0.214	0.215	0.217	0.242	0.206	0.206	0.217	0.211	0.207	0.209	0.210	0.213	0.215	0.211	0.212	0.214	0.205	0.200	0.206	0.204	0.207	0.215	0.202	0.209	0.209	0.213	0.211	0.219	0.209	0.211	0.213	0.202	0.204	0.202	0.212	0.197	0.207	0.207	0.202	0.215	0.211	0.209	0.201	0.204	0.201	0.208	0.204	0.201	0.198	0.206	0.219	0.210	0.209	0.206	0.206	0.205	0.205	0.205	0.206	0.219	0.210	0.207	0.215	0.223	0.206	0.203	0.204	0.205	0.209	0.206	0.210	0.212	0.208	0.211	0.218	0.211	0.217	0.208	0.220	0.218	0.215	0.217	0.229	0.213	0.207	0.209	0.213	0.213
1:00:33	34.5	0.323	0.318	0.324	0.322	0.327	0.323	0.322	0.327	0.330	0.330	0.337	0.365	0.319	0.309	0.320	0.309	0.305	0.308	0.303	0.307	0.313	0.310	0.318	0.329	0.311	0.295	0.299	0.293	0.295	0.300	0.282	0.289	0.292	0.305	0.307	0.325	0.314	0.305	0.303	0.289	0.289	0.284	0.288	0.274	0.288	0.292	0.296	0.321	0.310	0.299	0.287	0.285	0.283	0.287	0.276	0.276	0.274	0.290	0.305	0.312	0.315	0.304	0.299	0.290	0.289	0.286	0.287	0.297	0.291	0.294	0.306	0.326	0.311	0.300	0.295	0.292	0.296	0.289	0.299	0.294	0.292	0.305	0.312	0.315	0.333	0.321	0.325	0.317	0.316	0.316	0.321	0.312	0.306	0.308	0.318	0.327
2:00:34	34.5	0.423	0.424	0.441	0.437	0.441	0.441	0.438	0.440	0.447	0.447	0.448	0.471	0.432	0.425	0.435	0.428	0.427	0.433	0.422	0.430	0.435	0.434	0.440	0.440	0.417	0.406	0.416	0.410	0.415	0.421	0.403	0.416	0.414	0.430	0.426	0.436	0.418	0.419	0.426	0.401	0.400	0.405	0.404	0.393	0.412	0.423	0.417	0.434	0.413	0.410	0.404	0.408	0.397	0.399	0.387	0.393	0.399	0.418	0.423	0.427	0.418	0.437	0.414	0.410	0.411	0.409	0.409	0.427	0.425	0.416	0.427	0.443	0.435	0.412	0.413	0.414	0.419	0.414	0.420	0.418	0.417	0.433	0.432	0.432	0.445	0.450	0.451	0.437	0.430	0.449	0.434	0.429	0.423	0.423	0.436	0.435
3:00:35	34.4	0.484	0.487	0.511	0.506	0.509	0.509	0.506	0.509	0.518	0.516	0.513	0.534	0.491	0.484	0.501	0.493	0.496	0.503	0.490	0.499	0.501	0.499	0.505	0.507	0.480	0.467	0.483	0.477	0.483	0.491	0.470	0.484	0.481	0.494	0.490	0.502	0.481	0.481	0.496	0.465	0.463	0.463	0.465	0.456	0.477	0.488	0.481	0.501	0.473	0.470	0.470	0.475	0.461	0.462	0.447	0.454	0.467	0.480	0.486	0.492	0.482	0.488	0.481	0.480	0.479	0.477	0.476	0.496	0.490	0.481	0.490	0.508	0.483	0.476	0.479	0.481	0.488	0.480	0.487	0.485	0.484	0.500	0.497	0.501	0.505	0.507	0.518	0.505	0.494	0.512	0.499	0.496	0.488	0.488	0.503	0.500
4:00:36	34.4	0.520	0.523	0.551	0.545	0.547	0.548	0.544	0.547	0.557	0.555	0.552	0.572	0.522	0.517	0.541	0.534	0.537	0.546	0.531	0.539	0.542	0.538	0.544	0.545	0.517	0.504	0.525	0.519	0.526	0.535	0.513	0.528	0.523	0.533	0.528	0.540	0.519	0.521	0.540	0.506	0.502	0.501	0.504	0.495	0.518	0.530	0.521	0.539	0.510	0.507	0.513	0.520	0.503	0.503	0.488	0.495	0.512	0.521	0.525	0.529	0.519	0.520	0.524	0.525	0.524	0.523	0.523	0.542	0.534	0.524	0.530	0.545	0.512	0.514	0.519	0.524	0.531	0.523	0.530	0.527	0.527	0.541	0.536	0.539	0.543	0.542	0.558	0.548	0.534	0.553	0.538	0.536	0.526	0.527	0.541	0.537
5:00:36	34.4	0.554	0.557	0.583	0.577	0.581	0.583	0.579	0.580	0.592	0.588	0.587	0.606	0.552	0.546	0.574	0.566	0.571	0.580	0.563	0.572	0.575	0.571	0.578	0.579	0.549	0.537	0.556	0.551	0.558	0.566	0.543	0.559	0.554	0.564	0.561	0.573	0.552	0.553	0.573	0.537	0.533	0.530	0.532	0.526	0.548	0.561	0.553	0.573	0.542	0.538	0.545	0.551	0.533	0.533	0.516	0.524	0.542	0.552	0.554	0.560	0.552	0.549	0.556	0.557	0.557	0.555	0.554	0.572	0.564	0.555	0.560	0.578	0.542	0.546	0.550	0.555	0.563	0.554	0.561	0.557	0.558	0.572	0.568	0.571	0.580	0.577	0.594	0.583	0.570	0.588	0.569	0.568	0.559	0.559	0.574	0.571
6:00:37	34.4	0.595	0.596	0.618	0.612	0.619	0.620	0.615	0.618	0.630	0.626	0.623	0.642	0.585	0.577	0.609	0.602	0.607	0.616	0.598	0.606	0.609	0.606	0.615	0.617	0.587	0.571	0.591	0.585	0.592	0.600	0.575	0.593	0.587	0.597	0.595	0.609	0.590	0.587	0.607	0.570	0.565	0.561	0.563	0.557	0.581	0.593	0.588	0.609	0.578	0.571	0.580	0.585	0.565	0.564	0.544	0.553	0.573	0.585	0.586	0.594	0.591	0.583	0.590	0.590	0.589	0.587	0.587	0.604	0.595	0.587	0.594	0.611	0.580	0.582	0.583	0.588	0.596	0.587	0.594	0.589	0.590	0.606	0.600	0.605	0.627	0.622	0.638	0.624	0.610	0.628	0.603	0.602	0.593	0.594	0.611	0.609
7:00:37	34.4	0.642	0.642	0.659	0.652	0.662	0.663	0.658	0.660	0.673	0.669	0.664	0.682	0.625	0.616	0.650	0.643	0.649	0.659	0.638	0.647	0.651	0.648	0.657	0.660	0.632	0.614	0.631	0.623	0.630	0.638	0.612	0.629	0.625	0.636	0.637	0.652	0.635	0.629	0.645	0.608	0.602	0.597	0.599	0.593	0.618	0.631	0.628	0.650	0.622	0.612	0.621	0.623	0.601	0.600	0.575	0.585	0.609	0.623	0.623	0.633	0.634	0.625	0.630	0.629	0.625	0.623	0.623	0.639	0.631	0.624	0.631	0.651	0.627	0.625	0.624	0.626	0.633	0.623	0.632	0.625	0.627	0.645	0.641	0.644	0.683	0.675	0.692	0.676	0.661	0.678	0.642	0.641	0.634	0.636	0.653	0.652
8:00:37	34.4	0.684	0.685	0.699	0.691	0.702	0.704	0.698	0.700	0.715	0.710	0.704	0.721	0.665	0.656	0.692	0.684	0.691	0.701	0.678	0.689	0.691	0.688	0.698	0.699	0.675	0.658	0.672	0.665	0.672	0.680	0.654	0.671	0.666	0.677	0.678	0.692	0.680	0.673	0.688	0.649	0.644	0.638	0.639	0.635	0.659	0.673	0.670	0.690	0.665	0.656	0.664	0.666	0.642	0.641	0.607	0.618	0.650	0.664	0.662	0.672	0.679	0.671	0.673	0.671	0.667	0.664	0.664	0.680	0.673	0.666	0.671	0.689	0.672	0.669	0.669	0.668	0.676	0.664	0.675	0.665	0.668	0.687	0.678	0.682	0.744	0.733	0.749	0.730	0.713	0.732	0.682	0.683	0.675	0.675	0.694	0.691
9:00:38	34.3	0.717	0.723	0.733	0.725	0.739	0.741	0.734	0.736	0.752	0.746	0.743	0.758	0.707	0.696	0.728	0.722	0.729	0.741	0.716	0.727	0.730	0.725	0.736	0.736	0.715	0.699	0.711	0.703	0.710	0.717	0.690	0.709	0.703	0.715	0.715	0.729	0.721	0.713	0.726	0.686	0.681	0.674	0.674	0.671	0.696	0.710	0.707	0.727	0.706	0.697	0.702	0.705	0.679	0.678	0.636	0.647	0.686	0.701	0.697	0.708	0.721	0.712	0.711	0.709	0.704	0.701	0.701	0.717	0.710	0.702	0.707	0.724	0.708	0.711	0.709	0.705	0.712	0.701	0.712	0.702	0.704	0.725	0.713	0.716	0.769	0.766	0.789	0.777	0.756	0.782	0.719	0.721	0.713	0.713	0.732	0.728
10:00:38	34.3	0.735	0.741	0.753	0.748	0.762	0.763	0.758	0.758	0.773	0.768	0.771	0.783	0.732	0.727	0.757	0.751	0.758	0.769	0.747	0.758	0.760	0.754	0.761	0.757	0.734	0.723	0.744	0.737	0.745	0.753	0.724	0.743	0.736	0.748	0.744	0.751	0.740	0.742	0.760	0.722	0.716	0.709	0.710	0.707	0.731	0.745	0.740	0.753	0.726	0.725	0.731	0.738	0.714	0.711	0.662	0.675	0.720	0.736	0.728	0.734	0.740	0.736	0.744	0.745	0.739	0.736	0.736	0.752	0.744	0.737	0.738	0.750	0.723	0.735	0.740	0.739	0.747	0.735	0.746	0.735	0.738	0.758	0.740	0.741	0.792	0.788	0.811	0.800	0.779	0.804	0.747	0.750	0.741	0.740	0.754	0.749
20:00:34	33.8	0.928	0.947	0.924	0.921	0.951	0.946	0.931	0.937	0.955	0.962	0.957	0.959	0.938	0.941	0.968	0.963	0.990	1.000	0.950	0.968	0.971	0.959	0.965	0.937	0.940	0.957	0.973	0.966	0.997	1.004	0.936	0.959	0.950	0.994	0.972	0.932	0.947	0.986	1.002	0.963	0.991	0.990	0.960	0.946	0.970	0.984	0.966	0.946	0.933	0.969	0.943	0.979	0.986	0.966	0.881	0.885	0.951	0.984	0.919	0.901	0.944	0.996	0.973	0.986	0.963	0.955	0.964	0.984	0.975	0.954	0.923	0.934	0.971	0.952	0.997	0.969	0.983	0.947	0.986	0.958	0.965	0.991	0.897	0.895	1.070	1.075	1.124	1.069	1.055	1.101	0.945	0.959	0.928	0.929	0.944	0.929
21:00:33	34.5	0.923	0.930	0.910	0.910	0.940	0.935	0.928	0.930	0.946	0.945	0.951	0.953	0.923	0.919	0.935	0.933	0.943	0.949	0.922	0.938	0.939	0.932	0.943	0.933	0.925	0.912	0.928	0.924	0.930	0.935	0.905	0.919	0.914	0.930	0.931	0.929	0.931	0.932	0.942	0.908	0.909	0.896	0.898	0.896	0.917	0.927	0.927	0.933	0.914	0.913	0.913	0.919	0.907	0.903	0.825	0.843	0.901	0.919	0.895	0.898	0.932	0.917	0.934	0.931	0.921	0.918	0.919	0.935	0.924	0.920	0.908	0.918	0.910	0.924	0.933	0.921	0.930	0.914	0.934	0.920	0.920	0.937	0.891	0.895	1.015	1.007	1.032	1.017	0.998	1.019	0.928	0.936	0.921	0.921	0.934	0.928
22:00:34	34.2	0.938	0.943	0.921	0.920	0.952	0.947	0.940	0.942	0.958	0.956	0.962	0.965	0.936	0.932	0.946	0.944	0.953	0.961	0.930	0.948	0.951	0.943	0.953	0.945	0.940	0.925	0.939	0.934	0.940	0.946	0.914	0.929	0.926	0.942	0.942	0.940	0.943	0.941	0.951	0.919	0.921	0.905	0.907	0.905	0.926	0.937	0.938	0.944	0.926	0.925	0.923	0.928	0.917	0.911	0.836	0.853	0.912	0.930	0.905	0.908	0.945	0.933	0.945	0.940	0.932	0.928	0.929	0.944	0.933	0.931	0.920	0.927	0.921	0.936	0.943	0.932	0.939	0.926	0.944	0.931	0.930	0.946	0.900	0.906	1.028	1.020	1.043	1.029	1.010	1.030	0.940	0.947	0.932	0.933	0.945	0.940

0:00:00																																																																																																	
0:00:00																																																																																																	
0:00:00																																																																																																	
0:00:00																																																																																																	
0:00:00																																																																																																	
0:00:00																																																																																																	
0:00:00																																																																																																	
0:00:00																																																																																																	
0:00:00																																																																																																	
0:00:00																																																																																																	
0:00:00																																																																																																	
0:00:00																																																																																																	
0:00:00																																																																																																	
0:00:00																																																																																																	

Results
	1	2	3	4	5	6	7	8	9	10	11	12
A	1.323	1.343	1.443	1.411	1.411	1.433	1.413	1.400	1.457	1.444	1.411	1.380	Max V [600]
	0.954	0.958	0.963	0.964	0.962	0.963	0.963	0.963	0.962	0.961	0.958	0.955	R-Squared [600]
	2:00:35	2:00:35	2:00:35	2:00:35	2:00:35	2:00:35	2:00:35	2:00:35	2:00:35	2:00:35	2:00:35	2:00:35	t at Max V [600]
	?????	?????	?????	?????	?????	?????	?????	?????	?????	?????	?????	?????	Lagtime [600]
B	1.339	1.327	1.381	1.382	1.419	1.447	1.380	1.407	1.402	1.404	1.422	1.399	Max V [600]
	0.948	0.953	0.965	0.967	0.968	0.969	0.969	0.968	0.966	0.964	0.962	0.960	R-Squared [600]
	2:00:35	2:00:35	2:00:35	2:00:35	2:00:35	2:00:35	2:00:35	2:00:35	2:00:35	2:00:35	2:00:35	2:00:35	t at Max V [600]
	?????	?????	?????	?????	?????	?????	?????	?????	?????	?????	?????	?????	Lagtime [600]
C	1.322	1.302	1.369	1.359	1.376	1.385	1.347	1.389	1.360	1.379	1.362	1.365	Max V [600]
	0.962	0.965	0.970	0.972	0.972	0.974	0.973	0.972	0.971	0.963	0.965	0.964	R-Squared [600]
	2:00:35	2:00:35	2:00:35	2:00:35	2:00:35	2:00:35	2:00:35	2:00:35	2:00:35	2:00:35	2:00:35	2:00:35	t at Max V [600]
	?????	?????	?????	?????	?????	?????	?????	?????	?????	?????	?????	?????	Lagtime [600]
D	1.314	1.326	1.412	1.306	1.284	1.296	1.266	1.298	1.352	1.403	1.371	1.380	Max V [600]
	0.964	0.968	0.973	0.972	0.971	0.965	0.970	0.969	0.969	0.966	0.966	0.964	R-Squared [600]
	2:00:35	2:00:35	2:00:35	2:00:35	2:00:35	2:00:35	2:00:35	2:00:35	2:00:35	2:00:35	2:00:35	2:00:35	t at Max V [600]
	?????	?????	?????	?????	?????	?????	?????	?????	?????	?????	?????	?????	Lagtime [600]
E	1.268	1.281	1.347	1.367	1.305	1.274	1.231	1.276	1.368	1.367	1.323	1.365	Max V [600]
	0.964	0.966	0.974	0.974	0.973	0.974	0.973	0.971	0.974	0.965	0.967	0.963	R-Squared [600]
	2:00:35	2:00:35	2:00:35	2:00:35	2:00:35	2:00:35	2:00:35	2:00:35	2:00:35	2:00:35	2:00:35	2:00:35	t at Max V [600]
	?????	?????	?????	?????	?????	?????	?????	?????	?????	?????	?????	?????	Lagtime [600]
F	1.311	1.351	1.364	1.380	1.379	1.379	1.372	1.408	1.410	1.369	1.356	1.377	Max V [600]
	0.964	0.942	0.972	0.975	0.974	0.974	0.975	0.973	0.967	0.970	0.966	0.962	R-Squared [600]
	2:00:35	2:00:35	2:00:35	2:00:35	2:00:35	2:00:35	2:00:35	2:00:35	2:00:35	2:00:35	2:00:35	2:00:35	t at Max V [600]
	?????	?????	?????	?????	?????	?????	?????	?????	?????	?????	?????	?????	Lagtime [600]
G	1.307	1.327	1.357	1.380	1.393	1.376	1.380	1.368	1.381	1.424	1.371	1.402	Max V [600]
	0.936	0.966	0.969	0.971	0.972	0.971	0.971	0.970	0.971	0.965	0.966	0.965	R-Squared [600]
	2:00:35	2:00:35	2:00:35	2:00:35	2:00:35	2:00:35	2:00:35	2:00:35	2:00:35	2:00:35	2:00:35	2:00:35	t at Max V [600]
	?????	?????	?????	?????	?????	?????	?????	?????	?????	?????	?????	?????	Lagtime [600]
H	1.374	1.427	1.447	1.412	1.359	1.448	1.325	1.383	1.368	1.362	1.401	1.369	Max V [600]
	0.955	0.947	0.962	0.969	0.966	0.961	0.969	0.967	0.965	0.965	0.963	0.959	R-Squared [600]
	2:00:35	2:00:35	2:00:35	2:00:35	2:00:35	2:00:35	2:00:35	2:00:35	2:00:35	2:00:35	2:00:35	2:00:35	t at Max V [600]
	?????	?????	?????	?????	?????	?????	?????	?????	?????	?????	?????	?????	Lagtime [600]

