
Software Version	3.11.19



Experiment File Path:	C:\Users\patil-group\Desktop\Sweeteners_stacker\281121_NT5025_77_81_Rep4\NT5025_77_81_Rep4.xpt
Protocol File Path:	C:\Users\Public\Documents\Protocols\Screening-protocol.prt



Plate Number	Plate 17
Date	28/11/2021
Time	13:12:38
Reader Type:	Epoch 2
Reader Serial Number:	2103223
Reading Type	Reader

Procedure Details

Plate Type	96 WELL PLATE
Discontinuous Kinetics	Runtime 1:00:00 (D:HH:MM), Interval 0:01:00, 25 Reads
	Pause after each run
Eject plate on completion	
Shake	Linear: 0:00:30 (HH:MM:SS)
	Frequency: 567 cpm (3 mm)
Read	Absorbance Endpoint
	Full Plate
	Wavelengths:  600
	Read Speed: Normal,  Delay: 100 msec,  Measurements/Data Point: 8

600

Time	T° 600	A1	A2	A3	A4	A5	A6	A7	A8	A9	A10	A11	A12	B1	B2	B3	B4	B5	B6	B7	B8	B9	B10	B11	B12	C1	C2	C3	C4	C5	C6	C7	C8	C9	C10	C11	C12	D1	D2	D3	D4	D5	D6	D7	D8	D9	D10	D11	D12	E1	E2	E3	E4	E5	E6	E7	E8	E9	E10	E11	E12	F1	F2	F3	F4	F5	F6	F7	F8	F9	F10	F11	F12	G1	G2	G3	G4	G5	G6	G7	G8	G9	G10	G11	G12	H1	H2	H3	H4	H5	H6	H7	H8	H9	H10	H11	H12
0:00:34	34.3	0.220	0.213	0.227	0.207	0.218	0.222	0.211	0.205	0.214	0.217	0.225	0.217	0.209	0.209	0.209	0.212	0.217	0.226	0.214	0.219	0.212	0.210	0.216	0.217	0.211	0.210	0.215	0.206	0.213	0.216	0.210	0.217	0.203	0.210	0.211	0.237	0.215	0.202	0.210	0.192	0.205	0.206	0.200	0.196	0.195	0.199	0.204	0.217	0.213	0.210	0.194	0.211	0.201	0.196	0.207	0.192	0.205	0.207	0.213	0.210	0.212	0.205	0.207	0.207	0.212	0.203	0.202	0.214	0.207	0.210	0.211	0.213	0.210	0.217	0.207	0.210	0.220	0.207	0.210	0.208	0.229	0.205	0.218	0.202	0.223	0.207	0.207	0.210	0.215	0.210	0.215	0.212	0.225	0.218	0.213	0.211
1:00:32	34.5	0.372	0.336	0.366	0.329	0.353	0.344	0.334	0.328	0.346	0.342	0.345	0.343	0.329	0.346	0.326	0.340	0.334	0.342	0.326	0.327	0.318	0.317	0.329	0.337	0.343	0.325	0.328	0.327	0.325	0.329	0.315	0.320	0.313	0.314	0.320	0.349	0.335	0.302	0.319	0.291	0.292	0.299	0.286	0.281	0.291	0.296	0.303	0.327	0.323	0.318	0.283	0.308	0.292	0.277	0.307	0.269	0.300	0.301	0.307	0.317	0.323	0.307	0.310	0.316	0.319	0.312	0.288	0.313	0.300	0.302	0.307	0.325	0.323	0.342	0.327	0.308	0.329	0.309	0.298	0.304	0.329	0.302	0.324	0.309	0.351	0.334	0.329	0.324	0.321	0.310	0.315	0.314	0.328	0.324	0.323	0.340
2:00:33	34.5	0.500	0.454	0.502	0.455	0.484	0.461	0.457	0.453	0.477	0.453	0.456	0.453	0.475	0.510	0.472	0.507	0.480	0.500	0.468	0.470	0.462	0.453	0.454	0.457	0.488	0.472	0.482	0.492	0.486	0.497	0.480	0.488	0.469	0.448	0.450	0.462	0.460	0.445	0.477	0.436	0.437	0.449	0.422	0.412	0.441	0.433	0.431	0.450	0.446	0.456	0.431	0.455	0.440	0.403	0.448	0.388	0.442	0.435	0.435	0.436	0.445	0.437	0.446	0.472	0.467	0.467	0.419	0.454	0.436	0.446	0.436	0.440	0.447	0.489	0.479	0.462	0.467	0.447	0.428	0.446	0.460	0.435	0.441	0.398	0.464	0.460	0.457	0.447	0.446	0.434	0.456	0.445	0.454	0.460	0.444	0.460
3:00:34	34.4	0.549	0.514	0.548	0.516	0.538	0.519	0.517	0.513	0.531	0.512	0.514	0.515	0.527	0.556	0.527	0.551	0.538	0.550	0.524	0.525	0.520	0.513	0.519	0.520	0.538	0.526	0.534	0.539	0.537	0.549	0.528	0.542	0.521	0.507	0.510	0.525	0.517	0.499	0.526	0.478	0.490	0.496	0.477	0.466	0.487	0.492	0.492	0.513	0.505	0.511	0.487	0.511	0.490	0.458	0.493	0.444	0.498	0.493	0.496	0.501	0.509	0.498	0.505	0.524	0.522	0.512	0.480	0.513	0.493	0.486	0.503	0.505	0.509	0.539	0.527	0.516	0.523	0.502	0.490	0.501	0.519	0.496	0.507	0.456	0.526	0.515	0.512	0.505	0.511	0.499	0.512	0.508	0.518	0.518	0.509	0.519
4:00:35	34.4	0.579	0.552	0.575	0.551	0.571	0.555	0.555	0.550	0.563	0.552	0.552	0.556	0.559	0.579	0.560	0.576	0.575	0.584	0.560	0.560	0.559	0.550	0.559	0.557	0.566	0.560	0.566	0.569	0.571	0.577	0.556	0.574	0.555	0.546	0.549	0.563	0.554	0.535	0.558	0.505	0.524	0.526	0.513	0.503	0.520	0.531	0.531	0.551	0.541	0.546	0.524	0.547	0.525	0.496	0.524	0.483	0.534	0.531	0.534	0.540	0.547	0.538	0.544	0.553	0.559	0.542	0.521	0.552	0.532	0.529	0.543	0.546	0.546	0.568	0.557	0.551	0.561	0.540	0.531	0.538	0.559	0.536	0.547	0.492	0.564	0.549	0.544	0.541	0.553	0.540	0.546	0.546	0.558	0.556	0.549	0.555
5:00:35	34.4	0.615	0.591	0.607	0.586	0.606	0.592	0.592	0.587	0.598	0.590	0.589	0.594	0.593	0.606	0.593	0.603	0.609	0.615	0.593	0.593	0.593	0.586	0.597	0.594	0.596	0.592	0.597	0.599	0.601	0.605	0.584	0.600	0.587	0.580	0.584	0.600	0.590	0.567	0.588	0.532	0.554	0.554	0.545	0.536	0.549	0.564	0.564	0.586	0.576	0.578	0.555	0.577	0.556	0.527	0.552	0.514	0.563	0.564	0.566	0.575	0.584	0.572	0.577	0.582	0.587	0.571	0.555	0.585	0.564	0.563	0.578	0.582	0.581	0.599	0.587	0.582	0.593	0.572	0.565	0.570	0.592	0.570	0.583	0.528	0.601	0.584	0.578	0.574	0.591	0.577	0.578	0.581	0.592	0.590	0.586	0.591
6:00:36	34.4	0.661	0.636	0.650	0.630	0.652	0.639	0.640	0.634	0.645	0.638	0.630	0.638	0.632	0.645	0.636	0.641	0.652	0.656	0.635	0.633	0.635	0.630	0.643	0.639	0.640	0.632	0.636	0.637	0.639	0.641	0.622	0.637	0.626	0.621	0.627	0.643	0.633	0.605	0.625	0.568	0.590	0.594	0.582	0.574	0.588	0.601	0.604	0.628	0.620	0.617	0.594	0.616	0.593	0.564	0.587	0.550	0.598	0.601	0.603	0.616	0.628	0.613	0.618	0.625	0.622	0.610	0.592	0.622	0.601	0.600	0.617	0.626	0.626	0.641	0.626	0.622	0.633	0.611	0.603	0.608	0.632	0.610	0.624	0.569	0.648	0.628	0.619	0.617	0.635	0.619	0.622	0.622	0.634	0.632	0.631	0.638
7:00:36	34.4	0.720	0.691	0.704	0.684	0.708	0.693	0.696	0.689	0.701	0.694	0.680	0.689	0.678	0.689	0.689	0.691	0.707	0.708	0.686	0.684	0.687	0.683	0.700	0.692	0.692	0.683	0.684	0.684	0.688	0.689	0.669	0.685	0.679	0.675	0.680	0.694	0.687	0.651	0.672	0.610	0.635	0.639	0.629	0.621	0.636	0.648	0.652	0.679	0.671	0.668	0.644	0.664	0.638	0.610	0.628	0.593	0.643	0.647	0.649	0.668	0.682	0.663	0.669	0.672	0.669	0.655	0.639	0.668	0.648	0.647	0.666	0.679	0.681	0.694	0.677	0.670	0.683	0.662	0.651	0.655	0.681	0.660	0.675	0.618	0.704	0.681	0.672	0.667	0.689	0.670	0.676	0.673	0.685	0.686	0.685	0.693
8:00:36	34.4	0.777	0.748	0.758	0.740	0.766	0.750	0.753	0.747	0.761	0.752	0.732	0.742	0.726	0.736	0.745	0.742	0.763	0.763	0.740	0.738	0.741	0.737	0.758	0.748	0.745	0.736	0.738	0.735	0.741	0.742	0.723	0.738	0.731	0.733	0.736	0.747	0.741	0.704	0.725	0.659	0.689	0.690	0.680	0.672	0.688	0.699	0.704	0.732	0.727	0.721	0.699	0.718	0.689	0.661	0.677	0.639	0.693	0.695	0.701	0.722	0.737	0.717	0.724	0.725	0.724	0.706	0.693	0.720	0.698	0.698	0.719	0.733	0.738	0.751	0.731	0.724	0.737	0.716	0.705	0.706	0.736	0.713	0.728	0.667	0.761	0.736	0.726	0.720	0.745	0.725	0.732	0.728	0.740	0.741	0.741	0.749
9:00:37	34.3	0.797	0.776	0.782	0.768	0.796	0.779	0.781	0.777	0.787	0.779	0.771	0.779	0.775	0.788	0.788	0.784	0.805	0.803	0.786	0.783	0.787	0.779	0.795	0.775	0.779	0.783	0.788	0.789	0.796	0.792	0.775	0.792	0.782	0.785	0.779	0.780	0.782	0.756	0.777	0.712	0.740	0.744	0.734	0.725	0.741	0.750	0.753	0.772	0.767	0.772	0.745	0.766	0.743	0.714	0.721	0.685	0.745	0.747	0.751	0.761	0.778	0.768	0.775	0.779	0.778	0.758	0.747	0.773	0.751	0.749	0.767	0.771	0.773	0.795	0.780	0.778	0.790	0.769	0.760	0.759	0.785	0.763	0.770	0.694	0.789	0.771	0.764	0.758	0.787	0.769	0.775	0.773	0.784	0.780	0.777	0.777
10:00:37	34.3	0.819	0.799	0.801	0.788	0.819	0.802	0.805	0.800	0.811	0.803	0.795	0.803	0.796	0.809	0.808	0.802	0.826	0.823	0.806	0.804	0.809	0.801	0.817	0.798	0.798	0.804	0.811	0.809	0.818	0.817	0.795	0.814	0.805	0.805	0.801	0.802	0.803	0.777	0.799	0.732	0.765	0.769	0.758	0.749	0.766	0.772	0.772	0.794	0.789	0.795	0.764	0.785	0.767	0.738	0.747	0.710	0.772	0.770	0.771	0.783	0.801	0.790	0.798	0.801	0.802	0.783	0.773	0.799	0.775	0.772	0.789	0.793	0.795	0.815	0.802	0.802	0.813	0.790	0.787	0.784	0.807	0.786	0.790	0.717	0.814	0.793	0.787	0.781	0.810	0.792	0.796	0.795	0.806	0.802	0.799	0.800
20:00:34	33.9	1.065	1.042	1.070	1.050	1.105	1.074	1.071	1.079	1.096	1.078	1.045	1.052	1.051	1.130	1.158	1.147	1.179	1.152	1.119	1.102	1.116	1.086	1.103	1.032	1.065	1.124	1.159	1.167	1.173	1.195	1.128	1.160	1.160	1.129	1.105	1.032	1.078	1.081	1.159	1.047	1.091	1.132	1.101	1.084	1.164	1.067	1.045	1.050	1.068	1.113	1.076	1.089	1.120	1.068	1.065	1.037	1.115	1.065	1.052	1.037	1.101	1.099	1.117	1.138	1.135	1.095	1.088	1.121	1.083	1.066	1.071	1.037	1.080	1.083	1.138	1.127	1.129	1.076	1.086	1.078	1.108	1.074	1.034	0.914	1.086	1.085	1.061	1.053	1.110	1.081	1.087	1.079	1.089	1.096	1.069	1.075
21:00:33	34.5	1.028	1.016	0.995	0.995	1.037	1.018	1.025	1.018	1.024	1.021	1.015	1.021	1.010	1.024	1.033	1.019	1.049	1.040	1.023	1.020	1.028	1.018	1.032	1.015	1.007	1.021	1.035	1.036	1.044	1.044	1.015	1.038	1.032	1.029	1.015	1.016	1.024	0.999	1.025	0.959	0.991	0.999	0.998	0.984	1.005	0.992	0.994	1.012	1.004	1.022	0.980	0.998	1.004	0.969	0.954	0.926	1.000	0.991	0.989	0.999	1.021	1.010	1.024	1.028	1.029	0.999	1.002	1.019	0.998	0.997	1.006	1.006	1.009	1.013	1.021	1.022	1.030	1.003	1.008	0.998	1.024	1.004	0.994	0.920	1.036	1.013	1.007	1.001	1.034	1.014	1.012	1.013	1.023	1.020	1.014	1.016
22:00:34	34.2	1.040	1.029	1.002	1.004	1.044	1.030	1.034	1.030	1.030	1.034	1.028	1.035	1.025	1.028	1.032	1.020	1.045	1.040	1.025	1.026	1.033	1.026	1.043	1.029	1.019	1.024	1.034	1.032	1.039	1.036	1.016	1.034	1.028	1.030	1.026	1.029	1.036	1.007	1.025	0.968	0.996	0.997	0.998	0.988	0.998	1.003	1.005	1.027	1.017	1.024	0.984	1.005	1.002	0.973	0.957	0.935	1.001	1.000	0.998	1.011	1.034	1.021	1.029	1.026	1.029	1.003	1.005	1.023	1.006	1.005	1.015	1.019	1.022	1.025	1.023	1.025	1.033	1.012	1.014	1.005	1.031	1.012	1.006	0.936	1.048	1.026	1.020	1.015	1.045	1.026	1.025	1.027	1.036	1.031	1.027	1.028

0:00:00																																																																																																	
0:00:00																																																																																																	
0:00:00																																																																																																	
0:00:00																																																																																																	
0:00:00																																																																																																	
0:00:00																																																																																																	
0:00:00																																																																																																	
0:00:00																																																																																																	
0:00:00																																																																																																	
0:00:00																																																																																																	
0:00:00																																																																																																	
0:00:00																																																																																																	
0:00:00																																																																																																	
0:00:00																																																																																																	

Results
	1	2	3	4	5	6	7	8	9	10	11	12
A	1.490	1.427	1.464	1.457	1.482	1.403	1.454	1.455	1.471	1.399	1.373	1.417	Max V [600]
	0.913	0.951	0.912	0.946	0.930	0.947	0.949	0.948	0.931	0.951	0.951	0.954	R-Squared [600]
	2:00:35	2:00:35	2:00:35	2:00:35	2:00:35	2:00:35	2:00:35	2:00:35	2:00:35	2:00:35	2:00:35	2:00:35	t at Max V [600]
	?????	?????	?????	?????	?????	?????	?????	?????	?????	?????	?????	?????	Lagtime [600]
B	1.497	1.582	1.505	1.565	1.534	1.540	1.483	1.467	1.493	1.459	1.461	1.437	Max V [600]
	0.932	0.903	0.936	0.906	0.943	0.930	0.943	0.942	0.949	0.951	0.958	0.953	R-Squared [600]
	2:00:35	2:00:35	2:00:35	2:00:35	2:00:35	2:00:35	2:00:35	2:00:35	2:00:35	2:00:35	2:00:35	2:00:35	t at Max V [600]
	?????	?????	?????	?????	?????	?????	?????	?????	?????	?????	?????	?????	Lagtime [600]
C	1.508	1.502	1.513	1.564	1.546	1.570	1.509	1.560	1.522	1.443	1.443	1.380	Max V [600]
	0.920	0.937	0.931	0.918	0.930	0.922	0.922	0.930	0.934	0.955	0.954	0.959	R-Squared [600]
	2:00:35	2:00:35	2:00:35	2:00:35	2:00:35	2:00:35	2:00:35	2:00:35	2:00:35	2:00:35	2:00:35	2:00:35	t at Max V [600]
	?????	?????	?????	?????	?????	?????	?????	?????	?????	?????	?????	?????	Lagtime [600]
D	1.434	1.438	1.505	1.356	1.393	1.393	1.361	1.335	1.408	1.434	1.404	1.422	Max V [600]
	0.948	0.945	0.929	0.924	0.945	0.932	0.952	0.955	0.933	0.955	0.959	0.957	R-Squared [600]
	2:00:35	2:00:35	2:00:35	2:00:35	2:00:35	2:00:35	2:00:35	2:00:35	2:00:35	2:00:35	2:00:35	2:00:35	t at Max V [600]
	?????	?????	?????	?????	?????	?????	?????	?????	?????	?????	?????	?????	Lagtime [600]
E	1.396	1.440	1.442	1.457	1.412	1.301	1.367	1.263	1.424	1.399	1.386	1.405	Max V [600]
	0.953	0.945	0.948	0.946	0.942	0.960	0.932	0.965	0.948	0.956	0.960	0.962	R-Squared [600]
	2:00:35	2:00:35	2:00:35	2:00:35	2:00:35	2:00:35	2:00:35	2:00:35	2:00:35	2:00:35	2:00:35	2:00:35	t at Max V [600]
	?????	?????	?????	?????	?????	?????	?????	?????	?????	?????	?????	?????	Lagtime [600]
F	1.426	1.425	1.446	1.501	1.494	1.462	1.381	1.457	1.402	1.371	1.432	1.410	Max V [600]
	0.957	0.958	0.954	0.929	0.944	0.923	0.963	0.953	0.955	0.943	0.965	0.962	R-Squared [600]
	2:00:35	2:00:35	2:00:35	2:00:35	2:00:35	2:00:35	2:00:35	2:00:35	2:00:35	2:00:35	2:00:35	2:00:35	t at Max V [600]
	?????	?????	?????	?????	?????	?????	?????	?????	?????	?????	?????	?????	Lagtime [600]
G	1.431	1.496	1.503	1.484	1.458	1.430	1.389	1.426	1.417	1.429	1.403	1.212	Max V [600]
	0.953	0.924	0.923	0.941	0.947	0.948	0.964	0.948	0.957	0.959	0.964	0.960	R-Squared [600]
	2:00:35	2:00:35	2:00:35	2:00:35	2:00:35	2:00:35	2:00:35	2:00:35	2:00:35	2:00:35	2:00:35	2:00:35	t at Max V [600]
	?????	?????	?????	?????	?????	?????	?????	?????	?????	?????	?????	?????	Lagtime [600]
H	1.427	1.439	1.429	1.404	1.443	1.414	1.433	1.437	1.426	1.448	1.431	1.444	Max V [600]
	0.950	0.938	0.938	0.949	0.963	0.965	0.945	0.957	0.961	0.950	0.962	0.944	R-Squared [600]
	2:00:35	2:00:35	2:00:35	2:00:35	2:00:35	2:00:35	2:00:35	2:00:35	2:00:35	2:00:35	2:00:35	2:00:35	t at Max V [600]
	?????	?????	?????	?????	?????	?????	?????	?????	?????	?????	?????	?????	Lagtime [600]


