

Software Version	3.11.19



Experiment File Path:	C:\Users\patil-group\Desktop\Sweeteners_stacker\101221_NT5021_45_69_Rep2\NT5021_45_69_Rep2.xpt
Protocol File Path:	C:\Users\Public\Documents\Protocols\Screening-protocol.prt



Plate Number	Plate 1
Date	10/12/2021
Time	13:51:23
Reader Type:	Epoch 2
Reader Serial Number:	2103223
Reading Type	Reader

Procedure Details

Plate Type	96 WELL PLATE
Discontinuous Kinetics	Runtime 1:00:00 (D:HH:MM), Interval 0:01:00, 25 Reads
	Pause after each run
Eject plate on completion	
Shake	Linear: 0:00:30 (HH:MM:SS)
	Frequency: 567 cpm (3 mm)
Read	Absorbance Endpoint
	Full Plate
	Wavelengths:  600
	Read Speed: Normal,  Delay: 100 msec,  Measurements/Data Point: 8

600

Time	T° 600	A1	A2	A3	A4	A5	A6	A7	A8	A9	A10	A11	A12	B1	B2	B3	B4	B5	B6	B7	B8	B9	B10	B11	B12	C1	C2	C3	C4	C5	C6	C7	C8	C9	C10	C11	C12	D1	D2	D3	D4	D5	D6	D7	D8	D9	D10	D11	D12	E1	E2	E3	E4	E5	E6	E7	E8	E9	E10	E11	E12	F1	F2	F3	F4	F5	F6	F7	F8	F9	F10	F11	F12	G1	G2	G3	G4	G5	G6	G7	G8	G9	G10	G11	G12	H1	H2	H3	H4	H5	H6	H7	H8	H9	H10	H11	H12
0:00:34	34.5	0.242	0.230	0.215	0.178	0.182	0.181	0.188	0.178	0.178	0.184	0.210	0.247	0.249	0.235	0.220	0.213	0.212	0.221	0.224	0.220	0.194	0.230	0.239	0.245	0.241	0.235	0.222	0.222	0.218	0.217	0.232	0.229	0.233	0.241	0.247	0.247	0.243	0.237	0.231	0.233	0.232	0.218	0.231	0.238	0.240	0.252	0.245	0.233	0.236	0.231	0.231	0.231	0.230	0.226	0.232	0.247	0.235	0.242	0.242	0.237	0.241	0.228	0.234	0.229	0.243	0.231	0.222	0.229	0.264	0.235	0.247	0.283	0.237	0.237	0.234	0.235	0.232	0.234	0.231	0.238	0.261	0.240	0.248	0.248	0.247	0.227	0.229	0.233	0.220	0.231	0.217	0.238	0.235	0.241	0.241	0.278
1:00:34	34.6	0.179	0.174	0.178	0.182	0.184	0.185	0.190	0.180	0.182	0.186	0.184	0.185	0.173	0.171	0.225	0.177	0.175	0.181	0.185	0.177	0.148	0.182	0.180	0.180	0.177	0.242	0.258	0.251	0.255	0.253	0.249	0.249	0.256	0.241	0.245	0.184	0.178	0.247	0.269	0.272	0.267	0.268	0.266	0.286	0.261	0.267	0.255	0.214	0.240	0.272	0.278	0.261	0.282	0.244	0.277	0.276	0.277	0.286	0.262	0.209	0.248	0.252	0.267	0.286	0.288	0.282	0.283	0.281	0.282	0.260	0.243	0.182	0.186	0.248	0.264	0.264	0.280	0.279	0.286	0.256	0.268	0.270	0.251	0.183	0.214	0.229	0.239	0.244	0.235	0.239	0.244	0.259	0.248	0.219	0.180	0.211
2:00:34	34.6	0.177	0.178	0.182	0.185	0.188	0.188	0.193	0.184	0.186	0.190	0.188	0.189	0.176	0.174	0.179	0.181	0.179	0.184	0.189	0.181	0.148	0.186	0.183	0.184	0.178	0.180	0.183	0.186	0.184	0.179	0.185	0.187	0.183	0.189	0.182	0.188	0.181	0.179	0.230	0.193	0.215	0.186	0.197	0.210	0.238	0.208	0.187	0.184	0.212	0.226	0.236	0.210	0.237	0.222	0.238	0.243	0.250	0.234	0.182	0.188	0.201	0.223	0.236	0.215	0.245	0.244	0.230	0.247	0.254	0.230	0.185	0.183	0.177	0.182	0.228	0.204	0.209	0.231	0.239	0.236	0.246	0.218	0.188	0.187	0.188	0.178	0.177	0.185	0.181	0.190	0.181	0.194	0.183	0.191	0.183	0.214
3:00:35	34.6	0.179	0.180	0.184	0.188	0.190	0.191	0.196	0.186	0.188	0.192	0.190	0.191	0.178	0.176	0.181	0.183	0.181	0.186	0.191	0.183	0.148	0.188	0.185	0.186	0.180	0.182	0.180	0.189	0.186	0.181	0.188	0.189	0.186	0.191	0.184	0.190	0.183	0.181	0.187	0.195	0.194	0.183	0.185	0.191	0.204	0.193	0.189	0.187	0.184	0.182	0.186	0.187	0.196	0.182	0.208	0.217	0.237	0.195	0.185	0.190	0.179	0.184	0.187	0.188	0.213	0.224	0.203	0.229	0.239	0.197	0.188	0.185	0.179	0.189	0.186	0.190	0.189	0.192	0.196	0.205	0.221	0.191	0.190	0.189	0.190	0.180	0.180	0.190	0.184	0.192	0.184	0.196	0.185	0.193	0.185	0.213
4:00:35	34.6	0.182	0.182	0.187	0.191	0.193	0.194	0.198	0.189	0.191	0.195	0.193	0.194	0.181	0.179	0.183	0.186	0.184	0.187	0.194	0.185	0.148	0.191	0.188	0.188	0.183	0.185	0.182	0.191	0.189	0.184	0.190	0.192	0.188	0.193	0.187	0.193	0.186	0.183	0.187	0.197	0.196	0.185	0.188	0.193	0.197	0.195	0.192	0.190	0.183	0.184	0.188	0.189	0.197	0.184	0.200	0.212	0.237	0.198	0.187	0.193	0.181	0.182	0.189	0.190	0.201	0.218	0.193	0.228	0.240	0.195	0.190	0.188	0.182	0.186	0.187	0.192	0.192	0.194	0.191	0.200	0.221	0.193	0.193	0.192	0.193	0.182	0.182	0.189	0.186	0.195	0.186	0.199	0.188	0.196	0.188	0.225
5:00:36	34.6	0.186	0.187	0.191	0.194	0.196	0.197	0.200	0.192	0.194	0.198	0.197	0.199	0.184	0.182	0.186	0.189	0.187	0.190	0.197	0.187	0.148	0.194	0.192	0.191	0.186	0.188	0.185	0.194	0.192	0.187	0.193	0.195	0.191	0.197	0.190	0.197	0.189	0.187	0.191	0.200	0.199	0.188	0.190	0.196	0.191	0.198	0.195	0.193	0.187	0.187	0.191	0.192	0.200	0.187	0.196	0.207	0.234	0.202	0.191	0.197	0.185	0.185	0.192	0.193	0.199	0.213	0.189	0.225	0.239	0.196	0.194	0.192	0.186	0.190	0.190	0.196	0.195	0.198	0.194	0.199	0.222	0.197	0.196	0.196	0.196	0.186	0.186	0.193	0.190	0.199	0.190	0.203	0.192	0.200	0.193	0.230
6:00:37	34.6	0.191	0.192	0.195	0.199	0.201	0.201	0.204	0.197	0.199	0.203	0.202	0.204	0.189	0.186	0.191	0.193	0.191	0.194	0.201	0.191	0.148	0.198	0.196	0.194	0.191	0.192	0.190	0.199	0.196	0.191	0.196	0.199	0.196	0.201	0.195	0.201	0.193	0.191	0.194	0.204	0.202	0.192	0.194	0.200	0.194	0.202	0.200	0.198	0.191	0.191	0.195	0.196	0.204	0.191	0.203	0.216	0.238	0.205	0.195	0.202	0.189	0.190	0.196	0.197	0.204	0.226	0.197	0.234	0.249	0.207	0.198	0.197	0.191	0.194	0.194	0.200	0.199	0.202	0.199	0.212	0.240	0.201	0.201	0.201	0.201	0.191	0.191	0.198	0.195	0.203	0.195	0.207	0.196	0.204	0.198	0.233
7:00:38	34.6	0.196	0.197	0.200	0.204	0.204	0.206	0.209	0.202	0.204	0.208	0.207	0.209	0.193	0.191	0.195	0.197	0.195	0.198	0.205	0.195	0.148	0.202	0.200	0.199	0.195	0.196	0.193	0.203	0.200	0.195	0.200	0.203	0.200	0.205	0.199	0.206	0.198	0.195	0.199	0.208	0.206	0.196	0.198	0.203	0.198	0.206	0.204	0.204	0.195	0.195	0.199	0.201	0.208	0.195	0.201	0.205	0.232	0.209	0.199	0.207	0.193	0.193	0.200	0.201	0.208	0.208	0.196	0.218	0.241	0.204	0.203	0.202	0.195	0.198	0.198	0.204	0.203	0.206	0.203	0.204	0.216	0.205	0.205	0.206	0.205	0.196	0.195	0.203	0.199	0.207	0.200	0.212	0.201	0.209	0.203	0.240
8:00:38	34.6	0.201	0.202	0.204	0.208	0.209	0.211	0.213	0.206	0.208	0.212	0.212	0.214	0.198	0.195	0.199	0.201	0.199	0.202	0.209	0.201	0.148	0.207	0.205	0.204	0.200	0.200	0.197	0.207	0.204	0.199	0.204	0.207	0.204	0.209	0.203	0.211	0.202	0.199	0.203	0.212	0.210	0.200	0.203	0.208	0.202	0.210	0.208	0.207	0.200	0.199	0.202	0.205	0.212	0.199	0.205	0.208	0.233	0.213	0.203	0.212	0.198	0.197	0.204	0.205	0.212	0.213	0.201	0.218	0.243	0.208	0.207	0.206	0.200	0.202	0.202	0.208	0.207	0.210	0.207	0.208	0.217	0.210	0.210	0.211	0.209	0.200	0.200	0.207	0.203	0.212	0.204	0.216	0.205	0.214	0.207	0.235
9:00:39	34.6	0.205	0.207	0.208	0.213	0.213	0.216	0.219	0.211	0.213	0.217	0.216	0.219	0.202	0.199	0.202	0.205	0.203	0.207	0.213	0.203	0.148	0.211	0.209	0.208	0.204	0.204	0.201	0.211	0.207	0.203	0.209	0.211	0.208	0.213	0.208	0.216	0.207	0.203	0.206	0.216	0.214	0.204	0.207	0.211	0.206	0.214	0.212	0.212	0.204	0.203	0.206	0.208	0.216	0.203	0.209	0.212	0.225	0.217	0.207	0.217	0.201	0.201	0.207	0.209	0.215	0.213	0.204	0.210	0.230	0.212	0.211	0.211	0.204	0.205	0.205	0.211	0.211	0.214	0.211	0.212	0.215	0.214	0.214	0.216	0.213	0.204	0.204	0.211	0.207	0.216	0.209	0.220	0.210	0.218	0.212	0.239
10:00:40	34.5	0.208	0.211	0.212	0.217	0.217	0.220	0.225	0.215	0.217	0.221	0.221	0.224	0.206	0.202	0.205	0.209	0.207	0.210	0.216	0.208	0.148	0.214	0.212	0.213	0.208	0.208	0.204	0.214	0.211	0.207	0.212	0.214	0.212	0.217	0.211	0.222	0.210	0.206	0.210	0.219	0.217	0.207	0.210	0.214	0.210	0.217	0.215	0.216	0.207	0.206	0.209	0.211	0.219	0.206	0.212	0.215	0.226	0.220	0.211	0.220	0.204	0.204	0.210	0.212	0.219	0.216	0.208	0.213	0.232	0.215	0.214	0.215	0.208	0.208	0.208	0.215	0.214	0.218	0.214	0.215	0.218	0.217	0.217	0.220	0.217	0.207	0.208	0.214	0.211	0.220	0.213	0.224	0.214	0.222	0.216	0.243
11:00:41	34.5	0.212	0.214	0.215	0.221	0.220	0.224	0.228	0.218	0.220	0.224	0.224	0.227	0.209	0.205	0.207	0.211	0.209	0.213	0.219	0.211	0.148	0.217	0.215	0.217	0.212	0.211	0.207	0.217	0.214	0.210	0.215	0.216	0.215	0.220	0.214	0.225	0.213	0.209	0.212	0.222	0.220	0.210	0.213	0.217	0.213	0.220	0.218	0.219	0.210	0.208	0.211	0.214	0.222	0.209	0.215	0.218	0.217	0.223	0.214	0.224	0.207	0.206	0.213	0.215	0.221	0.219	0.210	0.214	0.224	0.218	0.217	0.217	0.211	0.211	0.211	0.217	0.217	0.221	0.217	0.218	0.221	0.220	0.219	0.224	0.220	0.210	0.211	0.217	0.214	0.223	0.216	0.227	0.217	0.226	0.219	0.246
12:00:42	34.5	0.214	0.217	0.218	0.223	0.223	0.226	0.231	0.221	0.222	0.227	0.227	0.230	0.212	0.206	0.209	0.213	0.211	0.215	0.221	0.214	0.149	0.219	0.217	0.221	0.214	0.212	0.211	0.219	0.215	0.212	0.218	0.218	0.217	0.222	0.216	0.227	0.215	0.211	0.214	0.224	0.222	0.212	0.215	0.219	0.215	0.222	0.220	0.221	0.212	0.210	0.213	0.217	0.224	0.211	0.217	0.220	0.218	0.224	0.215	0.226	0.210	0.208	0.215	0.217	0.223	0.221	0.212	0.215	0.218	0.220	0.218	0.220	0.214	0.212	0.213	0.219	0.218	0.223	0.219	0.220	0.223	0.222	0.221	0.226	0.222	0.213	0.213	0.220	0.216	0.226	0.219	0.229	0.219	0.228	0.221	0.249
13:00:42	34.5	0.215	0.218	0.220	0.225	0.225	0.228	0.233	0.223	0.224	0.230	0.228	0.232	0.213	0.208	0.211	0.215	0.213	0.217	0.223	0.216	0.149	0.221	0.219	0.223	0.218	0.214	0.214	0.221	0.218	0.213	0.220	0.220	0.219	0.224	0.218	0.229	0.217	0.212	0.216	0.226	0.224	0.214	0.216	0.221	0.216	0.224	0.222	0.223	0.215	0.212	0.215	0.218	0.226	0.213	0.219	0.221	0.219	0.226	0.217	0.228	0.211	0.210	0.216	0.219	0.225	0.223	0.214	0.217	0.219	0.222	0.220	0.221	0.216	0.214	0.215	0.221	0.220	0.225	0.221	0.221	0.225	0.224	0.223	0.228	0.223	0.214	0.224	0.221	0.218	0.228	0.220	0.231	0.221	0.230	0.223	0.250
14:00:43	34.5	0.217	0.220	0.221	0.227	0.226	0.230	0.234	0.225	0.226	0.231	0.230	0.234	0.216	0.210	0.213	0.216	0.215	0.218	0.224	0.218	0.149	0.222	0.220	0.225	0.217	0.216	0.212	0.222	0.219	0.215	0.221	0.222	0.220	0.226	0.219	0.230	0.218	0.214	0.218	0.227	0.225	0.216	0.218	0.222	0.218	0.225	0.223	0.224	0.215	0.213	0.216	0.220	0.227	0.214	0.221	0.223	0.221	0.227	0.218	0.229	0.213	0.211	0.217	0.221	0.226	0.224	0.216	0.218	0.221	0.223	0.221	0.223	0.217	0.216	0.216	0.223	0.222	0.227	0.222	0.223	0.226	0.225	0.224	0.229	0.225	0.216	0.226	0.223	0.219	0.229	0.222	0.232	0.223	0.231	0.225	0.252
15:00:43	34.5	0.219	0.221	0.222	0.228	0.227	0.231	0.236	0.226	0.227	0.232	0.231	0.235	0.216	0.211	0.213	0.218	0.216	0.219	0.225	0.220	0.149	0.223	0.221	0.227	0.218	0.217	0.213	0.224	0.220	0.216	0.223	0.223	0.222	0.226	0.221	0.232	0.219	0.215	0.219	0.228	0.226	0.216	0.219	0.223	0.220	0.226	0.224	0.226	0.216	0.214	0.217	0.221	0.229	0.216	0.222	0.224	0.222	0.228	0.220	0.230	0.213	0.213	0.219	0.222	0.228	0.225	0.217	0.222	0.222	0.224	0.223	0.224	0.218	0.217	0.217	0.224	0.223	0.228	0.223	0.224	0.227	0.226	0.226	0.230	0.226	0.217	0.227	0.224	0.221	0.231	0.224	0.233	0.224	0.232	0.226	0.251
16:00:44	34.5	0.219	0.222	0.223	0.229	0.229	0.232	0.237	0.227	0.228	0.233	0.232	0.236	0.217	0.212	0.215	0.219	0.217	0.220	0.226	0.221	0.150	0.225	0.222	0.228	0.220	0.218	0.214	0.225	0.221	0.217	0.224	0.224	0.223	0.227	0.222	0.233	0.220	0.216	0.220	0.229	0.227	0.218	0.221	0.224	0.220	0.227	0.225	0.226	0.217	0.215	0.218	0.222	0.230	0.217	0.223	0.224	0.223	0.229	0.221	0.232	0.214	0.213	0.220	0.223	0.229	0.226	0.218	0.223	0.223	0.225	0.224	0.225	0.219	0.218	0.218	0.225	0.224	0.229	0.225	0.225	0.228	0.227	0.227	0.232	0.227	0.218	0.228	0.225	0.222	0.232	0.225	0.234	0.225	0.233	0.227	0.251
17:00:44	34.5	0.220	0.222	0.224	0.229	0.229	0.233	0.238	0.228	0.229	0.234	0.233	0.236	0.218	0.212	0.215	0.219	0.218	0.221	0.227	0.222	0.150	0.225	0.223	0.228	0.219	0.219	0.215	0.226	0.222	0.218	0.225	0.225	0.224	0.228	0.223	0.233	0.220	0.217	0.220	0.230	0.228	0.218	0.222	0.225	0.221	0.228	0.226	0.227	0.218	0.216	0.219	0.223	0.231	0.218	0.224	0.226	0.223	0.230	0.221	0.232	0.215	0.214	0.221	0.224	0.229	0.227	0.219	0.224	0.224	0.226	0.224	0.226	0.220	0.220	0.219	0.226	0.225	0.230	0.225	0.226	0.229	0.228	0.227	0.232	0.227	0.218	0.229	0.226	0.222	0.233	0.225	0.235	0.225	0.233	0.227	0.254
18:00:45	34.5	0.220	0.223	0.224	0.230	0.230	0.234	0.238	0.228	0.229	0.234	0.234	0.237	0.218	0.213	0.216	0.220	0.219	0.222	0.228	0.223	0.150	0.226	0.224	0.229	0.220	0.220	0.215	0.227	0.223	0.219	0.226	0.225	0.224	0.229	0.223	0.234	0.221	0.218	0.221	0.231	0.229	0.219	0.223	0.226	0.222	0.228	0.226	0.228	0.219	0.219	0.220	0.224	0.232	0.219	0.225	0.226	0.224	0.231	0.222	0.233	0.216	0.215	0.221	0.225	0.230	0.228	0.220	0.224	0.225	0.226	0.225	0.226	0.221	0.219	0.220	0.227	0.225	0.230	0.226	0.227	0.232	0.229	0.228	0.233	0.227	0.219	0.229	0.226	0.223	0.233	0.226	0.235	0.226	0.234	0.228	0.253
19:00:45	34.5	0.221	0.223	0.225	0.231	0.230	0.234	0.239	0.229	0.230	0.234	0.234	0.237	0.219	0.213	0.217	0.221	0.219	0.222	0.228	0.224	0.151	0.226	0.224	0.229	0.221	0.220	0.216	0.227	0.223	0.220	0.226	0.226	0.225	0.229	0.224	0.234	0.221	0.218	0.222	0.232	0.229	0.220	0.223	0.226	0.223	0.229	0.227	0.228	0.220	0.217	0.220	0.224	0.232	0.220	0.225	0.227	0.225	0.231	0.222	0.233	0.216	0.215	0.222	0.226	0.231	0.229	0.220	0.225	0.225	0.227	0.226	0.227	0.221	0.220	0.220	0.227	0.225	0.231	0.226	0.227	0.231	0.229	0.228	0.233	0.228	0.220	0.229	0.226	0.223	0.234	0.226	0.235	0.226	0.234	0.228	0.252
20:00:46	34.5	0.221	0.224	0.225	0.231	0.231	0.234	0.238	0.229	0.230	0.234	0.234	0.237	0.219	0.213	0.217	0.221	0.220	0.223	0.229	0.224	0.151	0.226	0.224	0.229	0.221	0.221	0.216	0.227	0.224	0.220	0.227	0.226	0.225	0.230	0.223	0.234	0.221	0.219	0.222	0.232	0.230	0.220	0.223	0.226	0.223	0.229	0.227	0.228	0.219	0.218	0.221	0.225	0.233	0.220	0.226	0.227	0.225	0.231	0.222	0.233	0.217	0.216	0.223	0.226	0.231	0.229	0.221	0.225	0.225	0.227	0.225	0.227	0.221	0.220	0.220	0.227	0.226	0.231	0.227	0.227	0.231	0.229	0.228	0.233	0.228	0.220	0.230	0.227	0.223	0.234	0.227	0.235	0.227	0.234	0.228	0.252
21:00:46	34.5	0.221	0.230	0.225	0.231	0.230	0.234	0.238	0.228	0.230	0.234	0.234	0.237	0.218	0.213	0.217	0.222	0.220	0.223	0.229	0.224	0.151	0.227	0.225	0.229	0.221	0.222	0.216	0.228	0.224	0.221	0.227	0.226	0.225	0.230	0.224	0.234	0.222	0.219	0.222	0.232	0.230	0.220	0.223	0.226	0.223	0.229	0.227	0.227	0.223	0.220	0.221	0.225	0.233	0.221	0.226	0.227	0.225	0.232	0.222	0.233	0.216	0.216	0.222	0.226	0.231	0.229	0.221	0.225	0.226	0.227	0.225	0.227	0.221	0.220	0.220	0.227	0.226	0.231	0.227	0.227	0.230	0.229	0.228	0.233	0.228	0.219	0.229	0.226	0.223	0.233	0.227	0.234	0.226	0.234	0.228	0.251
22:00:47	34.5	0.221	0.224	0.225	0.230	0.230	0.234	0.238	0.228	0.230	0.234	0.233	0.238	0.218	0.213	0.217	0.222	0.220	0.223	0.229	0.224	0.151	0.227	0.225	0.229	0.221	0.221	0.216	0.228	0.224	0.221	0.227	0.226	0.225	0.230	0.224	0.234	0.221	0.218	0.223	0.232	0.230	0.220	0.223	0.226	0.223	0.229	0.227	0.228	0.219	0.218	0.221	0.225	0.233	0.220	0.226	0.227	0.225	0.232	0.222	0.233	0.217	0.216	0.222	0.227	0.231	0.230	0.221	0.225	0.226	0.227	0.225	0.226	0.221	0.220	0.221	0.228	0.226	0.231	0.227	0.228	0.232	0.229	0.228	0.233	0.227	0.220	0.230	0.228	0.223	0.233	0.226	0.234	0.226	0.234	0.228	0.254
23:00:47	34.6	0.221	0.224	0.225	0.230	0.230	0.234	0.238	0.228	0.230	0.234	0.233	0.237	0.218	0.214	0.217	0.222	0.220	0.223	0.229	0.225	0.151	0.227	0.225	0.229	0.221	0.221	0.217	0.228	0.224	0.221	0.227	0.226	0.225	0.230	0.224	0.234	0.221	0.219	0.223	0.232	0.230	0.221	0.223	0.226	0.223	0.229	0.227	0.228	0.219	0.218	0.221	0.226	0.233	0.221	0.226	0.227	0.225	0.231	0.222	0.233	0.216	0.216	0.222	0.227	0.231	0.230	0.221	0.225	0.226	0.227	0.224	0.226	0.221	0.220	0.221	0.228	0.226	0.231	0.227	0.227	0.230	0.229	0.228	0.233	0.227	0.219	0.230	0.227	0.223	0.233	0.226	0.234	0.226	0.234	0.228	0.254
0:00:00																																																																																																	

Results
	1	2	3	4	5	6	7	8	9	10	11	12
A	-0.200	-0.149	-0.084	0.078	0.071	0.078	0.086	0.078	0.077	0.078	0.081	-0.167	Max V [600]
	0.453	0.372	0.287	1.000	0.999	1.000	0.996	1.000	1.000	1.000	1.000	0.374	R-Squared [600]
	2:00:35	2:00:35	2:00:35	7:00:38	7:00:38	7:00:38	8:00:39	7:00:38	7:00:38	7:00:38	7:00:38	2:00:35	t at Max V [600]
	?????	?????	?????	1:37:24	1:44:14	1:42:01	2:59:04	1:59:56	1:35:09	1:53:16	7:41:03	?????	Lagtime [600]
B	-0.220	-0.177	-0.196	-0.082	-0.083	-0.104	-0.090	-0.109	-0.154	-0.121	-0.161	-0.181	Max V [600]
	0.411	0.390	0.661	0.290	0.294	0.358	0.309	0.343	0.499	0.347	0.379	0.398	R-Squared [600]
	2:00:35	2:00:35	2:00:35	2:00:35	2:00:35	2:00:35	2:00:35	2:00:35	2:00:35	2:00:35	2:00:35	2:00:35	t at Max V [600]
	?????	?????	0:06:29	?????	?????	?????	?????	?????	?????	?????	?????	?????	Lagtime [600]
C	-0.190	-0.269	-0.263	-0.208	-0.210	-0.229	-0.243	-0.224	-0.265	-0.242	-0.303	-0.172	Max V [600]
	0.422	0.673	0.531	0.495	0.429	0.463	0.603	0.566	0.578	0.705	0.719	0.386	R-Squared [600]
	2:00:35	2:00:35	2:00:35	2:00:35	2:00:35	2:00:35	2:00:35	2:00:35	2:00:35	2:00:35	2:00:35	2:00:35	t at Max V [600]
	?????	0:07:42	0:55:36	0:50:23	1:07:46	0:59:26	0:26:11	0:33:36	0:32:01	?????	?????	?????	Lagtime [600]
D	-0.183	-0.290	-0.333	-0.247	-0.261	-0.267	-0.277	-0.330	-0.304	-0.316	-0.286	-0.190	Max V [600]
	0.395	0.670	0.755	0.470	0.640	0.477	0.579	0.602	0.903	0.762	0.659	0.726	R-Squared [600]
	2:00:35	2:00:35	3:00:35	2:00:35	3:00:35	3:00:35	2:00:35	3:00:35	3:00:35	2:00:35	2:00:35	2:00:35	t at Max V [600]
	?????	0:11:15	2:05:06	0:59:41	1:51:02	1:59:36	0:57:58	1:50:42	1:48:57	0:26:52	0:11:53	?????	Lagtime [600]
E	-0.268	-0.350	-0.371	-0.265	-0.341	-0.256	-0.334	-0.284	-0.164	-0.340	-0.312	-0.179	Max V [600]
	0.880	0.734	0.753	0.652	0.742	0.745	0.870	0.869	0.770	0.703	0.623	0.678	R-Squared [600]
	2:00:35	3:00:35	3:00:35	3:00:35	3:00:35	3:00:35	3:00:35	3:00:35	3:00:35	3:00:35	2:00:35	2:00:35	t at Max V [600]
	0:28:06	2:01:19	2:19:12	1:35:26	2:39:35	1:33:30	2:35:34	2:02:51	4:12:11	2:03:32	0:21:57	?????	Lagtime [600]
F	-0.312	-0.292	-0.328	-0.350	-0.369	-0.274	-0.373	-0.220	-0.164	-0.272	-0.282	-0.311	Max V [600]
	0.827	0.779	0.760	0.643	0.866	0.853	0.837	0.780	0.714	0.794	0.724	0.451	R-Squared [600]
	2:00:35	3:00:35	3:00:35	3:00:35	3:00:35	3:00:35	3:00:35	3:00:35	3:00:35	3:00:35	2:00:35	2:00:35	t at Max V [600]
	0:21:49	1:41:49	2:01:16	2:18:33	2:24:25	3:17:39	2:53:14	3:57:40	1:42:09	1:50:03	?????	?????	Lagtime [600]
G	-0.195	-0.267	-0.317	-0.265	-0.311	-0.331	-0.386	-0.250	-0.211	-0.288	-0.287	-0.175	Max V [600]
	0.534	0.654	0.753	0.623	0.595	0.717	0.791	0.863	0.837	0.672	0.692	0.379	R-Squared [600]
	2:00:35	2:00:35	3:00:35	2:00:35	3:00:35	3:00:35	3:00:35	3:00:35	2:00:35	2:00:35	2:00:35	2:00:35	t at Max V [600]
	?????	0:13:57	1:46:49	0:54:03	1:59:44	2:15:05	2:35:26	1:45:22	0:37:53	0:59:25	0:01:07	?????	Lagtime [600]
H	-0.219	-0.231	-0.253	-0.238	-0.197	-0.197	-0.202	-0.236	-0.261	-0.195	-0.165	-0.173	Max V [600]
	0.703	0.693	0.646	0.640	0.580	0.630	0.488	0.570	0.633	0.727	0.380	0.340	R-Squared [600]
	2:00:35	2:00:35	2:00:35	2:00:35	2:00:35	2:00:35	2:00:35	2:00:35	2:00:35	2:00:35	2:00:35	2:00:35	t at Max V [600]
	?????	?????	0:13:40	0:15:38	0:25:59	0:13:45	0:49:45	0:31:56	0:17:19	?????	?????	?????	Lagtime [600]


