
Software Version	3.11.19



Experiment File Path:	C:\Users\patil-group\Desktop\Sweeteners_stacker\101221_NT5021_45_69_Rep2\NT5021_45_69_Rep2.xpt
Protocol File Path:	C:\Users\Public\Documents\Protocols\Screening-protocol.prt



Plate Number	Plate 2
Date	10/12/2021
Time	13:53:14
Reader Type:	Epoch 2
Reader Serial Number:	2103223
Reading Type	Reader

Procedure Details

Plate Type	96 WELL PLATE
Discontinuous Kinetics	Runtime 1:00:00 (D:HH:MM), Interval 0:01:00, 25 Reads
	Pause after each run
Eject plate on completion	
Shake	Linear: 0:00:30 (HH:MM:SS)
	Frequency: 567 cpm (3 mm)
Read	Absorbance Endpoint
	Full Plate
	Wavelengths:  600
	Read Speed: Normal,  Delay: 100 msec,  Measurements/Data Point: 8

600

Time	T° 600	A1	A2	A3	A4	A5	A6	A7	A8	A9	A10	A11	A12	B1	B2	B3	B4	B5	B6	B7	B8	B9	B10	B11	B12	C1	C2	C3	C4	C5	C6	C7	C8	C9	C10	C11	C12	D1	D2	D3	D4	D5	D6	D7	D8	D9	D10	D11	D12	E1	E2	E3	E4	E5	E6	E7	E8	E9	E10	E11	E12	F1	F2	F3	F4	F5	F6	F7	F8	F9	F10	F11	F12	G1	G2	G3	G4	G5	G6	G7	G8	G9	G10	G11	G12	H1	H2	H3	H4	H5	H6	H7	H8	H9	H10	H11	H12
0:00:34	34.5	0.176	0.177	0.179	0.184	0.177	0.179	0.178	0.173	0.182	0.180	0.180	0.183	0.176	0.178	0.178	0.183	0.176	0.178	0.179	0.177	0.187	0.176	0.176	0.174	0.180	0.185	0.181	0.176	0.196	0.179	0.185	0.190	0.185	0.175	0.177	0.179	0.180	0.183	0.177	0.189	0.178	0.177	0.181	0.176	0.181	0.176	0.181	0.176	0.180	0.176	0.183	0.177	0.178	0.180	0.177	0.181	0.179	0.180	0.181	0.189	0.174	0.176	0.178	0.178	0.185	0.183	0.177	0.192	0.182	0.183	0.185	0.180	0.190	0.193	0.178	0.184	0.180	0.176	0.182	0.176	0.183	0.182	0.178	0.180	0.181	0.175	0.183	0.175	0.178	0.175	0.175	0.185	0.183	0.185	0.180	0.180
1:00:34	34.6	0.179	0.181	0.183	0.185	0.179	0.180	0.181	0.177	0.184	0.183	0.180	0.186	0.178	0.180	0.179	0.183	0.177	0.179	0.180	0.177	0.188	0.178	0.181	0.177	0.183	0.188	0.182	0.177	0.196	0.180	0.185	0.189	0.186	0.176	0.179	0.181	0.182	0.185	0.179	0.189	0.179	0.178	0.182	0.176	0.181	0.178	0.183	0.179	0.182	0.178	0.184	0.179	0.180	0.182	0.179	0.182	0.180	0.184	0.182	0.190	0.176	0.178	0.179	0.179	0.186	0.184	0.178	0.198	0.184	0.186	0.188	0.182	0.192	0.194	0.180	0.186	0.181	0.177	0.183	0.178	0.184	0.183	0.181	0.183	0.184	0.178	0.185	0.177	0.180	0.175	0.177	0.185	0.184	0.186	0.182	0.182
2:00:35	34.6	0.183	0.183	0.185	0.189	0.183	0.184	0.185	0.181	0.187	0.187	0.183	0.189	0.183	0.184	0.184	0.188	0.181	0.183	0.184	0.182	0.192	0.182	0.185	0.181	0.187	0.193	0.186	0.182	0.199	0.184	0.189	0.191	0.189	0.181	0.183	0.185	0.186	0.189	0.183	0.193	0.183	0.181	0.186	0.180	0.185	0.181	0.187	0.184	0.185	0.182	0.188	0.183	0.184	0.185	0.183	0.184	0.184	0.186	0.187	0.194	0.180	0.182	0.183	0.183	0.191	0.188	0.182	0.198	0.188	0.190	0.192	0.188	0.196	0.198	0.184	0.189	0.185	0.181	0.187	0.182	0.189	0.189	0.185	0.186	0.187	0.182	0.189	0.182	0.184	0.179	0.182	0.189	0.187	0.189	0.186	0.187
3:00:35	34.6	0.185	0.185	0.187	0.191	0.185	0.187	0.196	0.183	0.190	0.190	0.186	0.192	0.185	0.186	0.186	0.190	0.184	0.186	0.186	0.184	0.195	0.184	0.188	0.183	0.189	0.195	0.188	0.184	0.202	0.187	0.192	0.193	0.191	0.183	0.186	0.187	0.189	0.192	0.185	0.198	0.186	0.184	0.188	0.182	0.188	0.184	0.190	0.188	0.187	0.185	0.191	0.186	0.186	0.187	0.186	0.187	0.187	0.188	0.189	0.196	0.182	0.185	0.186	0.186	0.193	0.191	0.185	0.201	0.190	0.193	0.194	0.189	0.198	0.200	0.186	0.191	0.188	0.184	0.190	0.184	0.191	0.189	0.187	0.188	0.188	0.184	0.210	0.184	0.187	0.181	0.184	0.191	0.189	0.191	0.188	0.189
4:00:35	34.5	0.187	0.187	0.192	0.193	0.188	0.188	0.197	0.185	0.191	0.192	0.189	0.194	0.188	0.189	0.188	0.192	0.186	0.188	0.188	0.186	0.198	0.186	0.190	0.186	0.191	0.197	0.190	0.186	0.203	0.188	0.194	0.196	0.193	0.185	0.188	0.189	0.191	0.193	0.187	0.192	0.188	0.186	0.190	0.184	0.189	0.186	0.192	0.187	0.190	0.187	0.192	0.188	0.188	0.189	0.188	0.191	0.189	0.190	0.191	0.198	0.185	0.187	0.188	0.188	0.195	0.192	0.187	0.203	0.192	0.195	0.196	0.191	0.199	0.201	0.188	0.193	0.190	0.186	0.192	0.187	0.193	0.192	0.189	0.191	0.191	0.186	0.213	0.187	0.189	0.183	0.186	0.193	0.191	0.193	0.190	0.191
5:00:36	34.5	0.191	0.190	0.193	0.196	0.191	0.192	0.200	0.188	0.194	0.195	0.192	0.198	0.191	0.192	0.191	0.194	0.188	0.190	0.191	0.188	0.199	0.189	0.193	0.189	0.194	0.199	0.192	0.188	0.205	0.190	0.196	0.197	0.195	0.188	0.190	0.192	0.193	0.196	0.190	0.194	0.190	0.188	0.192	0.186	0.191	0.192	0.194	0.190	0.192	0.189	0.195	0.190	0.191	0.191	0.190	0.192	0.191	0.192	0.194	0.201	0.188	0.189	0.190	0.190	0.197	0.194	0.189	0.204	0.193	0.197	0.199	0.194	0.202	0.204	0.191	0.195	0.192	0.188	0.194	0.189	0.195	0.194	0.192	0.194	0.194	0.190	0.220	0.190	0.191	0.186	0.189	0.195	0.194	0.195	0.194	0.195
6:00:37	34.5	0.196	0.196	0.199	0.199	0.195	0.196	0.204	0.192	0.197	0.198	0.197	0.202	0.195	0.195	0.194	0.197	0.191	0.193	0.194	0.193	0.202	0.192	0.196	0.194	0.198	0.202	0.195	0.191	0.208	0.192	0.198	0.200	0.198	0.191	0.194	0.196	0.197	0.199	0.193	0.196	0.193	0.191	0.194	0.189	0.194	0.195	0.198	0.194	0.196	0.193	0.198	0.193	0.194	0.194	0.193	0.195	0.194	0.195	0.198	0.205	0.192	0.192	0.193	0.193	0.200	0.197	0.192	0.206	0.196	0.200	0.202	0.197	0.206	0.207	0.195	0.199	0.195	0.192	0.197	0.192	0.198	0.197	0.196	0.198	0.199	0.194	0.224	0.194	0.195	0.190	0.192	0.199	0.197	0.199	0.198	0.199
7:00:38	34.5	0.201	0.200	0.204	0.204	0.199	0.200	0.208	0.197	0.201	0.203	0.201	0.207	0.199	0.199	0.198	0.202	0.195	0.197	0.198	0.195	0.206	0.196	0.200	0.198	0.202	0.206	0.199	0.195	0.211	0.196	0.202	0.203	0.201	0.194	0.198	0.201	0.201	0.202	0.196	0.200	0.196	0.194	0.198	0.193	0.197	0.198	0.201	0.200	0.200	0.197	0.202	0.196	0.197	0.197	0.196	0.199	0.197	0.199	0.201	0.209	0.196	0.197	0.196	0.197	0.204	0.201	0.196	0.210	0.200	0.203	0.206	0.202	0.209	0.211	0.198	0.203	0.199	0.195	0.201	0.195	0.202	0.201	0.200	0.203	0.203	0.199	0.229	0.198	0.199	0.194	0.196	0.203	0.201	0.204	0.202	0.204
8:00:39	34.5	0.206	0.204	0.208	0.209	0.203	0.205	0.209	0.201	0.206	0.208	0.206	0.212	0.203	0.203	0.202	0.206	0.199	0.200	0.201	0.199	0.210	0.200	0.205	0.203	0.206	0.210	0.202	0.199	0.215	0.199	0.205	0.207	0.205	0.199	0.202	0.207	0.205	0.207	0.200	0.203	0.199	0.198	0.201	0.196	0.201	0.202	0.205	0.203	0.204	0.200	0.205	0.200	0.201	0.201	0.200	0.202	0.201	0.203	0.204	0.214	0.200	0.201	0.200	0.200	0.207	0.204	0.199	0.214	0.204	0.207	0.209	0.207	0.214	0.215	0.203	0.206	0.202	0.199	0.204	0.199	0.206	0.205	0.203	0.208	0.208	0.203	0.233	0.202	0.204	0.199	0.201	0.207	0.205	0.208	0.207	0.209
9:00:39	34.5	0.210	0.208	0.212	0.213	0.208	0.209	0.209	0.205	0.210	0.212	0.210	0.217	0.208	0.207	0.206	0.209	0.203	0.204	0.205	0.204	0.214	0.204	0.209	0.208	0.210	0.214	0.206	0.203	0.219	0.203	0.209	0.211	0.209	0.202	0.206	0.213	0.209	0.211	0.203	0.207	0.203	0.201	0.205	0.200	0.205	0.206	0.209	0.208	0.208	0.204	0.208	0.204	0.204	0.204	0.203	0.204	0.205	0.207	0.208	0.218	0.204	0.204	0.204	0.204	0.210	0.210	0.203	0.217	0.207	0.210	0.213	0.211	0.218	0.219	0.206	0.210	0.206	0.203	0.208	0.204	0.210	0.209	0.207	0.212	0.212	0.208	0.237	0.206	0.208	0.203	0.205	0.211	0.209	0.212	0.211	0.213
10:00:40	34.5	0.215	0.213	0.215	0.217	0.211	0.213	0.213	0.209	0.214	0.217	0.215	0.222	0.212	0.210	0.209	0.212	0.206	0.208	0.208	0.208	0.217	0.207	0.212	0.212	0.214	0.217	0.210	0.206	0.222	0.206	0.212	0.217	0.212	0.206	0.209	0.214	0.212	0.214	0.207	0.210	0.206	0.205	0.208	0.204	0.208	0.210	0.212	0.212	0.212	0.208	0.212	0.206	0.207	0.212	0.207	0.207	0.208	0.210	0.212	0.222	0.208	0.208	0.207	0.208	0.214	0.211	0.207	0.221	0.211	0.213	0.216	0.215	0.222	0.222	0.210	0.213	0.210	0.207	0.212	0.207	0.213	0.212	0.211	0.216	0.216	0.212	0.241	0.210	0.211	0.207	0.209	0.215	0.213	0.216	0.215	0.218
11:00:41	34.5	0.218	0.217	0.218	0.220	0.214	0.216	0.216	0.212	0.217	0.220	0.218	0.226	0.215	0.213	0.211	0.215	0.208	0.211	0.211	0.210	0.220	0.210	0.215	0.215	0.218	0.220	0.213	0.209	0.225	0.209	0.216	0.218	0.215	0.209	0.212	0.218	0.215	0.216	0.210	0.213	0.209	0.207	0.211	0.207	0.211	0.213	0.215	0.215	0.215	0.211	0.214	0.209	0.210	0.210	0.209	0.210	0.211	0.212	0.214	0.225	0.211	0.211	0.210	0.210	0.217	0.215	0.209	0.223	0.213	0.216	0.219	0.218	0.226	0.225	0.213	0.216	0.213	0.210	0.215	0.209	0.216	0.215	0.214	0.220	0.220	0.215	0.244	0.214	0.214	0.210	0.212	0.218	0.216	0.219	0.218	0.221
12:00:42	34.5	0.222	0.219	0.221	0.223	0.217	0.219	0.219	0.215	0.221	0.222	0.220	0.228	0.218	0.215	0.214	0.217	0.211	0.213	0.213	0.212	0.222	0.213	0.217	0.218	0.220	0.223	0.215	0.212	0.227	0.211	0.218	0.220	0.218	0.211	0.215	0.221	0.217	0.218	0.212	0.215	0.211	0.210	0.214	0.209	0.213	0.215	0.217	0.218	0.217	0.213	0.217	0.212	0.213	0.212	0.212	0.212	0.213	0.215	0.217	0.228	0.213	0.212	0.212	0.213	0.219	0.216	0.211	0.226	0.215	0.218	0.221	0.221	0.228	0.227	0.215	0.219	0.215	0.212	0.216	0.212	0.219	0.217	0.216	0.223	0.222	0.218	0.243	0.216	0.216	0.213	0.215	0.220	0.218	0.222	0.221	0.224
13:00:42	34.5	0.223	0.221	0.223	0.225	0.220	0.221	0.222	0.217	0.222	0.225	0.222	0.230	0.219	0.217	0.216	0.219	0.212	0.215	0.215	0.214	0.224	0.214	0.219	0.220	0.222	0.225	0.217	0.214	0.229	0.213	0.220	0.222	0.220	0.213	0.217	0.223	0.219	0.220	0.214	0.217	0.213	0.212	0.216	0.211	0.215	0.217	0.218	0.220	0.219	0.215	0.219	0.214	0.215	0.215	0.214	0.214	0.215	0.217	0.219	0.231	0.215	0.215	0.214	0.215	0.221	0.219	0.213	0.227	0.218	0.220	0.223	0.224	0.230	0.229	0.217	0.220	0.217	0.214	0.218	0.214	0.221	0.219	0.217	0.225	0.224	0.220	0.227	0.217	0.218	0.215	0.217	0.222	0.220	0.224	0.223	0.226
14:00:43	34.5	0.225	0.223	0.225	0.227	0.221	0.223	0.223	0.219	0.224	0.226	0.224	0.232	0.221	0.218	0.217	0.220	0.214	0.216	0.217	0.215	0.226	0.216	0.221	0.222	0.224	0.226	0.218	0.215	0.230	0.215	0.221	0.224	0.221	0.215	0.218	0.224	0.221	0.221	0.215	0.218	0.215	0.213	0.217	0.213	0.216	0.219	0.220	0.222	0.220	0.216	0.220	0.215	0.216	0.216	0.215	0.216	0.216	0.218	0.220	0.232	0.217	0.216	0.215	0.216	0.223	0.220	0.214	0.229	0.219	0.221	0.224	0.225	0.231	0.231	0.219	0.222	0.218	0.215	0.220	0.215	0.222	0.220	0.219	0.226	0.226	0.221	0.228	0.220	0.220	0.216	0.219	0.224	0.222	0.225	0.224	0.227
15:00:43	34.5	0.226	0.224	0.226	0.228	0.222	0.224	0.225	0.220	0.225	0.227	0.225	0.233	0.222	0.219	0.218	0.221	0.215	0.217	0.218	0.216	0.227	0.217	0.222	0.223	0.225	0.227	0.219	0.216	0.231	0.216	0.222	0.225	0.222	0.217	0.220	0.226	0.221	0.223	0.216	0.219	0.216	0.214	0.218	0.213	0.217	0.220	0.221	0.223	0.221	0.217	0.221	0.217	0.217	0.217	0.216	0.216	0.217	0.219	0.221	0.232	0.218	0.217	0.216	0.217	0.224	0.221	0.215	0.228	0.220	0.222	0.226	0.226	0.232	0.232	0.220	0.223	0.219	0.216	0.221	0.216	0.223	0.221	0.219	0.227	0.227	0.223	0.229	0.220	0.221	0.218	0.220	0.225	0.222	0.226	0.225	0.228
16:00:44	34.5	0.227	0.225	0.227	0.229	0.223	0.225	0.225	0.221	0.226	0.228	0.226	0.234	0.223	0.220	0.220	0.222	0.216	0.218	0.219	0.217	0.228	0.218	0.223	0.224	0.226	0.228	0.220	0.217	0.232	0.216	0.224	0.226	0.223	0.217	0.220	0.226	0.222	0.224	0.217	0.220	0.217	0.215	0.219	0.214	0.218	0.221	0.221	0.224	0.223	0.219	0.222	0.217	0.218	0.218	0.217	0.217	0.218	0.220	0.222	0.234	0.219	0.218	0.217	0.219	0.225	0.222	0.217	0.229	0.220	0.224	0.226	0.227	0.233	0.233	0.221	0.224	0.220	0.218	0.222	0.217	0.224	0.222	0.221	0.228	0.228	0.224	0.231	0.221	0.222	0.219	0.220	0.225	0.223	0.227	0.226	0.229
17:00:44	34.5	0.228	0.226	0.228	0.230	0.224	0.226	0.226	0.222	0.227	0.229	0.227	0.234	0.224	0.221	0.221	0.223	0.217	0.219	0.219	0.218	0.228	0.219	0.224	0.224	0.227	0.229	0.221	0.219	0.233	0.218	0.225	0.227	0.224	0.218	0.221	0.227	0.223	0.224	0.218	0.222	0.218	0.216	0.220	0.216	0.219	0.222	0.222	0.225	0.223	0.220	0.223	0.218	0.219	0.219	0.218	0.218	0.219	0.221	0.223	0.234	0.220	0.220	0.219	0.220	0.227	0.223	0.218	0.230	0.221	0.224	0.227	0.228	0.233	0.234	0.222	0.225	0.221	0.220	0.223	0.218	0.225	0.223	0.221	0.229	0.229	0.225	0.231	0.222	0.222	0.220	0.221	0.225	0.224	0.228	0.227	0.230
18:00:45	34.5	0.229	0.227	0.230	0.230	0.225	0.227	0.227	0.223	0.227	0.230	0.228	0.235	0.225	0.222	0.222	0.224	0.217	0.220	0.220	0.219	0.229	0.220	0.224	0.225	0.228	0.230	0.222	0.221	0.234	0.218	0.225	0.228	0.225	0.219	0.222	0.228	0.224	0.225	0.219	0.222	0.219	0.217	0.221	0.217	0.220	0.223	0.223	0.225	0.223	0.220	0.223	0.219	0.220	0.219	0.219	0.219	0.220	0.222	0.224	0.235	0.220	0.220	0.219	0.220	0.226	0.224	0.218	0.231	0.221	0.225	0.228	0.228	0.234	0.235	0.223	0.226	0.221	0.220	0.224	0.219	0.226	0.224	0.222	0.230	0.230	0.226	0.232	0.223	0.223	0.221	0.222	0.226	0.225	0.229	0.229	0.231
19:00:45	34.5	0.229	0.227	0.229	0.231	0.225	0.227	0.228	0.223	0.228	0.230	0.228	0.235	0.225	0.223	0.223	0.224	0.218	0.221	0.221	0.220	0.230	0.220	0.225	0.226	0.229	0.231	0.222	0.220	0.235	0.219	0.226	0.228	0.226	0.220	0.223	0.228	0.224	0.225	0.220	0.223	0.219	0.217	0.222	0.217	0.221	0.224	0.223	0.225	0.224	0.221	0.224	0.220	0.220	0.220	0.220	0.220	0.221	0.222	0.224	0.235	0.221	0.221	0.219	0.221	0.226	0.224	0.219	0.231	0.222	0.226	0.229	0.228	0.234	0.235	0.224	0.227	0.222	0.220	0.224	0.219	0.227	0.224	0.222	0.230	0.230	0.226	0.232	0.223	0.224	0.221	0.222	0.227	0.225	0.230	0.228	0.232
20:00:46	34.5	0.229	0.228	0.230	0.232	0.225	0.227	0.228	0.223	0.228	0.231	0.228	0.235	0.226	0.223	0.223	0.225	0.218	0.221	0.222	0.220	0.230	0.220	0.225	0.226	0.229	0.231	0.223	0.221	0.235	0.220	0.227	0.229	0.227	0.221	0.223	0.228	0.224	0.226	0.220	0.223	0.220	0.218	0.222	0.218	0.221	0.224	0.224	0.226	0.224	0.222	0.225	0.220	0.221	0.221	0.220	0.221	0.222	0.223	0.225	0.235	0.221	0.221	0.220	0.222	0.227	0.225	0.219	0.232	0.222	0.226	0.229	0.228	0.235	0.235	0.224	0.227	0.223	0.221	0.225	0.220	0.227	0.224	0.222	0.231	0.230	0.226	0.233	0.224	0.224	0.221	0.223	0.227	0.225	0.230	0.228	0.232
21:00:46	34.5	0.230	0.228	0.230	0.232	0.225	0.228	0.228	0.224	0.228	0.231	0.228	0.235	0.226	0.223	0.223	0.225	0.219	0.222	0.221	0.221	0.231	0.220	0.225	0.226	0.229	0.232	0.223	0.221	0.235	0.220	0.227	0.230	0.227	0.221	0.223	0.228	0.224	0.226	0.220	0.223	0.220	0.218	0.223	0.218	0.221	0.224	0.224	0.226	0.224	0.222	0.225	0.221	0.221	0.221	0.221	0.221	0.222	0.224	0.225	0.234	0.221	0.222	0.221	0.222	0.227	0.225	0.220	0.232	0.223	0.227	0.229	0.228	0.234	0.235	0.224	0.227	0.223	0.221	0.225	0.220	0.227	0.224	0.222	0.231	0.230	0.227	0.232	0.224	0.224	0.221	0.223	0.227	0.225	0.230	0.229	0.232
22:00:47	34.5	0.229	0.228	0.230	0.231	0.225	0.227	0.228	0.223	0.228	0.230	0.228	0.235	0.226	0.223	0.223	0.225	0.219	0.222	0.221	0.221	0.231	0.220	0.226	0.226	0.230	0.232	0.223	0.221	0.236	0.221	0.227	0.230	0.227	0.221	0.223	0.229	0.224	0.226	0.221	0.224	0.221	0.219	0.223	0.219	0.222	0.224	0.224	0.226	0.225	0.222	0.226	0.221	0.222	0.222	0.221	0.221	0.222	0.224	0.225	0.235	0.222	0.222	0.221	0.222	0.228	0.225	0.220	0.233	0.223	0.227	0.229	0.228	0.234	0.235	0.224	0.227	0.223	0.221	0.225	0.220	0.227	0.224	0.222	0.231	0.230	0.227	0.232	0.224	0.224	0.222	0.223	0.235	0.225	0.230	0.228	0.232
23:00:47	34.6	0.230	0.228	0.230	0.232	0.225	0.228	0.228	0.223	0.228	0.230	0.228	0.235	0.226	0.224	0.224	0.226	0.219	0.223	0.222	0.221	0.232	0.220	0.226	0.225	0.229	0.232	0.223	0.222	0.236	0.221	0.227	0.230	0.227	0.221	0.223	0.229	0.224	0.226	0.221	0.224	0.221	0.219	0.224	0.219	0.222	0.225	0.224	0.225	0.224	0.222	0.226	0.221	0.222	0.222	0.222	0.221	0.222	0.224	0.225	0.234	0.222	0.222	0.221	0.223	0.228	0.225	0.221	0.233	0.223	0.227	0.229	0.229	0.234	0.235	0.224	0.228	0.223	0.222	0.225	0.220	0.228	0.224	0.222	0.231	0.230	0.226	0.232	0.224	0.224	0.222	0.223	0.227	0.226	0.230	0.229	0.232
0:00:00																																																																																																	

Results
	1	2	3	4	5	6	7	8	9	10	11	12
A	0.081	0.074	0.081	0.074	0.071	0.072	0.088	0.073	0.072	0.078	0.077	0.082	Max V [600]
	1.000	0.996	0.994	0.999	1.000	0.999	0.938	0.999	0.998	0.999	1.000	0.999	R-Squared [600]
	7:00:38	7:00:38	7:00:38	8:00:39	7:00:38	8:00:39	2:00:35	8:00:39	8:00:39	8:00:39	8:00:39	8:00:39	t at Max V [600]
	2:00:41	1:51:04	2:06:01	2:28:01	1:48:57	2:03:55	0:16:42	1:46:01	2:34:52	2:07:32	2:25:21	2:00:49	Lagtime [600]
B	0.072	0.064	0.063	0.065	0.063	0.063	0.060	0.067	0.062	0.064	0.069	0.077	Max V [600]
	1.000	0.999	0.999	0.998	0.997	1.000	0.998	0.987	1.000	0.998	0.999	0.999	R-Squared [600]
	7:00:38	7:00:38	7:00:38	7:00:38	7:00:38	8:00:39	7:00:38	8:00:39	8:00:39	8:00:39	7:00:38	7:00:38	t at Max V [600]
	1:36:17	1:37:27	1:38:20	2:07:59	1:57:43	2:04:43	1:37:26	2:14:02	1:51:37	1:49:40	1:10:27	1:44:02	Lagtime [600]
C	0.070	0.064	0.061	0.065	0.059	0.058	0.060	0.069	0.061	0.064	0.067	0.088	Max V [600]
	0.999	0.999	1.000	0.999	0.997	0.999	1.000	0.991	0.999	0.999	0.999	0.995	R-Squared [600]
	7:00:38	8:00:39	8:00:39	8:00:39	8:00:39	8:00:39	8:00:39	8:00:39	8:00:39	8:00:39	8:00:39	7:00:38	t at Max V [600]
	1:46:34	1:38:04	2:15:15	2:16:58	2:39:14	2:16:41	2:13:39	3:36:15	2:36:05	1:59:57	1:52:46	2:43:04	Lagtime [600]
D	0.065	0.064	0.059	0.059	0.057	0.058	0.058	0.061	0.060	0.063	0.062	0.074	Max V [600]
	1.000	0.995	1.000	1.000	0.999	1.000	0.999	0.997	0.998	0.977	0.999	0.993	R-Squared [600]
	7:00:38	8:00:39	8:00:39	8:00:39	8:00:39	8:00:39	8:00:39	8:00:39	8:00:39	6:00:37	7:00:38	7:00:38	t at Max V [600]
	1:46:22	1:59:20	1:33:41	3:59:35	1:40:20	2:06:49	2:18:04	2:17:43	2:23:55	1:07:18	1:30:19	1:56:06	Lagtime [600]
E	0.068	0.062	0.058	0.058	0.058	0.074	0.059	0.050	0.059	0.062	0.060	0.070	Max V [600]
	0.999	1.000	1.000	0.997	1.000	0.951	1.000	0.990	0.999	0.998	0.999	0.999	R-Squared [600]
	7:00:38	7:00:38	7:00:38	7:00:38	8:00:39	8:00:39	8:00:39	7:00:38	8:00:39	8:00:39	7:00:38	7:00:38	t at Max V [600]
	2:02:11	1:33:52	1:45:36	1:30:33	1:42:03	3:14:42	1:41:18	1:04:58	1:51:27	1:56:42	1:26:05	2:06:23	Lagtime [600]
F	0.069	0.064	0.060	0.060	0.058	0.063	0.061	0.060	0.060	0.055	0.060	0.073	Max V [600]
	1.000	0.998	1.000	0.999	0.999	0.988	1.000	0.999	1.000	0.998	1.000	0.999	R-Squared [600]
	7:00:38	7:00:38	8:00:39	8:00:39	8:00:39	7:00:38	8:00:39	8:00:39	8:00:39	8:00:39	8:00:39	8:00:39	t at Max V [600]
	1:41:02	1:47:49	1:50:14	1:43:51	1:48:07	2:08:38	1:58:57	1:54:14	2:03:14	0:55:16	1:27:05	1:58:56	Lagtime [600]
G	0.069	0.064	0.065	0.061	0.063	0.064	0.061	0.063	0.064	0.063	0.063	0.075	Max V [600]
	0.999	0.999	0.999	0.999	1.000	1.000	1.000	0.997	0.999	0.999	0.999	0.998	R-Squared [600]
	8:00:39	7:00:38	8:00:39	7:00:38	8:00:39	8:00:39	8:00:39	8:00:39	8:00:39	8:00:39	8:00:39	7:00:38	t at Max V [600]
	2:19:54	2:16:37	1:48:32	1:52:50	2:01:51	1:53:26	1:59:36	1:52:20	2:04:18	2:01:32	1:27:25	1:54:19	Lagtime [600]
H	0.074	0.076	0.155	0.068	0.068	0.070	0.070	0.066	0.067	0.070	0.072	0.078	Max V [600]
	1.000	0.999	0.920	0.999	1.000	1.000	0.999	0.999	1.000	0.999	0.999	1.000	R-Squared [600]
	7:00:38	7:00:38	3:00:35	7:00:38	7:00:38	8:00:39	8:00:39	8:00:39	8:00:39	7:00:38	8:00:39	7:00:38	t at Max V [600]
	2:06:13	1:49:11	0:46:45	1:14:05	1:44:04	2:28:10	1:57:26	2:27:59	2:34:04	2:31:17	1:56:26	1:57:15	Lagtime [600]


