
Software Version	3.11.19



Experiment File Path:	C:\Users\patil-group\Desktop\Sweeteners_stacker\101221_NT5021_45_69_Rep2\NT5021_45_69_Rep2.xpt
Protocol File Path:	C:\Users\Public\Documents\Protocols\Screening-protocol.prt



Plate Number	Plate 6
Date	10/12/2021
Time	14:00:38
Reader Type:	Epoch 2
Reader Serial Number:	2103223
Reading Type	Reader

Procedure Details

Plate Type	96 WELL PLATE
Discontinuous Kinetics	Runtime 1:00:00 (D:HH:MM), Interval 0:01:00, 25 Reads
	Pause after each run
Eject plate on completion	
Shake	Linear: 0:00:30 (HH:MM:SS)
	Frequency: 567 cpm (3 mm)
Read	Absorbance Endpoint
	Full Plate
	Wavelengths:  600
	Read Speed: Normal,  Delay: 100 msec,  Measurements/Data Point: 8

600

Time	T° 600	A1	A2	A3	A4	A5	A6	A7	A8	A9	A10	A11	A12	B1	B2	B3	B4	B5	B6	B7	B8	B9	B10	B11	B12	C1	C2	C3	C4	C5	C6	C7	C8	C9	C10	C11	C12	D1	D2	D3	D4	D5	D6	D7	D8	D9	D10	D11	D12	E1	E2	E3	E4	E5	E6	E7	E8	E9	E10	E11	E12	F1	F2	F3	F4	F5	F6	F7	F8	F9	F10	F11	F12	G1	G2	G3	G4	G5	G6	G7	G8	G9	G10	G11	G12	H1	H2	H3	H4	H5	H6	H7	H8	H9	H10	H11	H12
0:00:34	34.3	0.171	0.172	0.178	0.176	0.172	0.172	0.174	0.174	0.172	0.174	0.174	0.169	0.170	0.182	0.179	0.173	0.174	0.171	0.173	0.176	0.188	0.171	0.174	0.174	0.176	0.173	0.172	0.171	0.180	0.173	0.173	0.183	0.179	0.175	0.173	0.172	0.180	0.190	0.189	0.188	0.177	0.178	0.171	0.173	0.181	0.186	0.192	0.185	0.184	0.178	0.175	0.175	0.181	0.182	0.174	0.176	0.173	0.172	0.175	0.172	0.180	0.185	0.188	0.181	0.180	0.182	0.176	0.179	0.179	0.177	0.176	0.176	0.172	0.173	0.173	0.173	0.174	0.173	0.173	0.174	0.176	0.175	0.179	0.181	0.172	0.172	0.179	0.174	0.172	0.171	0.175	0.171	0.174	0.179	0.172	0.174
1:00:34	34.4	0.175	0.176	0.181	0.179	0.174	0.175	0.178	0.177	0.176	0.177	0.176	0.173	0.173	0.184	0.181	0.175	0.176	0.173	0.176	0.178	0.190	0.173	0.176	0.177	0.179	0.175	0.174	0.173	0.182	0.175	0.175	0.185	0.180	0.178	0.176	0.175	0.188	0.197	0.196	0.196	0.179	0.174	0.172	0.174	0.187	0.192	0.198	0.191	0.186	0.181	0.178	0.177	0.183	0.180	0.176	0.178	0.176	0.174	0.177	0.175	0.187	0.191	0.193	0.182	0.181	0.185	0.178	0.181	0.181	0.178	0.178	0.179	0.175	0.176	0.176	0.175	0.176	0.176	0.175	0.178	0.178	0.177	0.181	0.184	0.176	0.176	0.181	0.176	0.175	0.174	0.178	0.173	0.178	0.182	0.176	0.177
2:00:35	34.5	0.179	0.179	0.184	0.182	0.178	0.178	0.180	0.180	0.178	0.180	0.179	0.177	0.176	0.186	0.184	0.178	0.181	0.177	0.179	0.182	0.193	0.177	0.180	0.182	0.182	0.179	0.178	0.177	0.186	0.179	0.178	0.189	0.184	0.181	0.179	0.178	0.194	0.204	0.203	0.202	0.182	0.178	0.176	0.177	0.193	0.198	0.204	0.196	0.190	0.184	0.182	0.181	0.186	0.183	0.179	0.182	0.177	0.178	0.181	0.178	0.193	0.197	0.197	0.186	0.184	0.188	0.181	0.185	0.184	0.182	0.182	0.183	0.178	0.179	0.180	0.178	0.179	0.179	0.181	0.180	0.181	0.181	0.184	0.187	0.178	0.179	0.184	0.180	0.179	0.177	0.182	0.177	0.181	0.185	0.180	0.179
3:00:35	34.4	0.181	0.181	0.187	0.184	0.181	0.180	0.182	0.181	0.180	0.183	0.180	0.179	0.178	0.188	0.186	0.180	0.180	0.180	0.182	0.184	0.195	0.180	0.182	0.183	0.183	0.182	0.181	0.179	0.188	0.182	0.181	0.191	0.186	0.184	0.181	0.180	0.196	0.208	0.206	0.206	0.185	0.181	0.178	0.180	0.198	0.202	0.207	0.199	0.191	0.187	0.184	0.184	0.189	0.185	0.182	0.184	0.185	0.180	0.183	0.180	0.196	0.201	0.201	0.189	0.186	0.189	0.183	0.187	0.187	0.184	0.184	0.185	0.180	0.181	0.181	0.181	0.181	0.182	0.182	0.182	0.183	0.185	0.186	0.189	0.180	0.181	0.186	0.182	0.181	0.179	0.184	0.179	0.183	0.187	0.182	0.181
4:00:36	34.4	0.183	0.183	0.189	0.188	0.185	0.182	0.185	0.186	0.182	0.185	0.183	0.182	0.180	0.190	0.189	0.183	0.186	0.182	0.184	0.186	0.196	0.182	0.184	0.186	0.185	0.183	0.183	0.181	0.190	0.183	0.187	0.192	0.188	0.185	0.183	0.182	0.200	0.212	0.209	0.210	0.187	0.183	0.180	0.181	0.200	0.204	0.210	0.202	0.193	0.188	0.186	0.186	0.190	0.187	0.184	0.186	0.187	0.182	0.185	0.182	0.199	0.203	0.202	0.190	0.188	0.191	0.185	0.189	0.189	0.186	0.185	0.187	0.182	0.183	0.183	0.182	0.182	0.184	0.183	0.184	0.185	0.188	0.188	0.191	0.183	0.183	0.188	0.185	0.183	0.181	0.186	0.182	0.185	0.189	0.184	0.184
5:00:37	34.4	0.187	0.186	0.192	0.190	0.185	0.185	0.187	0.186	0.185	0.188	0.186	0.185	0.183	0.192	0.190	0.185	0.188	0.183	0.185	0.188	0.198	0.184	0.187	0.189	0.188	0.185	0.184	0.183	0.192	0.185	0.188	0.194	0.190	0.188	0.186	0.185	0.202	0.216	0.211	0.211	0.188	0.184	0.182	0.182	0.202	0.207	0.212	0.205	0.195	0.190	0.188	0.187	0.192	0.188	0.186	0.188	0.189	0.184	0.187	0.184	0.202	0.206	0.205	0.192	0.190	0.193	0.187	0.191	0.190	0.188	0.188	0.190	0.185	0.186	0.185	0.184	0.184	0.186	0.185	0.186	0.187	0.190	0.190	0.194	0.186	0.186	0.191	0.188	0.186	0.184	0.188	0.185	0.188	0.193	0.188	0.188
6:00:38	34.4	0.191	0.190	0.195	0.193	0.189	0.189	0.191	0.189	0.188	0.191	0.190	0.190	0.186	0.195	0.194	0.188	0.188	0.186	0.188	0.191	0.201	0.187	0.190	0.193	0.191	0.188	0.187	0.185	0.194	0.187	0.187	0.197	0.192	0.190	0.189	0.189	0.206	0.217	0.215	0.215	0.191	0.187	0.184	0.185	0.205	0.210	0.216	0.209	0.198	0.192	0.190	0.189	0.194	0.191	0.188	0.190	0.189	0.187	0.190	0.188	0.206	0.209	0.208	0.194	0.193	0.196	0.188	0.193	0.192	0.191	0.191	0.194	0.188	0.189	0.188	0.187	0.187	0.189	0.188	0.188	0.190	0.195	0.193	0.198	0.190	0.190	0.194	0.191	0.189	0.188	0.192	0.188	0.191	0.196	0.192	0.192
7:00:38	34.4	0.196	0.194	0.199	0.197	0.192	0.199	0.195	0.193	0.192	0.196	0.194	0.194	0.191	0.198	0.197	0.191	0.191	0.189	0.192	0.194	0.204	0.191	0.194	0.197	0.194	0.191	0.190	0.188	0.197	0.190	0.189	0.200	0.196	0.194	0.192	0.193	0.210	0.222	0.219	0.219	0.194	0.190	0.187	0.188	0.208	0.215	0.220	0.214	0.201	0.196	0.192	0.192	0.196	0.194	0.191	0.193	0.192	0.190	0.193	0.192	0.210	0.213	0.212	0.197	0.196	0.198	0.190	0.195	0.195	0.194	0.194	0.198	0.192	0.192	0.191	0.190	0.190	0.192	0.191	0.192	0.193	0.200	0.197	0.202	0.194	0.194	0.198	0.195	0.193	0.192	0.195	0.192	0.195	0.200	0.196	0.197
8:00:39	34.4	0.200	0.198	0.203	0.200	0.196	0.202	0.198	0.196	0.196	0.199	0.198	0.199	0.195	0.202	0.201	0.194	0.194	0.192	0.195	0.197	0.208	0.194	0.198	0.202	0.198	0.194	0.193	0.191	0.200	0.193	0.192	0.203	0.199	0.197	0.196	0.197	0.215	0.225	0.222	0.222	0.197	0.193	0.190	0.191	0.212	0.218	0.223	0.218	0.205	0.199	0.196	0.195	0.199	0.196	0.194	0.196	0.195	0.192	0.197	0.196	0.214	0.217	0.215	0.200	0.199	0.202	0.193	0.198	0.198	0.197	0.198	0.202	0.196	0.196	0.195	0.194	0.194	0.195	0.193	0.195	0.196	0.197	0.200	0.206	0.198	0.198	0.202	0.199	0.197	0.195	0.199	0.195	0.199	0.204	0.200	0.201
9:00:40	34.4	0.204	0.202	0.210	0.204	0.200	0.206	0.202	0.200	0.200	0.203	0.204	0.203	0.199	0.205	0.203	0.197	0.201	0.195	0.198	0.200	0.211	0.198	0.202	0.206	0.201	0.197	0.196	0.193	0.203	0.196	0.203	0.205	0.202	0.200	0.199	0.201	0.218	0.228	0.225	0.226	0.200	0.196	0.193	0.194	0.215	0.221	0.227	0.222	0.209	0.203	0.199	0.198	0.202	0.199	0.197	0.199	0.198	0.196	0.200	0.200	0.218	0.220	0.219	0.203	0.202	0.204	0.196	0.202	0.202	0.200	0.201	0.205	0.200	0.199	0.198	0.197	0.197	0.199	0.196	0.197	0.199	0.204	0.204	0.210	0.202	0.201	0.206	0.202	0.200	0.199	0.203	0.199	0.202	0.207	0.203	0.205
10:00:41	34.4	0.208	0.206	0.213	0.207	0.203	0.209	0.205	0.203	0.203	0.206	0.207	0.206	0.202	0.208	0.206	0.200	0.200	0.197	0.200	0.203	0.215	0.201	0.205	0.210	0.203	0.200	0.198	0.196	0.205	0.198	0.200	0.208	0.204	0.203	0.202	0.204	0.222	0.235	0.229	0.230	0.202	0.199	0.196	0.197	0.218	0.224	0.230	0.226	0.213	0.206	0.202	0.201	0.204	0.205	0.199	0.202	0.201	0.198	0.203	0.203	0.222	0.223	0.221	0.206	0.205	0.207	0.202	0.204	0.204	0.203	0.203	0.209	0.203	0.202	0.201	0.200	0.201	0.202	0.198	0.200	0.201	0.204	0.207	0.214	0.205	0.205	0.209	0.205	0.204	0.202	0.208	0.202	0.205	0.211	0.207	0.208
11:00:42	34.4	0.211	0.208	0.216	0.210	0.206	0.212	0.209	0.206	0.206	0.209	0.209	0.210	0.205	0.210	0.208	0.202	0.203	0.200	0.203	0.205	0.218	0.204	0.208	0.213	0.206	0.202	0.200	0.198	0.207	0.200	0.202	0.210	0.207	0.206	0.204	0.208	0.226	0.235	0.233	0.232	0.205	0.201	0.198	0.199	0.221	0.227	0.233	0.228	0.216	0.208	0.205	0.204	0.207	0.204	0.202	0.204	0.203	0.201	0.205	0.206	0.225	0.226	0.224	0.209	0.207	0.209	0.204	0.207	0.207	0.205	0.206	0.212	0.206	0.205	0.203	0.202	0.203	0.205	0.200	0.202	0.204	0.206	0.209	0.217	0.208	0.208	0.214	0.208	0.206	0.206	0.209	0.205	0.209	0.214	0.210	0.212
12:00:42	34.4	0.214	0.211	0.218	0.212	0.208	0.214	0.211	0.208	0.209	0.212	0.212	0.213	0.208	0.213	0.210	0.204	0.206	0.202	0.205	0.207	0.220	0.206	0.210	0.216	0.208	0.204	0.203	0.200	0.210	0.202	0.204	0.212	0.209	0.207	0.207	0.210	0.228	0.236	0.234	0.234	0.207	0.203	0.201	0.201	0.224	0.229	0.234	0.232	0.218	0.211	0.207	0.206	0.209	0.206	0.205	0.207	0.205	0.203	0.207	0.209	0.228	0.229	0.227	0.211	0.209	0.211	0.207	0.209	0.209	0.207	0.208	0.214	0.208	0.207	0.205	0.204	0.206	0.207	0.202	0.204	0.206	0.208	0.211	0.220	0.211	0.210	0.215	0.210	0.209	0.207	0.211	0.207	0.211	0.217	0.212	0.214
13:00:43	34.4	0.216	0.213	0.220	0.214	0.210	0.216	0.213	0.211	0.210	0.214	0.214	0.214	0.210	0.214	0.212	0.205	0.206	0.203	0.207	0.208	0.222	0.208	0.212	0.218	0.209	0.205	0.204	0.201	0.211	0.203	0.206	0.213	0.210	0.209	0.208	0.212	0.230	0.238	0.235	0.236	0.209	0.205	0.202	0.203	0.226	0.231	0.236	0.233	0.221	0.212	0.209	0.208	0.211	0.207	0.206	0.207	0.207	0.204	0.209	0.211	0.229	0.230	0.228	0.212	0.211	0.213	0.209	0.211	0.211	0.208	0.209	0.215	0.210	0.208	0.207	0.206	0.208	0.208	0.204	0.205	0.207	0.210	0.213	0.222	0.212	0.212	0.217	0.212	0.210	0.209	0.213	0.209	0.213	0.219	0.214	0.216
14:00:43	34.4	0.217	0.215	0.222	0.216	0.212	0.215	0.215	0.212	0.212	0.215	0.216	0.216	0.212	0.216	0.213	0.206	0.208	0.205	0.208	0.210	0.223	0.209	0.213	0.220	0.210	0.206	0.205	0.202	0.212	0.205	0.207	0.215	0.211	0.210	0.210	0.214	0.232	0.239	0.238	0.237	0.210	0.206	0.203	0.204	0.227	0.232	0.238	0.235	0.222	0.214	0.210	0.209	0.212	0.208	0.207	0.209	0.208	0.205	0.210	0.213	0.230	0.231	0.229	0.213	0.212	0.214	0.210	0.212	0.213	0.209	0.210	0.217	0.212	0.210	0.208	0.207	0.209	0.210	0.205	0.206	0.208	0.211	0.214	0.223	0.214	0.214	0.218	0.214	0.212	0.210	0.214	0.210	0.215	0.220	0.216	0.218
15:00:44	34.4	0.219	0.216	0.223	0.217	0.213	0.214	0.216	0.213	0.213	0.216	0.216	0.217	0.213	0.217	0.214	0.208	0.208	0.206	0.209	0.211	0.224	0.210	0.214	0.221	0.211	0.208	0.206	0.203	0.213	0.206	0.208	0.216	0.212	0.211	0.211	0.215	0.233	0.240	0.239	0.239	0.211	0.207	0.204	0.205	0.228	0.233	0.238	0.236	0.223	0.215	0.212	0.210	0.213	0.209	0.208	0.210	0.209	0.207	0.211	0.214	0.231	0.231	0.231	0.215	0.213	0.215	0.210	0.213	0.213	0.210	0.212	0.218	0.213	0.210	0.209	0.208	0.210	0.212	0.206	0.207	0.209	0.212	0.215	0.225	0.214	0.215	0.219	0.214	0.213	0.211	0.216	0.211	0.216	0.221	0.217	0.219
16:00:44	34.4	0.219	0.217	0.225	0.218	0.213	0.215	0.217	0.214	0.214	0.217	0.217	0.218	0.214	0.218	0.215	0.209	0.210	0.207	0.210	0.212	0.225	0.211	0.215	0.222	0.212	0.208	0.207	0.204	0.214	0.207	0.208	0.217	0.214	0.212	0.211	0.216	0.234	0.241	0.240	0.241	0.212	0.208	0.205	0.206	0.228	0.234	0.239	0.237	0.224	0.215	0.212	0.211	0.214	0.211	0.210	0.211	0.210	0.207	0.212	0.215	0.232	0.233	0.231	0.216	0.214	0.216	0.211	0.214	0.214	0.211	0.212	0.218	0.214	0.211	0.210	0.209	0.211	0.213	0.207	0.208	0.210	0.213	0.216	0.225	0.216	0.215	0.220	0.215	0.214	0.212	0.216	0.212	0.217	0.222	0.218	0.220
17:00:45	34.4	0.221	0.218	0.225	0.219	0.214	0.220	0.218	0.214	0.215	0.217	0.218	0.218	0.215	0.219	0.216	0.209	0.210	0.208	0.211	0.213	0.225	0.212	0.216	0.222	0.213	0.209	0.208	0.205	0.215	0.207	0.209	0.217	0.214	0.213	0.213	0.216	0.235	0.241	0.241	0.242	0.212	0.209	0.206	0.207	0.229	0.234	0.240	0.237	0.225	0.216	0.213	0.212	0.215	0.211	0.210	0.211	0.210	0.208	0.213	0.216	0.233	0.233	0.232	0.217	0.215	0.217	0.212	0.215	0.215	0.212	0.213	0.219	0.214	0.212	0.211	0.210	0.212	0.213	0.208	0.209	0.211	0.214	0.217	0.226	0.216	0.216	0.221	0.216	0.214	0.213	0.217	0.213	0.218	0.223	0.219	0.220
18:00:46	34.4	0.221	0.218	0.226	0.219	0.215	0.218	0.218	0.215	0.215	0.218	0.219	0.219	0.215	0.220	0.217	0.210	0.211	0.208	0.211	0.213	0.226	0.212	0.216	0.223	0.213	0.210	0.209	0.205	0.216	0.208	0.210	0.218	0.215	0.214	0.213	0.217	0.236	0.241	0.241	0.242	0.213	0.209	0.207	0.207	0.230	0.234	0.240	0.238	0.225	0.217	0.214	0.212	0.215	0.212	0.211	0.212	0.211	0.209	0.213	0.216	0.234	0.234	0.233	0.217	0.216	0.217	0.213	0.216	0.215	0.213	0.214	0.220	0.215	0.213	0.212	0.211	0.213	0.214	0.209	0.210	0.212	0.214	0.217	0.227	0.217	0.217	0.222	0.217	0.215	0.214	0.218	0.213	0.218	0.224	0.220	0.221
19:00:46	34.4	0.221	0.219	0.227	0.220	0.215	0.222	0.219	0.215	0.215	0.219	0.219	0.219	0.216	0.220	0.217	0.211	0.212	0.209	0.212	0.213	0.227	0.213	0.217	0.224	0.214	0.210	0.210	0.206	0.216	0.209	0.211	0.219	0.215	0.214	0.214	0.217	0.236	0.242	0.242	0.243	0.213	0.210	0.208	0.208	0.230	0.236	0.242	0.238	0.225	0.218	0.215	0.213	0.217	0.212	0.211	0.213	0.211	0.210	0.214	0.217	0.234	0.235	0.234	0.218	0.216	0.217	0.213	0.216	0.216	0.213	0.214	0.220	0.215	0.214	0.213	0.211	0.213	0.215	0.209	0.210	0.212	0.214	0.218	0.227	0.217	0.217	0.222	0.217	0.216	0.214	0.218	0.214	0.219	0.225	0.220	0.221
20:00:46	34.4	0.221	0.220	0.227	0.220	0.216	0.218	0.219	0.216	0.215	0.220	0.219	0.219	0.216	0.220	0.218	0.211	0.212	0.209	0.213	0.214	0.227	0.213	0.217	0.223	0.214	0.211	0.210	0.207	0.217	0.209	0.212	0.220	0.216	0.215	0.214	0.217	0.237	0.243	0.242	0.241	0.214	0.211	0.208	0.208	0.231	0.236	0.241	0.238	0.226	0.219	0.216	0.214	0.216	0.213	0.212	0.213	0.212	0.210	0.215	0.217	0.235	0.235	0.234	0.218	0.217	0.217	0.214	0.216	0.216	0.213	0.215	0.221	0.216	0.214	0.213	0.212	0.214	0.216	0.210	0.211	0.213	0.215	0.219	0.228	0.217	0.218	0.222	0.217	0.217	0.214	0.218	0.214	0.219	0.224	0.220	0.221
21:00:47	34.4	0.221	0.220	0.228	0.220	0.216	0.217	0.220	0.216	0.215	0.219	0.219	0.219	0.216	0.221	0.218	0.212	0.213	0.210	0.213	0.214	0.227	0.213	0.218	0.224	0.214	0.212	0.211	0.207	0.218	0.210	0.212	0.220	0.216	0.215	0.215	0.218	0.237	0.243	0.242	0.242	0.215	0.211	0.209	0.209	0.231	0.236	0.241	0.239	0.226	0.220	0.216	0.215	0.216	0.213	0.213	0.214	0.212	0.210	0.215	0.218	0.234	0.235	0.235	0.218	0.217	0.218	0.214	0.217	0.216	0.214	0.215	0.221	0.216	0.215	0.214	0.213	0.214	0.220	0.210	0.212	0.214	0.215	0.219	0.228	0.217	0.218	0.223	0.218	0.217	0.215	0.219	0.215	0.219	0.225	0.220	0.221
22:00:48	34.4	0.221	0.220	0.228	0.221	0.216	0.216	0.220	0.216	0.215	0.219	0.220	0.220	0.217	0.221	0.219	0.212	0.213	0.210	0.214	0.215	0.227	0.214	0.218	0.224	0.214	0.212	0.211	0.208	0.218	0.210	0.212	0.220	0.216	0.216	0.215	0.218	0.237	0.243	0.243	0.242	0.215	0.212	0.209	0.209	0.231	0.237	0.241	0.239	0.226	0.220	0.217	0.216	0.217	0.214	0.213	0.214	0.212	0.211	0.215	0.217	0.234	0.236	0.235	0.219	0.217	0.218	0.214	0.218	0.217	0.214	0.215	0.221	0.216	0.215	0.214	0.213	0.215	0.226	0.211	0.212	0.214	0.215	0.219	0.228	0.218	0.218	0.223	0.218	0.217	0.215	0.219	0.215	0.220	0.225	0.220	0.221
23:00:48	34.5	0.222	0.219	0.228	0.221	0.216	0.216	0.220	0.216	0.215	0.219	0.219	0.221	0.217	0.221	0.219	0.213	0.213	0.210	0.214	0.215	0.227	0.213	0.218	0.224	0.214	0.212	0.212	0.208	0.219	0.210	0.213	0.221	0.217	0.216	0.215	0.217	0.238	0.243	0.243	0.244	0.216	0.212	0.209	0.210	0.232	0.237	0.242	0.239	0.226	0.220	0.218	0.215	0.217	0.214	0.213	0.214	0.213	0.211	0.216	0.217	0.235	0.236	0.236	0.219	0.218	0.219	0.215	0.217	0.217	0.214	0.215	0.221	0.216	0.216	0.215	0.213	0.215	0.224	0.211	0.212	0.214	0.216	0.219	0.228	0.218	0.218	0.224	0.218	0.217	0.215	0.219	0.215	0.219	0.225	0.221	0.221
0:00:00																																																																																																	

Results
	1	2	3	4	5	6	7	8	9	10	11	12
A	0.071	0.067	0.077	0.060	0.060	0.092	0.061	0.060	0.062	0.063	0.072	0.073	Max V [600]
	1.000	0.999	0.983	1.000	1.000	0.962	1.000	0.999	0.999	0.999	0.993	1.000	R-Squared [600]
	7:00:39	8:00:40	8:00:40	8:00:40	7:00:39	7:00:39	7:00:39	7:00:39	8:00:40	7:00:39	7:00:39	7:00:39	t at Max V [600]
	1:17:50	1:35:30	2:25:19	1:27:11	1:18:28	2:45:14	1:12:44	1:40:08	1:29:45	1:29:57	2:11:22	1:22:36	Lagtime [600]
B	0.066	0.056	0.054	0.050	0.059	0.051	0.053	0.050	0.057	0.060	0.063	0.071	Max V [600]
	0.999	0.998	0.996	1.000	0.942	1.000	1.000	1.000	1.000	1.000	0.999	1.000	R-Squared [600]
	7:00:39	7:00:39	7:00:39	7:00:39	8:00:40	7:00:39	7:00:39	7:00:39	8:00:40	8:00:40	7:00:39	7:00:39	t at Max V [600]
	1:45:26	2:13:30	1:24:21	1:00:58	2:11:20	1:13:36	1:22:05	1:07:46	2:14:08	1:29:34	1:36:46	1:32:54	Lagtime [600]
C	0.055	0.049	0.047	0.045	0.047	0.046	0.069	0.047	0.050	0.053	0.055	0.065	Max V [600]
	0.999	1.000	0.999	0.999	0.999	0.999	0.821	0.999	0.998	1.000	0.999	1.000	R-Squared [600]
	7:00:39	7:00:39	7:00:39	8:00:40	7:00:39	8:00:40	8:00:40	7:00:39	7:00:39	8:00:40	7:00:39	7:00:39	t at Max V [600]
	1:28:51	0:39:00	0:43:11	0:54:23	1:01:51	1:02:18	2:53:40	1:04:26	1:26:58	1:15:08	1:11:29	1:35:58	Lagtime [600]
D	0.078	0.091	0.083	0.089	0.049	0.049	0.049	0.049	0.081	0.079	0.074	0.072	Max V [600]
	0.959	0.975	0.963	0.975	0.999	0.999	0.999	1.000	0.979	0.968	0.972	0.969	R-Squared [600]
	2:00:35	2:00:35	2:00:35	2:00:35	8:00:40	8:00:40	8:00:40	8:00:40	2:00:35	2:00:35	2:00:35	2:00:35	t at Max V [600]
	?????	?????	?????	?????	1:30:03	3:05:38	1:28:32	1:59:45	?????	?????	?????	?????	Lagtime [600]
E	0.063	0.056	0.054	0.052	0.045	0.055	0.047	0.050	0.061	0.049	0.053	0.065	Max V [600]
	0.998	0.999	0.998	0.998	0.999	0.968	0.999	1.000	0.931	0.991	1.000	1.000	R-Squared [600]
	8:00:40	8:00:40	9:00:40	9:00:40	9:00:40	8:00:40	8:00:40	8:00:40	2:00:35	7:00:39	7:00:39	7:00:39	t at Max V [600]
	2:13:19	1:51:42	1:40:48	1:36:42	1:32:11	3:28:26	1:02:03	1:27:46	0:17:54	0:56:07	1:21:08	1:57:11	Lagtime [600]
F	0.075	0.076	0.062	0.049	0.053	0.048	0.062	0.051	0.052	0.049	0.054	0.064	Max V [600]
	0.964	0.965	0.967	0.999	0.999	0.999	0.983	0.999	0.996	0.999	1.000	1.000	R-Squared [600]
	2:00:35	2:00:35	2:00:35	8:00:40	8:00:40	8:00:40	9:00:40	9:00:40	8:00:40	7:00:39	7:00:39	7:00:39	t at Max V [600]
	?????	?????	?????	1:30:10	1:59:04	1:22:22	3:24:58	1:37:55	1:44:25	1:06:38	1:21:00	1:20:28	Lagtime [600]
G	0.064	0.057	0.055	0.054	0.057	0.056	0.045	0.049	0.048	0.060	0.057	0.067	Max V [600]
	0.999	1.000	0.999	0.999	1.000	0.999	0.915	1.000	0.999	0.966	0.999	0.999	R-Squared [600]
	7:00:39	7:00:39	7:00:39	8:00:40	8:00:40	8:00:40	2:00:35	7:00:39	7:00:39	5:00:37	8:00:40	7:00:39	t at Max V [600]
	1:41:19	1:17:31	1:41:04	1:40:12	2:10:24	1:28:31	?????	1:08:42	0:55:08	0:29:48	1:49:26	1:51:02	Lagtime [600]
H	0.066	0.064	0.064	0.059	0.062	0.060	0.065	0.061	0.061	0.062	0.065	0.070	Max V [600]
	1.000	0.999	0.996	0.999	1.000	1.000	0.996	0.999	0.997	0.999	0.999	1.000	R-Squared [600]
	7:00:39	7:00:39	9:00:40	7:00:39	7:00:39	7:00:39	8:00:40	7:00:39	7:00:39	8:00:40	7:00:39	6:00:38	t at Max V [600]
	1:31:47	1:17:13	2:06:31	1:04:17	1:26:19	1:16:14	1:55:58	1:16:01	1:17:01	1:20:34	0:59:57	1:34:59	Lagtime [600]


