Time	A1	A2	A3	A4	A5	A6	A7	A8	A9	A10	A11	A12	B1	B2	B3	B4	B5	B6	B7	B8	B9	B10	B11	B12	C1	C2	C3	C4	C5	C6	C7	C8	C9	C10	C11	C12	D1	D2	D3	D4	D5	D6	D7	D8	D9	D10	D11	D12	E1	E2	E3	E4	E5	E6	E7	E8	E9	E10	E11	E12	F1	F2	F3	F4	F5	F6	F7	F8	F9	F10	F11	F12	G1	G2	G3	G4	G5	G6	G7	G8	G9	G10	G11	G12	H1	H2	H3	H4	H5	H6	H7	H8	H9	H10	H11	H12
0	0.168	0.168	0.181	0.173	0.175	0.186	0.188	0.186	0.188	0.181	0.181	0.181	0.176	0.179	0.175	0.171	0.179	0.180	0.186	0.178	0.188	0.178	0.179	0.182	0.175	0.172	0.180	0.170	0.191	0.175	0.200	0.184	0.179	0.173	0.183	0.186	0.183	0.172	0.174	0.172	0.187	0.184	0.179	0.183	0.179	0.189	0.174	0.179	0.179	0.184	0.177	0.176	0.181	0.180	0.177	0.178	0.175	0.183	0.179	0.184	0.176	0.194	0.172	0.177	0.179	0.182	0.177	0.196	0.178	0.185	0.176	0.198	0.172	0.175	0.167	0.180	0.170	0.170	0.170	0.176	0.182	0.177	0.176	0.175	0.171	0.169	0.173	0.185	0.171	0.183	0.170	0.173	0.175	0.173	0.176	0.174
1	0.232	0.227	0.240	0.229	0.233	0.246	0.248	0.248	0.249	0.245	0.248	0.253	0.234	0.232	0.225	0.221	0.227	0.231	0.236	0.229	0.240	0.232	0.239	0.246	0.229	0.221	0.230	0.216	0.235	0.220	0.243	0.233	0.226	0.222	0.236	0.245	0.236	0.223	0.222	0.217	0.230	0.229	0.222	0.227	0.224	0.236	0.228	0.240	0.236	0.235	0.225	0.221	0.225	0.225	0.222	0.221	0.220	0.227	0.231	0.243	0.230	0.237	0.220	0.224	0.224	0.226	0.222	0.243	0.224	0.234	0.229	0.259	0.231	0.231	0.219	0.227	0.216	0.216	0.214	0.222	0.232	0.228	0.232	0.237	0.234	0.227	0.227	0.236	0.224	0.235	0.220	0.223	0.225	0.225	0.234	0.237
2	0.335	0.326	0.340	0.327	0.335	0.349	0.352	0.350	0.352	0.350	0.353	0.354	0.338	0.332	0.324	0.321	0.328	0.332	0.337	0.330	0.341	0.333	0.344	0.352	0.494	0.317	0.329	0.313	0.330	0.320	0.339	0.333	0.324	0.321	0.336	0.350	0.333	0.322	0.322	0.318	0.329	0.330	0.323	0.326	0.325	0.335	0.331	0.346	0.336	0.332	0.322	0.318	0.324	0.328	0.324	0.321	0.320	0.326	0.333	0.348	0.327	0.329	0.318	0.323	0.323	0.324	0.322	0.343	0.323	0.334	0.332	0.365	0.329	0.326	0.314	0.319	0.310	0.311	0.309	0.317	0.330	0.326	0.332	0.339	0.335	0.326	0.329	0.334	0.325	0.334	0.319	0.324	0.329	0.326	0.336	0.338
3	0.355	0.351	0.368	0.351	0.367	0.381	0.382	0.379	0.381	0.378	0.378	0.375	0.368	0.370	0.363	0.363	0.373	0.380	0.382	0.375	0.384	0.372	0.378	0.380	0.469	0.357	0.372	0.358	0.377	0.368	0.386	0.379	0.370	0.365	0.376	0.382	0.366	0.365	0.367	0.365	0.377	0.380	0.374	0.374	0.374	0.382	0.374	0.379	0.368	0.372	0.366	0.365	0.372	0.379	0.375	0.374	0.369	0.373	0.376	0.383	0.361	0.370	0.362	0.371	0.369	0.373	0.372	0.389	0.372	0.379	0.373	0.397	0.353	0.357	0.349	0.359	0.350	0.351	0.350	0.358	0.368	0.363	0.364	0.363	0.358	0.370	0.360	0.369	0.361	0.369	0.358	0.363	0.361	0.358	0.363	0.364
4	0.366	0.362	0.379	0.362	0.380	0.395	0.396	0.393	0.395	0.392	0.392	0.390	0.380	0.382	0.377	0.378	0.389	0.395	0.397	0.390	0.398	0.387	0.393	0.394	0.380	0.370	0.388	0.373	0.392	0.384	0.401	0.395	0.386	0.380	0.392	0.396	0.379	0.380	0.383	0.381	0.393	0.395	0.389	0.390	0.391	0.398	0.389	0.392	0.382	0.386	0.381	0.380	0.386	0.392	0.389	0.388	0.383	0.388	0.393	0.398	0.374	0.383	0.379	0.387	0.385	0.388	0.387	0.402	0.388	0.395	0.388	0.412	0.365	0.369	0.362	0.371	0.363	0.365	0.364	0.372	0.382	0.377	0.377	0.376	0.371	0.388	0.372	0.381	0.374	0.382	0.371	0.377	0.373	0.371	0.376	0.376
5	0.375	0.371	0.387	0.371	0.387	0.403	0.404	0.401	0.403	0.400	0.401	0.399	0.392	0.394	0.385	0.386	0.398	0.406	0.408	0.400	0.408	0.398	0.402	0.403	0.388	0.379	0.396	0.381	0.400	0.393	0.411	0.404	0.396	0.389	0.401	0.406	0.388	0.388	0.391	0.389	0.402	0.405	0.400	0.400	0.401	0.409	0.399	0.403	0.391	0.394	0.389	0.388	0.395	0.401	0.398	0.397	0.393	0.396	0.404	0.408	0.382	0.391	0.388	0.397	0.393	0.398	0.395	0.410	0.396	0.402	0.397	0.421	0.373	0.380	0.370	0.380	0.374	0.374	0.372	0.380	0.391	0.385	0.386	0.385	0.380	0.386	0.381	0.390	0.383	0.392	0.379	0.386	0.382	0.380	0.384	0.385
6	0.384	0.380	0.398	0.381	0.398	0.412	0.414	0.411	0.413	0.411	0.411	0.409	0.402	0.405	0.394	0.396	0.408	0.415	0.418	0.409	0.417	0.408	0.412	0.413	0.397	0.387	0.405	0.389	0.409	0.402	0.419	0.413	0.405	0.399	0.410	0.415	0.397	0.398	0.400	0.398	0.410	0.413	0.410	0.410	0.413	0.420	0.409	0.415	0.400	0.402	0.398	0.396	0.403	0.412	0.407	0.406	0.402	0.406	0.415	0.417	0.391	0.399	0.398	0.404	0.402	0.406	0.403	0.422	0.406	0.411	0.408	0.432	0.382	0.387	0.379	0.390	0.383	0.383	0.380	0.388	0.399	0.395	0.395	0.396	0.390	0.393	0.390	0.399	0.395	0.401	0.386	0.394	0.393	0.390	0.394	0.394
7	0.392	0.387	0.406	0.388	0.405	0.419	0.420	0.418	0.420	0.418	0.418	0.416	0.411	0.412	0.402	0.404	0.417	0.423	0.426	0.418	0.426	0.415	0.419	0.420	0.405	0.394	0.412	0.398	0.418	0.410	0.428	0.422	0.412	0.407	0.417	0.422	0.404	0.406	0.408	0.406	0.418	0.422	0.418	0.419	0.422	0.429	0.417	0.422	0.407	0.410	0.406	0.405	0.413	0.424	0.416	0.415	0.413	0.416	0.424	0.425	0.399	0.406	0.406	0.413	0.411	0.415	0.413	0.430	0.416	0.422	0.417	0.439	0.389	0.397	0.385	0.394	0.389	0.391	0.388	0.396	0.407	0.403	0.404	0.404	0.396	0.398	0.399	0.406	0.399	0.409	0.392	0.401	0.400	0.398	0.402	0.404
8	0.397	0.392	0.411	0.393	0.411	0.424	0.425	0.423	0.425	0.422	0.423	0.421	0.416	0.419	0.408	0.410	0.424	0.428	0.431	0.424	0.432	0.421	0.424	0.424	0.411	0.400	0.418	0.404	0.424	0.416	0.432	0.427	0.418	0.413	0.423	0.426	0.410	0.412	0.414	0.413	0.424	0.427	0.424	0.424	0.427	0.434	0.423	0.428	0.412	0.415	0.411	0.411	0.419	0.430	0.422	0.421	0.420	0.422	0.427	0.428	0.404	0.410	0.412	0.420	0.417	0.421	0.420	0.436	0.424	0.427	0.422	0.444	0.393	0.403	0.391	0.399	0.394	0.396	0.394	0.402	0.413	0.408	0.408	0.408	0.401	0.404	0.405	0.412	0.402	0.414	0.396	0.403	0.405	0.403	0.407	0.409
9	0.401	0.395	0.414	0.397	0.414	0.427	0.428	0.426	0.428	0.425	0.426	0.424	0.420	0.422	0.412	0.414	0.427	0.431	0.433	0.428	0.435	0.425	0.428	0.427	0.416	0.404	0.421	0.408	0.428	0.419	0.436	0.432	0.422	0.416	0.426	0.429	0.414	0.417	0.418	0.417	0.428	0.432	0.428	0.429	0.432	0.438	0.427	0.431	0.416	0.418	0.416	0.416	0.424	0.436	0.425	0.426	0.423	0.427	0.430	0.432	0.408	0.414	0.416	0.424	0.422	0.426	0.424	0.441	0.428	0.431	0.426	0.448	0.398	0.408	0.395	0.402	0.397	0.401	0.399	0.407	0.417	0.413	0.412	0.411	0.404	0.407	0.407	0.415	0.406	0.419	0.399	0.406	0.411	0.407	0.410	0.412
10	0.404	0.399	0.418	0.401	0.417	0.431	0.431	0.430	0.431	0.428	0.429	0.428	0.423	0.426	0.416	0.418	0.431	0.434	0.436	0.431	0.439	0.427	0.430	0.431	0.420	0.406	0.425	0.412	0.431	0.423	0.440	0.435	0.425	0.419	0.429	0.432	0.417	0.420	0.421	0.420	0.431	0.435	0.431	0.432	0.435	0.441	0.430	0.435	0.418	0.421	0.418	0.420	0.427	0.440	0.428	0.429	0.427	0.429	0.432	0.434	0.410	0.416	0.418	0.426	0.424	0.429	0.428	0.444	0.431	0.434	0.429	0.450	0.400	0.410	0.397	0.405	0.400	0.403	0.403	0.410	0.422	0.416	0.415	0.414	0.406	0.410	0.410	0.419	0.410	0.422	0.403	0.410	0.414	0.410	0.413	0.414
11	0.406	0.402	0.420	0.402	0.418	0.433	0.434	0.432	0.434	0.430	0.431	0.431	0.426	0.428	0.419	0.422	0.433	0.436	0.438	0.434	0.441	0.430	0.433	0.432	0.422	0.408	0.427	0.415	0.433	0.425	0.442	0.438	0.428	0.422	0.431	0.434	0.420	0.422	0.424	0.422	0.433	0.437	0.434	0.435	0.438	0.443	0.432	0.437	0.421	0.423	0.421	0.423	0.430	0.443	0.431	0.432	0.432	0.432	0.434	0.437	0.412	0.417	0.420	0.428	0.427	0.431	0.430	0.447	0.434	0.436	0.431	0.452	0.404	0.411	0.400	0.408	0.402	0.405	0.406	0.414	0.424	0.418	0.417	0.417	0.409	0.413	0.413	0.421	0.413	0.424	0.406	0.413	0.417	0.412	0.415	0.416
12	0.408	0.404	0.422	0.405	0.420	0.435	0.436	0.435	0.436	0.433	0.433	0.432	0.428	0.431	0.422	0.424	0.435	0.439	0.441	0.436	0.443	0.433	0.435	0.435	0.425	0.411	0.430	0.417	0.436	0.428	0.445	0.441	0.430	0.425	0.433	0.436	0.422	0.425	0.427	0.424	0.435	0.440	0.437	0.438	0.440	0.446	0.435	0.439	0.423	0.425	0.423	0.425	0.433	0.446	0.433	0.435	0.433	0.435	0.438	0.440	0.414	0.420	0.422	0.430	0.429	0.433	0.433	0.449	0.436	0.439	0.433	0.455	0.406	0.414	0.403	0.411	0.405	0.408	0.409	0.417	0.427	0.421	0.420	0.419	0.411	0.416	0.415	0.424	0.416	0.427	0.408	0.416	0.419	0.414	0.417	0.417
13	0.410	0.405	0.423	0.406	0.422	0.436	0.438	0.436	0.437	0.434	0.435	0.434	0.430	0.433	0.423	0.426	0.436	0.440	0.443	0.438	0.445	0.435	0.437	0.437	0.427	0.413	0.431	0.420	0.438	0.430	0.446	0.443	0.432	0.426	0.435	0.439	0.424	0.427	0.428	0.427	0.437	0.442	0.440	0.441	0.442	0.447	0.437	0.441	0.426	0.427	0.425	0.428	0.434	0.448	0.436	0.438	0.436	0.437	0.439	0.442	0.416	0.421	0.424	0.432	0.431	0.435	0.435	0.452	0.439	0.441	0.435	0.457	0.408	0.415	0.405	0.414	0.406	0.409	0.411	0.419	0.430	0.423	0.422	0.422	0.413	0.418	0.417	0.426	0.420	0.429	0.411	0.419	0.421	0.415	0.419	0.418
14	0.411	0.407	0.425	0.408	0.424	0.438	0.440	0.439	0.439	0.436	0.437	0.437	0.432	0.435	0.426	0.428	0.438	0.443	0.444	0.441	0.447	0.436	0.438	0.438	0.429	0.414	0.434	0.421	0.440	0.432	0.448	0.445	0.434	0.428	0.437	0.441	0.426	0.429	0.431	0.429	0.440	0.444	0.442	0.442	0.445	0.450	0.439	0.443	0.427	0.429	0.427	0.430	0.437	0.451	0.439	0.440	0.437	0.439	0.442	0.444	0.417	0.422	0.425	0.434	0.434	0.437	0.438	0.454	0.441	0.443	0.437	0.458	0.411	0.416	0.408	0.416	0.408	0.411	0.413	0.422	0.431	0.425	0.424	0.424	0.416	0.421	0.420	0.428	0.422	0.430	0.414	0.420	0.422	0.417	0.421	0.421
15	0.414	0.410	0.428	0.411	0.427	0.441	0.453	0.443	0.442	0.439	0.441	0.441	0.436	0.438	0.429	0.431	0.441	0.445	0.447	0.443	0.449	0.439	0.442	0.441	0.432	0.417	0.436	0.424	0.442	0.434	0.450	0.448	0.437	0.431	0.439	0.443	0.429	0.432	0.433	0.431	0.442	0.446	0.445	0.445	0.447	0.452	0.442	0.447	0.431	0.432	0.430	0.432	0.439	0.454	0.441	0.443	0.439	0.441	0.444	0.446	0.420	0.425	0.428	0.436	0.436	0.440	0.440	0.456	0.443	0.446	0.439	0.461	0.415	0.418	0.411	0.418	0.410	0.414	0.415	0.424	0.434	0.427	0.428	0.428	0.419	0.425	0.422	0.431	0.424	0.434	0.416	0.424	0.425	0.420	0.423	0.423
16	0.416	0.415	0.431	0.415	0.431	0.444	0.449	0.446	0.445	0.443	0.444	0.445	0.440	0.442	0.433	0.434	0.444	0.449	0.450	0.447	0.453	0.443	0.445	0.445	0.436	0.420	0.439	0.427	0.445	0.437	0.453	0.451	0.440	0.434	0.443	0.447	0.433	0.437	0.437	0.434	0.445	0.450	0.448	0.449	0.450	0.455	0.446	0.451	0.434	0.434	0.433	0.436	0.442	0.458	0.444	0.445	0.447	0.445	0.448	0.450	0.422	0.428	0.432	0.439	0.439	0.443	0.443	0.460	0.447	0.449	0.442	0.464	0.419	0.421	0.415	0.421	0.415	0.417	0.419	0.427	0.439	0.431	0.432	0.431	0.422	0.430	0.426	0.435	0.428	0.437	0.420	0.427	0.429	0.423	0.427	0.426
17	0.420	0.418	0.435	0.418	0.434	0.448	0.453	0.450	0.449	0.447	0.449	0.450	0.444	0.447	0.437	0.439	0.448	0.453	0.454	0.451	0.457	0.447	0.449	0.449	0.440	0.424	0.443	0.430	0.448	0.441	0.457	0.455	0.444	0.438	0.447	0.450	0.437	0.441	0.441	0.438	0.448	0.454	0.453	0.453	0.455	0.459	0.450	0.455	0.439	0.438	0.436	0.440	0.446	0.462	0.448	0.450	0.447	0.449	0.452	0.453	0.425	0.432	0.436	0.443	0.443	0.446	0.447	0.464	0.451	0.453	0.446	0.468	0.424	0.424	0.419	0.425	0.419	0.422	0.424	0.432	0.443	0.435	0.436	0.436	0.426	0.435	0.430	0.439	0.432	0.441	0.424	0.431	0.434	0.427	0.431	0.429
18	0.423	0.424	0.440	0.423	0.440	0.453	0.457	0.456	0.454	0.451	0.454	0.456	0.449	0.451	0.442	0.444	0.453	0.457	0.459	0.456	0.462	0.452	0.454	0.453	0.445	0.428	0.447	0.434	0.452	0.446	0.462	0.460	0.449	0.443	0.452	0.455	0.442	0.448	0.446	0.443	0.453	0.459	0.457	0.458	0.459	0.464	0.455	0.460	0.443	0.443	0.440	0.445	0.451	0.467	0.453	0.454	0.451	0.453	0.457	0.459	0.429	0.437	0.440	0.448	0.448	0.451	0.452	0.469	0.456	0.457	0.451	0.473	0.429	0.428	0.424	0.429	0.423	0.425	0.428	0.437	0.447	0.440	0.441	0.441	0.431	0.440	0.435	0.443	0.437	0.446	0.428	0.436	0.439	0.431	0.435	0.433
19	0.427	0.429	0.445	0.429	0.445	0.458	0.463	0.462	0.459	0.457	0.460	0.461	0.455	0.457	0.447	0.449	0.457	0.462	0.464	0.461	0.467	0.456	0.459	0.457	0.450	0.433	0.452	0.439	0.458	0.451	0.466	0.465	0.454	0.447	0.456	0.460	0.448	0.451	0.451	0.447	0.458	0.464	0.463	0.463	0.464	0.469	0.460	0.465	0.449	0.447	0.446	0.450	0.455	0.473	0.458	0.459	0.457	0.458	0.461	0.464	0.433	0.442	0.445	0.452	0.452	0.456	0.456	0.474	0.461	0.462	0.456	0.478	0.435	0.433	0.430	0.435	0.429	0.431	0.433	0.441	0.452	0.445	0.446	0.447	0.436	0.445	0.440	0.449	0.443	0.452	0.433	0.440	0.444	0.436	0.441	0.437
20	0.433	0.435	0.450	0.434	0.451	0.464	0.470	0.468	0.465	0.463	0.466	0.468	0.461	0.463	0.453	0.454	0.463	0.467	0.470	0.466	0.472	0.462	0.465	0.463	0.455	0.438	0.457	0.445	0.462	0.456	0.471	0.471	0.459	0.452	0.462	0.466	0.454	0.457	0.457	0.453	0.463	0.469	0.469	0.469	0.470	0.475	0.466	0.471	0.455	0.453	0.451	0.457	0.461	0.479	0.464	0.464	0.462	0.464	0.467	0.470	0.438	0.447	0.451	0.458	0.457	0.462	0.461	0.479	0.467	0.468	0.462	0.484	0.442	0.440	0.435	0.440	0.435	0.437	0.439	0.448	0.459	0.451	0.452	0.453	0.442	0.451	0.446	0.454	0.448	0.458	0.438	0.446	0.449	0.441	0.447	0.442
21	0.439	0.441	0.456	0.441	0.458	0.472	0.476	0.475	0.471	0.469	0.473	0.475	0.468	0.470	0.459	0.460	0.470	0.473	0.476	0.473	0.479	0.469	0.471	0.469	0.461	0.444	0.464	0.451	0.468	0.462	0.478	0.477	0.465	0.458	0.468	0.472	0.462	0.465	0.464	0.459	0.469	0.476	0.475	0.475	0.477	0.482	0.473	0.478	0.461	0.460	0.458	0.463	0.468	0.486	0.469	0.470	0.468	0.470	0.473	0.477	0.443	0.454	0.458	0.465	0.464	0.468	0.468	0.485	0.473	0.474	0.469	0.491	0.450	0.447	0.442	0.447	0.441	0.444	0.445	0.453	0.466	0.458	0.460	0.460	0.449	0.457	0.452	0.461	0.455	0.465	0.445	0.452	0.456	0.448	0.454	0.447
22	0.445	0.449	0.462	0.448	0.465	0.479	0.484	0.484	0.478	0.477	0.481	0.483	0.475	0.478	0.466	0.467	0.476	0.480	0.483	0.480	0.485	0.476	0.479	0.477	0.468	0.451	0.471	0.457	0.475	0.468	0.484	0.484	0.472	0.466	0.474	0.480	0.469	0.473	0.471	0.466	0.477	0.483	0.482	0.483	0.484	0.489	0.481	0.486	0.469	0.467	0.465	0.470	0.474	0.493	0.477	0.476	0.475	0.477	0.480	0.484	0.449	0.460	0.464	0.472	0.471	0.475	0.474	0.493	0.480	0.480	0.476	0.499	0.459	0.455	0.449	0.453	0.448	0.451	0.452	0.460	0.473	0.465	0.468	0.467	0.457	0.463	0.459	0.468	0.460	0.472	0.451	0.458	0.463	0.455	0.461	0.453
23	0.452	0.457	0.470	0.456	0.472	0.487	0.492	0.492	0.486	0.486	0.491	0.493	0.483	0.486	0.474	0.475	0.485	0.487	0.491	0.488	0.493	0.485	0.487	0.486	0.475	0.457	0.478	0.465	0.483	0.476	0.491	0.492	0.479	0.473	0.482	0.487	0.478	0.481	0.479	0.474	0.484	0.491	0.490	0.490	0.492	0.497	0.489	0.495	0.476	0.474	0.472	0.479	0.483	0.502	0.484	0.484	0.483	0.485	0.488	0.492	0.456	0.467	0.471	0.480	0.479	0.483	0.481	0.500	0.488	0.488	0.484	0.507	0.469	0.464	0.458	0.461	0.455	0.458	0.460	0.467	0.481	0.473	0.477	0.475	0.465	0.471	0.467	0.476	0.468	0.480	0.459	0.465	0.470	0.462	0.469	0.460
