
Software Version	3.11.19



Experiment File Path:	C:\Users\patil-group\Desktop\Sweeteners_stacker\191121_NT5022_23_78_Rep4\NT5022_23_78_Rep4.xpt
Protocol File Path:	C:\Users\Public\Documents\Protocols\Screening-protocol.prt



Plate Number	Plate 7
Date	19/11/2021
Time	14:54:17
Reader Type:	Epoch 2
Reader Serial Number:	2103223
Reading Type	Reader

Procedure Details

Plate Type	96 WELL PLATE
Discontinuous Kinetics	Runtime 1:00:00 (D:HH:MM), Interval 0:01:00, 25 Reads
	Pause after each run
Eject plate on completion	
Shake	Linear: 0:00:30 (HH:MM:SS)
	Frequency: 567 cpm (3 mm)
Read	Absorbance Endpoint
	Full Plate
	Wavelengths:  600
	Read Speed: Normal,  Delay: 100 msec,  Measurements/Data Point: 8

600

Time	T° 600	A1	A2	A3	A4	A5	A6	A7	A8	A9	A10	A11	A12	B1	B2	B3	B4	B5	B6	B7	B8	B9	B10	B11	B12	C1	C2	C3	C4	C5	C6	C7	C8	C9	C10	C11	C12	D1	D2	D3	D4	D5	D6	D7	D8	D9	D10	D11	D12	E1	E2	E3	E4	E5	E6	E7	E8	E9	E10	E11	E12	F1	F2	F3	F4	F5	F6	F7	F8	F9	F10	F11	F12	G1	G2	G3	G4	G5	G6	G7	G8	G9	G10	G11	G12	H1	H2	H3	H4	H5	H6	H7	H8	H9	H10	H11	H12
0:00:34	34.9	0.180	0.170	0.180	0.181	0.178	0.178	0.184	0.173	0.180	0.183	0.179	0.202	0.172	0.183	0.182	0.172	0.180	0.180	0.177	0.175	0.189	0.168	0.172	0.230	0.192	0.173	0.185	0.171	0.184	0.175	0.169	0.176	0.167	0.169	0.181	0.174	0.171	0.175	0.171	0.174	0.173	0.186	0.166	0.171	0.166	0.168	0.178	0.181	0.176	0.174	0.179	0.167	0.172	0.170	0.174	0.183	0.174	0.172	0.174	0.170	0.182	0.174	0.181	0.184	0.187	0.180	0.174	0.174	0.170	0.169	0.174	0.170	0.184	0.185	0.177	0.183	0.181	0.172	0.174	0.176	0.171	0.170	0.170	0.182	0.183	0.188	0.173	0.170	0.172	0.172	0.174	0.170	0.172	0.172	0.176	0.171
1:00:34	35.0	0.185	0.176	0.188	0.185	0.184	0.184	0.187	0.179	0.187	0.189	0.185	0.207	0.179	0.188	0.187	0.178	0.185	0.185	0.183	0.181	0.195	0.172	0.177	0.235	0.198	0.178	0.189	0.175	0.188	0.179	0.173	0.180	0.171	0.173	0.184	0.179	0.178	0.181	0.179	0.177	0.177	0.189	0.169	0.175	0.170	0.172	0.183	0.184	0.181	0.180	0.183	0.172	0.175	0.174	0.179	0.187	0.178	0.176	0.178	0.174	0.186	0.180	0.185	0.188	0.191	0.183	0.178	0.178	0.173	0.173	0.178	0.175	0.187	0.189	0.183	0.186	0.184	0.177	0.178	0.180	0.175	0.174	0.175	0.187	0.188	0.192	0.178	0.175	0.176	0.178	0.181	0.174	0.176	0.177	0.182	0.176
2:00:35	35.1	0.194	0.185	0.191	0.193	0.192	0.191	0.194	0.186	0.193	0.196	0.193	0.217	0.188	0.195	0.195	0.184	0.189	0.191	0.188	0.187	0.200	0.179	0.183	0.243	0.206	0.185	0.196	0.180	0.195	0.184	0.179	0.185	0.176	0.180	0.191	0.186	0.187	0.189	0.187	0.183	0.182	0.194	0.176	0.180	0.177	0.179	0.186	0.191	0.190	0.188	0.189	0.182	0.179	0.179	0.185	0.193	0.184	0.183	0.184	0.182	0.195	0.188	0.188	0.197	0.197	0.188	0.184	0.185	0.179	0.180	0.183	0.184	0.195	0.196	0.190	0.193	0.190	0.184	0.184	0.188	0.183	0.182	0.182	0.192	0.197	0.199	0.185	0.184	0.183	0.187	0.189	0.182	0.183	0.184	0.184	0.185
3:00:35	35.1	0.215	0.204	0.206	0.209	0.211	0.202	0.211	0.201	0.209	0.214	0.211	0.237	0.209	0.213	0.210	0.199	0.205	0.206	0.203	0.199	0.214	0.194	0.201	0.262	0.225	0.203	0.211	0.193	0.208	0.196	0.193	0.197	0.188	0.195	0.206	0.203	0.206	0.206	0.191	0.194	0.194	0.203	0.188	0.191	0.189	0.193	0.201	0.206	0.208	0.200	0.205	0.194	0.191	0.191	0.196	0.203	0.196	0.198	0.200	0.198	0.213	0.207	0.203	0.207	0.210	0.199	0.196	0.198	0.192	0.194	0.198	0.199	0.212	0.214	0.206	0.207	0.203	0.198	0.197	0.203	0.198	0.197	0.197	0.213	0.215	0.217	0.200	0.198	0.198	0.201	0.205	0.198	0.199	0.201	0.206	0.204
4:00:36	35.1	0.240	0.230	0.229	0.234	0.235	0.225	0.233	0.225	0.234	0.237	0.237	0.264	0.233	0.239	0.233	0.223	0.228	0.228	0.225	0.222	0.238	0.217	0.224	0.290	0.249	0.228	0.234	0.213	0.230	0.216	0.212	0.218	0.209	0.217	0.227	0.226	0.232	0.232	0.212	0.214	0.212	0.225	0.207	0.209	0.207	0.216	0.223	0.228	0.234	0.222	0.229	0.218	0.208	0.210	0.215	0.219	0.217	0.220	0.222	0.223	0.240	0.233	0.227	0.228	0.228	0.215	0.215	0.216	0.211	0.215	0.220	0.223	0.239	0.239	0.231	0.229	0.226	0.226	0.220	0.229	0.220	0.221	0.220	0.235	0.240	0.241	0.225	0.225	0.224	0.232	0.234	0.224	0.223	0.223	0.223	0.229
5:00:37	35.1	0.255	0.246	0.247	0.249	0.255	0.245	0.251	0.243	0.252	0.253	0.254	0.279	0.250	0.258	0.253	0.243	0.247	0.248	0.246	0.240	0.254	0.234	0.246	0.312	0.266	0.249	0.252	0.231	0.249	0.234	0.231	0.237	0.228	0.235	0.242	0.243	0.248	0.250	0.234	0.234	0.232	0.246	0.229	0.228	0.228	0.233	0.239	0.243	0.252	0.238	0.247	0.243	0.233	0.233	0.237	0.240	0.236	0.235	0.238	0.513	0.257	0.249	0.247	0.253	0.249	0.237	0.236	0.237	0.230	0.232	0.237	0.241	0.264	0.259	0.252	0.251	0.250	0.254	0.243	0.256	0.240	0.238	0.238	0.554	0.258	0.262	0.246	0.245	0.247	0.266	0.255	0.244	0.244	0.243	0.339	0.515
6:00:37	35.1	0.256	0.250	0.254	0.254	0.260	0.248	0.257	0.247	0.253	0.442	0.303	0.339	0.251	0.261	0.262	0.252	0.252	0.259	0.255	0.247	0.261	0.242	0.396	0.348	0.270	0.258	0.264	0.244	0.262	0.248	0.245	0.250	0.241	0.243	0.254	0.421	0.251	0.260	0.250	0.254	0.251	0.272	0.274	0.248	0.242	0.245	0.249	0.252	0.256	0.250	0.260	0.287	0.247	0.251	0.262	0.257	0.253	0.248	0.250	0.488	0.260	0.259	0.260	0.272	0.269	0.258	0.256	0.260	0.243	0.244	0.246	0.246	0.263	0.264	0.258	0.270	0.262	0.284	0.256	0.266	0.248	0.249	0.245	0.489	0.281	0.304	0.489	0.263	0.256	0.260	0.264	0.253	0.250	0.250	0.310	0.242
7:00:37	35.1	0.256	0.251	0.259	0.255	0.257	0.250	0.260	0.250	0.257	0.426	0.314	0.338	0.252	0.261	0.260	0.253	0.252	0.261	0.256	0.249	0.264	0.244	0.394	0.339	0.271	0.258	0.273	0.248	0.263	0.251	0.250	0.254	0.244	0.246	0.256	0.398	0.252	0.261	0.252	0.257	0.254	0.290	0.266	0.252	0.248	0.248	0.250	0.255	0.254	0.258	0.266	0.276	0.253	0.257	0.282	0.265	0.256	0.250	0.251	0.435	0.263	0.262	0.260	0.270	0.277	0.265	0.259	0.266	0.250	0.246	0.249	0.250	0.265	0.265	0.259	0.264	0.261	0.279	0.260	0.265	0.251	0.250	0.245	0.353	0.274	0.291	0.309	0.264	0.257	0.260	0.262	0.252	0.252	0.251	0.290	0.241
8:00:39	35.1	0.257	0.250	0.260	0.256	0.256	0.249	0.260	0.253	0.258	0.396	0.310	0.344	0.252	0.262	0.263	0.255	0.255	0.262	0.256	0.253	0.266	0.245	0.376	0.336	0.272	0.257	0.272	0.248	0.265	0.254	0.251	0.256	0.247	0.249	0.257	0.361	0.252	0.261	0.253	0.256	0.255	0.274	0.255	0.253	0.248	0.250	0.251	0.255	0.254	0.260	0.264	0.273	0.252	0.258	0.280	0.264	0.256	0.252	0.253	0.340	0.263	0.261	0.260	0.265	0.276	0.266	0.259	0.256	0.251	0.247	0.249	0.249	0.266	0.265	0.260	0.263	0.263	0.268	0.262	0.265	0.251	0.251	0.247	0.276	0.270	0.288	0.294	0.267	0.256	0.259	0.262	0.252	0.253	0.253	0.269	0.241
9:00:38	35.1	0.258	0.252	0.261	0.257	0.254	0.251	0.262	0.252	0.258	0.353	0.296	0.331	0.254	0.262	0.264	0.255	0.255	0.263	0.256	0.253	0.266	0.246	0.348	0.333	0.273	0.257	0.269	0.250	0.265	0.255	0.253	0.256	0.247	0.249	0.258	0.323	0.254	0.261	0.251	0.257	0.256	0.269	0.251	0.253	0.249	0.251	0.252	0.256	0.255	0.258	0.265	0.265	0.254	0.253	0.273	0.265	0.258	0.254	0.252	0.273	0.262	0.263	0.261	0.265	0.271	0.265	0.258	0.256	0.251	0.249	0.251	0.250	0.265	0.265	0.260	0.262	0.261	0.266	0.260	0.265	0.252	0.250	0.248	0.265	0.269	0.282	0.281	0.266	0.257	0.258	0.259	0.251	0.252	0.252	0.262	0.241
10:00:39	35.1	0.259	0.254	0.262	0.258	0.254	0.252	0.262	0.253	0.260	0.311	0.286	0.326	0.254	0.262	0.264	0.256	0.255	0.261	0.259	0.255	0.267	0.247	0.319	0.334	0.275	0.256	0.268	0.250	0.264	0.252	0.251	0.256	0.248	0.250	0.259	0.288	0.255	0.260	0.252	0.256	0.255	0.268	0.250	0.252	0.250	0.252	0.252	0.257	0.255	0.258	0.266	0.266	0.255	0.254	0.266	0.265	0.259	0.252	0.252	0.259	0.263	0.262	0.261	0.266	0.270	0.263	0.258	0.256	0.251	0.248	0.249	0.250	0.263	0.266	0.261	0.264	0.261	0.260	0.258	0.260	0.253	0.251	0.249	0.262	0.269	0.284	0.273	0.265	0.257	0.260	0.260	0.251	0.253	0.252	0.259	0.241
11:00:39	35.1	0.259	0.253	0.261	0.259	0.253	0.251	0.263	0.254	0.260	0.293	0.279	0.321	0.254	0.263	0.263	0.254	0.254	0.261	0.259	0.254	0.268	0.248	0.298	0.336	0.275	0.256	0.267	0.250	0.265	0.254	0.252	0.257	0.246	0.251	0.259	0.272	0.255	0.260	0.252	0.257	0.255	0.267	0.251	0.253	0.250	0.251	0.253	0.257	0.255	0.257	0.267	0.263	0.255	0.256	0.263	0.263	0.258	0.252	0.251	0.257	0.262	0.262	0.262	0.265	0.268	0.262	0.257	0.256	0.250	0.248	0.252	0.250	0.262	0.265	0.260	0.262	0.259	0.259	0.258	0.260	0.252	0.251	0.249	0.262	0.268	0.287	0.268	0.263	0.257	0.258	0.259	0.251	0.252	0.252	0.257	0.240
12:00:40	35.1	0.259	0.254	0.261	0.260	0.254	0.251	0.263	0.254	0.261	0.288	0.281	0.319	0.255	0.262	0.263	0.255	0.255	0.261	0.260	0.254	0.268	0.248	0.288	0.339	0.275	0.256	0.265	0.250	0.264	0.253	0.251	0.256	0.248	0.250	0.259	0.267	0.255	0.258	0.250	0.257	0.254	0.267	0.250	0.253	0.249	0.251	0.253	0.257	0.256	0.256	0.265	0.263	0.256	0.254	0.263	0.262	0.257	0.252	0.252	0.255	0.262	0.260	0.264	0.265	0.270	0.262	0.257	0.255	0.250	0.249	0.253	0.250	0.261	0.275	0.262	0.262	0.258	0.258	0.257	0.259	0.253	0.250	0.248	0.261	0.268	0.283	0.264	0.262	0.258	0.261	0.258	0.251	0.253	0.251	0.256	0.243
13:00:41	35.1	0.259	0.254	0.261	0.260	0.252	0.251	0.263	0.255	0.261	0.288	0.285	0.317	0.254	0.261	0.261	0.254	0.254	0.261	0.258	0.254	0.267	0.248	0.284	0.338	0.274	0.255	0.263	0.250	0.264	0.253	0.251	0.256	0.248	0.250	0.260	0.264	0.256	0.258	0.249	0.257	0.254	0.265	0.251	0.252	0.250	0.251	0.253	0.256	0.256	0.255	0.266	0.259	0.255	0.254	0.262	0.261	0.256	0.252	0.253	0.255	0.262	0.260	0.262	0.263	0.269	0.261	0.256	0.255	0.250	0.249	0.253	0.250	0.261	0.275	0.261	0.262	0.258	0.257	0.256	0.259	0.253	0.251	0.249	0.261	0.274	0.279	0.270	0.262	0.255	0.256	0.257	0.250	0.253	0.252	0.255	0.243
14:00:41	35.1	0.259	0.254	0.261	0.260	0.252	0.252	0.263	0.255	0.261	0.280	0.287	0.315	0.255	0.261	0.261	0.253	0.254	0.261	0.257	0.254	0.269	0.248	0.283	0.337	0.275	0.255	0.262	0.250	0.264	0.253	0.250	0.257	0.247	0.250	0.260	0.264	0.255	0.258	0.249	0.257	0.254	0.266	0.249	0.252	0.249	0.250	0.253	0.256	0.256	0.254	0.265	0.257	0.255	0.253	0.262	0.260	0.255	0.251	0.253	0.254	0.263	0.260	0.262	0.263	0.269	0.261	0.256	0.255	0.249	0.250	0.252	0.251	0.262	0.275	0.260	0.260	0.257	0.255	0.256	0.258	0.252	0.250	0.249	0.261	0.291	0.286	0.261	0.260	0.255	0.257	0.257	0.251	0.252	0.252	0.259	0.244
15:00:42	35.1	0.258	0.254	0.260	0.260	0.253	0.252	0.263	0.254	0.261	0.282	0.295	0.314	0.255	0.260	0.261	0.253	0.253	0.259	0.256	0.253	0.268	0.247	0.282	0.335	0.274	0.254	0.262	0.250	0.263	0.252	0.249	0.256	0.247	0.250	0.258	0.263	0.256	0.258	0.249	0.256	0.253	0.265	0.249	0.250	0.248	0.250	0.252	0.256	0.256	0.253	0.264	0.255	0.254	0.253	0.261	0.259	0.254	0.251	0.252	0.255	0.262	0.258	0.261	0.262	0.269	0.260	0.255	0.254	0.248	0.249	0.251	0.251	0.262	0.273	0.259	0.259	0.257	0.252	0.255	0.257	0.252	0.250	0.249	0.261	0.300	0.299	0.260	0.259	0.259	0.256	0.257	0.250	0.252	0.252	0.256	0.244
16:00:43	35.0	0.258	0.254	0.260	0.261	0.252	0.252	0.262	0.255	0.261	0.279	0.305	0.313	0.254	0.260	0.260	0.252	0.253	0.259	0.256	0.254	0.268	0.248	0.281	0.334	0.274	0.254	0.261	0.250	0.262	0.253	0.249	0.255	0.247	0.249	0.259	0.263	0.255	0.258	0.247	0.255	0.253	0.264	0.248	0.251	0.247	0.250	0.252	0.255	0.255	0.252	0.263	0.253	0.254	0.252	0.260	0.259	0.255	0.251	0.253	0.255	0.261	0.258	0.260	0.260	0.269	0.259	0.254	0.254	0.248	0.248	0.252	0.252	0.261	0.273	0.259	0.259	0.255	0.251	0.254	0.258	0.251	0.249	0.248	0.261	0.292	0.310	0.262	0.259	0.255	0.254	0.256	0.249	0.251	0.252	0.255	0.244
17:00:43	35.0	0.258	0.254	0.260	0.260	0.252	0.254	0.262	0.255	0.261	0.279	0.307	0.317	0.254	0.259	0.261	0.252	0.253	0.258	0.256	0.253	0.268	0.247	0.281	0.333	0.274	0.253	0.261	0.249	0.262	0.253	0.249	0.255	0.246	0.249	0.259	0.263	0.255	0.257	0.246	0.255	0.252	0.262	0.247	0.249	0.247	0.249	0.252	0.255	0.255	0.252	0.261	0.252	0.251	0.252	0.259	0.257	0.254	0.251	0.252	0.254	0.260	0.258	0.259	0.260	0.267	0.258	0.253	0.253	0.248	0.248	0.252	0.252	0.261	0.272	0.258	0.257	0.254	0.251	0.254	0.255	0.249	0.249	0.248	0.261	0.288	0.304	0.257	0.259	0.253	0.257	0.255	0.248	0.251	0.252	0.255	0.243
18:00:43	35.1	0.258	0.253	0.259	0.259	0.252	0.252	0.262	0.253	0.260	0.277	0.308	0.319	0.254	0.258	0.260	0.251	0.252	0.258	0.256	0.252	0.267	0.247	0.280	0.332	0.274	0.253	0.260	0.248	0.261	0.251	0.248	0.254	0.245	0.248	0.258	0.262	0.254	0.256	0.244	0.254	0.251	0.259	0.245	0.249	0.246	0.249	0.251	0.255	0.254	0.251	0.260	0.250	0.251	0.250	0.258	0.257	0.253	0.250	0.251	0.254	0.260	0.255	0.257	0.259	0.266	0.256	0.253	0.253	0.247	0.248	0.251	0.251	0.261	0.270	0.257	0.256	0.253	0.249	0.253	0.254	0.248	0.247	0.247	0.262	0.288	0.297	0.255	0.256	0.254	0.255	0.254	0.248	0.250	0.252	0.255	0.242
19:00:45	35.0	0.258	0.253	0.259	0.259	0.252	0.253	0.261	0.253	0.260	0.277	0.308	0.323	0.254	0.257	0.260	0.251	0.251	0.257	0.255	0.252	0.266	0.246	0.279	0.331	0.273	0.253	0.259	0.248	0.260	0.250	0.248	0.254	0.246	0.247	0.257	0.262	0.253	0.256	0.244	0.253	0.250	0.258	0.244	0.248	0.245	0.248	0.250	0.258	0.255	0.250	0.259	0.249	0.250	0.249	0.255	0.256	0.252	0.250	0.250	0.254	0.260	0.255	0.257	0.258	0.264	0.255	0.252	0.251	0.247	0.247	0.251	0.251	0.260	0.270	0.258	0.255	0.253	0.248	0.251	0.253	0.248	0.247	0.246	0.261	0.286	0.293	0.254	0.256	0.255	0.254	0.254	0.248	0.250	0.251	0.257	0.242
20:00:45	35.0	0.257	0.253	0.259	0.259	0.252	0.252	0.261	0.252	0.259	0.277	0.306	0.325	0.252	0.257	0.259	0.250	0.251	0.256	0.253	0.251	0.266	0.245	0.278	0.330	0.272	0.251	0.259	0.248	0.259	0.250	0.247	0.252	0.245	0.247	0.256	0.261	0.253	0.255	0.244	0.252	0.249	0.257	0.243	0.247	0.244	0.247	0.249	0.254	0.253	0.249	0.257	0.247	0.249	0.248	0.254	0.255	0.252	0.249	0.250	0.253	0.258	0.255	0.256	0.256	0.263	0.253	0.251	0.251	0.246	0.247	0.249	0.250	0.259	0.270	0.255	0.254	0.252	0.247	0.251	0.251	0.246	0.246	0.245	0.261	0.285	0.293	0.254	0.255	0.253	0.254	0.254	0.247	0.248	0.254	0.254	0.242
21:00:46	35.0	0.257	0.252	0.258	0.257	0.250	0.252	0.260	0.251	0.258	0.277	0.306	0.332	0.252	0.256	0.258	0.249	0.250	0.255	0.252	0.249	0.268	0.245	0.277	0.331	0.272	0.251	0.258	0.246	0.258	0.249	0.246	0.251	0.243	0.245	0.256	0.260	0.251	0.254	0.242	0.250	0.247	0.256	0.242	0.246	0.243	0.246	0.248	0.254	0.253	0.249	0.257	0.245	0.248	0.246	0.252	0.254	0.250	0.248	0.249	0.253	0.258	0.254	0.254	0.255	0.263	0.253	0.250	0.249	0.246	0.246	0.249	0.250	0.258	0.268	0.254	0.253	0.251	0.246	0.250	0.251	0.245	0.245	0.245	0.267	0.284	0.293	0.253	0.255	0.252	0.256	0.253	0.247	0.248	0.253	0.253	0.242
22:00:46	35.0	0.255	0.251	0.257	0.256	0.250	0.252	0.260	0.250	0.257	0.277	0.305	0.332	0.253	0.255	0.258	0.248	0.250	0.256	0.252	0.249	0.264	0.244	0.277	0.329	0.271	0.250	0.256	0.246	0.257	0.248	0.245	0.251	0.244	0.247	0.255	0.260	0.251	0.254	0.241	0.250	0.246	0.253	0.242	0.244	0.242	0.246	0.248	0.252	0.252	0.248	0.256	0.245	0.248	0.245	0.252	0.253	0.250	0.248	0.248	0.251	0.257	0.253	0.254	0.254	0.260	0.251	0.249	0.249	0.245	0.245	0.248	0.249	0.257	0.268	0.254	0.252	0.250	0.245	0.249	0.249	0.245	0.244	0.244	0.259	0.283	0.291	0.252	0.254	0.255	0.254	0.253	0.246	0.248	0.250	0.257	0.240
23:00:47	35.0	0.254	0.251	0.256	0.257	0.249	0.251	0.259	0.249	0.256	0.277	0.304	0.334	0.252	0.255	0.256	0.248	0.250	0.255	0.249	0.248	0.264	0.243	0.276	0.328	0.270	0.250	0.255	0.246	0.255	0.247	0.243	0.250	0.242	0.244	0.254	0.259	0.251	0.254	0.241	0.250	0.245	0.252	0.240	0.244	0.242	0.246	0.246	0.252	0.252	0.247	0.254	0.243	0.247	0.244	0.252	0.252	0.249	0.248	0.247	0.251	0.256	0.252	0.253	0.254	0.260	0.251	0.248	0.248	0.243	0.245	0.248	0.248	0.257	0.267	0.254	0.251	0.249	0.244	0.249	0.248	0.244	0.244	0.244	0.258	0.282	0.290	0.252	0.252	0.258	0.253	0.252	0.245	0.247	0.249	0.252	0.240
0:00:00																																																																																																	

Results
	1	2	3	4	5	6	7	8	9	10	11	12
A	0.310	0.307	0.279	0.280	0.308	0.262	0.278	0.276	0.285	1.049	0.453	0.475	Max V [600]
	0.984	0.979	0.977	0.973	0.974	0.958	0.975	0.968	0.966	0.816	0.967	0.938	R-Squared [600]
	3:00:36	3:00:36	4:00:36	3:00:36	3:00:36	4:00:36	3:00:36	3:00:36	3:00:36	5:00:36	5:00:36	4:00:36	t at Max V [600]
	0:57:44	0:54:15	1:16:51	1:02:08	0:59:20	1:11:26	1:06:37	0:57:53	0:59:14	2:55:23	1:54:05	1:42:55	Lagtime [600]
B	0.312	0.306	0.294	0.299	0.281	0.296	0.293	0.268	0.270	0.274	0.930	0.431	Max V [600]
	0.984	0.973	0.982	0.979	0.970	0.989	0.984	0.975	0.973	0.979	0.860	0.990	R-Squared [600]
	3:00:36	3:00:36	4:00:36	4:00:36	4:00:36	4:00:36	4:00:36	4:00:36	4:00:36	4:00:36	5:00:36	4:00:36	t at Max V [600]
	0:54:24	1:06:00	1:15:19	1:20:34	1:24:51	1:23:14	1:22:45	1:15:08	1:17:22	1:15:20	2:51:05	1:39:34	Lagtime [600]
C	0.298	0.318	0.294	0.276	0.294	0.273	0.282	0.282	0.285	0.277	0.269	0.974	Max V [600]
	0.978	0.980	0.991	0.996	0.992	0.995	0.998	0.992	0.992	0.983	0.991	0.807	R-Squared [600]
	3:00:36	4:00:36	4:00:36	4:00:36	4:00:36	4:00:36	4:00:36	4:00:36	4:00:36	4:00:36	4:00:36	5:00:36	t at Max V [600]
	0:58:13	1:17:23	1:24:16	1:30:07	1:28:31	1:31:59	1:27:55	1:35:10	1:34:39	1:19:31	1:20:57	2:53:07	Lagtime [600]
D	0.309	0.309	0.281	0.304	0.294	0.367	0.396	0.287	0.284	0.289	0.275	0.265	Max V [600]
	0.979	0.980	0.969	0.991	0.992	0.998	0.938	0.990	0.994	0.991	0.985	0.980	R-Squared [600]
	3:00:36	4:00:36	4:00:36	4:00:36	4:00:36	5:00:36	4:00:36	4:00:36	4:00:36	4:00:36	4:00:36	4:00:36	t at Max V [600]
	0:55:00	1:12:14	1:25:45	1:42:23	1:41:00	2:13:41	1:56:50	1:42:27	1:30:29	1:23:22	1:31:05	1:17:59	Lagtime [600]
E	0.309	0.270	0.305	0.432	0.294	0.309	0.364	0.276	0.296	0.279	0.282	1.548	Max V [600]
	0.975	0.990	0.993	0.954	0.987	0.991	0.998	0.988	0.994	0.993	0.991	0.791	R-Squared [600]
	3:00:36	4:00:36	4:00:36	4:00:36	4:00:36	4:00:36	5:00:36	4:00:36	4:00:36	4:00:36	4:00:36	4:00:36	t at Max V [600]
	1:01:40	1:11:24	1:27:31	1:46:02	1:44:51	1:41:54	2:04:57	1:38:22	1:35:33	1:19:03	1:19:41	2:22:53	Lagtime [600]
F	0.309	0.307	0.313	0.327	0.306	0.294	0.306	0.316	0.277	0.280	0.272	0.286	Max V [600]
	0.973	0.978	0.992	0.985	0.994	0.982	0.992	0.987	0.995	0.994	0.981	0.974	R-Squared [600]
	3:00:36	4:00:36	4:00:36	4:00:36	4:00:36	4:00:36	4:00:36	4:00:36	4:00:36	4:00:36	4:00:36	3:00:36	t at Max V [600]
	1:02:19	1:08:39	1:38:57	1:36:57	1:39:15	1:45:34	1:40:13	1:36:28	1:32:08	1:24:04	1:22:25	0:59:39	Lagtime [600]
G	0.327	0.303	0.302	0.331	0.317	0.428	0.319	0.347	0.285	0.294	0.278	1.556	Max V [600]
	0.963	0.969	0.974	0.995	0.985	0.985	0.988	0.979	0.980	0.987	0.976	0.747	R-Squared [600]
	3:00:36	3:00:36	4:00:36	4:00:36	4:00:36	4:00:36	4:00:36	4:00:36	4:00:36	4:00:36	4:00:36	4:00:36	t at Max V [600]
	1:11:19	1:06:58	1:14:53	1:38:42	1:37:25	1:47:43	1:36:53	1:29:27	1:15:20	1:18:29	1:13:05	2:21:09	Lagtime [600]
H	0.352	0.425	1.091	0.340	0.321	0.366	0.331	0.314	0.298	0.291	0.639	1.201	Max V [600]
	0.997	0.973	0.684	0.993	0.979	0.934	0.973	0.979	0.973	0.979	0.803	0.637	R-Squared [600]
	4:00:36	4:00:36	4:00:36	4:00:36	4:00:36	3:00:36	4:00:36	4:00:36	4:00:36	4:00:36	4:00:36	3:00:36	t at Max V [600]
	1:23:31	1:47:58	2:32:19	1:25:27	1:27:36	1:10:47	1:14:43	1:21:16	1:19:48	1:16:36	2:01:03	1:45:08	Lagtime [600]

