
Software Version	3.11.19



Experiment File Path:	C:\Users\patil-group\Desktop\Sweeteners_stacker\191121_NT5022_23_78_Rep4\NT5022_23_78_Rep4.xpt
Protocol File Path:	C:\Users\Public\Documents\Protocols\Screening-protocol.prt



Plate Number	Plate 10
Date	19/11/2021
Time	14:59:50
Reader Type:	Epoch 2
Reader Serial Number:	2103223
Reading Type	Reader

Procedure Details

Plate Type	96 WELL PLATE
Discontinuous Kinetics	Runtime 1:00:00 (D:HH:MM), Interval 0:01:00, 25 Reads
	Pause after each run
Eject plate on completion	
Shake	Linear: 0:00:30 (HH:MM:SS)
	Frequency: 567 cpm (3 mm)
Read	Absorbance Endpoint
	Full Plate
	Wavelengths:  600
	Read Speed: Normal,  Delay: 100 msec,  Measurements/Data Point: 8

600

Time	T° 600	A1	A2	A3	A4	A5	A6	A7	A8	A9	A10	A11	A12	B1	B2	B3	B4	B5	B6	B7	B8	B9	B10	B11	B12	C1	C2	C3	C4	C5	C6	C7	C8	C9	C10	C11	C12	D1	D2	D3	D4	D5	D6	D7	D8	D9	D10	D11	D12	E1	E2	E3	E4	E5	E6	E7	E8	E9	E10	E11	E12	F1	F2	F3	F4	F5	F6	F7	F8	F9	F10	F11	F12	G1	G2	G3	G4	G5	G6	G7	G8	G9	G10	G11	G12	H1	H2	H3	H4	H5	H6	H7	H8	H9	H10	H11	H12
0:00:34	34.9	0.174	0.164	0.178	0.171	0.164	0.167	0.163	0.171	0.165	0.163	0.167	0.165	0.170	0.175	0.181	0.170	0.168	0.181	0.169	0.170	0.169	0.180	0.165	0.169	0.174	0.171	0.188	0.178	0.176	0.170	0.173	0.168	0.170	0.171	0.163	0.159	0.175	0.171	0.179	0.179	0.173	0.169	0.167	0.170	0.166	0.168	0.168	0.163	0.177	0.171	0.178	0.167	0.179	0.172	0.165	0.171	0.167	0.166	0.162	0.161	0.180	0.176	0.182	0.173	0.171	0.173	0.172	0.178	0.165	0.168	0.169	0.167	0.184	0.173	0.171	0.174	0.168	0.172	0.167	0.165	0.171	0.166	0.161	0.165	0.181	0.175	0.170	0.172	0.179	0.169	0.168	0.167	0.172	0.167	0.173	0.164
1:00:35	35.0	0.179	0.169	0.182	0.176	0.167	0.171	0.170	0.175	0.169	0.168	0.168	0.170	0.175	0.179	0.184	0.174	0.172	0.183	0.172	0.175	0.174	0.183	0.170	0.174	0.178	0.175	0.190	0.181	0.180	0.173	0.177	0.172	0.173	0.175	0.168	0.165	0.179	0.176	0.182	0.182	0.176	0.171	0.171	0.174	0.169	0.172	0.173	0.168	0.180	0.175	0.180	0.171	0.182	0.175	0.168	0.177	0.171	0.170	0.168	0.166	0.183	0.179	0.185	0.177	0.174	0.175	0.174	0.180	0.169	0.171	0.171	0.170	0.184	0.176	0.175	0.177	0.171	0.174	0.169	0.168	0.174	0.169	0.164	0.168	0.186	0.179	0.175	0.177	0.182	0.173	0.171	0.170	0.174	0.170	0.176	0.168
2:00:35	35.1	0.187	0.176	0.188	0.179	0.172	0.175	0.173	0.179	0.174	0.174	0.174	0.177	0.182	0.184	0.188	0.177	0.175	0.184	0.176	0.178	0.178	0.187	0.175	0.180	0.183	0.180	0.193	0.185	0.183	0.177	0.180	0.176	0.176	0.179	0.173	0.171	0.185	0.181	0.187	0.186	0.180	0.172	0.175	0.177	0.174	0.177	0.177	0.174	0.184	0.180	0.184	0.175	0.184	0.178	0.170	0.177	0.175	0.173	0.171	0.171	0.188	0.184	0.189	0.181	0.176	0.178	0.176	0.183	0.172	0.174	0.174	0.175	0.190	0.180	0.178	0.180	0.175	0.177	0.172	0.172	0.176	0.173	0.169	0.173	0.196	0.187	0.182	0.183	0.190	0.180	0.177	0.174	0.178	0.175	0.182	0.173
3:00:35	35.1	0.205	0.190	0.199	0.192	0.182	0.184	0.183	0.189	0.184	0.184	0.187	0.191	0.197	0.197	0.201	0.188	0.185	0.193	0.185	0.187	0.187	0.194	0.186	0.193	0.195	0.191	0.201	0.193	0.192	0.185	0.190	0.183	0.183	0.189	0.182	0.181	0.199	0.195	0.198	0.196	0.190	0.181	0.183	0.185	0.182	0.185	0.188	0.185	0.197	0.189	0.194	0.185	0.191	0.185	0.177	0.182	0.182	0.181	0.179	0.181	0.200	0.195	0.200	0.190	0.184	0.184	0.183	0.189	0.179	0.182	0.183	0.185	0.201	0.190	0.189	0.190	0.184	0.185	0.181	0.180	0.184	0.181	0.179	0.183	0.218	0.208	0.202	0.201	0.206	0.198	0.188	0.185	0.188	0.186	0.191	0.183
4:00:36	35.1	0.229	0.212	0.219	0.210	0.200	0.201	0.200	0.205	0.202	0.203	0.209	0.213	0.218	0.219	0.220	0.205	0.203	0.209	0.201	0.204	0.202	0.210	0.207	0.216	0.217	0.209	0.218	0.209	0.207	0.198	0.203	0.197	0.198	0.204	0.198	0.200	0.219	0.216	0.217	0.213	0.207	0.196	0.198	0.200	0.196	0.202	0.205	0.203	0.216	0.209	0.211	0.202	0.206	0.198	0.187	0.191	0.203	0.196	0.194	0.197	0.223	0.215	0.216	0.206	0.198	0.197	0.196	0.201	0.193	0.195	0.198	0.202	0.223	0.210	0.208	0.206	0.201	0.199	0.196	0.194	0.199	0.198	0.196	0.200	0.242	0.231	0.225	0.224	0.231	0.220	0.208	0.205	0.205	0.203	0.208	0.200
5:00:37	35.1	0.248	0.230	0.236	0.227	0.219	0.218	0.218	0.223	0.220	0.222	0.228	0.232	0.238	0.237	0.238	0.223	0.220	0.226	0.218	0.221	0.220	0.227	0.230	0.240	0.236	0.229	0.236	0.226	0.225	0.217	0.220	0.215	0.214	0.224	0.218	0.218	0.238	0.236	0.236	0.230	0.225	0.215	0.216	0.218	0.217	0.220	0.223	0.222	0.234	0.228	0.230	0.221	0.224	0.216	0.201	0.204	0.214	0.215	0.212	0.216	0.239	0.233	0.235	0.225	0.216	0.212	0.212	0.218	0.209	0.214	0.215	0.221	0.240	0.230	0.227	0.224	0.218	0.217	0.214	0.212	0.216	0.217	0.213	0.218	0.253	0.252	0.239	0.240	0.247	0.236	0.229	0.227	0.222	0.220	0.226	0.218
6:00:37	35.1	0.251	0.235	0.245	0.240	0.232	0.232	0.233	0.237	0.232	0.232	0.236	0.237	0.245	0.248	0.248	0.237	0.235	0.240	0.233	0.235	0.234	0.240	0.245	0.253	0.247	0.241	0.250	0.243	0.241	0.230	0.235	0.231	0.228	0.236	0.232	0.230	0.248	0.246	0.249	0.245	0.241	0.232	0.231	0.233	0.230	0.235	0.236	0.233	0.247	0.240	0.245	0.253	0.238	0.233	0.215	0.219	0.230	0.230	0.227	0.229	0.249	0.246	0.248	0.239	0.232	0.227	0.230	0.234	0.225	0.230	0.231	0.234	0.248	0.243	0.238	0.239	0.235	0.234	0.230	0.228	0.232	0.231	0.228	0.232	0.253	0.251	0.244	0.243	0.248	0.240	0.238	0.234	0.234	0.233	0.237	0.229
7:00:38	35.1	0.252	0.236	0.248	0.241	0.233	0.234	0.237	0.240	0.234	0.234	0.237	0.238	0.245	0.248	0.250	0.238	0.236	0.243	0.240	0.240	0.237	0.244	0.254	0.258	0.250	0.244	0.253	0.245	0.247	0.238	0.240	0.236	0.236	0.241	0.234	0.231	0.249	0.247	0.252	0.249	0.246	0.238	0.238	0.242	0.238	0.240	0.240	0.235	0.248	0.243	0.255	0.243	0.244	0.242	0.228	0.230	0.240	0.236	0.232	0.232	0.250	0.247	0.249	0.244	0.238	0.238	0.237	0.244	0.235	0.236	0.233	0.234	0.251	0.246	0.242	0.242	0.239	0.239	0.235	0.235	0.236	0.234	0.231	0.237	0.254	0.252	0.246	0.246	0.248	0.240	0.240	0.236	0.237	0.234	0.239	0.231
8:00:39	35.1	0.253	0.236	0.247	0.241	0.234	0.235	0.238	0.241	0.234	0.234	0.238	0.239	0.245	0.247	0.247	0.238	0.236	0.245	0.239	0.240	0.238	0.244	0.254	0.258	0.254	0.244	0.253	0.246	0.247	0.239	0.240	0.239	0.238	0.241	0.236	0.231	0.249	0.248	0.252	0.250	0.247	0.239	0.239	0.244	0.237	0.240	0.241	0.235	0.249	0.245	0.252	0.245	0.243	0.243	0.231	0.234	0.240	0.236	0.233	0.233	0.252	0.249	0.249	0.244	0.240	0.239	0.239	0.245	0.235	0.236	0.233	0.233	0.250	0.246	0.244	0.243	0.238	0.240	0.235	0.234	0.236	0.234	0.231	0.235	0.254	0.252	0.247	0.249	0.248	0.243	0.241	0.238	0.238	0.237	0.240	0.232
9:00:38	35.0	0.251	0.236	0.247	0.241	0.234	0.236	0.238	0.241	0.235	0.235	0.239	0.240	0.245	0.246	0.250	0.238	0.238	0.244	0.239	0.241	0.239	0.245	0.255	0.260	0.249	0.245	0.253	0.247	0.248	0.241	0.242	0.239	0.238	0.242	0.236	0.232	0.250	0.250	0.252	0.251	0.247	0.240	0.240	0.244	0.238	0.242	0.241	0.235	0.249	0.244	0.250	0.246	0.244	0.242	0.232	0.236	0.240	0.238	0.234	0.233	0.252	0.248	0.249	0.246	0.241	0.239	0.238	0.244	0.236	0.236	0.234	0.233	0.251	0.246	0.244	0.242	0.239	0.240	0.235	0.235	0.237	0.235	0.232	0.235	0.254	0.252	0.246	0.247	0.249	0.244	0.240	0.237	0.238	0.237	0.240	0.232
10:00:39	35.0	0.252	0.236	0.247	0.241	0.234	0.236	0.238	0.241	0.235	0.236	0.239	0.240	0.244	0.246	0.248	0.238	0.237	0.245	0.239	0.241	0.240	0.246	0.255	0.259	0.248	0.245	0.254	0.247	0.247	0.241	0.243	0.239	0.237	0.241	0.237	0.232	0.250	0.249	0.253	0.252	0.247	0.239	0.241	0.245	0.239	0.241	0.241	0.236	0.249	0.245	0.253	0.244	0.244	0.243	0.231	0.236	0.241	0.238	0.234	0.232	0.252	0.249	0.249	0.245	0.241	0.238	0.237	0.243	0.236	0.237	0.235	0.232	0.252	0.246	0.242	0.242	0.241	0.240	0.235	0.235	0.237	0.236	0.232	0.235	0.255	0.253	0.247	0.248	0.249	0.245	0.241	0.237	0.239	0.238	0.240	0.232
11:00:39	35.0	0.251	0.236	0.247	0.241	0.235	0.236	0.239	0.242	0.235	0.236	0.239	0.240	0.244	0.246	0.248	0.238	0.236	0.245	0.237	0.241	0.239	0.245	0.254	0.260	0.248	0.245	0.253	0.246	0.247	0.241	0.240	0.239	0.237	0.241	0.237	0.231	0.251	0.248	0.252	0.251	0.246	0.239	0.240	0.244	0.238	0.240	0.240	0.236	0.249	0.245	0.251	0.244	0.243	0.242	0.230	0.237	0.240	0.238	0.234	0.232	0.251	0.248	0.249	0.245	0.240	0.239	0.236	0.243	0.236	0.236	0.234	0.233	0.251	0.246	0.242	0.242	0.240	0.239	0.235	0.235	0.237	0.236	0.231	0.235	0.254	0.254	0.248	0.248	0.248	0.243	0.240	0.237	0.239	0.238	0.240	0.232
12:00:41	35.1	0.251	0.236	0.247	0.240	0.234	0.236	0.239	0.242	0.235	0.236	0.239	0.240	0.244	0.246	0.248	0.238	0.237	0.244	0.237	0.240	0.239	0.245	0.254	0.259	0.248	0.245	0.253	0.246	0.245	0.239	0.241	0.239	0.237	0.240	0.238	0.231	0.250	0.248	0.252	0.251	0.245	0.239	0.240	0.243	0.238	0.241	0.240	0.237	0.248	0.245	0.251	0.244	0.243	0.240	0.230	0.237	0.240	0.237	0.232	0.231	0.251	0.248	0.249	0.244	0.240	0.239	0.235	0.242	0.235	0.236	0.233	0.232	0.252	0.246	0.242	0.242	0.239	0.239	0.234	0.235	0.237	0.235	0.231	0.235	0.254	0.254	0.249	0.249	0.248	0.244	0.241	0.237	0.239	0.239	0.239	0.231
13:00:41	35.1	0.250	0.237	0.247	0.241	0.234	0.236	0.239	0.241	0.234	0.236	0.240	0.240	0.244	0.246	0.247	0.238	0.236	0.245	0.236	0.240	0.239	0.245	0.254	0.260	0.249	0.245	0.252	0.246	0.245	0.239	0.240	0.239	0.238	0.240	0.239	0.231	0.251	0.248	0.253	0.250	0.245	0.239	0.241	0.244	0.237	0.241	0.240	0.237	0.248	0.245	0.252	0.243	0.243	0.240	0.231	0.239	0.239	0.237	0.233	0.232	0.251	0.249	0.249	0.245	0.242	0.238	0.235	0.243	0.235	0.237	0.233	0.232	0.251	0.246	0.242	0.242	0.239	0.239	0.235	0.235	0.237	0.235	0.230	0.235	0.255	0.256	0.250	0.251	0.248	0.245	0.240	0.237	0.240	0.239	0.240	0.231
14:00:41	35.0	0.250	0.237	0.247	0.240	0.234	0.236	0.240	0.241	0.234	0.236	0.239	0.240	0.244	0.246	0.247	0.238	0.241	0.245	0.236	0.240	0.239	0.245	0.254	0.259	0.248	0.245	0.251	0.245	0.245	0.238	0.240	0.238	0.237	0.240	0.243	0.231	0.250	0.248	0.251	0.250	0.243	0.238	0.239	0.242	0.238	0.240	0.240	0.236	0.248	0.246	0.250	0.243	0.242	0.241	0.231	0.242	0.238	0.237	0.233	0.232	0.250	0.248	0.248	0.244	0.241	0.237	0.235	0.241	0.235	0.237	0.233	0.232	0.251	0.245	0.242	0.242	0.239	0.239	0.235	0.235	0.237	0.234	0.229	0.235	0.255	0.255	0.250	0.250	0.249	0.245	0.241	0.238	0.238	0.239	0.239	0.231
15:00:42	35.1	0.251	0.238	0.247	0.241	0.234	0.236	0.239	0.241	0.234	0.237	0.239	0.241	0.245	0.245	0.247	0.238	0.234	0.243	0.236	0.240	0.239	0.245	0.255	0.260	0.248	0.245	0.252	0.245	0.245	0.238	0.239	0.240	0.238	0.239	0.237	0.230	0.249	0.248	0.251	0.250	0.243	0.237	0.239	0.242	0.237	0.239	0.239	0.237	0.247	0.246	0.251	0.242	0.242	0.240	0.231	0.241	0.238	0.237	0.232	0.231	0.249	0.249	0.249	0.244	0.239	0.236	0.234	0.243	0.235	0.237	0.233	0.233	0.251	0.245	0.242	0.241	0.239	0.239	0.236	0.237	0.236	0.235	0.229	0.235	0.255	0.255	0.251	0.251	0.250	0.246	0.240	0.239	0.238	0.239	0.240	0.232
16:00:43	35.1	0.251	0.237	0.246	0.240	0.234	0.235	0.240	0.241	0.234	0.236	0.239	0.241	0.245	0.246	0.246	0.238	0.234	0.241	0.237	0.240	0.239	0.245	0.254	0.259	0.248	0.243	0.251	0.243	0.243	0.237	0.239	0.237	0.237	0.239	0.237	0.230	0.249	0.247	0.250	0.249	0.242	0.236	0.238	0.241	0.236	0.239	0.239	0.237	0.247	0.245	0.250	0.241	0.241	0.239	0.230	0.241	0.238	0.237	0.231	0.231	0.250	0.247	0.247	0.243	0.238	0.236	0.234	0.242	0.235	0.237	0.233	0.232	0.250	0.244	0.242	0.241	0.239	0.239	0.235	0.235	0.236	0.235	0.229	0.234	0.254	0.254	0.250	0.251	0.249	0.246	0.240	0.239	0.237	0.238	0.239	0.232
17:00:43	35.0	0.251	0.237	0.247	0.239	0.234	0.235	0.239	0.241	0.234	0.236	0.239	0.241	0.244	0.245	0.246	0.237	0.235	0.242	0.236	0.240	0.240	0.244	0.253	0.259	0.247	0.243	0.250	0.244	0.243	0.237	0.238	0.238	0.237	0.238	0.236	0.230	0.248	0.247	0.249	0.248	0.241	0.235	0.237	0.241	0.235	0.239	0.239	0.236	0.247	0.243	0.248	0.241	0.240	0.238	0.230	0.236	0.238	0.236	0.231	0.232	0.249	0.246	0.246	0.242	0.239	0.236	0.234	0.242	0.235	0.237	0.232	0.232	0.250	0.243	0.241	0.241	0.239	0.238	0.235	0.236	0.235	0.234	0.228	0.235	0.254	0.254	0.251	0.251	0.249	0.245	0.241	0.241	0.237	0.239	0.239	0.232
18:00:44	35.0	0.251	0.237	0.246	0.238	0.233	0.234	0.240	0.241	0.233	0.236	0.239	0.240	0.244	0.244	0.245	0.237	0.234	0.242	0.236	0.240	0.238	0.242	0.252	0.259	0.247	0.241	0.249	0.243	0.243	0.235	0.238	0.238	0.236	0.238	0.235	0.229	0.247	0.245	0.248	0.247	0.241	0.235	0.237	0.239	0.235	0.238	0.238	0.235	0.247	0.243	0.248	0.240	0.240	0.238	0.229	0.238	0.236	0.234	0.230	0.231	0.249	0.245	0.245	0.242	0.238	0.236	0.234	0.241	0.234	0.236	0.230	0.232	0.249	0.243	0.240	0.240	0.238	0.237	0.234	0.236	0.234	0.233	0.227	0.234	0.253	0.254	0.250	0.251	0.249	0.245	0.240	0.244	0.237	0.239	0.238	0.232
19:00:45	35.0	0.250	0.237	0.246	0.238	0.233	0.234	0.239	0.240	0.233	0.235	0.239	0.240	0.243	0.243	0.245	0.237	0.234	0.240	0.236	0.239	0.238	0.242	0.252	0.259	0.246	0.241	0.248	0.241	0.242	0.235	0.237	0.237	0.235	0.237	0.235	0.230	0.246	0.245	0.248	0.247	0.240	0.235	0.236	0.238	0.234	0.238	0.237	0.235	0.246	0.241	0.247	0.240	0.239	0.237	0.229	0.232	0.236	0.235	0.230	0.230	0.248	0.245	0.245	0.241	0.238	0.235	0.233	0.240	0.234	0.234	0.230	0.231	0.249	0.243	0.239	0.240	0.238	0.236	0.234	0.236	0.234	0.232	0.227	0.234	0.253	0.253	0.250	0.250	0.247	0.245	0.240	0.250	0.236	0.238	0.239	0.232
20:00:45	35.0	0.250	0.237	0.247	0.238	0.233	0.234	0.239	0.240	0.232	0.236	0.238	0.240	0.243	0.243	0.244	0.237	0.233	0.239	0.235	0.239	0.237	0.241	0.252	0.258	0.248	0.241	0.248	0.241	0.241	0.234	0.237	0.236	0.234	0.237	0.234	0.229	0.245	0.244	0.247	0.246	0.239	0.233	0.235	0.237	0.233	0.237	0.236	0.234	0.245	0.240	0.246	0.238	0.239	0.236	0.229	0.231	0.236	0.234	0.230	0.230	0.248	0.244	0.244	0.241	0.238	0.234	0.233	0.239	0.234	0.234	0.229	0.230	0.249	0.241	0.237	0.239	0.236	0.235	0.234	0.235	0.233	0.232	0.225	0.233	0.252	0.253	0.249	0.250	0.248	0.244	0.240	0.254	0.235	0.238	0.238	0.231
21:00:46	35.0	0.249	0.237	0.246	0.237	0.231	0.233	0.237	0.238	0.232	0.235	0.237	0.239	0.242	0.242	0.244	0.236	0.234	0.239	0.234	0.238	0.237	0.240	0.251	0.258	0.245	0.240	0.247	0.240	0.241	0.235	0.237	0.235	0.234	0.236	0.234	0.228	0.245	0.243	0.245	0.245	0.238	0.232	0.234	0.237	0.233	0.236	0.236	0.234	0.245	0.238	0.245	0.238	0.238	0.236	0.228	0.230	0.234	0.234	0.228	0.229	0.248	0.243	0.242	0.241	0.237	0.233	0.232	0.239	0.233	0.234	0.229	0.229	0.248	0.241	0.236	0.237	0.236	0.235	0.232	0.234	0.232	0.231	0.225	0.233	0.252	0.252	0.248	0.249	0.247	0.244	0.239	0.259	0.235	0.237	0.238	0.231
22:00:47	35.0	0.248	0.237	0.246	0.236	0.231	0.233	0.238	0.237	0.232	0.234	0.238	0.239	0.241	0.241	0.243	0.235	0.232	0.238	0.234	0.237	0.236	0.239	0.250	0.258	0.244	0.239	0.246	0.239	0.241	0.234	0.235	0.234	0.232	0.235	0.233	0.227	0.244	0.242	0.245	0.244	0.237	0.231	0.233	0.236	0.232	0.236	0.235	0.233	0.245	0.238	0.244	0.238	0.237	0.235	0.227	0.230	0.234	0.233	0.228	0.228	0.246	0.243	0.242	0.239	0.235	0.234	0.232	0.239	0.232	0.233	0.228	0.228	0.247	0.240	0.236	0.237	0.235	0.234	0.231	0.234	0.232	0.231	0.224	0.233	0.251	0.251	0.248	0.248	0.246	0.243	0.239	0.263	0.234	0.236	0.238	0.230
23:00:48	35.0	0.248	0.236	0.245	0.236	0.231	0.233	0.237	0.237	0.231	0.234	0.236	0.239	0.241	0.241	0.242	0.234	0.232	0.237	0.233	0.236	0.235	0.238	0.250	0.257	0.244	0.239	0.245	0.239	0.241	0.233	0.236	0.234	0.232	0.235	0.232	0.226	0.243	0.241	0.244	0.243	0.237	0.230	0.233	0.235	0.231	0.235	0.234	0.233	0.243	0.238	0.242	0.236	0.236	0.234	0.227	0.230	0.233	0.232	0.227	0.228	0.246	0.242	0.241	0.238	0.235	0.232	0.231	0.237	0.232	0.232	0.228	0.228	0.246	0.240	0.236	0.236	0.234	0.234	0.231	0.233	0.231	0.230	0.223	0.232	0.251	0.251	0.247	0.247	0.244	0.242	0.238	0.267	0.233	0.236	0.237	0.230
0:00:00																																																																																																	

Results
	1	2	3	4	5	6	7	8	9	10	11	12
A	0.296	0.265	0.251	0.264	0.260	0.246	0.257	0.249	0.252	0.257	0.273	0.268	Max V [600]
	0.975	0.972	0.986	0.996	0.992	0.993	0.993	0.992	0.992	0.989	0.980	0.972	R-Squared [600]
	3:00:36	3:00:36	4:00:36	4:00:36	4:00:36	4:00:36	4:00:36	4:00:36	4:00:36	4:00:36	4:00:36	4:00:36	t at Max V [600]
	0:59:58	1:01:34	1:23:04	1:36:00	1:38:40	1:40:27	1:30:21	1:36:37	1:33:27	1:23:30	1:33:51	1:13:52	Lagtime [600]
B	0.276	0.279	0.263	0.257	0.258	0.242	0.244	0.244	0.240	0.231	0.306	0.322	Max V [600]
	0.980	0.987	0.989	0.993	0.994	0.992	0.990	0.990	0.989	0.985	0.990	0.987	R-Squared [600]
	4:00:36	4:00:36	4:00:36	4:00:36	4:00:36	4:00:36	4:00:36	4:00:36	4:00:36	4:00:36	4:00:36	4:00:36	t at Max V [600]
	1:14:34	1:29:33	1:37:25	1:39:51	1:42:12	1:57:17	1:41:54	1:38:01	1:35:07	1:46:17	1:38:59	1:32:16	Lagtime [600]
C	0.282	0.267	0.248	0.250	0.248	0.231	0.231	0.236	0.225	0.249	0.254	0.256	Max V [600]
	0.988	0.992	0.990	0.986	0.987	0.984	0.990	0.977	0.986	0.989	0.989	0.992	R-Squared [600]
	4:00:36	4:00:36	4:00:36	4:00:36	4:00:36	5:00:37	4:00:36	5:00:37	4:00:36	4:00:36	4:00:36	4:00:36	t at Max V [600]
	1:33:23	1:35:04	1:53:04	1:50:06	1:46:46	1:52:30	1:41:33	1:52:10	1:45:45	1:38:55	1:32:43	1:20:09	Lagtime [600]
D	0.275	0.283	0.270	0.252	0.259	0.257	0.243	0.244	0.247	0.249	0.255	0.257	Max V [600]
	0.989	0.988	0.992	0.992	0.991	0.984	0.987	0.991	0.982	0.987	0.993	0.991	R-Squared [600]
	4:00:36	4:00:36	4:00:36	4:00:36	4:00:36	4:00:36	4:00:36	5:00:37	4:00:36	4:00:36	4:00:36	4:00:36	t at Max V [600]
	1:26:15	1:24:05	1:37:55	1:43:21	1:42:46	2:00:49	1:41:20	1:54:15	1:42:35	1:38:24	1:31:51	1:22:19	Lagtime [600]
E	0.270	0.266	0.262	0.321	0.235	0.247	0.215	0.205	0.238	0.248	0.243	0.251	Max V [600]
	0.994	0.987	0.990	0.956	0.984	0.989	0.998	0.994	0.986	0.984	0.984	0.993	R-Squared [600]
	4:00:36	4:00:36	4:00:36	4:00:36	4:00:36	5:00:37	5:00:37	5:00:37	5:00:37	4:00:36	4:00:36	4:00:36	t at Max V [600]
	1:36:35	1:38:24	1:46:11	1:54:54	1:56:45	2:08:16	2:09:52	2:13:39	1:45:46	1:45:41	1:38:07	1:28:17	Lagtime [600]
F	0.270	0.270	0.255	0.252	0.240	0.232	0.239	0.238	0.240	0.239	0.242	0.257	Max V [600]
	0.985	0.992	0.993	0.987	0.982	0.998	0.987	0.993	0.993	0.980	0.990	0.992	R-Squared [600]
	4:00:36	4:00:36	4:00:36	4:00:36	4:00:36	5:00:37	5:00:37	5:00:37	5:00:37	5:00:37	4:00:36	4:00:36	t at Max V [600]
	1:32:30	1:37:54	1:40:25	1:41:30	1:55:30	2:13:22	2:16:24	2:15:54	2:02:42	1:57:49	1:51:09	1:39:00	Lagtime [600]
G	0.260	0.277	0.263	0.254	0.255	0.244	0.247	0.240	0.240	0.254	0.253	0.256	Max V [600]
	0.980	0.989	0.991	0.992	0.989	0.980	0.985	0.982	0.986	0.988	0.993	0.991	R-Squared [600]
	4:00:36	4:00:36	4:00:36	4:00:36	4:00:36	4:00:36	4:00:36	4:00:36	4:00:36	4:00:36	4:00:36	4:00:36	t at Max V [600]
	1:42:02	1:43:34	1:40:19	1:47:03	1:46:06	1:53:47	1:53:47	1:44:34	1:52:04	1:46:37	1:40:35	1:37:58	Lagtime [600]
H	0.300	0.318	0.286	0.278	0.283	0.277	0.273	0.266	0.241	0.248	0.242	0.246	Max V [600]
	0.981	0.977	0.979	0.974	0.975	0.975	0.984	0.979	0.993	0.993	0.991	0.991	R-Squared [600]
	3:00:36	3:00:36	3:00:36	3:00:36	3:00:36	3:00:36	4:00:36	4:00:36	4:00:36	4:00:36	4:00:36	4:00:36	t at Max V [600]
	0:54:43	1:05:52	0:58:50	1:03:06	1:04:32	1:03:54	1:33:39	1:37:25	1:42:58	1:36:15	1:33:31	1:32:57	Lagtime [600]

