

Software Version	3.11.19



Experiment File Path:	C:\Users\patil-group\Desktop\Sweeteners_stacker\231121_NT5048_77_81_Rep1\NT5048_77_81_Rep1.xpt
Protocol File Path:	C:\Users\Public\Documents\Protocols\Screening-protocol.prt



Plate Number	Plate 9
Date	23/11/2021
Time	14:41:35
Reader Type:	Epoch 2
Reader Serial Number:	2103223
Reading Type	Reader

Procedure Details

Plate Type	96 WELL PLATE
Discontinuous Kinetics	Runtime 1:00:00 (D:HH:MM), Interval 0:01:00, 25 Reads
	Pause after each run
Eject plate on completion	
Shake	Linear: 0:00:30 (HH:MM:SS)
	Frequency: 567 cpm (3 mm)
Read	Absorbance Endpoint
	Full Plate
	Wavelengths:  600
	Read Speed: Normal,  Delay: 100 msec,  Measurements/Data Point: 8

600

Time	T° 600	A1	A2	A3	A4	A5	A6	A7	A8	A9	A10	A11	A12	B1	B2	B3	B4	B5	B6	B7	B8	B9	B10	B11	B12	C1	C2	C3	C4	C5	C6	C7	C8	C9	C10	C11	C12	D1	D2	D3	D4	D5	D6	D7	D8	D9	D10	D11	D12	E1	E2	E3	E4	E5	E6	E7	E8	E9	E10	E11	E12	F1	F2	F3	F4	F5	F6	F7	F8	F9	F10	F11	F12	G1	G2	G3	G4	G5	G6	G7	G8	G9	G10	G11	G12	H1	H2	H3	H4	H5	H6	H7	H8	H9	H10	H11	H12
0:00:34	34.5	0.180	0.180	0.183	0.182	0.178	0.180	0.178	0.176	0.182	0.179	0.187	0.178	0.186	0.178	0.178	0.182	0.181	0.172	0.180	0.175	0.194	0.175	0.176	0.179	0.178	0.220	0.178	0.177	0.180	0.173	0.176	0.182	0.208	0.176	0.181	0.179	0.184	0.184	0.175	0.176	0.171	0.180	0.180	0.180	0.172	0.181	0.171	0.177	0.181	0.178	0.182	0.178	0.178	0.181	0.180	0.187	0.175	0.174	0.177	0.177	0.184	0.184	0.177	0.185	0.181	0.182	0.177	0.185	0.176	0.188	0.175	0.177	0.183	0.182	0.190	0.182	0.175	0.183	0.174	0.174	0.185	0.180	0.178	0.176	0.192	0.189	0.187	0.180	0.181	0.183	0.177	0.179	0.178	0.180	0.176	0.182
1:00:31	34.8	0.251	0.246	0.245	0.242	0.238	0.242	0.241	0.238	0.250	0.252	0.256	0.243	0.248	0.237	0.231	0.234	0.238	0.227	0.235	0.231	0.245	0.235	0.233	0.241	0.236	0.267	0.227	0.224	0.228	0.224	0.223	0.231	0.248	0.227	0.234	0.238	0.242	0.236	0.223	0.224	0.218	0.228	0.229	0.236	0.219	0.231	0.224	0.232	0.240	0.232	0.231	0.227	0.225	0.228	0.229	0.235	0.223	0.227	0.227	0.233	0.242	0.238	0.226	0.233	0.230	0.228	0.226	0.233	0.224	0.236	0.229	0.232	0.245	0.241	0.236	0.230	0.224	0.229	0.227	0.226	0.240	0.237	0.234	0.231	0.255	0.250	0.241	0.234	0.234	0.237	0.235	0.236	0.237	0.239	0.238	0.244
2:00:33	34.8	0.403	0.393	0.390	0.383	0.388	0.398	0.400	0.389	0.400	0.410	0.405	0.385	0.398	0.383	0.368	0.373	0.385	0.378	0.379	0.380	0.389	0.381	0.377	0.390	0.380	0.399	0.364	0.362	0.372	0.369	0.370	0.387	0.385	0.379	0.379	0.381	0.381	0.380	0.362	0.370	0.360	0.373	0.379	0.372	0.360	0.382	0.373	0.375	0.383	0.382	0.376	0.369	0.369	0.372	0.373	0.386	0.373	0.380	0.367	0.373	0.384	0.384	0.373	0.386	0.377	0.367	0.377	0.381	0.372	0.381	0.379	0.375	0.399	0.397	0.382	0.384	0.370	0.375	0.389	0.378	0.403	0.392	0.389	0.372	0.403	0.398	0.395	0.380	0.385	0.391	0.395	0.395	0.389	0.404	0.399	0.409
3:00:33	34.9	0.475	0.468	0.471	0.465	0.466	0.476	0.477	0.467	0.483	0.485	0.481	0.462	0.484	0.479	0.456	0.468	0.478	0.472	0.473	0.470	0.483	0.471	0.467	0.472	0.465	0.490	0.465	0.468	0.477	0.477	0.474	0.491	0.490	0.483	0.474	0.466	0.466	0.475	0.469	0.484	0.475	0.489	0.491	0.479	0.475	0.482	0.467	0.465	0.469	0.477	0.480	0.479	0.484	0.490	0.483	0.496	0.484	0.481	0.463	0.461	0.470	0.479	0.483	0.499	0.490	0.478	0.486	0.491	0.479	0.481	0.473	0.461	0.486	0.493	0.482	0.494	0.470	0.476	0.489	0.477	0.500	0.491	0.482	0.457	0.481	0.477	0.485	0.471	0.478	0.476	0.484	0.483	0.478	0.490	0.481	0.483
04:00:34	34.7	0.509	0.505	0.51	0.505	0.503	0.51	0.512	0.504	0.511	0.516	0.516	0.498	0.522	0.52	0.494	0.509	0.515	0.508	0.509	0.504	0.521	0.512	0.506	0.507	0.506	0.534	0.51	0.511	0.517	0.511	0.512	0.526	0.526	0.521	0.514	0.505	0.51	0.522	0.511	0.521	0.512	0.522	0.525	0.515	0.516	0.525	0.505	0.503	0.514	0.523	0.524	0.52	0.523	0.526	0.523	0.531	0.521	0.523	0.502	0.498	0.515	0.524	0.526	0.538	0.523	0.52	0.525	0.527	0.517	0.523	0.511	0.501	0.524	0.531	0.52	0.523	0.509	0.515	0.524	0.515	0.534	0.527	0.513	0.494	0.516	0.511	0.514	0.504	0.51	0.513	0.519	0.517	0.511	0.519	0.511	0.512
05:00:34	34.8	0.526	0.523	0.527	0.523	0.52	0.525	0.527	0.521	0.528	0.533	0.532	0.519	0.538	0.536	0.511	0.527	0.532	0.524	0.524	0.52	0.537	0.529	0.523	0.525	0.524	0.552	0.528	0.53	0.534	0.527	0.528	0.54	0.542	0.536	0.531	0.523	0.53	0.54	0.529	0.537	0.529	0.536	0.539	0.531	0.535	0.54	0.521	0.522	0.532	0.54	0.541	0.537	0.537	0.542	0.54	0.546	0.535	0.539	0.518	0.514	0.533	0.542	0.543	0.553	0.539	0.538	0.541	0.542	0.532	0.54	0.527	0.519	0.542	0.547	0.538	0.538	0.526	0.531	0.538	0.531	0.547	0.542	0.526	0.512	0.536	0.532	0.534	0.526	0.531	0.53	0.533	0.532	0.527	0.535	0.527	0.527
06:00:34	34.8	0.543	0.539	0.542	0.538	0.536	0.54	0.542	0.537	0.543	0.548	0.55	0.538	0.555	0.551	0.527	0.543	0.546	0.539	0.539	0.534	0.552	0.545	0.539	0.541	0.541	0.567	0.544	0.546	0.548	0.541	0.543	0.554	0.555	0.551	0.547	0.54	0.548	0.556	0.544	0.552	0.542	0.55	0.553	0.544	0.551	0.555	0.535	0.537	0.548	0.554	0.555	0.552	0.552	0.555	0.554	0.559	0.548	0.552	0.532	0.53	0.55	0.557	0.558	0.567	0.554	0.553	0.555	0.556	0.546	0.554	0.541	0.536	0.557	0.563	0.553	0.551	0.541	0.546	0.552	0.545	0.56	0.556	0.54	0.528	0.552	0.547	0.548	0.541	0.545	0.545	0.547	0.547	0.541	0.549	0.542	0.541
07:00:34	34.8	0.557	0.554	0.555	0.552	0.55	0.553	0.555	0.551	0.556	0.561	0.563	0.553	0.569	0.565	0.54	0.557	0.56	0.553	0.551	0.548	0.566	0.558	0.552	0.556	0.556	0.581	0.558	0.561	0.563	0.554	0.556	0.567	0.569	0.564	0.56	0.554	0.563	0.571	0.558	0.565	0.556	0.563	0.565	0.558	0.564	0.568	0.549	0.551	0.562	0.566	0.568	0.565	0.566	0.569	0.567	0.571	0.561	0.565	0.545	0.544	0.564	0.57	0.573	0.582	0.567	0.567	0.569	0.569	0.56	0.567	0.555	0.55	0.572	0.576	0.568	0.565	0.555	0.559	0.565	0.558	0.572	0.569	0.553	0.542	0.566	0.561	0.561	0.554	0.558	0.558	0.559	0.559	0.554	0.562	0.555	0.554
08:00:34	34.8	0.569	0.565	0.565	0.565	0.561	0.563	0.564	0.563	0.564	0.571	0.574	0.565	0.579	0.575	0.551	0.569	0.57	0.564	0.562	0.558	0.576	0.569	0.564	0.567	0.568	0.593	0.569	0.573	0.573	0.566	0.567	0.577	0.579	0.575	0.571	0.565	0.576	0.582	0.57	0.576	0.567	0.573	0.574	0.569	0.574	0.577	0.56	0.562	0.573	0.576	0.577	0.576	0.578	0.58	0.577	0.581	0.572	0.574	0.556	0.555	0.576	0.581	0.584	0.592	0.577	0.577	0.58	0.58	0.571	0.578	0.565	0.562	0.582	0.587	0.579	0.574	0.567	0.57	0.575	0.568	0.582	0.579	0.562	0.554	0.577	0.573	0.571	0.565	0.568	0.568	0.569	0.569	0.565	0.572	0.565	0.564
09:00:34	34.9	0.578	0.575	0.572	0.573	0.57	0.572	0.573	0.572	0.571	0.579	0.583	0.575	0.587	0.581	0.56	0.577	0.578	0.572	0.569	0.566	0.584	0.576	0.572	0.576	0.577	0.601	0.577	0.582	0.581	0.573	0.575	0.585	0.588	0.582	0.579	0.575	0.585	0.59	0.578	0.584	0.575	0.581	0.581	0.576	0.581	0.584	0.567	0.572	0.582	0.583	0.584	0.584	0.585	0.588	0.585	0.588	0.579	0.58	0.564	0.564	0.585	0.589	0.591	0.599	0.585	0.585	0.587	0.588	0.578	0.585	0.573	0.571	0.59	0.595	0.586	0.582	0.574	0.577	0.581	0.576	0.588	0.586	0.57	0.563	0.586	0.581	0.579	0.574	0.576	0.576	0.577	0.577	0.573	0.58	0.573	0.572
10:00:34	34.8	0.586	0.582	0.578	0.579	0.576	0.578	0.58	0.578	0.577	0.584	0.589	0.582	0.594	0.588	0.566	0.583	0.583	0.577	0.573	0.571	0.59	0.582	0.578	0.581	0.584	0.607	0.583	0.587	0.586	0.578	0.58	0.589	0.592	0.587	0.584	0.581	0.592	0.596	0.583	0.589	0.58	0.585	0.585	0.581	0.586	0.59	0.572	0.577	0.589	0.589	0.589	0.59	0.59	0.593	0.589	0.593	0.584	0.586	0.569	0.571	0.591	0.595	0.596	0.604	0.59	0.591	0.592	0.592	0.583	0.59	0.578	0.577	0.596	0.601	0.591	0.587	0.579	0.583	0.586	0.58	0.593	0.59	0.575	0.57	0.592	0.587	0.585	0.58	0.582	0.582	0.582	0.582	0.578	0.586	0.581	0.579
11:00:34	34.8	0.595	0.591	0.586	0.586	0.585	0.586	0.587	0.586	0.585	0.592	0.598	0.591	0.603	0.596	0.574	0.59	0.591	0.584	0.581	0.578	0.597	0.589	0.586	0.59	0.593	0.615	0.59	0.594	0.593	0.584	0.586	0.594	0.598	0.593	0.592	0.59	0.601	0.603	0.59	0.595	0.587	0.59	0.59	0.587	0.592	0.596	0.58	0.584	0.597	0.595	0.595	0.595	0.595	0.598	0.595	0.597	0.589	0.591	0.576	0.578	0.601	0.603	0.603	0.61	0.595	0.597	0.598	0.597	0.589	0.597	0.584	0.586	0.605	0.608	0.598	0.593	0.586	0.589	0.592	0.586	0.598	0.597	0.582	0.577	0.6	0.595	0.593	0.589	0.59	0.589	0.589	0.589	0.585	0.594	0.587	0.587
12:00:34	34.8	0.605	0.601	0.594	0.595	0.595	0.596	0.596	0.596	0.594	0.601	0.608	0.601	0.612	0.605	0.583	0.599	0.598	0.592	0.588	0.586	0.605	0.597	0.595	0.599	0.603	0.623	0.6	0.602	0.6	0.59	0.594	0.602	0.605	0.6	0.601	0.599	0.611	0.612	0.598	0.602	0.594	0.597	0.597	0.594	0.6	0.605	0.587	0.594	0.606	0.595	0.603	0.602	0.601	0.605	0.601	0.604	0.596	0.598	0.584	0.586	0.611	0.611	0.61	0.615	0.602	0.604	0.605	0.604	0.596	0.604	0.592	0.595	0.614	0.616	0.606	0.6	0.592	0.596	0.599	0.595	0.606	0.605	0.59	0.585	0.611	0.605	0.602	0.597	0.599	0.598	0.597	0.598	0.594	0.602	0.596	0.595
13:00:34	34.8	0.615	0.611	0.602	0.603	0.604	0.606	0.606	0.606	0.601	0.611	0.617	0.611	0.621	0.613	0.592	0.608	0.606	0.601	0.597	0.594	0.614	0.606	0.603	0.609	0.612	0.631	0.608	0.611	0.608	0.599	0.601	0.609	0.613	0.608	0.609	0.608	0.62	0.62	0.606	0.609	0.602	0.605	0.604	0.601	0.607	0.613	0.596	0.602	0.616	0.589	0.61	0.61	0.609	0.611	0.608	0.611	0.603	0.605	0.592	0.594	0.62	0.619	0.617	0.623	0.609	0.613	0.612	0.612	0.604	0.612	0.599	0.603	0.624	0.625	0.615	0.608	0.601	0.605	0.606	0.602	0.614	0.612	0.598	0.594	0.62	0.615	0.611	0.607	0.608	0.607	0.606	0.606	0.603	0.611	0.606	0.605
14:00:34	34.9	0.625	0.621	0.61	0.611	0.613	0.615	0.616	0.615	0.61	0.62	0.629	0.621	0.63	0.621	0.601	0.616	0.615	0.61	0.604	0.603	0.622	0.615	0.611	0.618	0.622	0.64	0.616	0.618	0.616	0.606	0.609	0.616	0.621	0.616	0.618	0.617	0.629	0.629	0.614	0.616	0.609	0.612	0.611	0.609	0.615	0.621	0.604	0.613	0.625	0.587	0.618	0.617	0.616	0.618	0.616	0.618	0.61	0.613	0.6	0.603	0.63	0.628	0.624	0.63	0.617	0.62	0.619	0.619	0.612	0.621	0.607	0.612	0.634	0.633	0.623	0.616	0.608	0.612	0.614	0.61	0.622	0.62	0.605	0.603	0.63	0.624	0.621	0.616	0.617	0.616	0.615	0.614	0.612	0.621	0.615	0.614
15:00:34	34.8	0.636	0.63	0.619	0.62	0.623	0.624	0.625	0.625	0.619	0.63	0.638	0.631	0.639	0.629	0.61	0.624	0.622	0.618	0.613	0.612	0.63	0.623	0.62	0.628	0.631	0.648	0.625	0.627	0.624	0.613	0.617	0.624	0.628	0.623	0.626	0.626	0.639	0.638	0.622	0.624	0.616	0.62	0.603	0.616	0.622	0.629	0.612	0.62	0.634	0.586	0.625	0.625	0.623	0.626	0.622	0.625	0.618	0.62	0.607	0.611	0.639	0.636	0.632	0.636	0.625	0.627	0.626	0.626	0.62	0.628	0.615	0.621	0.645	0.642	0.631	0.624	0.616	0.621	0.621	0.618	0.63	0.628	0.613	0.611	0.639	0.634	0.63	0.626	0.626	0.625	0.624	0.623	0.62	0.629	0.624	0.623
16:00:34	34.9	0.645	0.64	0.627	0.628	0.632	0.634	0.634	0.634	0.628	0.64	0.649	0.641	0.648	0.638	0.619	0.633	0.631	0.626	0.622	0.621	0.638	0.632	0.629	0.638	0.64	0.657	0.633	0.635	0.632	0.621	0.624	0.631	0.635	0.631	0.634	0.635	0.648	0.646	0.63	0.631	0.624	0.627	0.599	0.624	0.63	0.637	0.621	0.63	0.643	0.586	0.633	0.632	0.631	0.633	0.63	0.633	0.625	0.627	0.615	0.62	0.649	0.644	0.639	0.644	0.636	0.635	0.633	0.632	0.628	0.636	0.623	0.63	0.653	0.65	0.639	0.632	0.624	0.628	0.629	0.627	0.638	0.636	0.621	0.62	0.649	0.644	0.639	0.634	0.635	0.634	0.632	0.632	0.629	0.638	0.633	0.633
17:00:34	34.8	0.655	0.65	0.635	0.636	0.642	0.644	0.645	0.644	0.637	0.649	0.658	0.652	0.658	0.646	0.627	0.642	0.639	0.635	0.63	0.629	0.647	0.641	0.638	0.647	0.65	0.666	0.642	0.644	0.64	0.628	0.633	0.64	0.643	0.639	0.644	0.644	0.657	0.656	0.638	0.64	0.632	0.635	0.596	0.632	0.639	0.646	0.63	0.638	0.652	0.586	0.641	0.64	0.638	0.64	0.638	0.641	0.633	0.635	0.623	0.629	0.658	0.653	0.647	0.651	0.639	0.643	0.64	0.641	0.636	0.645	0.631	0.639	0.662	0.659	0.648	0.64	0.632	0.637	0.637	0.635	0.646	0.645	0.629	0.628	0.659	0.653	0.649	0.644	0.644	0.643	0.641	0.641	0.637	0.646	0.642	0.642
18:00:34	34.8	0.667	0.66	0.644	0.644	0.651	0.653	0.654	0.654	0.646	0.659	0.667	0.661	0.667	0.656	0.636	0.65	0.648	0.644	0.638	0.638	0.656	0.65	0.647	0.657	0.659	0.674	0.65	0.652	0.648	0.637	0.641	0.648	0.651	0.648	0.652	0.653	0.667	0.664	0.647	0.648	0.64	0.643	0.595	0.64	0.647	0.654	0.638	0.647	0.657	0.586	0.634	0.649	0.646	0.648	0.632	0.649	0.641	0.624	0.631	0.638	0.667	0.662	0.655	0.659	0.647	0.651	0.648	0.649	0.645	0.653	0.64	0.647	0.672	0.667	0.657	0.649	0.641	0.645	0.645	0.643	0.654	0.653	0.637	0.637	0.668	0.662	0.657	0.653	0.654	0.652	0.649	0.649	0.646	0.656	0.651	0.652
19:00:34	34.8	0.676	0.67	0.652	0.653	0.661	0.663	0.663	0.663	0.655	0.668	0.676	0.671	0.677	0.664	0.645	0.659	0.657	0.653	0.647	0.646	0.664	0.659	0.656	0.666	0.668	0.682	0.659	0.66	0.657	0.645	0.649	0.656	0.659	0.657	0.661	0.662	0.676	0.672	0.655	0.656	0.648	0.65	0.593	0.648	0.654	0.662	0.647	0.656	0.647	0.586	0.629	0.656	0.654	0.656	0.627	0.656	0.649	0.621	0.639	0.646	0.676	0.67	0.663	0.667	0.654	0.66	0.656	0.657	0.652	0.661	0.648	0.656	0.682	0.676	0.666	0.657	0.65	0.653	0.652	0.651	0.662	0.662	0.645	0.646	0.678	0.672	0.666	0.662	0.662	0.661	0.657	0.657	0.655	0.663	0.66	0.661
20:00:34	34.8	0.686	0.68	0.661	0.661	0.67	0.673	0.673	0.672	0.664	0.678	0.687	0.681	0.686	0.672	0.654	0.668	0.666	0.662	0.655	0.656	0.672	0.667	0.665	0.675	0.677	0.69	0.667	0.669	0.664	0.653	0.657	0.664	0.667	0.665	0.67	0.671	0.685	0.68	0.663	0.663	0.655	0.658	0.593	0.657	0.661	0.67	0.655	0.665	0.645	0.586	0.627	0.664	0.661	0.664	0.624	0.664	0.657	0.619	0.646	0.654	0.685	0.678	0.672	0.674	0.662	0.668	0.663	0.664	0.661	0.669	0.656	0.665	0.692	0.684	0.673	0.665	0.658	0.66	0.66	0.659	0.669	0.67	0.653	0.654	0.687	0.681	0.675	0.671	0.671	0.67	0.667	0.666	0.663	0.673	0.669	0.671
21:00:34	34.9	0.696	0.691	0.669	0.67	0.68	0.683	0.683	0.682	0.674	0.688	0.698	0.692	0.696	0.682	0.664	0.677	0.675	0.671	0.664	0.665	0.682	0.676	0.674	0.686	0.688	0.699	0.676	0.678	0.673	0.662	0.667	0.671	0.675	0.674	0.678	0.681	0.695	0.689	0.673	0.672	0.663	0.667	0.593	0.665	0.67	0.673	0.664	0.675	0.644	0.588	0.626	0.672	0.671	0.672	0.623	0.672	0.665	0.618	0.654	0.663	0.695	0.687	0.681	0.684	0.671	0.676	0.671	0.672	0.669	0.678	0.664	0.674	0.702	0.693	0.682	0.673	0.667	0.669	0.668	0.667	0.678	0.678	0.661	0.663	0.697	0.691	0.685	0.68	0.68	0.679	0.676	0.675	0.672	0.682	0.679	0.68
22:00:34	34.9	0.707	0.701	0.677	0.678	0.69	0.693	0.692	0.692	0.684	0.698	0.707	0.703	0.706	0.692	0.673	0.686	0.684	0.68	0.674	0.675	0.691	0.686	0.684	0.696	0.698	0.708	0.686	0.687	0.681	0.671	0.673	0.681	0.685	0.683	0.688	0.69	0.705	0.698	0.681	0.681	0.673	0.675	0.594	0.673	0.678	0.665	0.673	0.685	0.644	0.587	0.626	0.681	0.679	0.681	0.623	0.679	0.673	0.619	0.662	0.672	0.704	0.696	0.691	0.692	0.679	0.684	0.68	0.682	0.678	0.686	0.673	0.683	0.712	0.702	0.691	0.682	0.676	0.678	0.676	0.676	0.687	0.687	0.67	0.672	0.708	0.702	0.695	0.689	0.689	0.689	0.686	0.685	0.682	0.692	0.689	0.691
23:00:34	35	0.718	0.711	0.687	0.688	0.7	0.703	0.702	0.702	0.693	0.708	0.718	0.713	0.716	0.702	0.683	0.696	0.694	0.691	0.683	0.684	0.7	0.696	0.694	0.706	0.708	0.717	0.695	0.696	0.691	0.68	0.682	0.69	0.692	0.692	0.698	0.7	0.714	0.707	0.69	0.689	0.681	0.685	0.594	0.682	0.687	0.661	0.683	0.695	0.645	0.588	0.626	0.689	0.688	0.69	0.623	0.688	0.682	0.619	0.671	0.681	0.714	0.705	0.7	0.701	0.689	0.693	0.689	0.69	0.686	0.695	0.681	0.693	0.721	0.711	0.7	0.691	0.685	0.687	0.684	0.685	0.695	0.696	0.679	0.682	0.718	0.711	0.705	0.7	0.699	0.699	0.696	0.695	0.692	0.703	0.699	0.701
0:00:00																																																																																																	
0:00:00																																																																																																	
0:00:00																																																																																																	
0:00:00																																																																																																	
0:00:00																																																																																																	
0:00:00																																																																																																	
0:00:00																																																																																																	
0:00:00																																																																																																	
0:00:00																																																																																																	
0:00:00																																																																																																	
0:00:00																																																																																																	
0:00:00																																																																																																	
0:00:00																																																																																																	
0:00:00																																																																																																	
0:00:00																																																																																																	
0:00:00																																																																																																	
0:00:00																																																																																																	
0:00:00																																																																																																	
0:00:00																																																																																																	
0:00:00																																																																																																	
0:00:00																																																																																																	

Results
	1	2	3	4	5	6	7	8	9	10	11	12
A	?????	?????	?????	?????	?????	?????	?????	?????	?????	?????	?????	?????	Max V [600]
	?????	?????	?????	?????	?????	?????	?????	?????	?????	?????	?????	?????	R-Squared [600]
	?????	?????	?????	?????	?????	?????	?????	?????	?????	?????	?????	?????	t at Max V [600]
	?????	?????	?????	?????	?????	?????	?????	?????	?????	?????	?????	?????	Lagtime [600]
B	?????	?????	?????	?????	?????	?????	?????	?????	?????	?????	?????	?????	Max V [600]
	?????	?????	?????	?????	?????	?????	?????	?????	?????	?????	?????	?????	R-Squared [600]
	?????	?????	?????	?????	?????	?????	?????	?????	?????	?????	?????	?????	t at Max V [600]
	?????	?????	?????	?????	?????	?????	?????	?????	?????	?????	?????	?????	Lagtime [600]
C	?????	?????	?????	?????	?????	?????	?????	?????	?????	?????	?????	?????	Max V [600]
	?????	?????	?????	?????	?????	?????	?????	?????	?????	?????	?????	?????	R-Squared [600]
	?????	?????	?????	?????	?????	?????	?????	?????	?????	?????	?????	?????	t at Max V [600]
	?????	?????	?????	?????	?????	?????	?????	?????	?????	?????	?????	?????	Lagtime [600]
D	?????	?????	?????	?????	?????	?????	?????	?????	?????	?????	?????	?????	Max V [600]
	?????	?????	?????	?????	?????	?????	?????	?????	?????	?????	?????	?????	R-Squared [600]
	?????	?????	?????	?????	?????	?????	?????	?????	?????	?????	?????	?????	t at Max V [600]
	?????	?????	?????	?????	?????	?????	?????	?????	?????	?????	?????	?????	Lagtime [600]
E	?????	?????	?????	?????	?????	?????	?????	?????	?????	?????	?????	?????	Max V [600]
	?????	?????	?????	?????	?????	?????	?????	?????	?????	?????	?????	?????	R-Squared [600]
	?????	?????	?????	?????	?????	?????	?????	?????	?????	?????	?????	?????	t at Max V [600]
	?????	?????	?????	?????	?????	?????	?????	?????	?????	?????	?????	?????	Lagtime [600]
F	?????	?????	?????	?????	?????	?????	?????	?????	?????	?????	?????	?????	Max V [600]
	?????	?????	?????	?????	?????	?????	?????	?????	?????	?????	?????	?????	R-Squared [600]
	?????	?????	?????	?????	?????	?????	?????	?????	?????	?????	?????	?????	t at Max V [600]
	?????	?????	?????	?????	?????	?????	?????	?????	?????	?????	?????	?????	Lagtime [600]
G	?????	?????	?????	?????	?????	?????	?????	?????	?????	?????	?????	?????	Max V [600]
	?????	?????	?????	?????	?????	?????	?????	?????	?????	?????	?????	?????	R-Squared [600]
	?????	?????	?????	?????	?????	?????	?????	?????	?????	?????	?????	?????	t at Max V [600]
	?????	?????	?????	?????	?????	?????	?????	?????	?????	?????	?????	?????	Lagtime [600]
H	?????	?????	?????	?????	?????	?????	?????	?????	?????	?????	?????	?????	Max V [600]
	?????	?????	?????	?????	?????	?????	?????	?????	?????	?????	?????	?????	R-Squared [600]
	?????	?????	?????	?????	?????	?????	?????	?????	?????	?????	?????	?????	t at Max V [600]
	?????	?????	?????	?????	?????	?????	?????	?????	?????	?????	?????	?????	Lagtime [600]


