
Software Version	3.11.19



Experiment File Path:	C:\Users\patil-group\Desktop\Sweeteners_stacker\171121_NT5026_37_38_Rep2\NT5026_37_38_Rep2.xpt
Protocol File Path:	C:\Users\Public\Documents\Protocols\Screening-protocol.prt



Plate Number	Plate 3
Date	17/11/2021
Time	15:20:06
Reader Type:	Epoch 2
Reader Serial Number:	2103223
Reading Type	Reader

Procedure Details

Plate Type	96 WELL PLATE
Discontinuous Kinetics	Runtime 1:00:00 (D:HH:MM), Interval 0:01:00, 25 Reads
	Pause after each run
Eject plate on completion	
Shake	Linear: 0:00:30 (HH:MM:SS)
	Frequency: 567 cpm (3 mm)
Read	Absorbance Endpoint
	Full Plate
	Wavelengths:  600
	Read Speed: Normal,  Delay: 100 msec,  Measurements/Data Point: 8

600

Time	T° 600	A1	A2	A3	A4	A5	A6	A7	A8	A9	A10	A11	A12	B1	B2	B3	B4	B5	B6	B7	B8	B9	B10	B11	B12	C1	C2	C3	C4	C5	C6	C7	C8	C9	C10	C11	C12	D1	D2	D3	D4	D5	D6	D7	D8	D9	D10	D11	D12	E1	E2	E3	E4	E5	E6	E7	E8	E9	E10	E11	E12	F1	F2	F3	F4	F5	F6	F7	F8	F9	F10	F11	F12	G1	G2	G3	G4	G5	G6	G7	G8	G9	G10	G11	G12	H1	H2	H3	H4	H5	H6	H7	H8	H9	H10	H11	H12
0:00:34	35.1	0.161	0.176	0.163	0.174	0.160	0.164	0.168	0.172	0.168	0.170	0.173	0.168	0.165	0.164	0.164	0.165	0.166	0.162	0.167	0.184	0.182	0.163	0.175	0.165	0.161	0.168	0.168	0.179	0.170	0.168	0.173	0.185	0.166	0.172	0.169	0.167	0.162	0.166	0.165	0.164	0.171	0.170	0.173	0.173	0.166	0.167	0.163	0.168	0.169	0.167	0.163	0.166	0.165	0.176	0.162	0.170	0.166	0.164	0.164	0.169	0.166	0.167	0.166	0.168	0.171	0.171	0.165	0.168	0.163	0.167	0.172	0.162	0.167	0.165	0.164	0.177	0.177	0.165	0.168	0.166	0.172	0.172	0.173	0.171	0.165	0.162	0.174	0.170	0.161	0.168	0.171	0.165	0.166	0.172	0.171	0.175
1:00:31	35.0	0.166	0.180	0.168	0.180	0.165	0.169	0.173	0.176	0.173	0.175	0.177	0.172	0.169	0.169	0.168	0.170	0.171	0.167	0.172	0.182	0.187	0.168	0.179	0.169	0.166	0.172	0.169	0.182	0.175	0.173	0.179	0.190	0.171	0.177	0.172	0.171	0.167	0.171	0.170	0.170	0.177	0.175	0.179	0.177	0.171	0.172	0.168	0.172	0.173	0.172	0.169	0.172	0.175	0.181	0.167	0.176	0.170	0.168	0.168	0.173	0.170	0.171	0.170	0.172	0.176	0.175	0.171	0.172	0.167	0.172	0.176	0.166	0.172	0.170	0.168	0.180	0.180	0.171	0.173	0.170	0.176	0.176	0.177	0.175	0.170	0.166	0.178	0.174	0.166	0.173	0.175	0.169	0.170	0.176	0.175	0.179
2:00:32	35.0	0.173	0.186	0.173	0.185	0.170	0.175	0.178	0.181	0.178	0.181	0.182	0.178	0.176	0.174	0.174	0.176	0.178	0.174	0.177	0.187	0.191	0.173	0.184	0.175	0.172	0.177	0.176	0.188	0.181	0.179	0.184	0.196	0.176	0.182	0.177	0.176	0.173	0.177	0.176	0.177	0.183	0.182	0.184	0.182	0.176	0.177	0.173	0.177	0.178	0.177	0.174	0.178	0.178	0.186	0.171	0.180	0.174	0.173	0.172	0.178	0.176	0.176	0.175	0.178	0.181	0.180	0.176	0.176	0.171	0.176	0.181	0.172	0.177	0.176	0.174	0.186	0.186	0.177	0.178	0.175	0.182	0.181	0.182	0.181	0.176	0.172	0.183	0.179	0.172	0.178	0.180	0.174	0.174	0.182	0.181	0.185
3:00:32	35.0	0.187	0.196	0.183	0.194	0.181	0.185	0.189	0.190	0.187	0.191	0.193	0.188	0.188	0.185	0.187	0.184	0.186	0.183	0.186	0.195	0.199	0.182	0.193	0.185	0.182	0.185	0.185	0.195	0.189	0.188	0.192	0.203	0.183	0.190	0.185	0.186	0.182	0.184	0.184	0.185	0.191	0.190	0.190	0.188	0.183	0.185	0.182	0.187	0.188	0.185	0.182	0.185	0.184	0.194	0.178	0.186	0.181	0.180	0.180	0.186	0.185	0.183	0.182	0.186	0.189	0.186	0.183	0.183	0.178	0.184	0.189	0.181	0.187	0.185	0.181	0.193	0.195	0.186	0.186	0.182	0.191	0.190	0.191	0.191	0.188	0.182	0.193	0.188	0.182	0.187	0.188	0.183	0.182	0.192	0.191	0.195
4:00:33	34.9	0.209	0.218	0.204	0.212	0.201	0.206	0.207	0.208	0.205	0.212	0.215	0.210	0.212	0.204	0.204	0.202	0.204	0.202	0.203	0.211	0.215	0.200	0.211	0.207	0.202	0.202	0.201	0.210	0.205	0.202	0.207	0.217	0.197	0.205	0.203	0.206	0.203	0.201	0.199	0.200	0.206	0.204	0.204	0.201	0.198	0.200	0.200	0.207	0.207	0.201	0.197	0.198	0.202	0.207	0.191	0.198	0.194	0.195	0.198	0.204	0.206	0.199	0.196	0.200	0.203	0.198	0.197	0.197	0.191	0.200	0.205	0.200	0.207	0.205	0.198	0.209	0.210	0.203	0.201	0.195	0.206	0.207	0.210	0.212	0.212	0.204	0.214	0.208	0.202	0.206	0.205	0.201	0.201	0.211	0.212	0.217
5:00:33	34.9	0.228	0.233	0.220	0.230	0.221	0.226	0.227	0.227	0.227	0.228	0.232	0.228	0.229	0.225	0.223	0.224	0.229	0.225	0.224	0.230	0.235	0.220	0.230	0.223	0.223	0.223	0.224	0.233	0.229	0.226	0.230	0.240	0.220	0.227	0.224	0.225	0.225	0.222	0.223	0.223	0.230	0.228	0.225	0.223	0.222	0.222	0.222	0.228	0.230	0.223	0.220	0.220	0.225	0.229	0.210	0.220	0.215	0.214	0.218	0.227	0.232	0.225	0.217	0.223	0.225	0.217	0.220	0.220	0.213	0.222	0.227	0.222	0.228	0.231	0.221	0.231	0.234	0.226	0.221	0.220	0.230	0.229	0.233	0.234	0.230	0.225	0.235	0.229	0.224	0.229	0.228	0.222	0.221	0.231	0.231	0.234
6:00:34	34.9	0.242	0.249	0.234	0.255	0.240	0.242	0.248	0.248	0.244	0.246	0.246	0.242	0.245	0.245	0.249	0.254	0.259	0.254	0.249	0.255	0.261	0.238	0.245	0.237	0.244	0.252	0.257	0.266	0.269	0.260	0.262	0.273	0.248	0.250	0.243	0.239	0.246	0.254	0.264	0.269	0.268	0.260	0.255	0.249	0.252	0.251	0.245	0.242	0.252	0.261	0.265	0.257	0.267	0.266	0.239	0.247	0.246	0.238	0.236	0.240	0.263	0.261	0.249	0.261	0.265	0.250	0.257	0.252	0.232	0.239	0.245	0.235	0.249	0.271	0.260	0.271	0.271	0.263	0.248	0.244	0.256	0.244	0.245	0.246	0.246	0.245	0.259	0.254	0.253	0.256	0.255	0.249	0.240	0.244	0.243	0.247
7:00:35	34.9	0.266	0.272	0.252	0.274	0.264	0.268	0.268	0.271	0.264	0.270	0.268	0.263	0.269	0.272	0.270	0.275	0.284	0.278	0.273	0.277	0.284	0.258	0.264	0.260	0.269	0.278	0.283	0.293	0.298	0.288	0.287	0.299	0.275	0.273	0.264	0.259	0.269	0.280	0.293	0.297	0.297	0.289	0.287	0.282	0.278	0.276	0.267	0.261	0.275	0.287	0.294	0.289	0.296	0.294	0.263	0.272	0.270	0.264	0.256	0.256	0.287	0.287	0.276	0.294	0.293	0.275	0.287	0.284	0.255	0.259	0.262	0.249	0.272	0.298	0.287	0.301	0.304	0.295	0.275	0.277	0.285	0.266	0.261	0.262	0.270	0.270	0.285	0.281	0.278	0.281	0.283	0.276	0.265	0.267	0.263	0.267
8:00:35	34.9	0.302	0.305	0.280	0.297	0.296	0.297	0.297	0.297	0.294	0.300	0.301	0.295	0.303	0.303	0.296	0.299	0.305	0.301	0.297	0.303	0.308	0.286	0.293	0.291	0.301	0.301	0.304	0.314	0.320	0.310	0.310	0.322	0.298	0.297	0.290	0.288	0.301	0.305	0.313	0.316	0.320	0.314	0.314	0.306	0.304	0.305	0.296	0.292	0.304	0.309	0.313	0.307	0.315	0.312	0.286	0.293	0.291	0.288	0.284	0.282	0.314	0.308	0.297	0.313	0.314	0.297	0.308	0.308	0.280	0.286	0.289	0.275	0.307	0.325	0.312	0.331	0.334	0.326	0.305	0.303	0.313	0.297	0.287	0.287	0.306	0.305	0.317	0.310	0.307	0.311	0.311	0.306	0.294	0.298	0.295	0.295
9:00:36	34.9	0.314	0.323	0.302	0.324	0.315	0.314	0.318	0.320	0.316	0.319	0.319	0.313	0.313	0.318	0.318	0.320	0.328	0.326	0.319	0.326	0.332	0.308	0.314	0.308	0.322	0.328	0.332	0.341	0.348	0.338	0.339	0.352	0.328	0.327	0.318	0.311	0.321	0.331	0.341	0.343	0.345	0.345	0.339	0.334	0.334	0.332	0.321	0.313	0.327	0.336	0.342	0.336	0.339	0.342	0.314	0.321	0.319	0.312	0.308	0.306	0.333	0.333	0.327	0.341	0.341	0.325	0.337	0.340	0.312	0.315	0.318	0.300	0.325	0.345	0.335	0.352	0.351	0.348	0.329	0.332	0.343	0.324	0.314	0.311	0.319	0.324	0.339	0.332	0.326	0.331	0.334	0.329	0.319	0.321	0.316	0.311
10:00:37	34.9	0.323	0.334	0.313	0.335	0.322	0.323	0.327	0.331	0.325	0.328	0.327	0.323	0.321	0.326	0.331	0.329	0.336	0.334	0.327	0.336	0.340	0.317	0.325	0.317	0.332	0.341	0.342	0.351	0.354	0.347	0.350	0.361	0.339	0.338	0.329	0.322	0.330	0.342	0.347	0.353	0.353	0.358	0.349	0.346	0.343	0.341	0.330	0.324	0.337	0.347	0.352	0.351	0.354	0.350	0.323	0.335	0.335	0.321	0.319	0.319	0.347	0.344	0.335	0.351	0.354	0.338	0.346	0.351	0.324	0.327	0.329	0.313	0.334	0.352	0.344	0.359	0.357	0.353	0.338	0.337	0.349	0.337	0.326	0.323	0.329	0.333	0.348	0.341	0.333	0.339	0.339	0.338	0.326	0.331	0.326	0.322
11:00:37	34.9	0.321	0.334	0.316	0.339	0.323	0.323	0.328	0.333	0.328	0.328	0.326	0.324	0.316	0.324	0.327	0.329	0.339	0.336	0.328	0.337	0.341	0.320	0.325	0.316	0.332	0.344	0.346	0.358	0.359	0.351	0.352	0.367	0.345	0.342	0.333	0.324	0.331	0.346	0.351	0.356	0.356	0.362	0.347	0.353	0.352	0.343	0.331	0.325	0.338	0.352	0.357	0.357	0.356	0.358	0.329	0.342	0.341	0.325	0.324	0.325	0.348	0.349	0.341	0.356	0.361	0.346	0.348	0.355	0.332	0.332	0.334	0.318	0.335	0.353	0.348	0.361	0.360	0.357	0.341	0.342	0.351	0.341	0.331	0.328	0.327	0.331	0.345	0.342	0.334	0.339	0.342	0.338	0.328	0.334	0.328	0.324
12:00:38	34.9	0.320	0.331	0.314	0.335	0.319	0.321	0.323	0.329	0.324	0.327	0.325	0.323	0.312	0.318	0.324	0.326	0.335	0.331	0.325	0.332	0.337	0.316	0.322	0.314	0.328	0.340	0.341	0.353	0.358	0.348	0.350	0.363	0.344	0.339	0.330	0.321	0.327	0.341	0.347	0.353	0.351	0.354	0.343	0.347	0.347	0.339	0.327	0.323	0.334	0.347	0.356	0.358	0.364	0.357	0.327	0.342	0.343	0.323	0.320	0.322	0.343	0.346	0.337	0.354	0.362	0.345	0.345	0.352	0.331	0.330	0.332	0.316	0.333	0.349	0.343	0.354	0.353	0.350	0.337	0.341	0.348	0.338	0.328	0.327	0.325	0.328	0.340	0.338	0.330	0.335	0.337	0.332	0.326	0.330	0.325	0.324
13:00:38	34.9	0.319	0.331	0.314	0.333	0.316	0.318	0.320	0.326	0.323	0.326	0.324	0.322	0.309	0.314	0.321	0.323	0.332	0.327	0.321	0.329	0.334	0.314	0.321	0.314	0.325	0.337	0.338	0.350	0.352	0.344	0.345	0.360	0.340	0.337	0.326	0.320	0.324	0.337	0.344	0.348	0.349	0.350	0.337	0.345	0.346	0.335	0.323	0.323	0.331	0.343	0.352	0.354	0.359	0.353	0.323	0.337	0.339	0.321	0.318	0.321	0.340	0.343	0.334	0.350	0.358	0.342	0.343	0.347	0.329	0.329	0.331	0.314	0.331	0.347	0.338	0.351	0.349	0.347	0.335	0.337	0.344	0.335	0.327	0.327	0.322	0.324	0.336	0.334	0.328	0.332	0.334	0.329	0.323	0.327	0.323	0.324
14:00:38	34.9	0.318	0.329	0.313	0.332	0.314	0.316	0.317	0.325	0.322	0.324	0.323	0.321	0.306	0.309	0.319	0.321	0.329	0.324	0.316	0.326	0.332	0.312	0.321	0.313	0.323	0.333	0.333	0.346	0.350	0.341	0.341	0.355	0.336	0.333	0.323	0.319	0.322	0.334	0.341	0.345	0.345	0.345	0.334	0.341	0.345	0.333	0.321	0.321	0.328	0.339	0.347	0.352	0.359	0.350	0.320	0.334	0.337	0.317	0.315	0.321	0.337	0.340	0.330	0.348	0.355	0.339	0.340	0.345	0.325	0.325	0.326	0.314	0.329	0.343	0.335	0.346	0.345	0.343	0.331	0.334	0.340	0.331	0.326	0.325	0.321	0.322	0.333	0.330	0.326	0.328	0.330	0.325	0.321	0.326	0.323	0.323
15:00:39	34.9	0.317	0.328	0.312	0.329	0.313	0.315	0.316	0.323	0.321	0.322	0.323	0.320	0.302	0.305	0.317	0.319	0.326	0.321	0.315	0.324	0.329	0.311	0.320	0.311	0.320	0.330	0.330	0.344	0.348	0.337	0.338	0.352	0.333	0.330	0.322	0.317	0.320	0.331	0.338	0.342	0.341	0.341	0.331	0.338	0.342	0.331	0.318	0.320	0.324	0.335	0.344	0.347	0.349	0.348	0.317	0.331	0.334	0.316	0.314	0.319	0.335	0.336	0.328	0.345	0.353	0.335	0.338	0.342	0.323	0.322	0.325	0.312	0.326	0.340	0.332	0.342	0.342	0.340	0.329	0.331	0.336	0.328	0.325	0.324	0.319	0.320	0.331	0.328	0.324	0.326	0.327	0.322	0.319	0.323	0.321	0.322
16:00:39	34.9	0.316	0.326	0.311	0.326	0.310	0.313	0.314	0.321	0.319	0.321	0.321	0.319	0.299	0.301	0.317	0.316	0.323	0.319	0.313	0.322	0.327	0.308	0.317	0.310	0.317	0.327	0.328	0.339	0.344	0.332	0.334	0.346	0.329	0.326	0.319	0.317	0.318	0.327	0.334	0.337	0.337	0.336	0.327	0.333	0.338	0.328	0.316	0.319	0.322	0.331	0.340	0.343	0.344	0.344	0.314	0.327	0.332	0.314	0.312	0.318	0.331	0.334	0.325	0.340	0.349	0.331	0.333	0.338	0.319	0.320	0.323	0.312	0.324	0.337	0.329	0.339	0.338	0.337	0.326	0.328	0.333	0.325	0.324	0.323	0.317	0.317	0.328	0.325	0.320	0.322	0.325	0.320	0.317	0.322	0.319	0.320
17:00:40	34.9	0.313	0.324	0.309	0.325	0.307	0.311	0.312	0.318	0.317	0.319	0.319	0.317	0.296	0.298	0.313	0.314	0.320	0.316	0.311	0.319	0.324	0.307	0.316	0.309	0.315	0.324	0.325	0.336	0.342	0.328	0.330	0.344	0.326	0.324	0.317	0.315	0.315	0.323	0.330	0.334	0.333	0.334	0.323	0.330	0.337	0.326	0.313	0.317	0.319	0.328	0.336	0.341	0.344	0.340	0.313	0.325	0.328	0.311	0.310	0.317	0.329	0.331	0.323	0.338	0.346	0.330	0.332	0.335	0.318	0.317	0.321	0.310	0.322	0.333	0.326	0.336	0.334	0.334	0.324	0.325	0.330	0.323	0.322	0.322	0.315	0.315	0.325	0.322	0.317	0.320	0.321	0.317	0.315	0.319	0.318	0.318
18:00:40	34.9	0.311	0.322	0.308	0.324	0.306	0.309	0.311	0.317	0.316	0.317	0.317	0.315	0.294	0.295	0.310	0.311	0.318	0.314	0.309	0.317	0.321	0.305	0.314	0.307	0.313	0.321	0.322	0.333	0.338	0.326	0.327	0.340	0.323	0.321	0.316	0.313	0.313	0.320	0.327	0.330	0.330	0.329	0.320	0.326	0.335	0.325	0.311	0.315	0.316	0.325	0.332	0.337	0.342	0.337	0.310	0.322	0.325	0.309	0.308	0.315	0.326	0.328	0.318	0.334	0.342	0.327	0.327	0.332	0.315	0.315	0.319	0.308	0.320	0.329	0.321	0.332	0.332	0.330	0.320	0.322	0.328	0.321	0.321	0.319	0.312	0.312	0.322	0.320	0.314	0.318	0.318	0.314	0.313	0.317	0.316	0.316
19:00:41	34.9	0.309	0.321	0.306	0.322	0.304	0.307	0.307	0.314	0.314	0.316	0.316	0.313	0.291	0.292	0.308	0.309	0.315	0.312	0.308	0.314	0.319	0.304	0.313	0.305	0.310	0.319	0.318	0.329	0.334	0.323	0.325	0.337	0.321	0.320	0.314	0.311	0.310	0.317	0.322	0.326	0.326	0.326	0.316	0.323	0.333	0.323	0.308	0.314	0.313	0.322	0.329	0.334	0.334	0.334	0.308	0.320	0.322	0.306	0.307	0.313	0.323	0.325	0.317	0.329	0.340	0.326	0.324	0.329	0.313	0.313	0.317	0.307	0.318	0.326	0.318	0.329	0.328	0.327	0.318	0.318	0.325	0.319	0.319	0.318	0.310	0.309	0.320	0.318	0.310	0.315	0.315	0.311	0.312	0.315	0.314	0.314
20:00:41	35.0	0.307	0.319	0.304	0.320	0.303	0.306	0.306	0.313	0.313	0.314	0.314	0.311	0.288	0.290	0.307	0.307	0.313	0.311	0.307	0.313	0.317	0.303	0.311	0.304	0.309	0.317	0.316	0.327	0.331	0.321	0.323	0.335	0.319	0.318	0.313	0.309	0.308	0.315	0.319	0.324	0.322	0.323	0.315	0.321	0.332	0.322	0.307	0.312	0.311	0.320	0.326	0.331	0.332	0.332	0.305	0.318	0.319	0.305	0.306	0.312	0.321	0.323	0.314	0.326	0.335	0.323	0.322	0.327	0.312	0.312	0.316	0.305	0.316	0.323	0.316	0.326	0.325	0.323	0.315	0.315	0.322	0.317	0.317	0.317	0.307	0.307	0.317	0.315	0.309	0.313	0.313	0.309	0.310	0.314	0.313	0.312
21:00:42	35.0	0.304	0.316	0.301	0.317	0.299	0.303	0.303	0.310	0.311	0.311	0.311	0.308	0.285	0.287	0.305	0.304	0.309	0.307	0.304	0.311	0.314	0.300	0.309	0.301	0.305	0.314	0.313	0.323	0.327	0.317	0.319	0.331	0.315	0.316	0.310	0.307	0.306	0.312	0.316	0.319	0.319	0.319	0.310	0.317	0.330	0.320	0.304	0.309	0.308	0.316	0.322	0.326	0.335	0.328	0.302	0.315	0.317	0.302	0.304	0.309	0.318	0.320	0.310	0.322	0.331	0.321	0.317	0.323	0.309	0.309	0.313	0.303	0.313	0.318	0.312	0.323	0.321	0.318	0.312	0.311	0.317	0.314	0.315	0.313	0.304	0.304	0.314	0.311	0.306	0.309	0.309	0.306	0.307	0.311	0.310	0.308
22:00:42	35.0	0.300	0.314	0.299	0.314	0.296	0.300	0.300	0.307	0.307	0.308	0.308	0.305	0.282	0.284	0.301	0.301	0.306	0.305	0.302	0.308	0.311	0.298	0.306	0.298	0.302	0.311	0.309	0.320	0.321	0.314	0.315	0.327	0.312	0.312	0.308	0.304	0.302	0.308	0.312	0.315	0.315	0.316	0.307	0.313	0.327	0.317	0.301	0.306	0.306	0.313	0.318	0.322	0.329	0.324	0.300	0.311	0.313	0.299	0.301	0.307	0.314	0.317	0.308	0.318	0.326	0.317	0.313	0.318	0.306	0.306	0.310	0.301	0.310	0.315	0.308	0.319	0.317	0.314	0.308	0.308	0.313	0.311	0.312	0.310	0.301	0.300	0.311	0.308	0.302	0.306	0.306	0.303	0.304	0.308	0.307	0.305
23:00:43	35.0	0.299	0.312	0.297	0.312	0.295	0.298	0.298	0.306	0.306	0.307	0.306	0.303	0.281	0.283	0.300	0.300	0.303	0.303	0.300	0.307	0.310	0.296	0.304	0.296	0.300	0.308	0.306	0.317	0.318	0.312	0.314	0.325	0.310	0.310	0.306	0.303	0.301	0.305	0.309	0.312	0.312	0.312	0.304	0.311	0.326	0.316	0.299	0.304	0.303	0.309	0.314	0.318	0.322	0.321	0.298	0.309	0.310	0.297	0.300	0.305	0.312	0.314	0.306	0.315	0.323	0.314	0.310	0.315	0.303	0.304	0.309	0.299	0.308	0.311	0.305	0.315	0.313	0.310	0.306	0.306	0.311	0.310	0.311	0.308	0.299	0.298	0.309	0.306	0.300	0.304	0.304	0.301	0.303	0.306	0.306	0.304
0:00:00																																																																																																	

Results
	1	2	3	4	5	6	7	8	9	10	11	12
A	0.387	0.392	0.351	0.383	0.405	0.387	0.385	0.392	0.379	0.392	0.381	0.370	Max V [600]
	0.976	0.986	0.987	0.997	0.993	0.991	0.996	0.999	0.990	0.994	0.984	0.983	R-Squared [600]
	7:00:35	7:00:35	7:00:35	7:00:35	7:00:35	7:00:35	7:00:35	7:00:35	7:00:35	7:00:35	7:00:35	7:00:35	t at Max V [600]
	2:18:22	2:45:27	2:30:32	2:34:39	2:36:49	2:27:57	2:30:32	2:45:22	2:33:45	2:38:25	2:37:02	2:30:49	Lagtime [600]
B	0.379	0.409	0.398	0.409	0.428	0.419	0.396	0.402	0.404	0.375	0.360	0.373	Max V [600]
	0.978	0.991	0.999	0.997	0.997	0.998	0.999	0.999	1.000	0.994	0.987	0.987	R-Squared [600]
	7:00:35	6:00:34	7:00:35	6:00:34	6:00:34	6:00:34	7:00:35	7:00:35	7:00:35	7:00:35	7:00:35	7:00:35	t at Max V [600]
	2:17:21	2:31:15	2:30:37	2:30:36	2:28:33	2:25:42	2:35:00	3:06:27	2:47:27	2:36:57	2:39:30	2:35:37	Lagtime [600]
C	0.428	0.430	0.444	0.447	0.499	0.461	0.445	0.454	0.443	0.413	0.391	0.366	Max V [600]
	0.996	0.999	0.996	0.995	0.992	0.995	0.997	0.996	0.999	0.997	0.994	0.986	R-Squared [600]
	7:00:35	7:00:35	6:00:34	6:00:34	6:00:34	6:00:34	7:00:35	7:00:35	7:00:35	7:00:35	7:00:35	7:00:35	t at Max V [600]
	2:42:04	2:47:56	2:47:37	2:52:33	2:51:30	2:48:07	2:47:52	2:54:33	2:57:55	2:52:06	2:46:15	2:32:44	Lagtime [600]
D	0.412	0.445	0.499	0.512	0.493	0.480	0.479	0.464	0.458	0.457	0.414	0.367	Max V [600]
	0.994	0.998	0.989	0.980	0.993	0.998	0.998	0.998	0.999	1.000	0.998	0.984	R-Squared [600]
	7:00:35	7:00:35	6:00:34	6:00:34	6:00:34	7:00:35	7:00:35	7:00:35	7:00:35	7:00:35	7:00:35	7:00:35	t at Max V [600]
	2:31:40	2:47:47	2:52:32	2:51:03	2:51:48	2:55:57	3:09:55	3:12:15	2:55:54	2:58:20	2:42:54	2:28:21	Lagtime [600]
E	0.411	0.467	0.509	0.480	0.495	0.458	0.423	0.415	0.423	0.410	0.382	0.347	Max V [600]
	0.997	0.990	0.982	0.988	0.985	0.988	0.999	0.999	0.996	1.000	0.993	0.989	R-Squared [600]
	7:00:35	6:00:34	6:00:34	6:00:34	6:00:34	6:00:34	7:00:35	7:00:35	7:00:35	7:00:35	7:00:35	8:00:36	t at Max V [600]
	2:35:37	2:48:35	2:54:14	2:57:05	2:47:02	2:53:52	3:03:28	2:59:08	2:58:16	2:59:07	2:46:39	2:38:49	Lagtime [600]
F	0.454	0.465	0.446	0.493	0.482	0.438	0.482	0.495	0.408	0.388	0.376	0.343	Max V [600]
	0.999	0.992	0.995	0.990	0.990	0.996	0.991	0.998	0.990	0.987	0.984	0.988	R-Squared [600]
	6:00:34	6:00:34	7:00:35	6:00:34	6:00:34	7:00:35	6:00:34	7:00:35	7:00:35	7:00:35	7:00:35	8:00:36	t at Max V [600]
	2:30:57	2:50:17	2:59:35	2:57:07	2:56:10	3:07:45	2:56:47	3:12:00	3:05:52	2:51:37	2:43:47	2:34:04	Lagtime [600]
G	0.420	0.512	0.493	0.523	0.530	0.526	0.455	0.473	0.473	0.407	0.361	0.337	Max V [600]
	0.991	0.995	0.992	0.995	0.996	0.997	0.999	0.999	0.999	0.986	0.985	0.989	R-Squared [600]
	7:00:35	6:00:34	6:00:34	6:00:34	6:00:34	6:00:34	7:00:35	7:00:35	7:00:35	8:00:36	8:00:36	8:00:36	t at Max V [600]
	2:40:08	2:42:21	2:54:18	3:06:07	3:03:02	2:55:32	3:03:44	3:09:19	3:01:02	3:02:11	2:46:48	2:20:52	Lagtime [600]
H	0.398	0.429	0.440	0.436	0.438	0.437	0.448	0.453	0.416	0.391	0.370	0.338	Max V [600]
	0.980	0.991	0.998	0.998	0.998	0.998	0.998	0.998	0.995	0.982	0.979	0.985	R-Squared [600]
	7:00:35	7:00:35	7:00:35	7:00:35	6:00:34	6:00:34	7:00:35	7:00:35	7:00:35	7:00:35	7:00:35	7:00:35	t at Max V [600]
	2:26:01	2:38:55	2:45:16	2:45:51	2:31:34	2:38:27	2:52:06	2:55:19	2:56:09	2:44:47	2:34:06	2:17:23	Lagtime [600]


