

Software Version	3.11.19



Experiment File Path:	C:\Users\patil-group\Desktop\Sweeteners_stacker\171121_NT5026_37_38_Rep2\NT5026_37_38_Rep2.xpt
Protocol File Path:	C:\Users\Public\Documents\Protocols\Screening-protocol.prt



Plate Number	Plate 1
Date	17/11/2021
Time	15:16:24
Reader Type:	Epoch 2
Reader Serial Number:	2103223
Reading Type	Reader

Procedure Details

Plate Type	96 WELL PLATE
Discontinuous Kinetics	Runtime 1:00:00 (D:HH:MM), Interval 0:01:00, 25 Reads
	Pause after each run
Eject plate on completion	
Shake	Linear: 0:00:30 (HH:MM:SS)
	Frequency: 567 cpm (3 mm)
Read	Absorbance Endpoint
	Full Plate
	Wavelengths:  600
	Read Speed: Normal,  Delay: 100 msec,  Measurements/Data Point: 8

600

Time	T° 600	A1	A2	A3	A4	A5	A6	A7	A8	A9	A10	A11	A12	B1	B2	B3	B4	B5	B6	B7	B8	B9	B10	B11	B12	C1	C2	C3	C4	C5	C6	C7	C8	C9	C10	C11	C12	D1	D2	D3	D4	D5	D6	D7	D8	D9	D10	D11	D12	E1	E2	E3	E4	E5	E6	E7	E8	E9	E10	E11	E12	F1	F2	F3	F4	F5	F6	F7	F8	F9	F10	F11	F12	G1	G2	G3	G4	G5	G6	G7	G8	G9	G10	G11	G12	H1	H2	H3	H4	H5	H6	H7	H8	H9	H10	H11	H12
0:00:34	35.3	0.162	0.160	0.165	0.169	0.170	0.164	0.164	0.166	0.171	0.165	0.176	0.160	0.166	0.159	0.163	0.169	0.164	0.173	0.161	0.165	0.180	0.166	0.169	0.163	0.169	0.180	0.167	0.171	0.171	0.170	0.167	0.183	0.162	0.167	0.228	0.162	0.163	0.162	0.164	0.166	0.163	0.169	0.172	0.168	0.170	0.172	0.175	0.160	0.162	0.164	0.161	0.174	0.162	0.176	0.166	0.165	0.169	0.175	0.173	0.172	0.159	0.160	0.158	0.164	0.173	0.164	0.163	0.181	0.164	0.169	0.165	0.184	0.167	0.159	0.159	0.175	0.159	0.159	0.167	0.162	0.179	0.164	0.159	0.178	0.155	0.154	0.169	0.164	0.161	0.159	0.163	0.158	0.164	0.167	0.162	0.162
1:00:31	35.1	0.166	0.163	0.169	0.172	0.173	0.168	0.168	0.169	0.174	0.169	0.179	0.164	0.169	0.162	0.167	0.172	0.168	0.176	0.166	0.169	0.184	0.170	0.173	0.167	0.173	0.197	0.170	0.176	0.176	0.173	0.173	0.188	0.167	0.172	0.195	0.167	0.167	0.200	0.185	0.169	0.166	0.187	0.211	0.196	0.213	0.192	0.178	0.193	0.166	0.168	0.181	0.178	0.212	0.214	0.191	0.202	0.201	0.226	0.206	0.175	0.163	0.180	0.171	0.187	0.205	0.180	0.198	0.222	0.208	0.213	0.204	0.283	0.170	0.162	0.163	0.177	0.163	0.167	0.172	0.169	0.182	0.180	0.175	0.180	0.159	0.158	0.173	0.168	0.165	0.163	0.166	0.161	0.171	0.171	0.165	0.165
2:00:32	35.0	0.172	0.170	0.175	0.178	0.180	0.174	0.174	0.174	0.180	0.175	0.184	0.171	0.175	0.168	0.173	0.178	0.173	0.182	0.171	0.174	0.189	0.176	0.180	0.174	0.179	0.187	0.175	0.177	0.180	0.177	0.175	0.193	0.171	0.177	0.201	0.173	0.173	0.171	0.173	0.174	0.170	0.177	0.180	0.175	0.178	0.179	0.181	0.168	0.172	0.173	0.169	0.179	0.171	0.184	0.173	0.173	0.176	0.183	0.181	0.186	0.169	0.173	0.167	0.171	0.181	0.172	0.171	0.189	0.172	0.177	0.173	0.217	0.179	0.168	0.168	0.181	0.167	0.167	0.175	0.171	0.186	0.171	0.167	0.185	0.166	0.165	0.179	0.174	0.171	0.169	0.172	0.168	0.177	0.177	0.172	0.171
3:00:32	35.1	0.184	0.182	0.187	0.188	0.189	0.184	0.183	0.183	0.189	0.184	0.195	0.182	0.185	0.179	0.182	0.187	0.183	0.191	0.179	0.182	0.197	0.185	0.189	0.185	0.191	0.195	0.184	0.184	0.189	0.184	0.183	0.201	0.179	0.185	0.325	0.184	0.184	0.180	0.181	0.181	0.178	0.184	0.188	0.183	0.185	0.187	0.190	0.178	0.183	0.182	0.178	0.187	0.179	0.191	0.181	0.181	0.185	0.192	0.191	0.189	0.180	0.178	0.176	0.180	0.189	0.180	0.179	0.197	0.181	0.184	0.182	0.206	0.196	0.179	0.178	0.190	0.177	0.176	0.184	0.180	0.195	0.180	0.176	0.194	0.179	0.178	0.190	0.186	0.181	0.179	0.182	0.179	0.188	0.188	0.182	0.181
4:00:33	35.0	0.209	0.206	0.209	0.209	0.210	0.204	0.203	0.203	0.210	0.206	0.219	0.207	0.207	0.200	0.202	0.206	0.202	0.210	0.196	0.199	0.215	0.204	0.210	0.209	0.213	0.214	0.202	0.201	0.206	0.200	0.200	0.218	0.196	0.203	0.306	0.205	0.207	0.200	0.199	0.198	0.194	0.199	0.204	0.198	0.201	0.202	0.207	0.195	0.206	0.202	0.195	0.203	0.195	0.207	0.197	0.199	0.203	0.210	0.211	0.209	0.204	0.198	0.195	0.198	0.205	0.198	0.196	0.214	0.198	0.201	0.201	0.220	0.209	0.200	0.198	0.208	0.196	0.194	0.202	0.198	0.213	0.199	0.194	0.213	0.203	0.204	0.214	0.206	0.203	0.202	0.204	0.201	0.209	0.211	0.205	0.202
5:00:33	35.0	0.226	0.225	0.229	0.230	0.231	0.226	0.223	0.224	0.231	0.227	0.236	0.224	0.226	0.218	0.222	0.228	0.226	0.234	0.219	0.222	0.238	0.226	0.231	0.226	0.231	0.233	0.223	0.223	0.229	0.226	0.224	0.240	0.221	0.228	0.377	0.225	0.225	0.222	0.223	0.223	0.218	0.224	0.229	0.222	0.225	0.227	0.229	0.215	0.223	0.224	0.219	0.228	0.219	0.232	0.221	0.223	0.226	0.231	0.231	0.230	0.224	0.222	0.216	0.219	0.226	0.222	0.220	0.237	0.223	0.225	0.224	0.240	0.230	0.221	0.219	0.230	0.217	0.218	0.225	0.222	0.236	0.221	0.214	0.234	0.219	0.222	0.233	0.228	0.223	0.222	0.224	0.222	0.229	0.229	0.223	0.221
6:00:34	35.0	0.241	0.241	0.244	0.243	0.245	0.239	0.238	0.238	0.245	0.241	0.252	0.241	0.240	0.233	0.237	0.242	0.240	0.248	0.234	0.236	0.252	0.240	0.246	0.243	0.245	0.247	0.238	0.237	0.243	0.239	0.238	0.254	0.236	0.241	0.252	0.241	0.241	0.236	0.236	0.237	0.232	0.238	0.242	0.237	0.239	0.238	0.241	0.225	0.238	0.238	0.235	0.244	0.234	0.246	0.235	0.236	0.239	0.244	0.246	0.242	0.241	0.238	0.230	0.234	0.239	0.236	0.232	0.251	0.237	0.238	0.237	0.252	0.241	0.235	0.234	0.244	0.231	0.231	0.239	0.236	0.249	0.234	0.227	0.246	0.235	0.236	0.248	0.243	0.237	0.236	0.238	0.236	0.243	0.244	0.237	0.233
7:00:35	35.0	0.265	0.262	0.262	0.260	0.264	0.260	0.258	0.259	0.267	0.262	0.275	0.264	0.263	0.254	0.257	0.262	0.258	0.266	0.252	0.254	0.271	0.260	0.267	0.268	0.268	0.266	0.258	0.254	0.260	0.254	0.255	0.273	0.254	0.261	0.272	0.263	0.264	0.257	0.256	0.254	0.250	0.253	0.259	0.253	0.256	0.254	0.260	0.244	0.261	0.257	0.254	0.261	0.251	0.263	0.252	0.255	0.257	0.261	0.266	0.262	0.263	0.259	0.253	0.253	0.260	0.253	0.250	0.269	0.254	0.256	0.257	0.265	0.268	0.256	0.255	0.264	0.252	0.249	0.258	0.254	0.267	0.252	0.243	0.263	0.260	0.261	0.269	0.263	0.260	0.257	0.260	0.257	0.264	0.266	0.259	0.253
8:00:35	35.0	0.297	0.296	0.289	0.286	0.294	0.290	0.288	0.289	0.297	0.294	0.311	0.296	0.297	0.286	0.289	0.290	0.287	0.294	0.281	0.282	0.300	0.290	0.301	0.299	0.302	0.297	0.288	0.282	0.290	0.281	0.282	0.300	0.282	0.291	0.406	0.297	0.299	0.288	0.288	0.283	0.278	0.281	0.286	0.281	0.286	0.280	0.290	0.272	0.294	0.286	0.284	0.288	0.280	0.290	0.280	0.283	0.286	0.289	0.298	0.293	0.296	0.290	0.286	0.283	0.290	0.282	0.278	0.299	0.282	0.285	0.287	0.299	0.307	0.289	0.285	0.295	0.280	0.279	0.286	0.283	0.294	0.280	0.270	0.288	0.286	0.289	0.300	0.292	0.292	0.287	0.290	0.288	0.294	0.300	0.291	0.282
9:00:36	35.0	0.308	0.309	0.311	0.310	0.312	0.308	0.306	0.308	0.314	0.310	0.320	0.309	0.307	0.298	0.305	0.309	0.308	0.315	0.303	0.302	0.320	0.309	0.317	0.313	0.312	0.314	0.310	0.309	0.314	0.308	0.308	0.320	0.307	0.315	0.361	0.310	0.309	0.307	0.311	0.309	0.305	0.310	0.314	0.308	0.311	0.305	0.309	0.287	0.305	0.307	0.310	0.314	0.307	0.316	0.304	0.308	0.307	0.308	0.312	0.305	0.307	0.308	0.302	0.305	0.312	0.305	0.301	0.322	0.306	0.305	0.304	0.311	0.308	0.304	0.303	0.314	0.299	0.298	0.305	0.301	0.313	0.297	0.288	0.305	0.300	0.301	0.312	0.306	0.306	0.301	0.303	0.301	0.305	0.308	0.300	0.291
10:00:37	35.0	0.314	0.318	0.325	0.324	0.324	0.321	0.319	0.322	0.324	0.321	0.328	0.314	0.316	0.307	0.314	0.322	0.321	0.328	0.317	0.316	0.332	0.322	0.328	0.319	0.320	0.323	0.321	0.320	0.325	0.319	0.320	0.332	0.321	0.327	0.333	0.320	0.316	0.316	0.323	0.322	0.317	0.323	0.326	0.321	0.324	0.315	0.321	0.297	0.314	0.319	0.322	0.327	0.319	0.328	0.314	0.318	0.318	0.318	0.321	0.310	0.314	0.318	0.313	0.316	0.323	0.317	0.311	0.332	0.319	0.317	0.316	0.318	0.326	0.314	0.314	0.325	0.311	0.309	0.317	0.313	0.323	0.308	0.298	0.314	0.303	0.307	0.317	0.314	0.315	0.310	0.314	0.311	0.315	0.316	0.308	0.297
11:00:37	35.0	0.315	0.318	0.326	0.326	0.325	0.322	0.318	0.323	0.324	0.321	0.328	0.314	0.315	0.304	0.314	0.323	0.323	0.331	0.318	0.318	0.333	0.323	0.327	0.319	0.321	0.322	0.321	0.322	0.325	0.323	0.322	0.334	0.324	0.330	0.348	0.319	0.316	0.316	0.323	0.329	0.320	0.327	0.332	0.326	0.328	0.324	0.328	0.300	0.314	0.320	0.324	0.330	0.322	0.330	0.316	0.319	0.318	0.318	0.321	0.311	0.315	0.318	0.312	0.316	0.324	0.320	0.319	0.334	0.321	0.317	0.316	0.315	0.316	0.313	0.314	0.324	0.311	0.310	0.318	0.314	0.325	0.309	0.300	0.316	0.303	0.307	0.317	0.314	0.314	0.310	0.314	0.311	0.315	0.315	0.308	0.298
12:00:37	35.0	0.315	0.317	0.327	0.327	0.325	0.322	0.319	0.322	0.325	0.321	0.327	0.314	0.314	0.301	0.314	0.322	0.323	0.330	0.318	0.318	0.334	0.323	0.327	0.319	0.320	0.321	0.320	0.320	0.324	0.322	0.321	0.333	0.324	0.328	0.379	0.319	0.315	0.316	0.322	0.328	0.319	0.325	0.332	0.324	0.327	0.329	0.328	0.299	0.313	0.319	0.322	0.329	0.321	0.328	0.316	0.319	0.318	0.319	0.321	0.310	0.315	0.318	0.312	0.315	0.323	0.320	0.318	0.333	0.320	0.317	0.316	0.315	0.315	0.313	0.313	0.324	0.311	0.310	0.318	0.313	0.325	0.310	0.300	0.314	0.302	0.306	0.316	0.314	0.314	0.310	0.314	0.311	0.315	0.316	0.308	0.296
13:00:38	35.0	0.315	0.316	0.327	0.327	0.325	0.322	0.317	0.321	0.324	0.320	0.326	0.313	0.311	0.299	0.313	0.322	0.322	0.329	0.318	0.318	0.334	0.322	0.327	0.318	0.320	0.320	0.319	0.319	0.324	0.322	0.321	0.333	0.324	0.327	0.350	0.318	0.315	0.314	0.321	0.328	0.318	0.324	0.331	0.323	0.327	0.330	0.328	0.299	0.313	0.319	0.323	0.328	0.320	0.329	0.315	0.317	0.318	0.318	0.320	0.310	0.315	0.317	0.311	0.314	0.321	0.319	0.318	0.332	0.319	0.317	0.316	0.315	0.324	0.313	0.312	0.324	0.310	0.309	0.317	0.314	0.324	0.309	0.299	0.313	0.302	0.304	0.315	0.313	0.313	0.310	0.313	0.311	0.314	0.315	0.307	0.298
14:00:38	35.0	0.312	0.316	0.326	0.326	0.323	0.321	0.316	0.320	0.323	0.319	0.324	0.312	0.308	0.297	0.313	0.321	0.321	0.329	0.317	0.318	0.333	0.321	0.326	0.316	0.318	0.319	0.318	0.317	0.323	0.321	0.320	0.332	0.322	0.327	0.361	0.317	0.313	0.313	0.320	0.327	0.318	0.323	0.330	0.322	0.326	0.330	0.327	0.299	0.311	0.318	0.321	0.327	0.319	0.327	0.315	0.316	0.317	0.317	0.320	0.307	0.313	0.317	0.310	0.314	0.320	0.318	0.318	0.331	0.319	0.316	0.315	0.313	0.313	0.311	0.311	0.321	0.309	0.308	0.317	0.313	0.324	0.308	0.298	0.311	0.300	0.303	0.314	0.311	0.311	0.308	0.311	0.310	0.313	0.313	0.305	0.293
15:00:39	35.0	0.309	0.314	0.325	0.324	0.322	0.320	0.315	0.318	0.322	0.317	0.323	0.311	0.305	0.294	0.311	0.320	0.320	0.328	0.316	0.316	0.331	0.320	0.324	0.314	0.317	0.317	0.317	0.316	0.322	0.320	0.318	0.330	0.321	0.325	0.372	0.315	0.311	0.312	0.318	0.325	0.316	0.322	0.330	0.322	0.325	0.329	0.327	0.298	0.310	0.317	0.318	0.326	0.317	0.326	0.313	0.315	0.316	0.317	0.318	0.306	0.313	0.315	0.308	0.312	0.318	0.317	0.317	0.330	0.318	0.315	0.313	0.311	0.312	0.309	0.309	0.320	0.308	0.308	0.316	0.311	0.323	0.307	0.297	0.310	0.299	0.302	0.312	0.309	0.310	0.307	0.310	0.307	0.311	0.312	0.305	0.291
16:00:39	35.0	0.306	0.313	0.323	0.324	0.321	0.318	0.313	0.316	0.319	0.315	0.321	0.309	0.301	0.291	0.310	0.318	0.319	0.326	0.314	0.315	0.329	0.318	0.322	0.312	0.314	0.315	0.315	0.315	0.320	0.319	0.317	0.329	0.320	0.323	0.354	0.313	0.309	0.310	0.316	0.324	0.315	0.320	0.328	0.320	0.324	0.328	0.325	0.296	0.308	0.316	0.317	0.325	0.316	0.324	0.312	0.314	0.315	0.315	0.317	0.304	0.310	0.313	0.306	0.311	0.318	0.316	0.316	0.328	0.316	0.314	0.312	0.310	0.311	0.308	0.308	0.318	0.306	0.306	0.315	0.310	0.321	0.306	0.296	0.309	0.297	0.300	0.310	0.308	0.308	0.305	0.308	0.306	0.310	0.310	0.303	0.289
17:00:40	35.0	0.304	0.312	0.321	0.322	0.319	0.316	0.311	0.314	0.317	0.313	0.319	0.307	0.302	0.288	0.308	0.316	0.317	0.325	0.313	0.313	0.327	0.316	0.320	0.310	0.312	0.313	0.313	0.313	0.318	0.317	0.316	0.327	0.318	0.321	0.423	0.311	0.307	0.308	0.314	0.323	0.313	0.319	0.327	0.318	0.323	0.327	0.324	0.296	0.306	0.314	0.315	0.323	0.314	0.323	0.310	0.311	0.313	0.314	0.316	0.302	0.309	0.311	0.304	0.309	0.315	0.314	0.315	0.328	0.315	0.312	0.311	0.308	0.309	0.306	0.306	0.316	0.304	0.304	0.313	0.309	0.320	0.305	0.294	0.307	0.294	0.297	0.308	0.305	0.305	0.304	0.306	0.304	0.308	0.308	0.301	0.289
18:00:40	35.0	0.301	0.309	0.318	0.320	0.316	0.314	0.308	0.311	0.315	0.311	0.317	0.304	0.297	0.285	0.306	0.314	0.315	0.323	0.310	0.311	0.325	0.313	0.317	0.307	0.309	0.311	0.311	0.311	0.316	0.316	0.314	0.325	0.316	0.319	0.425	0.308	0.304	0.306	0.312	0.321	0.311	0.316	0.325	0.316	0.321	0.326	0.322	0.293	0.304	0.312	0.313	0.322	0.312	0.321	0.308	0.310	0.311	0.312	0.314	0.300	0.307	0.309	0.302	0.307	0.313	0.311	0.313	0.325	0.313	0.310	0.308	0.306	0.316	0.304	0.304	0.314	0.302	0.302	0.311	0.307	0.318	0.303	0.292	0.306	0.292	0.295	0.306	0.303	0.304	0.302	0.304	0.302	0.306	0.307	0.299	0.287
19:00:40	35.0	0.298	0.307	0.316	0.317	0.314	0.311	0.305	0.309	0.312	0.309	0.314	0.301	0.292	0.283	0.304	0.312	0.313	0.320	0.309	0.310	0.322	0.310	0.315	0.304	0.305	0.309	0.309	0.309	0.315	0.314	0.311	0.322	0.315	0.317	0.427	0.306	0.302	0.304	0.310	0.319	0.310	0.314	0.322	0.313	0.319	0.325	0.319	0.291	0.301	0.310	0.310	0.320	0.310	0.319	0.307	0.308	0.310	0.310	0.312	0.297	0.305	0.307	0.300	0.305	0.311	0.310	0.311	0.322	0.310	0.308	0.306	0.304	0.309	0.303	0.301	0.312	0.300	0.301	0.309	0.305	0.316	0.301	0.291	0.304	0.290	0.293	0.303	0.300	0.301	0.299	0.301	0.300	0.304	0.304	0.297	0.285
20:00:41	35.1	0.296	0.305	0.314	0.314	0.312	0.309	0.304	0.307	0.310	0.306	0.312	0.298	0.287	0.280	0.302	0.310	0.311	0.318	0.306	0.307	0.321	0.308	0.312	0.302	0.303	0.307	0.307	0.307	0.313	0.313	0.309	0.321	0.312	0.314	0.454	0.304	0.299	0.302	0.308	0.317	0.308	0.312	0.320	0.312	0.318	0.324	0.317	0.289	0.300	0.308	0.309	0.318	0.308	0.318	0.305	0.307	0.308	0.308	0.310	0.295	0.303	0.306	0.299	0.303	0.310	0.307	0.310	0.321	0.309	0.306	0.303	0.302	0.304	0.301	0.300	0.310	0.299	0.299	0.307	0.303	0.314	0.300	0.288	0.300	0.287	0.291	0.301	0.299	0.299	0.297	0.299	0.298	0.302	0.302	0.295	0.283
21:00:42	35.1	0.293	0.302	0.311	0.311	0.308	0.306	0.301	0.303	0.307	0.304	0.309	0.296	0.285	0.278	0.300	0.306	0.307	0.315	0.303	0.304	0.318	0.307	0.309	0.299	0.299	0.305	0.305	0.304	0.311	0.310	0.306	0.318	0.308	0.311	0.386	0.300	0.296	0.298	0.305	0.313	0.305	0.310	0.318	0.309	0.316	0.320	0.315	0.286	0.296	0.305	0.305	0.315	0.305	0.314	0.302	0.304	0.306	0.306	0.307	0.292	0.300	0.303	0.295	0.301	0.306	0.305	0.306	0.318	0.306	0.303	0.301	0.298	0.301	0.298	0.297	0.308	0.295	0.296	0.304	0.301	0.311	0.297	0.285	0.296	0.285	0.288	0.298	0.296	0.296	0.295	0.296	0.295	0.299	0.299	0.292	0.281
22:00:42	35.0	0.290	0.298	0.307	0.310	0.305	0.303	0.297	0.299	0.303	0.301	0.306	0.293	0.288	0.275	0.297	0.303	0.304	0.312	0.300	0.301	0.314	0.302	0.306	0.295	0.296	0.302	0.302	0.301	0.307	0.307	0.303	0.315	0.306	0.308	0.313	0.296	0.293	0.296	0.302	0.310	0.303	0.306	0.314	0.306	0.313	0.318	0.311	0.283	0.293	0.303	0.302	0.312	0.302	0.311	0.299	0.301	0.303	0.303	0.304	0.288	0.298	0.300	0.292	0.298	0.304	0.302	0.303	0.315	0.303	0.301	0.298	0.296	0.306	0.295	0.294	0.304	0.293	0.293	0.301	0.298	0.308	0.295	0.283	0.294	0.283	0.284	0.295	0.293	0.293	0.292	0.293	0.291	0.296	0.296	0.289	0.278
23:00:43	35.1	0.283	0.296	0.305	0.307	0.303	0.301	0.295	0.297	0.301	0.299	0.304	0.290	0.282	0.274	0.294	0.300	0.302	0.310	0.298	0.300	0.312	0.301	0.303	0.293	0.294	0.300	0.300	0.300	0.306	0.307	0.301	0.313	0.304	0.306	0.404	0.294	0.290	0.294	0.300	0.308	0.301	0.304	0.312	0.304	0.311	0.315	0.308	0.280	0.291	0.300	0.300	0.310	0.300	0.309	0.297	0.300	0.302	0.301	0.302	0.286	0.297	0.298	0.290	0.297	0.301	0.300	0.301	0.313	0.301	0.299	0.296	0.292	0.303	0.293	0.293	0.302	0.291	0.291	0.299	0.296	0.306	0.292	0.281	0.291	0.281	0.282	0.293	0.291	0.291	0.290	0.291	0.290	0.294	0.294	0.287	0.276
0:00:00																																																																																																	

Results
	1	2	3	4	5	6	7	8	9	10	11	12
A	0.365	0.375	0.351	0.351	0.352	0.360	0.359	0.367	0.362	0.365	0.380	0.374	Max V [600]
	0.981	0.981	0.989	0.990	0.985	0.986	0.988	0.988	0.986	0.984	0.974	0.984	R-Squared [600]
	7:00:35	7:00:35	8:00:36	8:00:36	7:00:35	7:00:35	7:00:35	7:00:35	7:00:35	7:00:35	7:00:35	7:00:35	t at Max V [600]
	2:12:47	2:15:11	2:14:55	2:30:06	2:17:31	2:21:10	2:26:23	2:32:59	2:24:09	2:23:21	2:28:49	2:15:47	Lagtime [600]
B	0.365	0.351	0.364	0.351	0.353	0.348	0.365	0.347	0.355	0.359	0.380	0.383	Max V [600]
	0.976	0.980	0.983	0.988	0.985	0.988	0.987	0.988	0.986	0.985	0.983	0.985	R-Squared [600]
	7:00:35	7:00:35	7:00:35	7:00:35	7:00:35	8:00:36	8:00:36	8:00:36	7:00:35	7:00:35	7:00:35	7:00:35	t at Max V [600]
	2:25:12	2:18:15	2:29:06	2:21:51	2:17:56	2:23:10	2:42:24	2:36:43	2:29:30	2:25:48	2:28:20	2:22:18	Lagtime [600]
C	0.366	0.354	0.374	0.369	0.363	0.356	0.361	0.341	0.372	0.375	0.783	0.377	Max V [600]
	0.975	0.985	0.986	0.985	0.983	0.982	0.986	0.987	0.988	0.984	0.861	0.980	R-Squared [600]
	7:00:35	7:00:35	7:00:35	8:00:36	8:00:36	8:00:36	8:00:36	7:00:35	8:00:36	8:00:36	3:00:32	7:00:35	t at Max V [600]
	2:20:39	2:41:04	2:42:28	3:03:06	2:43:29	2:50:51	2:46:45	2:25:30	2:43:28	2:40:27	1:52:09	2:22:47	Lagtime [600]
D	0.378	0.373	0.382	0.376	0.374	0.378	0.371	0.372	0.375	0.344	0.347	0.318	Max V [600]
	0.975	0.985	0.981	0.985	0.985	0.983	0.984	0.986	0.985	0.982	0.982	0.978	R-Squared [600]
	7:00:35	7:00:35	7:00:35	8:00:36	8:00:36	8:00:36	8:00:36	8:00:36	8:00:36	8:00:36	7:00:35	7:00:35	t at Max V [600]
	2:25:10	2:31:20	2:42:42	2:54:05	2:55:59	3:04:09	2:54:38	2:58:49	2:59:37	2:50:00	2:40:02	2:21:40	Lagtime [600]
E	0.366	0.357	0.386	0.364	0.379	0.361	0.354	0.363	0.351	0.332	0.356	0.335	Max V [600]
	0.979	0.986	0.985	0.989	0.984	0.986	0.983	0.982	0.983	0.984	0.983	0.980	R-Squared [600]
	7:00:35	7:00:35	7:00:35	8:00:36	8:00:36	8:00:36	7:00:35	7:00:35	7:00:35	7:00:35	7:00:35	7:00:35	t at Max V [600]
	2:21:21	2:25:29	2:41:36	2:50:19	2:54:01	2:49:18	2:40:58	2:35:39	2:31:36	2:25:43	2:27:37	2:19:35	Lagtime [600]
F	0.372	0.374	0.380	0.366	0.371	0.359	0.349	0.361	0.359	0.346	0.352	0.314	Max V [600]
	0.981	0.987	0.984	0.986	0.984	0.984	0.982	0.981	0.986	0.982	0.984	0.964	R-Squared [600]
	6:00:34	7:00:35	7:00:35	7:00:35	7:00:35	8:00:36	8:00:36	7:00:35	8:00:36	7:00:35	7:00:35	7:00:35	t at Max V [600]
	2:07:57	2:23:30	2:38:39	2:42:21	2:52:00	2:41:14	2:41:35	2:39:16	2:39:18	2:32:31	2:25:23	2:15:02	Lagtime [600]
G	0.391	0.368	0.366	0.365	0.355	0.345	0.343	0.345	0.331	0.331	0.316	0.309	Max V [600]
	0.957	0.983	0.987	0.985	0.988	0.984	0.986	0.987	0.987	0.987	0.985	0.986	R-Squared [600]
	6:00:34	7:00:35	7:00:35	7:00:35	7:00:35	7:00:35	7:00:35	7:00:35	7:00:35	7:00:35	7:00:35	7:00:35	t at Max V [600]
	2:25:43	2:23:55	2:26:16	2:41:51	2:26:59	2:20:44	2:22:35	2:19:53	2:21:04	2:20:06	2:17:21	2:11:54	Lagtime [600]
H	0.352	0.353	0.351	0.343	0.368	0.348	0.352	0.349	0.340	0.357	0.346	0.318	Max V [600]
	0.989	0.984	0.983	0.988	0.983	0.983	0.984	0.983	0.981	0.973	0.975	0.978	R-Squared [600]
	7:00:35	7:00:35	7:00:35	6:00:34	7:00:35	7:00:35	7:00:35	7:00:35	7:00:35	6:00:34	7:00:35	6:00:34	t at Max V [600]
	2:01:37	1:54:37	2:05:39	2:01:52	2:21:59	2:08:17	2:15:31	2:07:04	1:56:33	2:09:09	2:11:41	2:00:58	Lagtime [600]


