
Software Version	3.11.19



Experiment File Path:	C:\Users\patil-group\Desktop\Sweeteners_stacker\021221_NT5076_83_24007_Rep2\NT5076_83_24007_Rep2.xpt
Protocol File Path:	C:\Users\Public\Documents\Protocols\Screening-protocol.prt



Plate Number	Plate 15
Date	02/12/2021
Time	12:34:46
Reader Type:	Epoch 2
Reader Serial Number:	2103223
Reading Type	Reader

Procedure Details

Plate Type	96 WELL PLATE
Discontinuous Kinetics	Runtime 1:00:00 (D:HH:MM), Interval 0:01:00, 25 Reads
	Pause after each run
Eject plate on completion	
Shake	Linear: 0:00:30 (HH:MM:SS)
	Frequency: 567 cpm (3 mm)
Read	Absorbance Endpoint
	Full Plate
	Wavelengths:  600
	Read Speed: Normal,  Delay: 100 msec,  Measurements/Data Point: 8

600

Time	T° 600	A1	A2	A3	A4	A5	A6	A7	A8	A9	A10	A11	A12	B1	B2	B3	B4	B5	B6	B7	B8	B9	B10	B11	B12	C1	C2	C3	C4	C5	C6	C7	C8	C9	C10	C11	C12	D1	D2	D3	D4	D5	D6	D7	D8	D9	D10	D11	D12	E1	E2	E3	E4	E5	E6	E7	E8	E9	E10	E11	E12	F1	F2	F3	F4	F5	F6	F7	F8	F9	F10	F11	F12	G1	G2	G3	G4	G5	G6	G7	G8	G9	G10	G11	G12	H1	H2	H3	H4	H5	H6	H7	H8	H9	H10	H11	H12
0:00:34	34.1	0.170	0.166	0.169	0.174	0.168	0.160	0.169	0.162	0.162	0.168	0.167	0.170	0.170	0.175	0.170	0.171	0.166	0.161	0.164	0.163	0.162	0.162	0.165	0.166	0.176	0.167	0.176	0.174	0.168	0.166	0.164	0.164	0.164	0.161	0.165	0.174	0.170	0.171	0.174	0.174	0.167	0.162	0.168	0.163	0.163	0.167	0.171	0.176	0.167	0.172	0.172	0.170	0.168	0.168	0.166	0.168	0.163	0.168	0.166	0.168	0.172	0.173	0.171	0.174	0.170	0.168	0.170	0.165	0.164	0.165	0.168	0.167	0.172	0.172	0.172	0.175	0.178	0.172	0.167	0.166	0.170	0.172	0.167	0.176	0.170	0.168	0.166	0.164	0.174	0.168	0.167	0.162	0.164	0.166	0.164	0.166
1:00:34	34.4	0.170	0.165	0.168	0.172	0.167	0.159	0.168	0.162	0.162	0.167	0.165	0.169	0.170	0.174	0.170	0.170	0.166	0.160	0.163	0.164	0.162	0.163	0.164	0.165	0.175	0.167	0.175	0.173	0.167	0.166	0.164	0.163	0.163	0.161	0.165	0.173	0.169	0.171	0.173	0.173	0.167	0.162	0.176	0.162	0.162	0.167	0.170	0.171	0.167	0.171	0.172	0.170	0.168	0.167	0.165	0.168	0.162	0.167	0.166	0.168	0.171	0.172	0.171	0.173	0.169	0.167	0.169	0.164	0.163	0.165	0.167	0.166	0.172	0.172	0.171	0.174	0.174	0.171	0.166	0.165	0.170	0.172	0.167	0.175	0.170	0.168	0.166	0.163	0.173	0.167	0.166	0.162	0.164	0.165	0.163	0.165
2:00:35	34.4	0.169	0.165	0.167	0.171	0.167	0.158	0.167	0.162	0.162	0.167	0.164	0.168	0.169	0.173	0.169	0.170	0.165	0.160	0.163	0.163	0.163	0.164	0.164	0.165	0.175	0.166	0.174	0.173	0.166	0.165	0.163	0.163	0.163	0.161	0.164	0.172	0.168	0.170	0.172	0.172	0.166	0.161	0.175	0.161	0.162	0.166	0.169	0.169	0.166	0.170	0.171	0.169	0.167	0.167	0.164	0.167	0.162	0.167	0.166	0.167	0.171	0.172	0.170	0.172	0.169	0.166	0.169	0.164	0.163	0.164	0.166	0.165	0.172	0.171	0.171	0.173	0.173	0.169	0.165	0.164	0.169	0.171	0.166	0.174	0.169	0.167	0.165	0.162	0.173	0.167	0.165	0.162	0.163	0.165	0.163	0.165
3:00:35	34.4	0.168	0.164	0.166	0.170	0.166	0.158	0.166	0.161	0.162	0.167	0.164	0.168	0.168	0.172	0.169	0.169	0.165	0.160	0.162	0.163	0.163	0.163	0.163	0.164	0.174	0.165	0.173	0.172	0.165	0.165	0.163	0.163	0.162	0.160	0.164	0.172	0.168	0.170	0.171	0.172	0.166	0.161	0.175	0.161	0.162	0.166	0.169	0.168	0.165	0.170	0.170	0.169	0.167	0.166	0.164	0.167	0.161	0.167	0.165	0.166	0.169	0.171	0.169	0.171	0.168	0.166	0.168	0.164	0.163	0.164	0.166	0.165	0.171	0.170	0.170	0.173	0.172	0.169	0.165	0.164	0.169	0.170	0.166	0.174	0.168	0.167	0.164	0.162	0.172	0.166	0.165	0.162	0.163	0.164	0.162	0.165
4:00:36	34.4	0.168	0.164	0.166	0.169	0.166	0.158	0.165	0.161	0.161	0.166	0.164	0.167	0.168	0.170	0.168	0.169	0.164	0.160	0.162	0.163	0.162	0.163	0.163	0.164	0.173	0.165	0.173	0.171	0.165	0.165	0.163	0.162	0.162	0.160	0.164	0.171	0.167	0.169	0.168	0.171	0.165	0.160	0.175	0.161	0.162	0.166	0.168	0.166	0.164	0.169	0.170	0.168	0.166	0.166	0.164	0.166	0.161	0.166	0.165	0.166	0.169	0.171	0.168	0.170	0.168	0.166	0.168	0.163	0.162	0.163	0.166	0.165	0.170	0.170	0.169	0.172	0.171	0.168	0.165	0.164	0.169	0.170	0.165	0.173	0.167	0.166	0.164	0.161	0.172	0.166	0.165	0.161	0.162	0.164	0.162	0.164
5:00:37	34.4	0.167	0.163	0.165	0.167	0.165	0.157	0.165	0.161	0.161	0.166	0.163	0.167	0.167	0.169	0.167	0.168	0.164	0.159	0.161	0.162	0.162	0.163	0.163	0.163	0.173	0.164	0.172	0.171	0.164	0.164	0.162	0.162	0.162	0.160	0.163	0.170	0.167	0.169	0.168	0.171	0.165	0.160	0.175	0.161	0.161	0.165	0.167	0.165	0.164	0.169	0.169	0.168	0.166	0.165	0.163	0.166	0.161	0.166	0.165	0.165	0.168	0.170	0.167	0.169	0.167	0.165	0.167	0.163	0.162	0.163	0.165	0.164	0.170	0.169	0.169	0.171	0.170	0.167	0.165	0.163	0.168	0.169	0.165	0.172	0.167	0.165	0.164	0.161	0.171	0.165	0.164	0.161	0.162	0.164	0.162	0.164
6:00:37	34.4	0.167	0.163	0.165	0.166	0.165	0.157	0.164	0.160	0.160	0.166	0.163	0.170	0.167	0.168	0.167	0.168	0.163	0.159	0.161	0.162	0.162	0.163	0.162	0.162	0.172	0.164	0.172	0.170	0.163	0.164	0.162	0.161	0.162	0.159	0.163	0.169	0.166	0.169	0.167	0.170	0.164	0.159	0.174	0.160	0.161	0.165	0.167	0.164	0.164	0.168	0.169	0.167	0.165	0.165	0.163	0.166	0.160	0.165	0.164	0.164	0.168	0.169	0.167	0.169	0.167	0.165	0.167	0.162	0.162	0.163	0.165	0.164	0.170	0.169	0.169	0.171	0.169	0.167	0.164	0.163	0.167	0.169	0.164	0.171	0.167	0.165	0.163	0.161	0.172	0.165	0.164	0.160	0.162	0.163	0.161	0.163
7:00:39	34.4	0.165	0.162	0.164	0.163	0.164	0.155	0.163	0.159	0.159	0.166	0.162	0.168	0.166	0.168	0.167	0.168	0.163	0.159	0.161	0.161	0.162	0.163	0.161	0.158	0.172	0.163	0.171	0.170	0.163	0.163	0.162	0.161	0.161	0.158	0.162	0.166	0.166	0.168	0.167	0.169	0.164	0.159	0.174	0.160	0.161	0.164	0.166	0.161	0.164	0.168	0.169	0.167	0.165	0.164	0.162	0.165	0.159	0.165	0.163	0.160	0.167	0.169	0.167	0.169	0.166	0.164	0.165	0.162	0.161	0.162	0.164	0.161	0.169	0.169	0.168	0.171	0.168	0.166	0.163	0.163	0.166	0.168	0.163	0.170	0.166	0.165	0.163	0.160	0.170	0.164	0.163	0.159	0.161	0.162	0.160	0.162
8:00:39	34.4	0.161	0.158	0.161	0.160	0.160	0.152	0.160	0.156	0.156	0.166	0.160	0.164	0.164	0.166	0.166	0.167	0.162	0.159	0.159	0.160	0.162	0.163	0.158	0.157	0.170	0.162	0.171	0.170	0.162	0.163	0.161	0.160	0.160	0.156	0.160	0.162	0.164	0.167	0.166	0.169	0.164	0.158	0.173	0.159	0.160	0.163	0.164	0.157	0.162	0.167	0.168	0.167	0.164	0.163	0.162	0.165	0.158	0.163	0.159	0.157	0.164	0.167	0.165	0.168	0.166	0.163	0.164	0.161	0.160	0.161	0.161	0.158	0.166	0.168	0.168	0.170	0.167	0.165	0.162	0.161	0.165	0.165	0.162	0.167	0.162	0.162	0.161	0.159	0.168	0.163	0.162	0.156	0.159	0.159	0.157	0.158
9:00:41	34.4	0.160	0.156	0.158	0.160	0.158	0.150	0.157	0.153	0.154	0.166	0.156	0.165	0.160	0.162	0.162	0.165	0.160	0.159	0.155	0.156	0.162	0.163	0.155	0.160	0.166	0.158	0.170	0.168	0.161	0.161	0.159	0.156	0.157	0.153	0.156	0.162	0.160	0.165	0.164	0.167	0.162	0.155	0.171	0.157	0.158	0.160	0.160	0.157	0.158	0.163	0.166	0.166	0.163	0.160	0.160	0.162	0.155	0.159	0.157	0.160	0.161	0.163	0.161	0.165	0.164	0.162	0.162	0.158	0.157	0.157	0.158	0.158	0.163	0.164	0.166	0.168	0.164	0.162	0.159	0.158	0.160	0.162	0.158	0.165	0.160	0.158	0.158	0.155	0.164	0.159	0.159	0.154	0.155	0.156	0.155	0.157
10:00:41	34.3	0.166	0.158	0.160	0.166	0.161	0.153	0.158	0.156	0.158	0.166	0.157	0.172	0.161	0.161	0.160	0.161	0.157	0.159	0.154	0.155	0.162	0.163	0.159	0.172	0.165	0.158	0.166	0.165	0.157	0.157	0.155	0.155	0.155	0.154	0.157	0.168	0.160	0.161	0.161	0.163	0.158	0.153	0.168	0.153	0.154	0.157	0.160	0.161	0.157	0.161	0.163	0.162	0.160	0.157	0.157	0.159	0.153	0.158	0.160	0.168	0.163	0.162	0.160	0.162	0.160	0.158	0.159	0.155	0.155	0.156	0.159	0.164	0.163	0.162	0.162	0.163	0.161	0.159	0.157	0.156	0.160	0.163	0.158	0.167	0.163	0.160	0.157	0.154	0.164	0.159	0.157	0.157	0.155	0.158	0.157	0.161
11:00:42	34.3	0.180	0.167	0.167	0.179	0.169	0.162	0.166	0.165	0.169	0.166	0.163	0.188	0.168	0.164	0.162	0.162	0.157	0.159	0.158	0.159	0.162	0.163	0.168	0.193	0.170	0.163	0.164	0.163	0.155	0.157	0.155	0.158	0.159	0.160	0.163	0.181	0.166	0.162	0.160	0.162	0.157	0.155	0.168	0.154	0.155	0.159	0.165	0.173	0.161	0.162	0.162	0.160	0.158	0.158	0.156	0.159	0.157	0.162	0.169	0.186	0.171	0.167	0.164	0.163	0.159	0.158	0.159	0.157	0.159	0.161	0.166	0.179	0.171	0.164	0.162	0.162	0.164	0.160	0.159	0.157	0.164	0.170	0.163	0.176	0.173	0.167	0.161	0.158	0.168	0.164	0.160	0.166	0.160	0.166	0.165	0.173
12:00:42	34.3	0.200	0.186	0.184	0.197	0.188	0.181	0.183	0.184	0.191	0.167	0.179	0.202	0.184	0.174	0.170	0.168	0.162	0.159	0.169	0.171	0.162	0.164	0.189	0.206	0.182	0.174	0.167	0.166	0.158	0.162	0.160	0.167	0.168	0.175	0.177	0.198	0.179	0.168	0.165	0.166	0.160	0.162	0.172	0.160	0.160	0.166	0.178	0.193	0.173	0.169	0.167	0.161	0.161	0.163	0.160	0.163	0.167	0.172	0.186	0.200	0.190	0.178	0.174	0.169	0.164	0.163	0.163	0.164	0.168	0.172	0.181	0.196	0.187	0.172	0.167	0.166	0.172	0.168	0.168	0.166	0.175	0.186	0.176	0.197	0.194	0.183	0.173	0.169	0.180	0.176	0.169	0.185	0.172	0.181	0.182	0.194
13:00:43	34.3	0.216	0.199	0.197	0.211	0.201	0.193	0.196	0.196	0.202	0.167	0.193	0.229	0.200	0.195	0.186	0.180	0.174	0.159	0.189	0.192	0.162	0.164	0.201	0.238	0.204	0.194	0.176	0.174	0.166	0.174	0.172	0.185	0.188	0.190	0.194	0.216	0.200	0.183	0.175	0.175	0.170	0.177	0.183	0.173	0.173	0.182	0.196	0.208	0.196	0.186	0.178	0.168	0.169	0.175	0.170	0.174	0.185	0.193	0.200	0.230	0.205	0.201	0.195	0.183	0.175	0.174	0.173	0.180	0.187	0.192	0.197	0.217	0.205	0.190	0.181	0.176	0.190	0.184	0.186	0.184	0.196	0.201	0.195	0.209	0.206	0.200	0.193	0.191	0.201	0.196	0.190	0.198	0.193	0.195	0.196	0.207
14:00:43	34.3	0.249	0.225	0.219	0.243	0.227	0.222	0.222	0.226	0.235	0.167	0.215	0.260	0.216	0.206	0.201	0.199	0.193	0.159	0.199	0.205	0.163	0.164	0.233	0.271	0.215	0.206	0.195	0.192	0.184	0.194	0.192	0.197	0.200	0.210	0.211	0.248	0.214	0.201	0.197	0.194	0.188	0.192	0.203	0.191	0.191	0.197	0.212	0.241	0.206	0.203	0.199	0.183	0.186	0.195	0.191	0.195	0.197	0.204	0.228	0.259	0.229	0.212	0.206	0.202	0.196	0.196	0.194	0.197	0.200	0.203	0.218	0.249	0.224	0.206	0.202	0.197	0.204	0.202	0.202	0.200	0.207	0.224	0.209	0.241	0.234	0.218	0.204	0.201	0.212	0.212	0.202	0.227	0.207	0.219	0.221	0.240
15:00:43	34.3	0.286	0.256	0.250	0.276	0.255	0.253	0.250	0.255	0.267	0.167	0.245	0.304	0.248	0.232	0.221	0.211	0.206	0.159	0.230	0.240	0.163	0.164	0.263	0.303	0.246	0.236	0.207	0.206	0.198	0.207	0.205	0.225	0.228	0.241	0.243	0.284	0.249	0.217	0.207	0.206	0.201	0.212	0.213	0.208	0.206	0.219	0.243	0.275	0.238	0.223	0.210	0.200	0.201	0.208	0.202	0.206	0.228	0.235	0.258	0.306	0.261	0.242	0.234	0.217	0.207	0.207	0.206	0.220	0.230	0.236	0.250	0.288	0.257	0.228	0.216	0.209	0.229	0.227	0.230	0.230	0.240	0.256	0.242	0.269	0.264	0.250	0.236	0.233	0.249	0.249	0.233	0.257	0.242	0.249	0.251	0.273
16:00:44	34.3	0.322	0.304	0.291	0.310	0.299	0.297	0.291	0.299	0.308	0.167	0.283	0.305	0.278	0.261	0.252	0.243	0.240	0.160	0.256	0.275	0.163	0.164	0.306	0.299	0.274	0.265	0.230	0.228	0.224	0.241	0.239	0.259	0.261	0.277	0.278	0.310	0.279	0.251	0.236	0.230	0.227	0.243	0.244	0.239	0.238	0.253	0.276	0.309	0.270	0.258	0.241	0.216	0.225	0.241	0.232	0.236	0.262	0.267	0.300	0.303	0.301	0.272	0.265	0.253	0.238	0.244	0.240	0.257	0.262	0.266	0.289	0.308	0.293	0.263	0.250	0.238	0.266	0.266	0.269	0.270	0.273	0.299	0.275	0.310	0.307	0.281	0.268	0.264	0.281	0.290	0.268	0.303	0.274	0.287	0.292	0.306
17:00:44	34.3	0.317	0.317	0.312	0.314	0.308	0.297	0.300	0.302	0.302	0.168	0.299	0.299	0.315	0.303	0.286	0.270	0.272	0.160	0.298	0.316	0.163	0.164	0.305	0.293	0.322	0.310	0.264	0.262	0.257	0.273	0.272	0.310	0.308	0.300	0.306	0.303	0.327	0.282	0.271	0.262	0.258	0.283	0.274	0.275	0.272	0.295	0.311	0.303	0.320	0.298	0.275	0.250	0.258	0.276	0.267	0.272	0.309	0.313	0.310	0.298	0.330	0.323	0.309	0.292	0.277	0.278	0.274	0.300	0.307	0.304	0.307	0.301	0.330	0.305	0.287	0.273	0.315	0.315	0.322	0.320	0.315	0.320	0.312	0.312	0.329	0.319	0.316	0.315	0.328	0.330	0.323	0.303	0.314	0.303	0.302	0.302
18:00:44	34.3	0.310	0.308	0.308	0.307	0.302	0.290	0.297	0.293	0.297	0.168	0.292	0.292	0.315	0.322	0.317	0.312	0.314	0.160	0.300	0.313	0.163	0.165	0.299	0.287	0.333	0.314	0.303	0.303	0.303	0.321	0.322	0.315	0.315	0.294	0.303	0.298	0.330	0.328	0.316	0.302	0.303	0.311	0.325	0.314	0.314	0.319	0.307	0.298	0.330	0.339	0.325	0.282	0.303	0.323	0.316	0.325	0.310	0.314	0.305	0.293	0.322	0.335	0.328	0.340	0.320	0.330	0.325	0.322	0.310	0.305	0.302	0.297	0.326	0.342	0.341	0.328	0.335	0.338	0.332	0.334	0.316	0.313	0.312	0.308	0.321	0.323	0.322	0.318	0.325	0.326	0.321	0.297	0.312	0.297	0.297	0.297
19:00:45	34.4	0.304	0.303	0.302	0.295	0.297	0.283	0.293	0.287	0.289	0.168	0.287	0.286	0.308	0.314	0.316	0.315	0.313	0.160	0.293	0.306	0.164	0.166	0.294	0.281	0.324	0.307	0.336	0.334	0.324	0.322	0.320	0.308	0.308	0.289	0.298	0.293	0.321	0.331	0.338	0.330	0.325	0.306	0.326	0.310	0.313	0.311	0.300	0.291	0.320	0.334	0.334	0.330	0.329	0.323	0.321	0.324	0.304	0.308	0.301	0.288	0.315	0.325	0.322	0.337	0.329	0.329	0.322	0.313	0.304	0.299	0.295	0.291	0.318	0.335	0.343	0.342	0.327	0.330	0.324	0.324	0.310	0.305	0.306	0.302	0.314	0.317	0.314	0.313	0.322	0.318	0.312	0.292	0.306	0.292	0.292	0.291
20:00:46	34.4	0.299	0.298	0.298	0.291	0.289	0.277	0.288	0.282	0.282	0.168	0.281	0.279	0.303	0.306	0.311	0.311	0.307	0.161	0.289	0.300	0.164	0.165	0.288	0.276	0.317	0.304	0.331	0.330	0.317	0.315	0.312	0.301	0.301	0.283	0.294	0.287	0.314	0.322	0.328	0.327	0.318	0.301	0.319	0.303	0.307	0.304	0.296	0.286	0.312	0.325	0.328	0.332	0.324	0.317	0.316	0.317	0.297	0.302	0.296	0.282	0.310	0.318	0.317	0.329	0.323	0.323	0.315	0.309	0.298	0.294	0.290	0.285	0.314	0.327	0.335	0.332	0.319	0.322	0.316	0.316	0.305	0.300	0.302	0.297	0.309	0.310	0.309	0.306	0.315	0.309	0.307	0.286	0.299	0.287	0.285	0.285
21:00:47	34.4	0.291	0.292	0.292	0.286	0.283	0.271	0.281	0.277	0.276	0.169	0.274	0.275	0.295	0.302	0.309	0.308	0.301	0.161	0.284	0.293	0.164	0.165	0.283	0.271	0.313	0.300	0.320	0.322	0.311	0.309	0.305	0.294	0.295	0.279	0.289	0.281	0.308	0.317	0.322	0.323	0.312	0.295	0.312	0.297	0.300	0.299	0.289	0.281	0.305	0.319	0.321	0.325	0.318	0.312	0.310	0.312	0.292	0.297	0.291	0.278	0.304	0.313	0.312	0.321	0.318	0.316	0.309	0.301	0.293	0.289	0.285	0.280	0.308	0.319	0.327	0.326	0.312	0.314	0.308	0.309	0.300	0.293	0.296	0.290	0.299	0.304	0.301	0.300	0.310	0.302	0.300	0.280	0.293	0.279	0.279	0.277
22:00:47	34.4	0.284	0.284	0.285	0.279	0.276	0.267	0.274	0.272	0.271	0.169	0.269	0.269	0.289	0.298	0.307	0.305	0.296	0.161	0.279	0.287	0.164	0.166	0.278	0.266	0.310	0.296	0.315	0.316	0.304	0.302	0.299	0.288	0.290	0.274	0.284	0.276	0.302	0.312	0.316	0.325	0.307	0.290	0.307	0.292	0.295	0.293	0.284	0.276	0.300	0.313	0.316	0.320	0.314	0.306	0.304	0.305	0.286	0.292	0.286	0.272	0.298	0.306	0.306	0.315	0.313	0.309	0.302	0.295	0.287	0.285	0.280	0.276	0.298	0.311	0.321	0.319	0.306	0.307	0.301	0.302	0.294	0.288	0.290	0.284	0.290	0.296	0.296	0.294	0.302	0.294	0.293	0.272	0.286	0.273	0.272	0.271
23:00:47	34.2	0.279	0.277	0.278	0.275	0.272	0.262	0.270	0.268	0.268	0.169	0.264	0.266	0.283	0.292	0.302	0.297	0.290	0.161	0.275	0.280	0.164	0.166	0.274	0.262	0.302	0.290	0.310	0.312	0.299	0.297	0.293	0.283	0.284	0.269	0.279	0.272	0.298	0.308	0.309	0.321	0.301	0.284	0.301	0.285	0.289	0.287	0.280	0.271	0.295	0.308	0.311	0.318	0.309	0.302	0.299	0.299	0.281	0.287	0.281	0.268	0.290	0.302	0.301	0.310	0.307	0.304	0.295	0.289	0.282	0.279	0.276	0.270	0.288	0.305	0.316	0.312	0.300	0.300	0.294	0.296	0.287	0.283	0.285	0.279	0.284	0.291	0.289	0.287	0.296	0.289	0.286	0.268	0.282	0.268	0.268	0.266
0:00:00																																																																																																	

Results
	1	2	3	4	5	6	7	8	9	10	11	12
A	0.524	0.527	0.502	0.487	0.476	0.484	0.464	0.484	0.500	-0.007	0.466	0.483	Max V [600]
	0.984	0.978	0.989	0.982	0.975	0.964	0.977	0.966	0.972	0.913	0.986	0.964	R-Squared [600]
	14:00:43	15:00:44	15:00:44	14:00:43	15:00:44	14:00:43	15:00:44	14:00:43	14:00:43	2:00:35	15:00:44	13:00:43	t at Max V [600]
	11:19:55	12:01:42	12:11:07	11:30:35	11:52:18	11:37:55	12:02:31	11:35:52	11:23:15	?????	12:08:32	10:42:13	Lagtime [600]
B	0.486	0.506	0.498	0.476	0.510	-0.005	0.459	0.529	0.005	0.006	0.492	0.476	Max V [600]
	0.984	0.990	0.993	0.972	0.974	0.966	0.965	0.975	0.995	0.681	0.967	0.983	R-Squared [600]
	15:00:44	16:00:44	16:00:44	16:00:44	16:00:44	5:00:37	15:00:44	15:00:44	20:00:46	11:00:42	14:00:43	13:00:43	t at Max V [600]
	12:13:46	13:03:25	13:10:00	13:21:34	13:26:24	?????	12:26:40	12:25:19	14:56:25	6:14:30	11:31:11	10:20:14	Lagtime [600]
C	0.520	0.487	0.551	0.551	0.553	0.535	0.542	0.535	0.516	0.479	0.486	0.487	Max V [600]
	0.977	0.963	0.993	0.992	0.988	0.966	0.963	0.960	0.969	0.991	0.989	0.990	R-Squared [600]
	16:00:44	15:00:44	17:00:44	17:00:44	17:00:44	16:00:44	16:00:44	16:00:44	16:00:44	15:00:44	15:00:44	14:00:43	t at Max V [600]
	12:44:47	12:26:53	14:14:04	14:12:32	14:12:19	13:29:07	13:30:09	12:58:25	12:49:29	12:08:05	12:13:38	11:21:54	Lagtime [600]
D	0.532	0.531	0.568	0.534	0.538	0.518	0.508	0.522	0.518	0.532	0.491	0.497	Max V [600]
	0.969	0.976	0.990	0.994	0.989	0.990	0.952	0.983	0.976	0.990	0.985	0.983	R-Squared [600]
	15:00:44	16:00:44	17:00:44	17:00:44	17:00:44	16:00:44	17:00:44	16:00:44	16:00:44	16:00:44	15:00:44	14:00:43	t at Max V [600]
	12:22:43	13:21:55	14:04:32	14:08:41	14:03:24	13:15:01	13:26:58	13:22:27	13:24:01	13:12:26	12:24:53	11:42:22	Lagtime [600]
E	0.549	0.578	0.554	0.544	0.559	0.540	0.540	0.544	0.519	0.504	0.488	0.496	Max V [600]
	0.975	0.986	0.972	0.972	0.990	0.965	0.963	0.949	0.960	0.963	0.977	0.965	R-Squared [600]
	16:00:44	16:00:44	17:00:44	17:00:44	17:00:44	16:00:44	17:00:44	16:00:44	15:00:44	15:00:44	15:00:44	13:00:43	t at Max V [600]
	12:48:19	13:20:20	13:51:32	14:23:26	14:11:09	13:31:14	13:52:07	13:35:31	12:38:59	12:33:01	11:49:44	10:43:40	Lagtime [600]
F	0.538	0.545	0.532	0.584	0.540	0.565	0.550	0.551	0.502	0.480	0.487	0.491	Max V [600]
	0.994	0.976	0.988	0.973	0.970	0.962	0.957	0.988	0.965	0.975	0.988	0.989	R-Squared [600]
	15:00:44	16:00:44	16:00:44	16:00:44	17:00:44	16:00:44	16:00:44	16:00:44	15:00:44	15:00:44	15:00:44	14:00:43	t at Max V [600]
	12:06:37	12:49:25	12:57:49	13:32:10	13:47:14	13:33:08	13:40:15	13:09:39	12:34:37	12:23:52	12:07:03	11:07:18	Lagtime [600]
G	0.534	0.581	0.583	0.594	0.579	0.604	0.587	0.596	0.510	0.522	0.500	0.476	Max V [600]
	0.988	0.990	0.959	0.975	0.984	0.986	0.971	0.979	0.969	0.989	0.981	0.971	R-Squared [600]
	15:00:44	16:00:44	16:00:44	17:00:44	16:00:44	16:00:44	16:00:44	16:00:44	15:00:44	15:00:44	15:00:44	14:00:43	t at Max V [600]
	12:13:42	13:14:25	13:30:02	14:07:30	13:23:17	13:18:48	13:02:55	13:03:56	12:31:31	12:11:46	12:20:55	11:35:49	Lagtime [600]
H	0.531	0.504	0.524	0.526	0.539	0.577	0.552	0.493	0.517	0.475	0.473	0.483	Max V [600]
	0.993	0.988	0.966	0.958	0.968	0.980	0.948	0.964	0.979	0.987	0.977	0.982	R-Squared [600]
	15:00:44	15:00:44	16:00:44	16:00:44	15:00:44	15:00:44	15:00:44	14:00:43	15:00:44	15:00:44	15:00:44	14:00:43	t at Max V [600]
	11:56:17	12:11:28	12:43:31	12:45:53	12:32:48	12:29:44	12:42:03	11:35:22	12:22:30	12:01:54	11:52:58	11:20:17	Lagtime [600]


