
Software Version	3.11.19



Experiment File Path:	C:\Users\patil-group\Desktop\Sweeteners_stacker\111221_NT5021_45_69_Rep3\NT5021_45_69_Rep3.xpt
Protocol File Path:	C:\Users\Public\Documents\Protocols\Screening-protocol.prt



Plate Number	Plate 3
Date	11/12/2021
Time	14:20:48
Reader Type:	Epoch 2
Reader Serial Number:	2103223
Reading Type	Reader

Procedure Details

Plate Type	96 WELL PLATE
Discontinuous Kinetics	Runtime 1:00:00 (D:HH:MM), Interval 0:01:00, 25 Reads
	Pause after each run
Eject plate on completion	
Shake	Linear: 0:00:30 (HH:MM:SS)
	Frequency: 567 cpm (3 mm)
Read	Absorbance Endpoint
	Full Plate
	Wavelengths:  600
	Read Speed: Normal,  Delay: 100 msec,  Measurements/Data Point: 8

600

Time	T° 600	A1	A2	A3	A4	A5	A6	A7	A8	A9	A10	A11	A12	B1	B2	B3	B4	B5	B6	B7	B8	B9	B10	B11	B12	C1	C2	C3	C4	C5	C6	C7	C8	C9	C10	C11	C12	D1	D2	D3	D4	D5	D6	D7	D8	D9	D10	D11	D12	E1	E2	E3	E4	E5	E6	E7	E8	E9	E10	E11	E12	F1	F2	F3	F4	F5	F6	F7	F8	F9	F10	F11	F12	G1	G2	G3	G4	G5	G6	G7	G8	G9	G10	G11	G12	H1	H2	H3	H4	H5	H6	H7	H8	H9	H10	H11	H12
0:00:34	34.6	0.175	0.172	0.198	0.175	0.173	0.172	0.175	0.172	0.175	0.170	0.172	0.176	0.172	0.179	0.182	0.183	0.175	0.179	0.174	0.177	0.176	0.175	0.174	0.172	0.174	0.170	0.177	0.174	0.178	0.179	0.178	0.182	0.173	0.178	0.177	0.176	0.168	0.176	0.182	0.173	0.179	0.174	0.171	0.201	0.172	0.177	0.177	0.172	0.183	0.181	0.180	0.176	0.176	0.175	0.193	0.184	0.177	0.170	0.177	0.175	0.174	0.176	0.179	0.177	0.177	0.175	0.171	0.177	0.183	0.173	0.179	0.176	0.177	0.178	0.176	0.176	0.175	0.174	0.177	0.179	0.179	0.179	0.177	0.178	0.177	0.175	0.182	0.180	0.174	0.174	0.169	0.169	0.174	0.175	0.169	0.186
1:00:33	34.6	0.178	0.174	0.211	0.177	0.175	0.174	0.177	0.174	0.177	0.172	0.174	0.176	0.175	0.182	0.184	0.185	0.177	0.181	0.176	0.179	0.178	0.177	0.176	0.175	0.176	0.172	0.179	0.176	0.179	0.179	0.180	0.182	0.174	0.179	0.179	0.184	0.170	0.179	0.184	0.174	0.180	0.175	0.172	0.222	0.173	0.178	0.179	0.175	0.185	0.182	0.181	0.177	0.178	0.176	0.215	0.185	0.179	0.172	0.180	0.177	0.176	0.178	0.181	0.179	0.179	0.176	0.173	0.179	0.184	0.175	0.180	0.181	0.179	0.180	0.178	0.178	0.177	0.176	0.179	0.181	0.181	0.181	0.180	0.180	0.179	0.178	0.184	0.181	0.177	0.175	0.171	0.171	0.176	0.178	0.172	0.189
2:00:34	34.7	0.182	0.178	0.215	0.180	0.179	0.176	0.180	0.177	0.181	0.177	0.178	0.179	0.179	0.186	0.188	0.189	0.182	0.185	0.180	0.184	0.182	0.181	0.180	0.179	0.180	0.176	0.183	0.180	0.183	0.179	0.183	0.185	0.179	0.183	0.182	0.189	0.174	0.183	0.188	0.178	0.184	0.179	0.177	0.233	0.177	0.182	0.183	0.180	0.189	0.187	0.185	0.181	0.181	0.181	0.226	0.189	0.182	0.175	0.184	0.181	0.181	0.183	0.186	0.183	0.183	0.180	0.177	0.183	0.188	0.179	0.184	0.182	0.183	0.185	0.182	0.183	0.181	0.180	0.183	0.185	0.185	0.185	0.184	0.184	0.183	0.182	0.187	0.186	0.180	0.180	0.175	0.174	0.180	0.181	0.176	0.192
3:00:34	34.7	0.184	0.179	0.217	0.183	0.181	0.178	0.182	0.179	0.183	0.179	0.180	0.182	0.181	0.188	0.191	0.191	0.185	0.188	0.183	0.186	0.185	0.184	0.183	0.182	0.182	0.178	0.186	0.183	0.186	0.182	0.186	0.187	0.181	0.185	0.185	0.191	0.176	0.185	0.191	0.181	0.186	0.182	0.179	0.237	0.180	0.185	0.186	0.182	0.191	0.189	0.187	0.184	0.184	0.183	0.230	0.192	0.185	0.178	0.185	0.183	0.183	0.185	0.189	0.186	0.185	0.183	0.180	0.187	0.191	0.181	0.185	0.184	0.186	0.186	0.185	0.185	0.183	0.183	0.186	0.188	0.187	0.188	0.186	0.187	0.185	0.185	0.189	0.188	0.183	0.182	0.177	0.176	0.182	0.183	0.178	0.194
4:00:34	34.7	0.186	0.181	0.216	0.184	0.182	0.185	0.184	0.181	0.185	0.181	0.182	0.184	0.184	0.190	0.193	0.193	0.186	0.189	0.184	0.188	0.186	0.186	0.185	0.184	0.184	0.180	0.187	0.185	0.188	0.183	0.187	0.188	0.183	0.187	0.186	0.191	0.178	0.187	0.192	0.183	0.188	0.183	0.181	0.237	0.182	0.186	0.187	0.184	0.192	0.191	0.188	0.185	0.186	0.184	0.231	0.193	0.186	0.180	0.187	0.185	0.185	0.187	0.190	0.187	0.187	0.184	0.182	0.187	0.192	0.184	0.187	0.185	0.188	0.188	0.187	0.186	0.186	0.184	0.187	0.189	0.189	0.189	0.188	0.189	0.187	0.186	0.191	0.190	0.185	0.183	0.179	0.178	0.183	0.185	0.180	0.197
5:00:35	34.7	0.190	0.184	0.217	0.187	0.185	0.183	0.187	0.184	0.188	0.184	0.184	0.187	0.187	0.192	0.195	0.195	0.188	0.191	0.186	0.190	0.189	0.188	0.187	0.187	0.187	0.183	0.190	0.186	0.190	0.185	0.189	0.190	0.185	0.188	0.189	0.192	0.180	0.189	0.193	0.185	0.190	0.185	0.183	0.238	0.184	0.189	0.190	0.187	0.195	0.193	0.190	0.187	0.188	0.186	0.232	0.195	0.188	0.182	0.189	0.188	0.188	0.189	0.192	0.189	0.189	0.186	0.183	0.189	0.194	0.185	0.189	0.188	0.191	0.191	0.189	0.189	0.187	0.186	0.189	0.191	0.191	0.191	0.190	0.192	0.191	0.190	0.193	0.191	0.188	0.186	0.182	0.180	0.186	0.188	0.183	0.200
6:00:35	34.7	0.194	0.188	0.219	0.189	0.189	0.186	0.190	0.188	0.191	0.188	0.189	0.191	0.191	0.196	0.198	0.198	0.192	0.194	0.190	0.193	0.192	0.191	0.191	0.191	0.191	0.187	0.193	0.190	0.193	0.188	0.192	0.193	0.187	0.192	0.192	0.192	0.184	0.193	0.196	0.187	0.192	0.187	0.185	0.239	0.187	0.191	0.193	0.191	0.199	0.195	0.193	0.190	0.190	0.189	0.234	0.198	0.191	0.185	0.192	0.191	0.191	0.192	0.195	0.192	0.191	0.189	0.186	0.192	0.197	0.188	0.192	0.191	0.194	0.194	0.192	0.192	0.190	0.189	0.192	0.194	0.194	0.195	0.194	0.195	0.195	0.194	0.197	0.196	0.191	0.190	0.185	0.183	0.190	0.191	0.187	0.204
7:00:36	34.7	0.199	0.193	0.221	0.193	0.193	0.191	0.194	0.192	0.196	0.192	0.193	0.196	0.196	0.200	0.202	0.201	0.196	0.197	0.194	0.197	0.196	0.195	0.195	0.196	0.195	0.192	0.197	0.194	0.196	0.192	0.195	0.196	0.191	0.195	0.196	0.197	0.188	0.196	0.200	0.191	0.195	0.191	0.189	0.242	0.190	0.195	0.197	0.195	0.203	0.199	0.197	0.193	0.193	0.192	0.237	0.201	0.194	0.189	0.196	0.196	0.196	0.196	0.199	0.196	0.195	0.192	0.189	0.195	0.200	0.191	0.196	0.196	0.199	0.198	0.196	0.195	0.194	0.193	0.195	0.197	0.197	0.198	0.197	0.199	0.200	0.198	0.201	0.200	0.195	0.194	0.190	0.188	0.194	0.196	0.191	0.208
8:00:37	34.7	0.204	0.197	0.224	0.197	0.197	0.195	0.199	0.197	0.200	0.197	0.200	0.201	0.200	0.204	0.206	0.206	0.200	0.201	0.198	0.201	0.200	0.200	0.199	0.201	0.200	0.195	0.201	0.198	0.200	0.195	0.199	0.200	0.195	0.199	0.200	0.202	0.192	0.201	0.203	0.195	0.198	0.194	0.193	0.245	0.194	0.199	0.201	0.200	0.208	0.203	0.200	0.198	0.197	0.195	0.240	0.204	0.198	0.192	0.200	0.200	0.200	0.200	0.202	0.199	0.198	0.196	0.193	0.199	0.204	0.195	0.199	0.200	0.203	0.202	0.200	0.199	0.198	0.197	0.199	0.202	0.201	0.202	0.201	0.204	0.205	0.203	0.206	0.205	0.200	0.198	0.194	0.192	0.198	0.200	0.195	0.214
9:00:37	34.7	0.209	0.202	0.226	0.201	0.202	0.200	0.203	0.201	0.204	0.202	0.203	0.206	0.205	0.209	0.211	0.210	0.203	0.205	0.202	0.205	0.204	0.204	0.204	0.206	0.205	0.199	0.205	0.202	0.204	0.199	0.203	0.204	0.199	0.203	0.204	0.206	0.196	0.204	0.207	0.199	0.202	0.198	0.197	0.248	0.198	0.203	0.205	0.204	0.212	0.207	0.204	0.201	0.201	0.199	0.244	0.208	0.201	0.196	0.204	0.204	0.204	0.204	0.206	0.203	0.203	0.200	0.196	0.203	0.208	0.199	0.203	0.204	0.207	0.206	0.204	0.203	0.202	0.201	0.203	0.205	0.205	0.206	0.205	0.209	0.209	0.207	0.210	0.209	0.204	0.203	0.198	0.196	0.203	0.205	0.199	0.218
10:00:38	34.7	0.214	0.207	0.229	0.205	0.207	0.205	0.208	0.206	0.209	0.207	0.208	0.211	0.210	0.213	0.215	0.214	0.208	0.210	0.206	0.210	0.209	0.208	0.209	0.211	0.209	0.203	0.209	0.206	0.208	0.203	0.207	0.208	0.203	0.207	0.209	0.211	0.200	0.209	0.211	0.203	0.206	0.202	0.200	0.253	0.202	0.207	0.210	0.209	0.216	0.212	0.208	0.205	0.205	0.203	0.247	0.212	0.205	0.200	0.207	0.208	0.209	0.208	0.210	0.207	0.206	0.204	0.200	0.207	0.212	0.203	0.207	0.209	0.212	0.212	0.208	0.208	0.206	0.205	0.207	0.209	0.209	0.210	0.209	0.213	0.214	0.213	0.215	0.214	0.209	0.208	0.203	0.200	0.207	0.210	0.203	0.223
11:00:38	34.7	0.219	0.211	0.231	0.209	0.210	0.208	0.212	0.210	0.213	0.211	0.212	0.215	0.214	0.216	0.218	0.218	0.211	0.213	0.209	0.213	0.212	0.212	0.212	0.215	0.213	0.206	0.213	0.209	0.211	0.207	0.211	0.211	0.207	0.211	0.212	0.215	0.204	0.213	0.215	0.206	0.210	0.206	0.204	0.256	0.205	0.211	0.213	0.213	0.220	0.215	0.212	0.209	0.209	0.207	0.210	0.215	0.209	0.203	0.211	0.213	0.213	0.212	0.214	0.211	0.210	0.207	0.204	0.210	0.215	0.208	0.211	0.213	0.215	0.215	0.212	0.211	0.209	0.208	0.211	0.213	0.212	0.214	0.212	0.217	0.218	0.217	0.219	0.218	0.213	0.211	0.206	0.203	0.211	0.213	0.207	0.227
12:00:39	34.7	0.221	0.214	0.233	0.212	0.214	0.212	0.216	0.213	0.216	0.214	0.217	0.218	0.216	0.219	0.222	0.220	0.214	0.216	0.213	0.216	0.216	0.215	0.215	0.218	0.216	0.209	0.216	0.212	0.215	0.209	0.213	0.214	0.210	0.213	0.215	0.218	0.207	0.215	0.217	0.209	0.213	0.208	0.207	0.258	0.208	0.213	0.216	0.215	0.223	0.218	0.214	0.212	0.212	0.209	0.213	0.219	0.211	0.206	0.214	0.216	0.216	0.215	0.217	0.213	0.212	0.210	0.206	0.213	0.218	0.209	0.213	0.216	0.219	0.218	0.215	0.215	0.212	0.211	0.213	0.216	0.215	0.216	0.215	0.221	0.222	0.220	0.222	0.221	0.216	0.215	0.209	0.206	0.214	0.216	0.209	0.230
13:00:40	34.7	0.224	0.216	0.234	0.215	0.216	0.214	0.218	0.215	0.219	0.216	0.218	0.220	0.218	0.221	0.223	0.222	0.217	0.218	0.215	0.218	0.217	0.217	0.217	0.220	0.218	0.211	0.218	0.214	0.217	0.212	0.215	0.216	0.212	0.215	0.217	0.220	0.208	0.217	0.220	0.211	0.214	0.211	0.208	0.259	0.210	0.215	0.217	0.218	0.225	0.220	0.216	0.214	0.214	0.212	0.215	0.220	0.213	0.208	0.216	0.218	0.218	0.217	0.219	0.215	0.215	0.212	0.209	0.215	0.220	0.211	0.215	0.218	0.221	0.219	0.217	0.216	0.214	0.213	0.215	0.218	0.217	0.218	0.217	0.223	0.223	0.222	0.225	0.223	0.218	0.217	0.212	0.208	0.215	0.218	0.211	0.232
14:00:40	34.7	0.226	0.219	0.234	0.217	0.218	0.217	0.220	0.217	0.220	0.218	0.220	0.222	0.220	0.222	0.225	0.224	0.219	0.220	0.216	0.220	0.218	0.218	0.218	0.223	0.221	0.212	0.220	0.216	0.218	0.213	0.217	0.218	0.213	0.217	0.219	0.222	0.210	0.218	0.221	0.213	0.216	0.212	0.210	0.260	0.212	0.217	0.219	0.219	0.227	0.221	0.219	0.215	0.216	0.213	0.217	0.222	0.215	0.209	0.217	0.220	0.220	0.219	0.220	0.217	0.216	0.213	0.210	0.217	0.221	0.214	0.216	0.220	0.222	0.221	0.219	0.218	0.216	0.214	0.218	0.219	0.218	0.220	0.219	0.225	0.225	0.224	0.226	0.224	0.220	0.219	0.213	0.210	0.217	0.219	0.213	0.234
15:00:40	34.7	0.227	0.220	0.233	0.220	0.219	0.218	0.221	0.219	0.221	0.220	0.221	0.224	0.222	0.223	0.226	0.226	0.220	0.221	0.218	0.221	0.219	0.220	0.220	0.224	0.221	0.213	0.221	0.217	0.221	0.215	0.219	0.219	0.215	0.218	0.220	0.223	0.211	0.219	0.223	0.214	0.217	0.213	0.211	0.260	0.213	0.218	0.220	0.221	0.228	0.223	0.220	0.217	0.217	0.215	0.218	0.223	0.217	0.210	0.218	0.221	0.221	0.220	0.222	0.219	0.218	0.214	0.211	0.219	0.222	0.214	0.217	0.221	0.223	0.221	0.220	0.219	0.216	0.217	0.219	0.220	0.220	0.221	0.220	0.227	0.226	0.225	0.228	0.226	0.221	0.220	0.214	0.211	0.218	0.220	0.214	0.235
16:00:42	34.7	0.228	0.221	0.226	0.220	0.220	0.219	0.222	0.219	0.222	0.221	0.222	0.224	0.222	0.223	0.227	0.227	0.220	0.222	0.218	0.221	0.220	0.221	0.220	0.224	0.222	0.213	0.222	0.218	0.221	0.215	0.220	0.221	0.216	0.218	0.220	0.223	0.212	0.220	0.224	0.215	0.218	0.214	0.212	0.260	0.213	0.219	0.221	0.221	0.228	0.224	0.220	0.218	0.217	0.216	0.219	0.223	0.217	0.210	0.219	0.222	0.221	0.221	0.222	0.220	0.219	0.215	0.212	0.219	0.225	0.215	0.218	0.222	0.224	0.222	0.220	0.220	0.217	0.217	0.219	0.221	0.220	0.222	0.221	0.228	0.227	0.226	0.228	0.227	0.222	0.221	0.215	0.211	0.219	0.221	0.214	0.235
17:00:42	34.7	0.228	0.221	0.227	0.222	0.220	0.220	0.223	0.220	0.223	0.222	0.223	0.225	0.223	0.224	0.227	0.227	0.222	0.222	0.219	0.222	0.221	0.221	0.221	0.225	0.223	0.214	0.222	0.219	0.222	0.216	0.220	0.221	0.216	0.219	0.221	0.224	0.211	0.220	0.225	0.215	0.219	0.215	0.213	0.259	0.214	0.220	0.221	0.222	0.230	0.224	0.221	0.219	0.219	0.216	0.220	0.224	0.217	0.210	0.220	0.222	0.222	0.222	0.223	0.220	0.219	0.216	0.213	0.219	0.223	0.215	0.219	0.222	0.224	0.222	0.221	0.220	0.218	0.218	0.221	0.221	0.221	0.222	0.221	0.229	0.227	0.226	0.229	0.227	0.222	0.222	0.215	0.212	0.219	0.221	0.215	0.235
18:00:42	34.7	0.229	0.222	0.228	0.222	0.222	0.220	0.223	0.220	0.223	0.222	0.223	0.226	0.223	0.224	0.227	0.227	0.222	0.222	0.219	0.223	0.221	0.222	0.222	0.226	0.223	0.214	0.222	0.219	0.223	0.216	0.221	0.221	0.217	0.219	0.222	0.225	0.212	0.221	0.225	0.216	0.220	0.216	0.213	0.258	0.214	0.220	0.222	0.222	0.230	0.224	0.222	0.219	0.219	0.216	0.221	0.225	0.217	0.211	0.220	0.223	0.222	0.221	0.224	0.221	0.219	0.217	0.213	0.220	0.224	0.216	0.219	0.223	0.225	0.223	0.222	0.221	0.218	0.218	0.221	0.222	0.221	0.223	0.222	0.231	0.228	0.227	0.230	0.227	0.223	0.222	0.215	0.212	0.219	0.222	0.216	0.236
19:00:42	34.7	0.229	0.222	0.228	0.223	0.221	0.220	0.223	0.220	0.223	0.223	0.223	0.225	0.224	0.225	0.228	0.227	0.222	0.222	0.220	0.223	0.221	0.223	0.222	0.226	0.223	0.215	0.222	0.219	0.223	0.217	0.221	0.221	0.217	0.220	0.222	0.225	0.211	0.221	0.225	0.216	0.220	0.217	0.213	0.256	0.215	0.220	0.222	0.223	0.230	0.224	0.222	0.220	0.220	0.217	0.221	0.225	0.218	0.212	0.221	0.223	0.223	0.221	0.223	0.221	0.220	0.217	0.214	0.221	0.224	0.215	0.220	0.226	0.225	0.223	0.222	0.221	0.219	0.217	0.220	0.223	0.222	0.222	0.222	0.231	0.228	0.228	0.230	0.228	0.224	0.223	0.216	0.213	0.220	0.222	0.216	0.236
20:00:43	34.7	0.229	0.222	0.228	0.223	0.222	0.221	0.223	0.221	0.223	0.222	0.224	0.226	0.224	0.226	0.228	0.227	0.222	0.223	0.220	0.223	0.222	0.225	0.223	0.226	0.224	0.214	0.223	0.220	0.223	0.217	0.221	0.221	0.218	0.220	0.222	0.225	0.212	0.221	0.225	0.216	0.219	0.217	0.213	0.254	0.216	0.220	0.223	0.222	0.230	0.224	0.222	0.219	0.219	0.218	0.221	0.225	0.218	0.212	0.221	0.223	0.223	0.222	0.225	0.222	0.219	0.218	0.215	0.221	0.224	0.216	0.220	0.224	0.225	0.224	0.222	0.222	0.219	0.217	0.221	0.223	0.222	0.223	0.222	0.232	0.228	0.228	0.230	0.228	0.224	0.223	0.217	0.213	0.220	0.222	0.216	0.236
21:00:43	34.7	0.230	0.222	0.228	0.223	0.222	0.221	0.224	0.221	0.223	0.222	0.224	0.226	0.224	0.225	0.228	0.227	0.222	0.223	0.220	0.223	0.222	0.230	0.223	0.226	0.224	0.214	0.224	0.220	0.223	0.217	0.221	0.222	0.217	0.220	0.222	0.225	0.212	0.222	0.225	0.216	0.219	0.217	0.214	0.253	0.217	0.220	0.223	0.222	0.230	0.225	0.222	0.220	0.219	0.218	0.221	0.225	0.218	0.212	0.222	0.223	0.223	0.222	0.225	0.222	0.220	0.217	0.216	0.221	0.223	0.216	0.221	0.225	0.225	0.224	0.223	0.222	0.219	0.218	0.221	0.223	0.221	0.223	0.223	0.232	0.228	0.228	0.231	0.230	0.224	0.224	0.218	0.213	0.220	0.223	0.216	0.236
22:00:44	34.7	0.229	0.222	0.228	0.224	0.222	0.221	0.224	0.221	0.223	0.223	0.224	0.225	0.224	0.225	0.228	0.227	0.222	0.223	0.221	0.224	0.222	0.232	0.223	0.226	0.224	0.215	0.224	0.220	0.223	0.217	0.221	0.222	0.218	0.221	0.223	0.224	0.213	0.221	0.225	0.216	0.220	0.217	0.214	0.251	0.221	0.220	0.223	0.223	0.230	0.225	0.222	0.220	0.219	0.218	0.221	0.225	0.218	0.213	0.222	0.223	0.223	0.222	0.225	0.222	0.219	0.217	0.215	0.221	0.224	0.216	0.220	0.223	0.225	0.224	0.222	0.222	0.219	0.218	0.221	0.223	0.221	0.224	0.223	0.232	0.228	0.228	0.231	0.231	0.228	0.223	0.216	0.213	0.220	0.222	0.216	0.236
23:00:44	34.8	0.229	0.222	0.228	0.225	0.222	0.221	0.223	0.220	0.224	0.222	0.224	0.225	0.224	0.225	0.229	0.227	0.223	0.223	0.221	0.224	0.222	0.238	0.223	0.226	0.224	0.214	0.224	0.220	0.224	0.218	0.221	0.222	0.218	0.221	0.223	0.225	0.213	0.221	0.225	0.217	0.220	0.217	0.215	0.249	0.223	0.221	0.222	0.222	0.230	0.225	0.222	0.220	0.220	0.218	0.222	0.226	0.218	0.213	0.222	0.223	0.223	0.223	0.225	0.221	0.220	0.217	0.216	0.221	0.224	0.216	0.220	0.223	0.225	0.224	0.223	0.222	0.220	0.218	0.221	0.224	0.221	0.224	0.224	0.231	0.228	0.228	0.231	0.235	0.225	0.223	0.216	0.214	0.220	0.222	0.216	0.235
0:00:00																																																																																																	

Results
	1	2	3	4	5	6	7	8	9	10	11	12
A	0.084	0.081	0.071	0.066	0.078	0.076	0.075	0.074	0.076	0.078	0.080	0.084	Max V [600]
	0.999	1.000	0.720	0.999	0.998	0.999	0.999	0.999	0.999	0.999	0.994	1.000	R-Squared [600]
	8:00:37	8:00:37	2:00:34	8:00:37	8:00:37	8:00:37	9:00:37	9:00:37	8:00:37	9:00:37	8:00:37	8:00:37	t at Max V [600]
	2:18:00	2:53:00	?????	2:17:54	2:41:04	2:52:17	2:42:15	2:26:56	2:26:43	2:13:38	2:34:59	3:10:23	Lagtime [600]
B	0.078	0.070	0.069	0.069	0.068	0.068	0.069	0.069	0.069	0.071	0.075	0.083	Max V [600]
	1.000	1.000	0.999	0.999	0.999	0.998	1.000	0.999	0.999	0.999	0.998	1.000	R-Squared [600]
	9:00:37	8:00:37	8:00:37	8:00:37	8:00:37	9:00:37	8:00:37	8:00:37	8:00:37	9:00:37	8:00:37	8:00:37	t at Max V [600]
	1:56:35	2:00:32	2:01:07	2:36:59	2:04:57	2:39:47	2:14:49	2:11:30	2:15:48	2:14:25	2:11:48	2:12:22	Lagtime [600]
C	0.078	0.066	0.068	0.067	0.065	0.064	0.065	0.065	0.068	0.066	0.070	0.078	Max V [600]
	1.000	0.989	1.000	0.999	0.999	0.999	1.000	0.999	1.000	0.999	1.000	1.000	R-Squared [600]
	8:00:37	7:00:36	9:00:37	8:00:37	8:00:37	9:00:37	9:00:37	9:00:37	9:00:37	9:00:37	8:00:37	8:00:37	t at Max V [600]
	2:28:26	1:34:19	2:07:29	2:07:39	2:18:55	3:42:21	2:44:02	3:30:30	2:36:41	2:40:46	2:22:39	2:37:07	Lagtime [600]
D	0.066	0.068	0.065	0.066	0.062	0.063	0.062	0.146	0.063	0.066	0.070	0.077	Max V [600]
	0.999	0.999	1.000	0.999	0.999	1.000	0.998	0.812	1.000	0.999	0.999	1.000	R-Squared [600]
	7:00:36	9:00:37	9:00:37	9:00:37	9:00:37	9:00:37	8:00:37	2:00:34	9:00:37	8:00:37	8:00:37	8:00:37	t at Max V [600]
	1:47:35	1:58:05	2:28:52	2:30:29	2:39:01	2:34:21	2:05:42	?????	2:10:29	2:17:15	2:18:15	2:05:30	Lagtime [600]
E	0.074	0.067	0.065	0.065	0.065	0.063	0.151	0.061	0.063	0.062	0.064	0.072	Max V [600]
	0.999	1.000	1.000	1.000	1.000	0.999	0.821	1.000	1.000	1.000	1.000	1.000	R-Squared [600]
	8:00:37	8:00:37	8:00:37	9:00:37	9:00:37	9:00:37	2:00:34	9:00:37	9:00:37	8:00:37	8:00:37	9:00:37	t at Max V [600]
	2:25:54	2:22:31	2:44:13	2:34:06	2:36:16	2:38:24	?????	2:29:16	2:33:07	1:55:22	2:10:14	2:14:00	Lagtime [600]
F	0.075	0.068	0.066	0.064	0.065	0.062	0.062	0.064	0.062	0.068	0.065	0.072	Max V [600]
	0.999	0.999	0.999	0.999	1.000	0.998	1.000	0.998	0.999	0.998	0.999	1.000	R-Squared [600]
	8:00:37	8:00:37	9:00:37	9:00:37	9:00:37	9:00:37	9:00:37	8:00:37	8:00:37	9:00:37	9:00:37	8:00:37	t at Max V [600]
	2:08:14	1:59:04	2:16:21	2:14:00	2:31:11	2:27:26	2:17:20	2:11:13	2:18:23	2:42:38	2:46:25	2:29:13	Lagtime [600]
G	0.073	0.074	0.068	0.067	0.067	0.068	0.065	0.066	0.063	0.066	0.065	0.075	Max V [600]
	0.999	0.992	1.000	0.999	0.998	0.997	0.999	1.000	0.999	0.999	0.998	1.000	R-Squared [600]
	8:00:37	9:00:37	8:00:37	9:00:37	8:00:37	8:00:37	9:00:37	9:00:37	9:00:37	8:00:37	8:00:37	8:00:37	t at Max V [600]
	2:01:21	2:29:29	2:04:04	2:16:25	2:19:03	2:26:33	2:20:09	2:20:10	2:18:03	2:07:12	1:54:25	2:14:19	Lagtime [600]
H	0.079	0.080	0.077	0.074	0.074	0.075	0.072	0.067	0.073	0.076	0.067	0.079	Max V [600]
	1.000	0.999	0.999	0.999	1.000	0.999	0.998	1.000	0.999	0.999	0.999	0.998	R-Squared [600]
	8:00:37	9:00:37	8:00:37	7:00:36	9:00:37	8:00:37	8:00:37	8:00:37	8:00:37	8:00:37	8:00:37	8:00:37	t at Max V [600]
	2:07:20	2:17:20	2:48:58	2:24:51	2:17:09	2:35:29	2:09:09	2:22:38	2:29:40	2:35:44	1:37:25	2:05:06	Lagtime [600]


