
Software Version	3.11.19



Experiment File Path:	C:\Users\patil-group\Desktop\Sweeteners_stacker\111221_NT5021_45_69_Rep3\NT5021_45_69_Rep3.xpt
Protocol File Path:	C:\Users\Public\Documents\Protocols\Screening-protocol.prt



Plate Number	Plate 2
Date	11/12/2021
Time	14:18:57
Reader Type:	Epoch 2
Reader Serial Number:	2103223
Reading Type	Reader

Procedure Details

Plate Type	96 WELL PLATE
Discontinuous Kinetics	Runtime 1:00:00 (D:HH:MM), Interval 0:01:00, 25 Reads
	Pause after each run
Eject plate on completion	
Shake	Linear: 0:00:30 (HH:MM:SS)
	Frequency: 567 cpm (3 mm)
Read	Absorbance Endpoint
	Full Plate
	Wavelengths:  600
	Read Speed: Normal,  Delay: 100 msec,  Measurements/Data Point: 8

600

Time	T° 600	A1	A2	A3	A4	A5	A6	A7	A8	A9	A10	A11	A12	B1	B2	B3	B4	B5	B6	B7	B8	B9	B10	B11	B12	C1	C2	C3	C4	C5	C6	C7	C8	C9	C10	C11	C12	D1	D2	D3	D4	D5	D6	D7	D8	D9	D10	D11	D12	E1	E2	E3	E4	E5	E6	E7	E8	E9	E10	E11	E12	F1	F2	F3	F4	F5	F6	F7	F8	F9	F10	F11	F12	G1	G2	G3	G4	G5	G6	G7	G8	G9	G10	G11	G12	H1	H2	H3	H4	H5	H6	H7	H8	H9	H10	H11	H12
0:00:34	34.7	0.175	0.175	0.179	0.185	0.179	0.172	0.181	0.174	0.175	0.176	0.172	0.176	0.176	0.176	0.178	0.179	0.175	0.172	0.176	0.176	0.190	0.174	0.178	0.179	0.179	0.182	0.180	0.175	0.176	0.179	0.171	0.181	0.172	0.181	0.171	0.170	0.186	0.182	0.179	0.182	0.176	0.178	0.176	0.171	0.177	0.179	0.172	0.179	0.181	0.173	0.175	0.176	0.173	0.173	0.181	0.176	0.175	0.173	0.176	0.177	0.178	0.176	0.179	0.170	0.184	0.175	0.174	0.187	0.173	0.174	0.174	0.173	0.175	0.174	0.177	0.175	0.176	0.173	0.175	0.166	0.174	0.183	0.179	0.178	0.176	0.175	0.173	0.175	0.176	0.175	0.167	0.168	0.177	0.181	0.171	0.184
1:00:34	34.6	0.176	0.176	0.180	0.186	0.181	0.174	0.188	0.175	0.177	0.179	0.174	0.179	0.179	0.178	0.179	0.181	0.177	0.174	0.178	0.178	0.192	0.176	0.180	0.186	0.182	0.183	0.181	0.176	0.177	0.180	0.173	0.183	0.174	0.183	0.173	0.173	0.188	0.183	0.181	0.184	0.177	0.179	0.177	0.173	0.177	0.180	0.175	0.181	0.183	0.175	0.176	0.177	0.175	0.175	0.182	0.178	0.176	0.174	0.178	0.179	0.180	0.179	0.175	0.171	0.186	0.176	0.175	0.205	0.175	0.176	0.177	0.174	0.178	0.176	0.179	0.177	0.178	0.174	0.176	0.168	0.176	0.192	0.181	0.182	0.180	0.178	0.177	0.180	0.179	0.176	0.170	0.171	0.179	0.183	0.174	0.184
2:00:35	34.7	0.180	0.179	0.184	0.188	0.185	0.178	0.195	0.179	0.180	0.183	0.177	0.183	0.183	0.182	0.183	0.185	0.181	0.178	0.182	0.183	0.195	0.180	0.183	0.190	0.185	0.187	0.186	0.181	0.181	0.183	0.177	0.188	0.178	0.187	0.177	0.177	0.192	0.187	0.182	0.188	0.176	0.183	0.180	0.177	0.181	0.184	0.178	0.185	0.186	0.180	0.182	0.181	0.178	0.179	0.185	0.181	0.180	0.178	0.182	0.183	0.185	0.182	0.179	0.176	0.190	0.180	0.179	0.215	0.178	0.180	0.181	0.178	0.183	0.180	0.184	0.181	0.179	0.179	0.180	0.172	0.180	0.198	0.185	0.186	0.183	0.182	0.181	0.181	0.183	0.182	0.174	0.175	0.184	0.187	0.179	0.180
3:00:35	34.7	0.182	0.182	0.186	0.190	0.187	0.180	0.199	0.181	0.182	0.185	0.179	0.185	0.186	0.184	0.185	0.187	0.184	0.181	0.184	0.185	0.197	0.183	0.185	0.193	0.187	0.189	0.189	0.183	0.184	0.186	0.179	0.190	0.181	0.189	0.180	0.180	0.195	0.189	0.185	0.190	0.178	0.186	0.183	0.180	0.183	0.186	0.180	0.187	0.188	0.182	0.184	0.184	0.180	0.182	0.188	0.184	0.183	0.180	0.185	0.185	0.187	0.185	0.182	0.178	0.192	0.183	0.182	0.218	0.181	0.182	0.183	0.181	0.185	0.183	0.186	0.184	0.184	0.181	0.182	0.174	0.183	0.201	0.187	0.187	0.186	0.185	0.184	0.183	0.185	0.184	0.176	0.177	0.186	0.189	0.181	0.182
4:00:35	34.7	0.184	0.184	0.188	0.192	0.189	0.182	0.204	0.183	0.184	0.187	0.182	0.187	0.187	0.186	0.187	0.189	0.185	0.182	0.186	0.187	0.199	0.184	0.187	0.194	0.190	0.190	0.190	0.185	0.185	0.187	0.181	0.192	0.182	0.191	0.181	0.182	0.196	0.191	0.190	0.192	0.180	0.187	0.184	0.181	0.184	0.188	0.182	0.189	0.191	0.184	0.186	0.186	0.182	0.184	0.190	0.185	0.184	0.182	0.186	0.187	0.189	0.187	0.184	0.180	0.194	0.184	0.183	0.219	0.182	0.184	0.185	0.182	0.187	0.184	0.188	0.185	0.183	0.183	0.183	0.176	0.185	0.202	0.189	0.189	0.188	0.186	0.185	0.185	0.187	0.186	0.178	0.179	0.187	0.191	0.183	0.184
5:00:36	34.7	0.188	0.187	0.190	0.194	0.192	0.185	0.198	0.186	0.188	0.190	0.187	0.191	0.191	0.189	0.190	0.191	0.188	0.185	0.188	0.189	0.201	0.187	0.190	0.198	0.192	0.193	0.192	0.187	0.187	0.190	0.183	0.194	0.184	0.194	0.184	0.185	0.199	0.193	0.191	0.195	0.182	0.190	0.186	0.183	0.187	0.190	0.185	0.192	0.193	0.186	0.187	0.188	0.184	0.186	0.191	0.188	0.187	0.185	0.188	0.190	0.191	0.189	0.186	0.182	0.196	0.186	0.189	0.220	0.184	0.187	0.187	0.186	0.190	0.187	0.191	0.187	0.185	0.185	0.186	0.179	0.187	0.204	0.191	0.192	0.192	0.189	0.189	0.192	0.189	0.189	0.181	0.183	0.190	0.194	0.186	0.189
6:00:36	34.7	0.192	0.192	0.194	0.197	0.195	0.189	0.200	0.190	0.191	0.194	0.192	0.195	0.197	0.193	0.194	0.196	0.192	0.188	0.192	0.193	0.204	0.191	0.194	0.202	0.196	0.197	0.196	0.190	0.190	0.193	0.186	0.197	0.188	0.196	0.188	0.189	0.202	0.197	0.195	0.197	0.185	0.192	0.189	0.186	0.190	0.193	0.188	0.196	0.197	0.190	0.191	0.191	0.187	0.189	0.192	0.190	0.189	0.188	0.192	0.195	0.195	0.191	0.189	0.185	0.199	0.189	0.188	0.223	0.188	0.190	0.191	0.189	0.195	0.191	0.194	0.190	0.189	0.189	0.189	0.182	0.190	0.208	0.195	0.195	0.196	0.194	0.193	0.192	0.193	0.193	0.185	0.186	0.194	0.198	0.190	0.193
7:00:37	34.7	0.197	0.196	0.197	0.200	0.199	0.193	0.210	0.194	0.196	0.199	0.196	0.200	0.200	0.197	0.198	0.199	0.195	0.193	0.196	0.197	0.208	0.195	0.198	0.206	0.200	0.201	0.200	0.194	0.194	0.196	0.190	0.200	0.191	0.200	0.192	0.194	0.207	0.201	0.199	0.201	0.189	0.196	0.193	0.190	0.194	0.197	0.193	0.201	0.201	0.194	0.195	0.195	0.191	0.193	0.194	0.194	0.193	0.192	0.196	0.198	0.200	0.196	0.193	0.189	0.202	0.193	0.192	0.226	0.191	0.194	0.195	0.194	0.199	0.195	0.198	0.195	0.192	0.193	0.193	0.186	0.194	0.212	0.199	0.200	0.201	0.198	0.198	0.196	0.198	0.198	0.190	0.191	0.198	0.202	0.195	0.205
8:00:38	34.7	0.202	0.202	0.202	0.204	0.204	0.198	0.204	0.199	0.200	0.204	0.201	0.205	0.205	0.202	0.203	0.204	0.200	0.197	0.200	0.201	0.213	0.199	0.202	0.211	0.205	0.205	0.204	0.199	0.197	0.200	0.194	0.204	0.196	0.204	0.196	0.199	0.211	0.205	0.203	0.205	0.193	0.200	0.196	0.194	0.197	0.201	0.197	0.205	0.206	0.198	0.199	0.199	0.195	0.197	0.198	0.198	0.197	0.196	0.200	0.203	0.204	0.200	0.197	0.193	0.206	0.196	0.197	0.231	0.195	0.198	0.199	0.198	0.204	0.199	0.203	0.199	0.197	0.196	0.197	0.190	0.198	0.217	0.203	0.205	0.206	0.203	0.202	0.201	0.202	0.202	0.194	0.196	0.203	0.207	0.200	0.203
9:00:38	34.7	0.207	0.206	0.206	0.208	0.208	0.203	0.205	0.203	0.205	0.208	0.206	0.209	0.209	0.207	0.208	0.209	0.204	0.201	0.204	0.205	0.217	0.203	0.207	0.216	0.209	0.210	0.208	0.203	0.202	0.204	0.198	0.209	0.200	0.208	0.201	0.203	0.216	0.210	0.207	0.209	0.197	0.204	0.201	0.198	0.202	0.205	0.201	0.210	0.210	0.203	0.203	0.203	0.199	0.201	0.201	0.202	0.202	0.200	0.204	0.207	0.209	0.203	0.201	0.197	0.210	0.200	0.199	0.235	0.200	0.202	0.203	0.203	0.208	0.204	0.207	0.203	0.201	0.201	0.201	0.194	0.202	0.221	0.207	0.209	0.211	0.208	0.207	0.206	0.207	0.207	0.199	0.200	0.207	0.212	0.205	0.208
10:00:39	34.7	0.212	0.210	0.210	0.212	0.213	0.207	0.210	0.207	0.210	0.213	0.211	0.215	0.215	0.211	0.211	0.212	0.208	0.206	0.209	0.209	0.221	0.208	0.211	0.221	0.214	0.214	0.213	0.207	0.206	0.208	0.202	0.213	0.204	0.212	0.205	0.208	0.220	0.214	0.211	0.213	0.200	0.208	0.205	0.202	0.205	0.209	0.205	0.214	0.215	0.207	0.207	0.207	0.203	0.205	0.205	0.206	0.206	0.204	0.208	0.211	0.214	0.208	0.205	0.201	0.214	0.205	0.203	0.239	0.203	0.206	0.207	0.207	0.214	0.208	0.211	0.207	0.205	0.205	0.205	0.197	0.206	0.225	0.211	0.214	0.216	0.213	0.212	0.210	0.211	0.211	0.202	0.203	0.212	0.216	0.209	0.213
11:00:39	34.7	0.216	0.214	0.213	0.216	0.217	0.211	0.215	0.211	0.214	0.216	0.215	0.218	0.218	0.214	0.216	0.215	0.212	0.209	0.212	0.213	0.224	0.211	0.215	0.224	0.218	0.217	0.216	0.210	0.210	0.212	0.206	0.216	0.207	0.215	0.208	0.212	0.224	0.217	0.215	0.217	0.204	0.211	0.208	0.205	0.209	0.213	0.208	0.218	0.218	0.210	0.211	0.211	0.207	0.208	0.209	0.209	0.209	0.207	0.212	0.215	0.217	0.211	0.209	0.204	0.217	0.208	0.207	0.242	0.206	0.209	0.211	0.212	0.217	0.212	0.215	0.211	0.209	0.209	0.208	0.200	0.210	0.229	0.215	0.218	0.219	0.218	0.216	0.214	0.215	0.215	0.206	0.207	0.215	0.220	0.214	0.217
12:00:40	34.7	0.220	0.217	0.217	0.219	0.220	0.214	0.217	0.214	0.216	0.220	0.218	0.221	0.221	0.218	0.218	0.218	0.214	0.212	0.215	0.216	0.228	0.214	0.218	0.228	0.221	0.220	0.219	0.213	0.212	0.214	0.209	0.219	0.210	0.217	0.212	0.215	0.227	0.220	0.218	0.219	0.206	0.214	0.211	0.208	0.211	0.215	0.211	0.221	0.221	0.213	0.214	0.213	0.209	0.211	0.212	0.212	0.212	0.209	0.214	0.219	0.221	0.214	0.211	0.207	0.221	0.210	0.209	0.245	0.209	0.212	0.213	0.214	0.220	0.215	0.218	0.213	0.212	0.211	0.211	0.203	0.212	0.232	0.218	0.221	0.222	0.221	0.220	0.218	0.218	0.218	0.209	0.209	0.218	0.223	0.216	0.220
13:00:41	34.7	0.221	0.220	0.220	0.221	0.222	0.216	0.219	0.216	0.219	0.222	0.220	0.223	0.224	0.220	0.220	0.220	0.216	0.214	0.217	0.218	0.229	0.215	0.219	0.230	0.223	0.223	0.221	0.215	0.214	0.216	0.210	0.221	0.212	0.219	0.213	0.217	0.229	0.222	0.220	0.222	0.208	0.215	0.212	0.210	0.213	0.217	0.213	0.223	0.223	0.215	0.216	0.215	0.211	0.213	0.214	0.215	0.214	0.211	0.216	0.221	0.222	0.216	0.214	0.209	0.222	0.212	0.212	0.247	0.211	0.215	0.216	0.217	0.222	0.216	0.220	0.215	0.213	0.213	0.213	0.204	0.214	0.233	0.220	0.224	0.224	0.222	0.222	0.220	0.220	0.221	0.211	0.211	0.220	0.225	0.219	0.223
14:00:41	34.7	0.223	0.221	0.223	0.224	0.224	0.218	0.221	0.217	0.220	0.224	0.222	0.225	0.225	0.221	0.222	0.222	0.218	0.215	0.218	0.219	0.231	0.217	0.221	0.231	0.225	0.224	0.222	0.217	0.216	0.218	0.212	0.222	0.214	0.220	0.215	0.219	0.230	0.224	0.221	0.223	0.209	0.217	0.214	0.212	0.215	0.219	0.214	0.225	0.225	0.216	0.217	0.217	0.213	0.214	0.215	0.216	0.215	0.212	0.217	0.223	0.224	0.218	0.215	0.210	0.224	0.215	0.214	0.248	0.213	0.216	0.217	0.219	0.224	0.217	0.222	0.217	0.215	0.215	0.215	0.206	0.215	0.234	0.221	0.227	0.226	0.224	0.223	0.221	0.221	0.222	0.212	0.212	0.222	0.226	0.220	0.224
15:00:41	34.7	0.224	0.222	0.224	0.225	0.225	0.219	0.222	0.218	0.221	0.224	0.223	0.228	0.226	0.222	0.222	0.223	0.219	0.216	0.219	0.220	0.231	0.218	0.222	0.232	0.226	0.225	0.223	0.218	0.217	0.219	0.213	0.224	0.214	0.221	0.215	0.220	0.231	0.225	0.223	0.224	0.210	0.218	0.215	0.213	0.216	0.219	0.215	0.226	0.225	0.217	0.219	0.218	0.214	0.215	0.216	0.217	0.216	0.213	0.218	0.224	0.225	0.218	0.216	0.211	0.225	0.215	0.214	0.248	0.214	0.217	0.217	0.220	0.224	0.218	0.222	0.218	0.216	0.215	0.216	0.206	0.216	0.235	0.222	0.228	0.227	0.225	0.224	0.222	0.222	0.223	0.213	0.213	0.223	0.227	0.221	0.227
16:00:42	34.7	0.225	0.223	0.225	0.227	0.225	0.220	0.223	0.218	0.222	0.225	0.223	0.226	0.227	0.222	0.225	0.224	0.220	0.217	0.220	0.220	0.232	0.218	0.222	0.232	0.227	0.226	0.224	0.219	0.218	0.220	0.214	0.224	0.215	0.222	0.216	0.220	0.232	0.225	0.224	0.225	0.211	0.218	0.215	0.213	0.216	0.220	0.215	0.226	0.226	0.218	0.219	0.219	0.215	0.216	0.216	0.218	0.217	0.214	0.220	0.225	0.225	0.219	0.217	0.212	0.226	0.216	0.215	0.248	0.214	0.218	0.218	0.220	0.228	0.218	0.223	0.218	0.217	0.216	0.217	0.207	0.217	0.235	0.223	0.230	0.227	0.226	0.225	0.223	0.222	0.223	0.213	0.214	0.223	0.228	0.222	0.226
17:00:42	34.7	0.225	0.224	0.227	0.227	0.225	0.222	0.223	0.220	0.222	0.226	0.224	0.227	0.228	0.223	0.224	0.224	0.220	0.218	0.221	0.221	0.233	0.219	0.222	0.227	0.227	0.227	0.225	0.220	0.219	0.220	0.215	0.225	0.216	0.223	0.217	0.221	0.232	0.226	0.224	0.226	0.212	0.219	0.216	0.214	0.217	0.221	0.216	0.227	0.227	0.219	0.220	0.221	0.216	0.217	0.217	0.219	0.218	0.214	0.220	0.225	0.226	0.220	0.218	0.212	0.227	0.217	0.216	0.248	0.215	0.218	0.219	0.221	0.226	0.219	0.224	0.219	0.216	0.217	0.217	0.208	0.218	0.235	0.224	0.231	0.228	0.227	0.225	0.224	0.223	0.224	0.214	0.214	0.224	0.229	0.222	0.226
18:00:43	34.7	0.226	0.224	0.227	0.228	0.226	0.221	0.223	0.220	0.223	0.226	0.224	0.227	0.229	0.223	0.224	0.225	0.221	0.218	0.221	0.222	0.233	0.220	0.223	0.227	0.228	0.227	0.225	0.220	0.219	0.221	0.215	0.226	0.216	0.223	0.217	0.221	0.232	0.226	0.225	0.226	0.212	0.220	0.216	0.215	0.217	0.221	0.216	0.228	0.227	0.220	0.221	0.221	0.216	0.218	0.218	0.219	0.218	0.215	0.221	0.226	0.227	0.221	0.218	0.213	0.227	0.217	0.217	0.247	0.215	0.218	0.220	0.222	0.226	0.220	0.224	0.220	0.217	0.217	0.218	0.207	0.218	0.235	0.225	0.231	0.228	0.227	0.226	0.224	0.223	0.225	0.215	0.215	0.224	0.229	0.223	0.227
19:00:43	34.7	0.227	0.224	0.227	0.228	0.226	0.222	0.224	0.220	0.223	0.226	0.225	0.227	0.228	0.224	0.225	0.225	0.221	0.219	0.222	0.222	0.234	0.220	0.223	0.228	0.228	0.228	0.226	0.220	0.220	0.221	0.215	0.226	0.217	0.223	0.218	0.222	0.233	0.227	0.225	0.227	0.213	0.220	0.217	0.215	0.218	0.221	0.217	0.229	0.228	0.220	0.221	0.221	0.216	0.218	0.218	0.220	0.219	0.215	0.221	0.226	0.227	0.221	0.218	0.214	0.227	0.218	0.217	0.246	0.216	0.218	0.220	0.223	0.227	0.220	0.224	0.220	0.218	0.217	0.218	0.208	0.218	0.235	0.226	0.230	0.229	0.227	0.226	0.225	0.224	0.225	0.215	0.215	0.225	0.229	0.224	0.227
20:00:44	34.7	0.227	0.224	0.227	0.228	0.226	0.223	0.224	0.220	0.223	0.227	0.225	0.227	0.228	0.224	0.226	0.226	0.222	0.219	0.222	0.223	0.234	0.220	0.223	0.228	0.229	0.228	0.226	0.221	0.220	0.222	0.215	0.226	0.217	0.224	0.218	0.222	0.233	0.227	0.225	0.227	0.213	0.221	0.217	0.216	0.218	0.222	0.217	0.230	0.228	0.221	0.222	0.221	0.217	0.219	0.219	0.220	0.219	0.215	0.222	0.227	0.228	0.221	0.219	0.213	0.227	0.217	0.217	0.245	0.216	0.219	0.221	0.223	0.227	0.221	0.226	0.220	0.218	0.218	0.219	0.208	0.218	0.235	0.227	0.230	0.229	0.227	0.227	0.225	0.224	0.225	0.216	0.215	0.225	0.229	0.223	0.227
21:00:44	34.7	0.227	0.225	0.227	0.227	0.226	0.226	0.224	0.220	0.223	0.227	0.225	0.227	0.228	0.225	0.226	0.226	0.222	0.220	0.223	0.224	0.234	0.220	0.224	0.228	0.229	0.228	0.226	0.222	0.221	0.222	0.216	0.227	0.218	0.224	0.218	0.223	0.233	0.227	0.226	0.228	0.213	0.221	0.218	0.216	0.219	0.222	0.218	0.233	0.228	0.221	0.222	0.222	0.218	0.220	0.219	0.220	0.219	0.215	0.222	0.227	0.227	0.221	0.219	0.214	0.228	0.218	0.218	0.244	0.216	0.219	0.221	0.223	0.228	0.221	0.225	0.221	0.219	0.218	0.219	0.208	0.219	0.234	0.228	0.229	0.229	0.228	0.227	0.225	0.224	0.225	0.217	0.215	0.225	0.230	0.223	0.227
22:00:45	34.8	0.227	0.225	0.227	0.227	0.226	0.228	0.224	0.220	0.223	0.227	0.225	0.227	0.228	0.225	0.226	0.226	0.222	0.219	0.223	0.223	0.234	0.220	0.223	0.228	0.229	0.228	0.226	0.222	0.221	0.222	0.216	0.227	0.218	0.224	0.218	0.222	0.233	0.227	0.226	0.228	0.213	0.221	0.218	0.216	0.218	0.222	0.218	0.234	0.228	0.221	0.223	0.222	0.218	0.220	0.219	0.221	0.219	0.215	0.222	0.227	0.227	0.221	0.219	0.213	0.228	0.218	0.218	0.243	0.216	0.219	0.221	0.224	0.227	0.221	0.226	0.221	0.218	0.218	0.219	0.208	0.218	0.234	0.228	0.228	0.229	0.227	0.226	0.225	0.224	0.225	0.219	0.216	0.225	0.230	0.223	0.227
23:00:45	34.8	0.227	0.225	0.227	0.226	0.226	0.231	0.224	0.220	0.223	0.226	0.225	0.227	0.228	0.225	0.226	0.226	0.222	0.220	0.223	0.223	0.234	0.220	0.223	0.228	0.229	0.229	0.226	0.222	0.221	0.222	0.216	0.227	0.218	0.223	0.218	0.223	0.233	0.227	0.226	0.228	0.213	0.221	0.218	0.216	0.219	0.222	0.218	0.236	0.228	0.221	0.224	0.222	0.218	0.220	0.220	0.221	0.220	0.216	0.222	0.227	0.227	0.222	0.220	0.214	0.229	0.219	0.218	0.241	0.216	0.219	0.221	0.222	0.227	0.221	0.225	0.221	0.219	0.218	0.218	0.208	0.218	0.233	0.227	0.228	0.228	0.227	0.226	0.224	0.224	0.226	0.220	0.215	0.224	0.229	0.223	0.226
0:00:00																																																																																																	

Results
	1	2	3	4	5	6	7	8	9	10	11	12
A	0.083	0.081	0.069	0.065	0.076	0.078	0.095	0.074	0.076	0.078	0.081	0.082	Max V [600]
	1.000	0.999	1.000	0.999	0.999	1.000	0.989	0.999	1.000	0.999	0.999	1.000	R-Squared [600]
	8:00:38	7:00:37	8:00:38	8:00:38	8:00:38	8:00:38	2:00:35	8:00:38	8:00:38	8:00:38	8:00:38	8:00:38	t at Max V [600]
	2:30:27	2:34:36	2:29:24	3:09:32	2:33:12	2:36:38	?????	2:30:22	2:22:21	2:09:49	2:06:15	2:15:28	Lagtime [600]
B	0.079	0.076	0.074	0.073	0.071	0.072	0.072	0.070	0.070	0.072	0.074	0.079	Max V [600]
	0.997	1.000	0.998	0.994	0.999	1.000	0.999	1.000	1.000	1.000	1.000	1.000	R-Squared [600]
	9:00:38	8:00:38	8:00:38	7:00:37	8:00:38	8:00:38	8:00:38	8:00:38	8:00:38	8:00:38	8:00:38	8:00:38	t at Max V [600]
	1:50:09	2:14:34	2:19:13	2:15:32	2:10:26	2:17:23	2:21:21	2:10:34	2:36:07	2:04:44	2:26:14	1:15:20	Lagtime [600]
C	0.076	0.073	0.071	0.069	0.069	0.066	0.068	0.067	0.069	0.067	0.071	0.078	Max V [600]
	1.000	1.000	0.999	1.000	0.999	0.999	0.999	0.999	1.000	1.000	1.000	1.000	R-Squared [600]
	8:00:38	8:00:38	8:00:38	8:00:38	9:00:38	8:00:38	8:00:38	8:00:38	8:00:38	8:00:38	8:00:38	8:00:38	t at Max V [600]
	2:23:56	2:40:12	2:18:35	2:19:19	2:46:40	2:33:31	2:29:50	2:16:20	2:12:48	2:20:07	2:08:40	1:59:02	Lagtime [600]
D	0.074	0.071	0.070	0.067	0.063	0.064	0.064	0.067	0.065	0.068	0.070	0.077	Max V [600]
	1.000	1.000	1.000	0.999	1.000	1.000	0.997	1.000	0.999	0.999	1.000	1.000	R-Squared [600]
	8:00:38	8:00:38	8:00:38	8:00:38	8:00:38	8:00:38	8:00:38	8:00:38	8:00:38	8:00:38	8:00:38	8:00:38	t at Max V [600]
	2:27:24	2:24:27	2:21:28	2:27:49	3:34:18	2:11:13	2:30:52	2:23:04	2:52:16	2:35:21	2:12:37	2:24:40	Lagtime [600]
E	0.074	0.071	0.070	0.068	0.067	0.070	0.061	0.067	0.069	0.065	0.066	0.071	Max V [600]
	1.000	0.999	0.999	0.999	0.999	0.998	0.999	1.000	0.999	0.999	1.000	0.999	R-Squared [600]
	8:00:38	8:00:38	8:00:38	8:00:38	8:00:38	8:00:38	9:00:38	8:00:38	8:00:38	8:00:38	8:00:38	8:00:38	t at Max V [600]
	2:27:24	2:12:54	2:11:23	2:20:45	2:35:01	2:19:45	3:33:26	2:39:28	2:30:29	2:01:47	1:56:39	1:52:09	Lagtime [600]
F	0.077	0.068	0.067	0.066	0.065	0.065	0.065	0.128	0.066	0.066	0.068	0.075	Max V [600]
	0.999	1.000	1.000	1.000	0.998	0.999	0.992	0.823	1.000	0.999	1.000	1.000	R-Squared [600]
	8:00:38	8:00:38	8:00:38	8:00:38	8:00:38	9:00:38	8:00:38	2:00:35	8:00:38	8:00:38	8:00:38	8:00:38	t at Max V [600]
	2:14:18	2:12:03	3:22:52	2:02:41	2:20:15	2:32:25	2:24:12	?????	2:12:44	1:56:01	2:02:02	2:20:26	Lagtime [600]
G	0.079	0.072	0.072	0.068	0.069	0.067	0.069	0.064	0.066	0.077	0.068	0.077	Max V [600]
	0.999	1.000	0.999	1.000	0.997	1.000	0.999	0.999	0.999	0.904	0.999	1.000	R-Squared [600]
	8:00:38	8:00:38	8:00:38	8:00:38	8:00:38	9:00:38	8:00:38	7:00:37	8:00:38	2:00:35	8:00:38	8:00:38	t at Max V [600]
	1:53:28	2:15:27	2:10:03	2:19:00	2:57:16	2:08:26	2:40:46	1:40:09	2:02:23	?????	2:02:02	2:19:55	Lagtime [600]
H	0.082	0.081	0.080	0.077	0.076	0.076	0.073	0.072	0.075	0.077	0.079	0.090	Max V [600]
	1.000	0.999	0.999	0.999	1.000	1.000	1.000	0.998	1.000	0.999	1.000	0.906	R-Squared [600]
	8:00:38	9:00:38	8:00:38	8:00:38	8:00:38	8:00:38	7:00:37	7:00:37	8:00:38	8:00:38	8:00:38	5:00:36	t at Max V [600]
	1:52:15	2:18:12	1:58:34	2:22:17	2:21:03	2:01:05	1:42:57	1:42:14	2:13:36	2:28:26	1:56:15	3:44:52	Lagtime [600]


