

Software Version	3.11.19



Experiment File Path:	C:\Users\patil-group\Desktop\Sweeteners_stacker\051121_NT5001_02_03_Rep4\NT5001_02_03_Rep4.xpt
Protocol File Path:	C:\Users\Public\Documents\Protocols\Screening-protocol.prt



Plate Number	Plate 11
Date	05/11/2021
Time	16:29:04
Reader Type:	Epoch 2
Reader Serial Number:	2103223
Reading Type	Reader

Procedure Details

Plate Type	96 WELL PLATE
Discontinuous Kinetics	Runtime 1:00:00 (D:HH:MM), Interval 0:01:00, 25 Reads
	Pause after each run
Eject plate on completion	
Shake	Linear: 0:00:30 (HH:MM:SS)
	Frequency: 567 cpm (3 mm)
Read	Absorbance Endpoint
	Full Plate
	Wavelengths:  600
	Read Speed: Normal,  Delay: 100 msec,  Measurements/Data Point: 8

600

Time	T° 600	A1	A2	A3	A4	A5	A6	A7	A8	A9	A10	A11	A12	B1	B2	B3	B4	B5	B6	B7	B8	B9	B10	B11	B12	C1	C2	C3	C4	C5	C6	C7	C8	C9	C10	C11	C12	D1	D2	D3	D4	D5	D6	D7	D8	D9	D10	D11	D12	E1	E2	E3	E4	E5	E6	E7	E8	E9	E10	E11	E12	F1	F2	F3	F4	F5	F6	F7	F8	F9	F10	F11	F12	G1	G2	G3	G4	G5	G6	G7	G8	G9	G10	G11	G12	H1	H2	H3	H4	H5	H6	H7	H8	H9	H10	H11	H12
0:00:34	34.7	0.178	0.177	0.184	0.184	0.176	0.177	0.178	0.178	0.184	0.181	0.185	0.185	0.178	0.190	0.189	0.191	0.179	0.181	0.181	0.189	0.194	0.181	0.183	0.188	0.177	0.179	0.179	0.176	0.184	0.183	0.178	0.192	0.179	0.177	0.188	0.184	0.176	0.180	0.176	0.178	0.179	0.175	0.176	0.189	0.177	0.176	0.182	0.183	0.181	0.180	0.176	0.182	0.186	0.178	0.181	0.192	0.180	0.181	0.191	0.185	0.179	0.178	0.188	0.176	0.186	0.182	0.188	0.194	0.184	0.190	0.189	0.187	0.181	0.182	0.179	0.180	0.181	0.177	0.183	0.190	0.188	0.183	0.188	0.184	0.183	0.181	0.185	0.182	0.181	0.177	0.177	0.175	0.192	0.190	0.182	0.188
1:00:35	35.0	0.184	0.183	0.189	0.187	0.181	0.183	0.183	0.183	0.190	0.187	0.191	0.191	0.184	0.196	0.193	0.194	0.184	0.186	0.187	0.194	0.197	0.186	0.188	0.194	0.182	0.184	0.185	0.181	0.188	0.188	0.184	0.197	0.184	0.182	0.189	0.190	0.182	0.186	0.182	0.183	0.184	0.181	0.182	0.193	0.183	0.182	0.188	0.189	0.189	0.185	0.181	0.188	0.192	0.183	0.186	0.196	0.186	0.187	0.197	0.191	0.185	0.184	0.193	0.181	0.192	0.188	0.192	0.200	0.190	0.196	0.195	0.193	0.188	0.188	0.184	0.185	0.186	0.182	0.188	0.193	0.192	0.189	0.193	0.190	0.189	0.187	0.191	0.187	0.186	0.183	0.183	0.180	0.197	0.195	0.189	0.195
2:00:35	35.1	0.197	0.194	0.199	0.197	0.192	0.193	0.194	0.193	0.200	0.198	0.201	0.202	0.195	0.204	0.202	0.201	0.192	0.194	0.195	0.201	0.206	0.195	0.198	0.205	0.193	0.194	0.194	0.189	0.196	0.196	0.192	0.205	0.194	0.192	0.199	0.200	0.194	0.195	0.191	0.192	0.192	0.190	0.192	0.201	0.192	0.192	0.197	0.201	0.201	0.195	0.190	0.198	0.202	0.191	0.194	0.200	0.194	0.196	0.205	0.203	0.196	0.195	0.202	0.190	0.201	0.197	0.208	0.210	0.200	0.206	0.206	0.204	0.200	0.198	0.194	0.195	0.196	0.190	0.196	0.200	0.200	0.197	0.202	0.201	0.201	0.198	0.201	0.197	0.197	0.193	0.192	0.191	0.208	0.206	0.202	0.207
3:00:35	35.1	0.215	0.211	0.215	0.212	0.208	0.209	0.208	0.208	0.214	0.212	0.216	0.218	0.212	0.220	0.217	0.214	0.207	0.208	0.209	0.215	0.221	0.210	0.213	0.221	0.210	0.210	0.207	0.204	0.210	0.210	0.206	0.219	0.208	0.206	0.215	0.217	0.211	0.211	0.206	0.207	0.206	0.204	0.206	0.214	0.205	0.206	0.213	0.217	0.220	0.211	0.206	0.215	0.217	0.205	0.207	0.213	0.209	0.211	0.222	0.219	0.214	0.211	0.217	0.206	0.216	0.211	0.216	0.225	0.215	0.220	0.222	0.221	0.218	0.215	0.210	0.210	0.211	0.205	0.209	0.215	0.215	0.212	0.216	0.216	0.220	0.216	0.218	0.214	0.213	0.210	0.208	0.207	0.223	0.224	0.220	0.226
4:00:37	35.1	0.249	0.242	0.243	0.241	0.236	0.236	0.233	0.234	0.242	0.240	0.244	0.248	0.243	0.248	0.242	0.239	0.231	0.231	0.233	0.238	0.244	0.235	0.240	0.250	0.240	0.238	0.232	0.228	0.232	0.232	0.229	0.242	0.231	0.231	0.243	0.246	0.242	0.239	0.232	0.232	0.230	0.228	0.230	0.238	0.229	0.231	0.239	0.249	0.256	0.239	0.232	0.241	0.243	0.228	0.230	0.232	0.234	0.237	0.249	0.250	0.246	0.240	0.243	0.231	0.240	0.236	0.239	0.250	0.240	0.246	0.249	0.252	0.254	0.247	0.238	0.237	0.236	0.230	0.234	0.239	0.241	0.238	0.242	0.248	0.257	0.250	0.249	0.245	0.243	0.240	0.236	0.236	0.254	0.257	0.256	0.263
5:00:37	35.1	0.298	0.289	0.289	0.286	0.282	0.282	0.275	0.277	0.287	0.283	0.287	0.291	0.291	0.295	0.287	0.284	0.276	0.274	0.276	0.281	0.288	0.279	0.285	0.295	0.287	0.285	0.275	0.272	0.274	0.273	0.269	0.283	0.272	0.272	0.288	0.291	0.293	0.287	0.277	0.277	0.275	0.272	0.274	0.281	0.272	0.277	0.287	0.298	0.308	0.286	0.278	0.289	0.289	0.270	0.271	0.270	0.278	0.283	0.296	0.297	0.297	0.289	0.291	0.277	0.284	0.280	0.283	0.295	0.285	0.294	0.298	0.299	0.305	0.299	0.285	0.283	0.281	0.276	0.277	0.283	0.286	0.283	0.286	0.297	0.309	0.301	0.299	0.294	0.292	0.290	0.283	0.284	0.301	0.309	0.306	0.312
6:00:38	35.1	0.364	0.348	0.342	0.339	0.337	0.337	0.324	0.328	0.340	0.335	0.342	0.349	0.349	0.351	0.340	0.336	0.330	0.324	0.327	0.332	0.340	0.332	0.338	0.352	0.343	0.340	0.328	0.325	0.324	0.323	0.319	0.334	0.323	0.321	0.343	0.346	0.354	0.346	0.334	0.333	0.330	0.327	0.331	0.334	0.326	0.331	0.344	0.361	0.377	0.343	0.335	0.349	0.345	0.321	0.318	0.314	0.333	0.337	0.352	0.353	0.359	0.348	0.348	0.333	0.340	0.335	0.337	0.351	0.342	0.352	0.357	0.357	0.372	0.363	0.342	0.338	0.335	0.331	0.329	0.335	0.339	0.337	0.336	0.341	0.380	0.371	0.359	0.356	0.352	0.350	0.341	0.341	0.359	0.374	0.374	0.386
7:00:39	35.1	0.457	0.438	0.429	0.427	0.426	0.427	0.406	0.412	0.428	0.423	0.431	0.438	0.440	0.442	0.423	0.419	0.411	0.402	0.405	0.411	0.423	0.417	0.427	0.441	0.430	0.427	0.408	0.404	0.396	0.396	0.391	0.410	0.397	0.399	0.432	0.434	0.447	0.436	0.419	0.415	0.410	0.404	0.412	0.413	0.406	0.415	0.436	0.457	0.468	0.430	0.421	0.436	0.430	0.397	0.380	0.366	0.414	0.422	0.443	0.444	0.454	0.438	0.434	0.417	0.418	0.416	0.418	0.433	0.424	0.444	0.448	0.449	0.467	0.458	0.429	0.423	0.417	0.414	0.409	0.415	0.423	0.423	0.419	0.431	0.477	0.467	0.452	0.449	0.444	0.444	0.430	0.430	0.450	0.470	0.470	0.480
8:00:39	35.1	0.542	0.525	0.517	0.515	0.515	0.518	0.492	0.499	0.516	0.509	0.515	0.516	0.529	0.535	0.514	0.511	0.503	0.492	0.496	0.503	0.516	0.509	0.518	0.524	0.516	0.516	0.498	0.495	0.485	0.485	0.480	0.499	0.487	0.486	0.520	0.518	0.536	0.529	0.511	0.508	0.500	0.496	0.506	0.505	0.497	0.508	0.528	0.543	0.552	0.517	0.510	0.527	0.522	0.488	0.462	0.437	0.507	0.515	0.533	0.525	0.547	0.531	0.530	0.510	0.515	0.508	0.512	0.528	0.518	0.539	0.543	0.538	0.554	0.553	0.521	0.514	0.508	0.504	0.499	0.504	0.512	0.513	0.508	0.511	0.562	0.556	0.544	0.540	0.533	0.535	0.522	0.519	0.539	0.562	0.556	0.553
9:00:39	35.1	0.566	0.556	0.558	0.556	0.558	0.562	0.549	0.546	0.553	0.547	0.546	0.544	0.572	0.589	0.583	0.582	0.576	0.567	0.571	0.573	0.585	0.569	0.565	0.554	0.557	0.571	0.573	0.572	0.565	0.566	0.562	0.575	0.565	0.553	0.566	0.550	0.570	0.582	0.578	0.583	0.576	0.574	0.584	0.578	0.570	0.573	0.575	0.568	0.572	0.561	0.568	0.588	0.590	0.569	0.532	0.497	0.581	0.581	0.568	0.549	0.587	0.586	0.604	0.585	0.597	0.585	0.596	0.607	0.595	0.600	0.593	0.574	0.577	0.587	0.578	0.577	0.578	0.568	0.568	0.571	0.578	0.571	0.555	0.543	0.582	0.583	0.582	0.579	0.572	0.575	0.568	0.560	0.577	0.589	0.576	0.572
10:00:41	35.1	0.589	0.577	0.578	0.576	0.577	0.583	0.565	0.566	0.575	0.571	0.575	0.578	0.588	0.603	0.595	0.591	0.588	0.579	0.583	0.585	0.597	0.584	0.583	0.581	0.571	0.582	0.585	0.585	0.583	0.580	0.582	0.589	0.578	0.567	0.584	0.573	0.588	0.596	0.592	0.596	0.590	0.588	0.595	0.589	0.585	0.588	0.592	0.595	0.593	0.577	0.581	0.599	0.601	0.581	0.551	0.519	0.593	0.594	0.589	0.578	0.604	0.598	0.614	0.596	0.612	0.598	0.609	0.619	0.608	0.614	0.613	0.601	0.597	0.603	0.591	0.586	0.588	0.580	0.579	0.582	0.590	0.584	0.576	0.571	0.605	0.605	0.600	0.595	0.589	0.593	0.583	0.575	0.593	0.611	0.599	0.602
11:00:41	35.1	0.615	0.602	0.603	0.600	0.600	0.607	0.590	0.592	0.602	0.599	0.606	0.611	0.610	0.625	0.614	0.611	0.608	0.597	0.603	0.606	0.619	0.607	0.608	0.610	0.592	0.603	0.602	0.601	0.600	0.596	0.597	0.605	0.596	0.587	0.608	0.599	0.611	0.616	0.610	0.614	0.607	0.606	0.613	0.608	0.605	0.610	0.614	0.623	0.614	0.598	0.600	0.617	0.619	0.599	0.572	0.547	0.611	0.612	0.613	0.603	0.626	0.619	0.631	0.613	0.629	0.616	0.627	0.636	0.626	0.632	0.637	0.628	0.619	0.625	0.611	0.605	0.607	0.599	0.596	0.599	0.606	0.603	0.600	0.600	0.629	0.628	0.622	0.617	0.612	0.615	0.605	0.596	0.613	0.634	0.624	0.629
12:00:42	35.1	0.636	0.623	0.624	0.621	0.622	0.629	0.612	0.614	0.624	0.623	0.630	0.634	0.630	0.645	0.634	0.631	0.628	0.617	0.622	0.625	0.640	0.628	0.629	0.633	0.612	0.623	0.622	0.622	0.620	0.616	0.615	0.625	0.615	0.607	0.629	0.621	0.630	0.637	0.630	0.634	0.627	0.626	0.633	0.628	0.626	0.631	0.637	0.644	0.633	0.618	0.619	0.637	0.638	0.616	0.595	0.572	0.629	0.631	0.632	0.623	0.645	0.639	0.651	0.631	0.648	0.634	0.643	0.655	0.644	0.652	0.657	0.648	0.639	0.645	0.629	0.624	0.625	0.617	0.615	0.618	0.623	0.623	0.622	0.623	0.649	0.648	0.643	0.637	0.632	0.636	0.625	0.616	0.633	0.654	0.645	0.649
13:00:43	35.1	0.652	0.640	0.641	0.638	0.638	0.646	0.629	0.630	0.640	0.640	0.646	0.650	0.647	0.663	0.650	0.647	0.644	0.634	0.639	0.641	0.656	0.645	0.645	0.649	0.628	0.640	0.638	0.639	0.637	0.635	0.632	0.641	0.630	0.623	0.646	0.638	0.646	0.652	0.646	0.651	0.644	0.643	0.649	0.646	0.644	0.647	0.651	0.660	0.649	0.633	0.634	0.652	0.655	0.633	0.613	0.587	0.646	0.646	0.647	0.637	0.662	0.655	0.666	0.648	0.665	0.651	0.661	0.672	0.661	0.667	0.672	0.665	0.653	0.660	0.644	0.640	0.642	0.634	0.632	0.633	0.638	0.638	0.638	0.640	0.665	0.664	0.659	0.653	0.648	0.652	0.642	0.631	0.648	0.670	0.660	0.662
14:00:43	35.1	0.663	0.651	0.651	0.649	0.649	0.659	0.641	0.642	0.651	0.650	0.656	0.658	0.660	0.675	0.663	0.659	0.657	0.646	0.651	0.654	0.669	0.657	0.656	0.659	0.640	0.651	0.651	0.652	0.651	0.647	0.645	0.651	0.642	0.635	0.658	0.648	0.658	0.664	0.658	0.665	0.657	0.657	0.661	0.658	0.656	0.659	0.663	0.670	0.659	0.645	0.646	0.663	0.668	0.646	0.626	0.596	0.659	0.659	0.657	0.647	0.672	0.667	0.680	0.661	0.679	0.665	0.674	0.685	0.674	0.680	0.682	0.674	0.664	0.671	0.656	0.651	0.654	0.646	0.646	0.645	0.651	0.650	0.648	0.649	0.675	0.676	0.671	0.665	0.660	0.664	0.653	0.643	0.659	0.680	0.670	0.670
15:00:44	35.1	0.669	0.657	0.658	0.656	0.656	0.665	0.648	0.649	0.657	0.656	0.661	0.660	0.668	0.682	0.671	0.668	0.664	0.655	0.660	0.661	0.675	0.664	0.662	0.663	0.649	0.660	0.660	0.661	0.660	0.656	0.654	0.660	0.649	0.644	0.665	0.654	0.665	0.672	0.667	0.673	0.666	0.665	0.669	0.666	0.665	0.667	0.670	0.675	0.666	0.654	0.654	0.672	0.677	0.655	0.633	0.600	0.668	0.667	0.663	0.653	0.681	0.675	0.688	0.670	0.689	0.675	0.684	0.693	0.684	0.688	0.689	0.680	0.672	0.678	0.665	0.659	0.663	0.654	0.654	0.652	0.659	0.658	0.655	0.653	0.682	0.682	0.678	0.672	0.668	0.672	0.662	0.650	0.664	0.688	0.676	0.674
16:00:45	35.1	0.673	0.662	0.662	0.659	0.660	0.668	0.652	0.653	0.659	0.658	0.662	0.660	0.672	0.687	0.676	0.671	0.670	0.659	0.663	0.666	0.680	0.667	0.664	0.665	0.653	0.665	0.666	0.667	0.664	0.662	0.660	0.665	0.654	0.649	0.669	0.657	0.670	0.677	0.673	0.679	0.671	0.671	0.674	0.671	0.670	0.672	0.675	0.678	0.670	0.659	0.661	0.676	0.683	0.662	0.636	0.600	0.674	0.671	0.666	0.655	0.684	0.680	0.694	0.675	0.693	0.679	0.689	0.698	0.689	0.693	0.691	0.683	0.677	0.682	0.669	0.664	0.668	0.659	0.658	0.658	0.664	0.662	0.659	0.656	0.686	0.687	0.683	0.677	0.672	0.677	0.666	0.655	0.669	0.691	0.679	0.677
17:00:46	35.1	0.676	0.664	0.664	0.662	0.663	0.671	0.655	0.655	0.661	0.660	0.663	0.661	0.675	0.690	0.679	0.674	0.672	0.661	0.666	0.669	0.681	0.670	0.666	0.665	0.657	0.668	0.669	0.670	0.668	0.665	0.663	0.668	0.657	0.652	0.672	0.658	0.674	0.680	0.676	0.683	0.674	0.674	0.677	0.674	0.673	0.674	0.677	0.679	0.675	0.663	0.665	0.679	0.686	0.666	0.637	0.598	0.676	0.675	0.668	0.656	0.687	0.683	0.696	0.678	0.697	0.683	0.693	0.701	0.693	0.696	0.693	0.685	0.679	0.685	0.672	0.666	0.671	0.662	0.662	0.660	0.666	0.664	0.662	0.657	0.688	0.690	0.687	0.681	0.676	0.679	0.669	0.657	0.672	0.694	0.683	0.678
18:00:46	35.1	0.677	0.666	0.666	0.663	0.664	0.671	0.655	0.655	0.661	0.661	0.663	0.661	0.678	0.692	0.681	0.676	0.673	0.663	0.667	0.670	0.682	0.671	0.666	0.666	0.660	0.670	0.670	0.671	0.669	0.666	0.664	0.669	0.658	0.654	0.673	0.658	0.676	0.682	0.677	0.683	0.676	0.674	0.677	0.675	0.675	0.675	0.677	0.681	0.677	0.665	0.667	0.681	0.687	0.668	0.638	0.594	0.679	0.677	0.669	0.656	0.690	0.684	0.698	0.680	0.698	0.684	0.695	0.702	0.694	0.698	0.695	0.686	0.681	0.686	0.673	0.668	0.673	0.663	0.664	0.662	0.668	0.667	0.663	0.655	0.691	0.693	0.689	0.682	0.677	0.681	0.671	0.659	0.672	0.696	0.683	0.678
19:00:47	35.1	0.678	0.667	0.667	0.663	0.665	0.673	0.656	0.656	0.661	0.661	0.664	0.661	0.680	0.693	0.682	0.676	0.673	0.663	0.667	0.671	0.683	0.671	0.666	0.666	0.662	0.672	0.671	0.673	0.670	0.666	0.664	0.670	0.658	0.654	0.674	0.657	0.679	0.683	0.678	0.684	0.677	0.675	0.677	0.675	0.675	0.675	0.678	0.682	0.680	0.667	0.668	0.681	0.689	0.668	0.637	0.587	0.679	0.678	0.670	0.656	0.691	0.686	0.698	0.680	0.699	0.685	0.695	0.702	0.694	0.699	0.695	0.685	0.682	0.688	0.675	0.669	0.674	0.665	0.666	0.663	0.668	0.668	0.662	0.656	0.691	0.693	0.690	0.684	0.679	0.682	0.673	0.660	0.674	0.698	0.683	0.679
20:00:48	35.1	0.678	0.667	0.667	0.664	0.665	0.673	0.655	0.655	0.662	0.661	0.664	0.662	0.680	0.694	0.682	0.677	0.674	0.664	0.667	0.671	0.683	0.673	0.667	0.667	0.663	0.672	0.672	0.674	0.670	0.667	0.664	0.672	0.659	0.655	0.674	0.658	0.681	0.684	0.679	0.686	0.677	0.675	0.678	0.676	0.676	0.676	0.679	0.682	0.681	0.668	0.669	0.682	0.690	0.669	0.635	0.582	0.680	0.678	0.670	0.657	0.692	0.687	0.699	0.682	0.699	0.686	0.694	0.701	0.696	0.700	0.695	0.686	0.684	0.689	0.676	0.670	0.675	0.666	0.667	0.664	0.669	0.669	0.663	0.658	0.693	0.694	0.692	0.685	0.680	0.684	0.675	0.661	0.674	0.698	0.686	0.679
21:00:49	35.1	0.678	0.668	0.668	0.664	0.665	0.674	0.655	0.656	0.663	0.662	0.665	0.661	0.680	0.696	0.682	0.678	0.674	0.663	0.668	0.671	0.683	0.672	0.667	0.667	0.663	0.673	0.672	0.674	0.671	0.667	0.665	0.672	0.660	0.655	0.675	0.658	0.681	0.686	0.679	0.686	0.677	0.675	0.678	0.677	0.676	0.676	0.680	0.682	0.682	0.669	0.670	0.682	0.690	0.671	0.632	0.577	0.681	0.679	0.671	0.657	0.694	0.688	0.700	0.682	0.699	0.686	0.696	0.702	0.696	0.701	0.697	0.686	0.685	0.689	0.677	0.671	0.676	0.666	0.667	0.665	0.670	0.670	0.664	0.656	0.694	0.696	0.692	0.687	0.680	0.685	0.676	0.662	0.675	0.698	0.685	0.679
22:00:50	35.1	0.679	0.668	0.668	0.664	0.666	0.675	0.657	0.656	0.663	0.662	0.664	0.661	0.680	0.696	0.685	0.677	0.674	0.664	0.668	0.671	0.684	0.672	0.667	0.666	0.663	0.675	0.673	0.674	0.671	0.666	0.665	0.671	0.660	0.656	0.675	0.658	0.682	0.687	0.680	0.687	0.678	0.676	0.678	0.677	0.676	0.676	0.682	0.683	0.683	0.670	0.671	0.683	0.691	0.671	0.629	0.574	0.681	0.680	0.670	0.656	0.694	0.689	0.700	0.683	0.700	0.686	0.696	0.702	0.696	0.701	0.696	0.686	0.686	0.690	0.677	0.671	0.676	0.666	0.669	0.665	0.670	0.670	0.664	0.657	0.693	0.696	0.693	0.687	0.680	0.685	0.676	0.662	0.675	0.699	0.686	0.679
23:00:51	35.1	0.678	0.668	0.668	0.664	0.666	0.675	0.656	0.656	0.663	0.662	0.664	0.660	0.681	0.694	0.683	0.678	0.675	0.664	0.668	0.673	0.684	0.673	0.666	0.666	0.663	0.674	0.673	0.675	0.672	0.666	0.666	0.672	0.661	0.657	0.676	0.657	0.684	0.688	0.681	0.687	0.679	0.676	0.678	0.677	0.675	0.676	0.682	0.683	0.683	0.671	0.671	0.683	0.691	0.672	0.626	0.574	0.681	0.681	0.671	0.657	0.694	0.689	0.700	0.683	0.699	0.687	0.696	0.701	0.696	0.702	0.697	0.686	0.686	0.691	0.678	0.672	0.677	0.668	0.669	0.665	0.671	0.670	0.663	0.657	0.694	0.696	0.694	0.687	0.681	0.685	0.677	0.663	0.676	0.700	0.686	0.680
0:00:00																																																																																																	

Results
	1	2	3	4	5	6	7	8	9	10	11	12
A	1.242	1.190	1.188	1.192	1.217	1.237	1.194	1.179	1.183	1.169	1.151	1.141	Max V [600]
	0.986	0.982	0.987	0.986	0.987	0.987	0.992	0.989	0.984	0.984	0.980	0.982	R-Squared [600]
	6:00:38	6:00:38	7:00:38	7:00:38	7:00:38	7:00:38	7:00:38	7:00:38	7:00:38	7:00:38	7:00:38	6:00:38	t at Max V [600]
	3:16:16	3:19:45	3:36:04	3:38:29	3:36:53	3:40:25	3:47:29	3:41:27	3:37:31	3:36:35	3:32:56	3:19:48	Lagtime [600]
B	1.235	1.286	1.280	1.285	1.291	1.258	1.265	1.261	1.285	1.264	1.233	1.156	Max V [600]
	0.988	0.991	0.993	0.993	0.994	0.992	0.993	0.993	0.993	0.992	0.989	0.981	R-Squared [600]
	7:00:38	7:00:38	7:00:38	7:00:38	7:00:38	7:00:38	7:00:38	7:00:38	7:00:38	7:00:38	7:00:38	6:00:38	t at Max V [600]
	3:31:44	3:44:32	3:52:26	3:57:21	3:54:41	3:57:01	3:56:12	3:57:30	3:56:48	3:50:09	3:42:51	3:20:51	Lagtime [600]
C	1.189	1.246	1.277	1.282	1.241	1.245	1.244	1.247	1.249	1.212	1.219	1.150	Max V [600]
	0.987	0.992	0.994	0.993	0.991	0.990	0.990	0.992	0.992	0.993	0.989	0.982	R-Squared [600]
	7:00:38	7:00:38	7:00:38	7:00:38	7:00:38	7:00:38	7:00:38	7:00:38	7:00:38	7:00:38	7:00:38	7:00:38	t at Max V [600]
	3:30:22	3:41:15	3:54:22	3:55:33	3:59:33	3:59:36	3:59:18	3:57:49	3:56:47	3:51:26	3:42:22	3:28:24	Lagtime [600]
D	1.234	1.288	1.299	1.313	1.287	1.289	1.326	1.275	1.276	1.282	1.265	1.245	Max V [600]
	0.984	0.992	0.994	0.994	0.994	0.993	0.994	0.993	0.994	0.993	0.988	0.983	R-Squared [600]
	6:00:38	7:00:38	7:00:38	7:00:38	7:00:38	7:00:38	7:00:38	7:00:38	7:00:38	7:00:38	7:00:38	6:00:38	t at Max V [600]
	3:19:39	3:42:00	3:50:06	3:53:46	3:54:37	3:54:54	3:55:53	3:57:16	3:55:11	3:49:57	3:41:11	3:20:42	Lagtime [600]
E	1.252	1.206	1.259	1.295	1.295	1.277	1.110	0.963	1.302	1.288	1.211	1.162	Max V [600]
	0.989	0.989	0.993	0.994	0.994	0.991	0.991	0.993	0.994	0.993	0.983	0.983	R-Squared [600]
	6:00:38	7:00:38	7:00:38	7:00:38	7:00:38	7:00:38	7:00:38	7:00:38	7:00:38	7:00:38	7:00:38	6:00:38	t at Max V [600]
	3:12:30	3:35:16	3:45:06	3:42:43	3:48:16	3:59:58	3:49:44	3:49:02	3:54:26	3:49:10	3:36:19	3:17:59	Lagtime [600]
F	1.277	1.295	1.347	1.319	1.335	1.302	1.334	1.334	1.328	1.332	1.294	1.218	Max V [600]
	0.985	0.992	0.994	0.994	0.992	0.994	0.992	0.993	0.994	0.993	0.990	0.983	R-Squared [600]
	7:00:38	7:00:38	7:00:38	7:00:38	7:00:38	7:00:38	7:00:38	7:00:38	7:00:38	7:00:38	7:00:38	7:00:38	t at Max V [600]
	3:29:10	3:39:59	3:52:19	3:52:07	3:57:40	3:54:27	4:00:09	3:54:10	3:53:11	3:48:27	3:40:22	3:30:16	Lagtime [600]
G	1.272	1.287	1.275	1.273	1.281	1.262	1.256	1.242	1.260	1.250	1.185	1.104	Max V [600]
	0.987	0.983	0.992	0.993	0.994	0.994	0.993	0.994	0.994	0.993	0.989	0.978	R-Squared [600]
	6:00:38	6:00:38	7:00:38	7:00:38	7:00:38	7:00:38	7:00:38	7:00:38	7:00:38	7:00:38	7:00:38	7:00:38	t at Max V [600]
	3:16:01	3:23:31	3:42:25	3:46:37	3:51:29	3:49:10	3:54:57	3:53:53	3:50:07	3:47:17	3:43:43	3:22:41	Lagtime [600]
H	1.295	1.296	1.250	1.256	1.236	1.260	1.250	1.217	1.221	1.285	1.274	1.248	Max V [600]
	0.988	0.987	0.984	0.985	0.985	0.985	0.989	0.987	0.985	0.984	0.986	0.990	R-Squared [600]
	6:00:38	6:00:38	7:00:38	7:00:38	7:00:38	7:00:38	7:00:38	7:00:38	7:00:38	6:00:38	6:00:38	6:00:38	t at Max V [600]
	3:15:25	3:19:41	3:30:55	3:32:26	3:32:22	3:32:45	3:39:09	3:33:23	3:33:09	3:21:34	3:15:58	3:11:21	Lagtime [600]

