

Software Version	3.10.06



Experiment File Path:	C:\Users\patil-group\Desktop\Sweeteners_stacker\221021_NT5009_11_Rep2\NT5009_11_Rep2_read2.xpt
Protocol File Path:	C:\Users\Public\Documents\Protocols\Screening-protocol.prt



Plate Number	Plate 12
Date	22/10/2021
Time	16:59:51
Reader Type:	Epoch 2
Reader Serial Number:	2103223
Reading Type	Reader

Procedure Details

Plate Type	96 WELL PLATE
Discontinuous Kinetics	Runtime 1:00:00 (D:HH:MM), Interval 0:01:00, 25 Reads
	Pause after each run
Eject plate on completion	
Shake	Linear: 0:00:30 (HH:MM:SS)
	Frequency: 567 cpm (3 mm)
Read	Absorbance Endpoint
	Full Plate
	Wavelengths:  600
	Read Speed: Normal,  Delay: 100 msec,  Measurements/Data Point: 8

600

Time	T° 600	A1	A2	A3	A4	A5	A6	A7	A8	A9	A10	A11	A12	B1	B2	B3	B4	B5	B6	B7	B8	B9	B10	B11	B12	C1	C2	C3	C4	C5	C6	C7	C8	C9	C10	C11	C12	D1	D2	D3	D4	D5	D6	D7	D8	D9	D10	D11	D12	E1	E2	E3	E4	E5	E6	E7	E8	E9	E10	E11	E12	F1	F2	F3	F4	F5	F6	F7	F8	F9	F10	F11	F12	G1	G2	G3	G4	G5	G6	G7	G8	G9	G10	G11	G12	H1	H2	H3	H4	H5	H6	H7	H8	H9	H10	H11	H12
0:00:34	34.3	0.171	0.164	0.167	0.167	0.181	0.172	0.190	0.170	0.168	0.161	0.167	0.182	0.169	0.170	0.166	0.169	0.174	0.166	0.177	0.167	0.162	0.171	0.169	0.173	0.170	0.178	0.168	0.193	0.181	0.168	0.165	0.167	0.163	0.181	0.177	0.177	0.230	0.248	0.247	0.285	0.184	0.179	0.178	0.181	0.307	0.288	0.260	0.256	0.197	0.208	0.213	0.242	0.186	0.172	0.172	0.168	0.172	0.169	0.170	0.171	0.198	0.220	0.231	0.169	0.178	0.175	0.203	0.188	0.191	0.177	0.178	0.172	0.172	0.169	0.177	0.178	0.169	0.179	0.195	0.165	0.171	0.167	0.168	0.160	0.173	0.164	0.165	0.172	0.173	0.172	0.172	0.162	0.167	0.167	0.161	0.170
1:00:31	35.0	0.180	0.173	0.176	0.176	0.181	0.173	0.194	0.173	0.172	0.170	0.173	0.184	0.174	0.175	0.172	0.172	0.174	0.167	0.177	0.168	0.161	0.170	0.167	0.173	0.178	0.183	0.173	0.194	0.180	0.171	0.169	0.171	0.167	0.181	0.180	0.181	0.211	0.231	0.227	0.258	0.179	0.177	0.176	0.176	0.251	0.251	0.227	0.230	0.191	0.195	0.203	0.207	0.180	0.171	0.172	0.168	0.171	0.173	0.174	0.175	0.193	0.205	0.220	0.172	0.183	0.180	0.189	0.175	0.183	0.178	0.178	0.176	0.177	0.173	0.178	0.176	0.170	0.180	0.199	0.172	0.174	0.171	0.171	0.167	0.180	0.169	0.172	0.177	0.179	0.176	0.177	0.168	0.173	0.172	0.170	0.176
2:00:34	34.9	0.215	0.205	0.206	0.207	0.212	0.205	0.226	0.203	0.200	0.201	0.205	0.218	0.206	0.204	0.201	0.198	0.204	0.193	0.203	0.195	0.169	0.179	0.179	0.187	0.207	0.211	0.206	0.219	0.205	0.195	0.194	0.200	0.196	0.214	0.216	0.211	0.216	0.238	0.226	0.262	0.207	0.204	0.202	0.202	0.241	0.246	0.228	0.233	0.215	0.221	0.239	0.250	0.210	0.194	0.197	0.192	0.196	0.199	0.204	0.203	0.202	0.210	0.223	0.200	0.211	0.208	0.225	0.202	0.206	0.206	0.207	0.204	0.209	0.208	0.208	0.186	0.181	0.189	0.232	0.202	0.205	0.200	0.202	0.196	0.209	0.197	0.203	0.206	0.208	0.203	0.206	0.199	0.202	0.203	0.201	0.209
3:00:32	35.0	0.256	0.239	0.240	0.242	0.250	0.240	0.260	0.238	0.230	0.232	0.237	0.254	0.242	0.238	0.233	0.230	0.237	0.226	0.234	0.226	0.178	0.188	0.190	0.200	0.241	0.242	0.241	0.248	0.234	0.225	0.223	0.231	0.229	0.247	0.250	0.244	0.226	0.242	0.234	0.260	0.237	0.235	0.232	0.231	0.241	0.247	0.234	0.242	0.243	0.237	0.246	0.256	0.242	0.222	0.226	0.220	0.224	0.230	0.235	0.235	0.214	0.218	0.228	0.231	0.244	0.240	0.231	0.216	0.229	0.237	0.240	0.235	0.245	0.243	0.241	0.195	0.190	0.197	0.257	0.228	0.233	0.232	0.235	0.227	0.242	0.227	0.236	0.238	0.240	0.234	0.237	0.229	0.234	0.239	0.237	0.243
4:00:32	34.9	0.312	0.285	0.293	0.289	0.304	0.290	0.309	0.291	0.270	0.278	0.284	0.303	0.287	0.282	0.278	0.274	0.285	0.268	0.276	0.268	0.190	0.203	0.206	0.222	0.288	0.287	0.294	0.290	0.277	0.264	0.260	0.281	0.274	0.298	0.302	0.290	0.239	0.253	0.243	0.268	0.286	0.285	0.277	0.276	0.250	0.256	0.247	0.255	0.276	0.271	0.284	0.296	0.293	0.263	0.267	0.258	0.266	0.271	0.280	0.276	0.231	0.229	0.238	0.276	0.293	0.292	0.270	0.248	0.261	0.285	0.289	0.278	0.294	0.293	0.294	0.208	0.203	0.209	0.301	0.269	0.283	0.273	0.282	0.271	0.281	0.268	0.283	0.281	0.282	0.275	0.275	0.270	0.273	0.280	0.280	0.288
5:00:33	34.9	0.373	0.343	0.358	0.351	0.369	0.352	0.374	0.354	0.322	0.330	0.342	0.355	0.343	0.341	0.341	0.335	0.347	0.326	0.334	0.322	0.204	0.218	0.225	0.240	0.351	0.351	0.357	0.349	0.339	0.322	0.313	0.341	0.334	0.363	0.367	0.348	0.254	0.271	0.259	0.285	0.348	0.351	0.337	0.338	0.263	0.269	0.262	0.270	0.330	0.324	0.339	0.366	0.359	0.323	0.325	0.311	0.327	0.328	0.341	0.327	0.251	0.248	0.256	0.338	0.359	0.359	0.335	0.299	0.313	0.351	0.353	0.336	0.350	0.358	0.361	0.227	0.219	0.225	0.358	0.327	0.346	0.327	0.343	0.327	0.332	0.321	0.345	0.335	0.338	0.329	0.323	0.323	0.324	0.333	0.325	0.338
6:00:34	34.9	0.400	0.384	0.404	0.396	0.413	0.391	0.412	0.392	0.361	0.372	0.368	0.369	0.379	0.389	0.396	0.391	0.398	0.380	0.386	0.371	0.219	0.236	0.244	0.261	0.388	0.406	0.415	0.407	0.397	0.379	0.371	0.398	0.391	0.415	0.416	0.379	0.270	0.293	0.280	0.309	0.405	0.404	0.391	0.394	0.279	0.287	0.278	0.284	0.391	0.387	0.420	0.425	0.419	0.381	0.382	0.367	0.383	0.384	0.393	0.360	0.272	0.270	0.277	0.399	0.423	0.423	0.398	0.364	0.378	0.408	0.400	0.374	0.386	0.411	0.417	0.251	0.237	0.245	0.410	0.376	0.394	0.373	0.380	0.357	0.360	0.356	0.384	0.372	0.374	0.369	0.358	0.355	0.357	0.363	0.343	0.352
7:00:35	34.9	0.406	0.391	0.409	0.403	0.416	0.397	0.416	0.394	0.368	0.379	0.373	0.375	0.386	0.397	0.403	0.399	0.404	0.387	0.393	0.376	0.235	0.255	0.268	0.285	0.391	0.408	0.419	0.414	0.403	0.390	0.377	0.401	0.401	0.422	0.420	0.384	0.289	0.322	0.305	0.333	0.420	0.419	0.408	0.408	0.300	0.307	0.297	0.301	0.410	0.420	0.456	0.471	0.434	0.401	0.401	0.385	0.398	0.394	0.399	0.366	0.297	0.300	0.304	0.417	0.444	0.438	0.444	0.413	0.415	0.417	0.405	0.378	0.393	0.417	0.426	0.280	0.260	0.271	0.412	0.378	0.393	0.381	0.383	0.361	0.365	0.360	0.391	0.377	0.379	0.374	0.364	0.361	0.366	0.371	0.350	0.357
8:00:35	34.9	0.414	0.400	0.415	0.414	0.419	0.403	0.422	0.398	0.375	0.386	0.381	0.385	0.395	0.404	0.410	0.404	0.409	0.393	0.398	0.384	0.254	0.276	0.294	0.307	0.399	0.412	0.420	0.416	0.407	0.395	0.380	0.405	0.408	0.427	0.427	0.391	0.309	0.346	0.329	0.356	0.424	0.425	0.412	0.412	0.321	0.327	0.318	0.319	0.410	0.418	0.458	0.467	0.439	0.407	0.405	0.392	0.404	0.400	0.406	0.373	0.324	0.326	0.331	0.425	0.452	0.444	0.443	0.413	0.418	0.423	0.411	0.383	0.401	0.425	0.430	0.312	0.287	0.297	0.411	0.377	0.395	0.386	0.387	0.366	0.370	0.366	0.396	0.384	0.386	0.378	0.371	0.367	0.371	0.380	0.360	0.364
9:00:35	34.9	0.424	0.410	0.424	0.424	0.427	0.413	0.431	0.406	0.385	0.396	0.391	0.396	0.407	0.414	0.419	0.412	0.421	0.403	0.408	0.393	0.272	0.296	0.309	0.319	0.409	0.420	0.428	0.424	0.417	0.404	0.389	0.414	0.420	0.434	0.437	0.399	0.327	0.366	0.348	0.372	0.429	0.432	0.418	0.418	0.339	0.345	0.335	0.335	0.416	0.424	0.449	0.468	0.447	0.415	0.413	0.401	0.412	0.411	0.416	0.385	0.348	0.349	0.356	0.434	0.464	0.453	0.443	0.411	0.420	0.433	0.421	0.393	0.413	0.432	0.439	0.334	0.309	0.322	0.416	0.382	0.399	0.396	0.393	0.373	0.382	0.374	0.404	0.393	0.394	0.388	0.382	0.375	0.379	0.389	0.372	0.374
10:00:35	34.9	0.436	0.423	0.438	0.439	0.438	0.428	0.442	0.419	0.398	0.409	0.403	0.409	0.423	0.429	0.435	0.425	0.436	0.416	0.421	0.407	0.284	0.306	0.319	0.328	0.422	0.430	0.436	0.435	0.429	0.417	0.399	0.426	0.435	0.447	0.451	0.410	0.340	0.381	0.363	0.388	0.439	0.443	0.429	0.430	0.354	0.358	0.350	0.344	0.427	0.433	0.458	0.470	0.458	0.428	0.427	0.414	0.425	0.425	0.431	0.399	0.360	0.371	0.378	0.449	0.476	0.464	0.445	0.418	0.420	0.448	0.432	0.405	0.428	0.446	0.449	0.346	0.319	0.332	0.423	0.390	0.407	0.409	0.404	0.384	0.394	0.385	0.416	0.406	0.406	0.401	0.394	0.388	0.394	0.402	0.385	0.385
11:00:36	34.9	0.449	0.437	0.452	0.454	0.450	0.443	0.455	0.432	0.410	0.425	0.418	0.421	0.439	0.446	0.450	0.441	0.452	0.433	0.438	0.423	0.292	0.314	0.323	0.330	0.437	0.444	0.446	0.447	0.443	0.430	0.412	0.438	0.452	0.461	0.465	0.423	0.344	0.383	0.369	0.392	0.452	0.455	0.442	0.444	0.358	0.361	0.354	0.347	0.438	0.443	0.461	0.478	0.471	0.443	0.442	0.429	0.440	0.441	0.447	0.413	0.359	0.373	0.381	0.464	0.491	0.480	0.456	0.422	0.430	0.464	0.448	0.417	0.443	0.460	0.464	0.352	0.326	0.337	0.432	0.398	0.418	0.423	0.416	0.395	0.407	0.398	0.430	0.418	0.419	0.412	0.409	0.399	0.405	0.416	0.399	0.397
12:00:36	34.9	0.459	0.448	0.465	0.467	0.462	0.454	0.466	0.442	0.422	0.436	0.427	0.431	0.452	0.460	0.464	0.455	0.469	0.448	0.451	0.438	0.300	0.320	0.327	0.336	0.449	0.456	0.458	0.461	0.457	0.444	0.425	0.450	0.468	0.474	0.477	0.433	0.345	0.383	0.370	0.390	0.465	0.471	0.455	0.458	0.358	0.362	0.355	0.349	0.450	0.457	0.469	0.485	0.487	0.458	0.457	0.447	0.456	0.455	0.462	0.424	0.359	0.367	0.378	0.479	0.507	0.492	0.463	0.432	0.438	0.477	0.463	0.428	0.456	0.475	0.479	0.352	0.332	0.343	0.441	0.408	0.428	0.436	0.429	0.406	0.416	0.409	0.439	0.431	0.430	0.425	0.419	0.411	0.417	0.427	0.409	0.406
13:00:36	34.9	0.467	0.457	0.473	0.477	0.467	0.464	0.474	0.450	0.433	0.446	0.436	0.441	0.463	0.471	0.476	0.467	0.480	0.458	0.463	0.451	0.306	0.323	0.332	0.342	0.457	0.463	0.464	0.470	0.466	0.454	0.433	0.458	0.477	0.484	0.487	0.442	0.344	0.377	0.367	0.386	0.474	0.479	0.464	0.468	0.357	0.361	0.353	0.348	0.458	0.464	0.473	0.495	0.498	0.472	0.468	0.458	0.466	0.466	0.470	0.434	0.360	0.367	0.377	0.489	0.518	0.504	0.469	0.438	0.447	0.490	0.472	0.438	0.467	0.485	0.488	0.353	0.331	0.342	0.446	0.414	0.434	0.445	0.438	0.414	0.426	0.419	0.448	0.440	0.438	0.435	0.429	0.419	0.425	0.438	0.418	0.414
14:00:37	34.9	0.476	0.465	0.480	0.486	0.476	0.474	0.482	0.459	0.442	0.455	0.443	0.450	0.474	0.481	0.487	0.478	0.491	0.468	0.473	0.460	0.309	0.327	0.338	0.348	0.466	0.469	0.472	0.477	0.474	0.464	0.443	0.465	0.486	0.492	0.495	0.451	0.345	0.376	0.366	0.382	0.483	0.492	0.473	0.476	0.357	0.360	0.355	0.350	0.466	0.473	0.480	0.501	0.505	0.480	0.479	0.468	0.475	0.477	0.479	0.445	0.363	0.368	0.378	0.501	0.526	0.510	0.482	0.447	0.456	0.499	0.480	0.449	0.477	0.494	0.498	0.358	0.335	0.346	0.451	0.420	0.440	0.455	0.448	0.422	0.436	0.427	0.459	0.449	0.449	0.445	0.439	0.428	0.434	0.447	0.427	0.423
15:00:38	34.9	0.484	0.472	0.485	0.493	0.481	0.481	0.489	0.466	0.450	0.462	0.451	0.458	0.485	0.489	0.497	0.486	0.501	0.477	0.483	0.469	0.313	0.333	0.344	0.355	0.475	0.476	0.479	0.487	0.482	0.473	0.452	0.471	0.494	0.498	0.502	0.459	0.347	0.375	0.365	0.380	0.489	0.498	0.476	0.482	0.358	0.361	0.357	0.352	0.476	0.484	0.490	0.506	0.517	0.490	0.489	0.479	0.485	0.486	0.487	0.454	0.367	0.371	0.379	0.509	0.535	0.518	0.489	0.457	0.466	0.508	0.489	0.457	0.486	0.502	0.504	0.364	0.339	0.349	0.454	0.425	0.445	0.462	0.454	0.428	0.444	0.435	0.467	0.458	0.457	0.453	0.448	0.436	0.443	0.455	0.435	0.430
16:00:39	34.9	0.490	0.478	0.492	0.500	0.487	0.488	0.495	0.472	0.456	0.469	0.457	0.464	0.495	0.498	0.504	0.494	0.509	0.485	0.491	0.477	0.317	0.338	0.350	0.362	0.483	0.480	0.486	0.493	0.489	0.481	0.458	0.475	0.501	0.503	0.508	0.465	0.349	0.374	0.367	0.379	0.493	0.504	0.482	0.489	0.360	0.362	0.359	0.354	0.484	0.492	0.496	0.514	0.523	0.497	0.497	0.487	0.493	0.494	0.495	0.461	0.372	0.374	0.381	0.516	0.541	0.523	0.498	0.464	0.473	0.514	0.495	0.464	0.494	0.510	0.513	0.369	0.343	0.354	0.459	0.430	0.450	0.468	0.459	0.434	0.451	0.443	0.476	0.465	0.464	0.461	0.457	0.444	0.449	0.462	0.442	0.436
17:00:39	34.9	0.497	0.486	0.496	0.505	0.492	0.493	0.500	0.477	0.463	0.474	0.463	0.471	0.502	0.505	0.511	0.500	0.516	0.492	0.498	0.484	0.322	0.344	0.357	0.369	0.488	0.486	0.489	0.499	0.496	0.486	0.464	0.483	0.506	0.509	0.513	0.471	0.351	0.376	0.368	0.383	0.498	0.508	0.486	0.494	0.362	0.363	0.361	0.357	0.490	0.499	0.504	0.517	0.529	0.504	0.504	0.494	0.500	0.500	0.500	0.468	0.377	0.378	0.386	0.521	0.547	0.532	0.506	0.471	0.480	0.520	0.502	0.471	0.501	0.516	0.520	0.374	0.348	0.359	0.462	0.435	0.453	0.474	0.463	0.439	0.457	0.448	0.483	0.471	0.470	0.469	0.464	0.449	0.456	0.468	0.449	0.442
18:00:39	34.9	0.501	0.492	0.499	0.509	0.497	0.497	0.504	0.481	0.468	0.479	0.468	0.476	0.507	0.510	0.517	0.505	0.522	0.497	0.503	0.488	0.326	0.347	0.361	0.375	0.494	0.491	0.493	0.504	0.501	0.491	0.469	0.486	0.510	0.510	0.517	0.477	0.354	0.376	0.370	0.380	0.503	0.511	0.490	0.499	0.363	0.365	0.363	0.359	0.497	0.505	0.508	0.516	0.532	0.509	0.509	0.499	0.504	0.505	0.505	0.474	0.382	0.381	0.390	0.525	0.552	0.533	0.512	0.477	0.486	0.525	0.507	0.477	0.505	0.522	0.524	0.379	0.352	0.362	0.465	0.439	0.457	0.478	0.466	0.444	0.462	0.453	0.488	0.477	0.475	0.474	0.468	0.454	0.462	0.475	0.453	0.447
19:00:40	34.9	0.505	0.495	0.502	0.511	0.499	0.502	0.508	0.485	0.477	0.483	0.471	0.480	0.512	0.513	0.520	0.508	0.525	0.500	0.507	0.493	0.329	0.351	0.365	0.380	0.500	0.494	0.496	0.507	0.506	0.496	0.473	0.490	0.514	0.515	0.521	0.481	0.357	0.377	0.371	0.380	0.507	0.514	0.492	0.501	0.365	0.366	0.366	0.361	0.503	0.511	0.513	0.524	0.535	0.513	0.514	0.505	0.509	0.509	0.508	0.480	0.386	0.384	0.392	0.527	0.555	0.536	0.519	0.483	0.491	0.526	0.510	0.482	0.509	0.525	0.528	0.381	0.355	0.365	0.467	0.441	0.459	0.481	0.468	0.448	0.469	0.458	0.492	0.482	0.480	0.477	0.473	0.459	0.465	0.479	0.457	0.451
20:00:40	34.9	0.508	0.499	0.504	0.513	0.499	0.505	0.510	0.487	0.475	0.485	0.475	0.484	0.516	0.516	0.521	0.510	0.527	0.503	0.510	0.496	0.331	0.353	0.367	0.383	0.504	0.495	0.497	0.510	0.508	0.499	0.476	0.493	0.517	0.516	0.522	0.484	0.359	0.376	0.373	0.381	0.509	0.515	0.494	0.504	0.367	0.367	0.368	0.363	0.507	0.517	0.515	0.525	0.538	0.517	0.517	0.508	0.511	0.513	0.511	0.484	0.390	0.387	0.396	0.529	0.557	0.537	0.521	0.489	0.494	0.528	0.512	0.486	0.512	0.527	0.528	0.383	0.357	0.369	0.469	0.443	0.461	0.484	0.470	0.452	0.470	0.461	0.496	0.485	0.483	0.481	0.476	0.463	0.468	0.482	0.461	0.455
21:00:41	34.9	0.510	0.501	0.505	0.515	0.500	0.507	0.512	0.490	0.479	0.487	0.476	0.485	0.519	0.518	0.523	0.512	0.527	0.504	0.511	0.498	0.332	0.354	0.369	0.385	0.507	0.498	0.498	0.511	0.509	0.500	0.479	0.492	0.517	0.516	0.522	0.486	0.360	0.376	0.375	0.381	0.509	0.516	0.495	0.504	0.368	0.368	0.369	0.364	0.511	0.519	0.519	0.528	0.538	0.518	0.517	0.510	0.513	0.514	0.512	0.487	0.393	0.389	0.397	0.528	0.556	0.538	0.524	0.490	0.499	0.527	0.513	0.489	0.515	0.527	0.530	0.384	0.359	0.368	0.470	0.446	0.462	0.485	0.471	0.453	0.472	0.464	0.498	0.488	0.487	0.484	0.480	0.465	0.470	0.485	0.463	0.457
22:00:42	34.9	0.514	0.503	0.507	0.516	0.500	0.508	0.514	0.491	0.478	0.488	0.478	0.488	0.520	0.520	0.524	0.513	0.528	0.505	0.513	0.499	0.331	0.355	0.369	0.386	0.509	0.498	0.499	0.514	0.510	0.502	0.481	0.494	0.518	0.514	0.522	0.488	0.362	0.376	0.375	0.379	0.509	0.515	0.494	0.504	0.370	0.370	0.371	0.366	0.514	0.522	0.520	0.529	0.539	0.519	0.519	0.511	0.513	0.515	0.512	0.489	0.394	0.391	0.399	0.529	0.556	0.535	0.525	0.493	0.499	0.527	0.514	0.491	0.516	0.525	0.530	0.385	0.359	0.369	0.469	0.446	0.461	0.487	0.471	0.455	0.474	0.465	0.500	0.490	0.489	0.486	0.482	0.467	0.473	0.487	0.464	0.459
23:00:42	35.0	0.514	0.503	0.505	0.516	0.499	0.508	0.515	0.490	0.487	0.489	0.479	0.488	0.520	0.519	0.522	0.513	0.526	0.504	0.511	0.499	0.329	0.354	0.367	0.387	0.509	0.498	0.497	0.512	0.510	0.502	0.482	0.490	0.517	0.511	0.520	0.488	0.361	0.373	0.374	0.378	0.507	0.513	0.493	0.502	0.371	0.370	0.372	0.366	0.515	0.520	0.517	0.526	0.538	0.517	0.519	0.512	0.511	0.515	0.512	0.491	0.397	0.391	0.399	0.528	0.555	0.533	0.525	0.496	0.500	0.524	0.514	0.492	0.516	0.523	0.529	0.382	0.357	0.368	0.468	0.446	0.459	0.487	0.470	0.455	0.475	0.466	0.501	0.491	0.489	0.487	0.483	0.467	0.473	0.487	0.466	0.460
0:00:00																																																																																																	
0:00:00																																																																																																	
0:00:00																																																																																																	

Results
	1	2	3	4	5	6	7	8	9	10	11	12
A	0.812	0.770	0.855	0.812	0.871	0.804	0.811	0.820	0.690	0.733	0.719	0.672	Max V [600]
	0.988	0.994	0.991	0.992	0.993	0.992	0.990	0.992	0.993	0.994	0.988	0.976	R-Squared [600]
	2:00:34	2:00:34	2:00:34	2:00:34	2:00:34	2:00:34	2:00:34	2:00:34	2:00:34	2:00:34	2:00:34	2:00:34	t at Max V [600]
	0:01:48	0:08:16	0:10:42	0:09:53	0:08:06	0:08:21	0:09:02	0:07:48	0:09:25	0:09:03	0:05:53	?????	Lagtime [600]
B	0.744	0.790	0.829	0.817	0.830	0.789	0.778	0.746	0.283	0.324	0.363	0.361	Max V [600]
	0.994	0.992	0.987	0.985	0.990	0.988	0.987	0.990	0.998	0.999	0.994	0.998	R-Squared [600]
	2:00:34	2:00:34	2:00:34	2:00:34	2:00:34	2:00:34	2:00:34	2:00:34	5:00:34	5:00:34	5:00:34	4:00:34	t at Max V [600]
	0:05:51	0:10:15	0:13:14	0:13:56	0:11:39	0:12:14	0:12:56	0:11:38	1:02:14	1:02:46	0:54:55	0:29:53	Lagtime [600]
C	0.786	0.834	0.889	0.795	0.818	0.775	0.741	0.842	0.825	0.864	0.861	0.733	Max V [600]
	0.990	0.985	0.990	0.981	0.981	0.981	0.981	0.987	0.987	0.989	0.991	0.991	R-Squared [600]
	2:00:34	2:00:34	2:00:34	2:00:34	2:00:34	2:00:34	2:00:34	2:00:34	2:00:34	2:00:34	2:00:34	2:00:34	t at Max V [600]
	0:09:06	0:14:12	0:12:16	0:15:39	0:15:38	0:15:02	0:14:45	0:13:58	0:13:09	0:12:41	0:10:57	0:06:41	Lagtime [600]
D	0.309	0.405	0.379	0.371	0.842	0.860	0.805	0.819	0.323	0.318	0.309	0.274	Max V [600]
	0.998	0.996	0.997	0.996	0.985	0.987	0.986	0.983	0.997	1.000	0.998	0.999	R-Squared [600]
	5:00:34	5:00:34	5:00:34	4:00:34	2:00:34	2:00:34	2:00:34	2:00:34	5:00:34	5:00:34	5:00:34	5:00:34	t at Max V [600]
	1:02:25	1:40:02	1:35:08	1:49:38	0:14:40	0:13:44	0:14:07	0:15:20	1:56:24	1:49:20	1:12:58	0:50:10	Lagtime [600]
E	0.749	0.803	0.928	0.931	0.890	0.793	0.781	0.733	0.796	0.780	0.808	0.677	Max V [600]
	0.978	0.989	0.983	0.994	0.985	0.980	0.981	0.982	0.981	0.985	0.987	0.994	R-Squared [600]
	3:00:34	3:00:34	3:00:34	3:00:34	2:00:34	2:00:34	2:00:34	2:00:34	2:00:34	2:00:34	2:00:34	2:00:34	t at Max V [600]
	0:27:00	0:47:25	1:01:48	0:59:41	0:14:37	0:15:53	0:15:26	0:14:50	0:15:35	0:13:42	0:13:07	0:06:34	Lagtime [600]
F	0.408	0.430	0.425	0.841	0.897	0.913	0.922	0.850	0.817	0.865	0.829	0.737	Max V [600]
	0.998	0.998	0.998	0.983	0.984	0.983	0.993	0.988	0.988	0.985	0.990	0.991	R-Squared [600]
	5:00:34	5:00:34	5:00:34	2:00:34	2:00:34	2:00:34	3:00:34	3:00:34	3:00:34	2:00:34	2:00:34	2:00:34	t at Max V [600]
	1:03:17	1:35:55	1:47:22	0:14:49	0:14:45	0:15:16	1:00:38	0:55:38	0:42:01	0:14:23	0:11:32	0:09:45	Lagtime [600]
G	0.767	0.868	0.899	0.458	0.384	0.411	0.760	0.744	0.819	0.734	0.771	0.704	Max V [600]
	0.994	0.991	0.988	0.997	0.996	0.998	0.982	0.984	0.986	0.992	0.991	0.990	R-Squared [600]
	2:00:34	2:00:34	2:00:34	5:00:34	5:00:34	5:00:34	2:00:34	2:00:34	2:00:34	2:00:34	2:00:34	2:00:34	t at Max V [600]
	0:05:46	0:11:27	0:13:11	1:34:22	1:29:09	1:37:57	0:16:21	0:14:46	0:13:54	0:10:04	0:08:52	0:07:29	Lagtime [600]
H	0.655	0.687	0.785	0.713	0.719	0.710	0.651	0.678	0.668	0.690	0.620	0.636	Max V [600]
	0.993	0.993	0.990	0.993	0.992	0.992	0.995	0.992	0.994	0.994	0.985	0.978	R-Squared [600]
	2:00:34	2:00:34	2:00:34	2:00:34	2:00:34	2:00:34	2:00:34	2:00:34	2:00:34	2:00:34	2:00:34	2:00:34	t at Max V [600]
	0:04:37	0:08:16	0:09:45	0:08:25	0:08:25	0:09:45	0:07:09	0:08:06	0:06:54	0:04:24	?????	?????	Lagtime [600]

