

Software Version	3.10.06



Experiment File Path:	C:\Users\patil-group\Desktop\Sweeteners_stacker\221021_NT5009_11_Rep2\NT5009_11_Rep2_read2.xpt
Protocol File Path:	C:\Users\Public\Documents\Protocols\Screening-protocol.prt



Plate Number	Plate 8
Date	22/10/2021
Time	16:52:27
Reader Type:	Epoch 2
Reader Serial Number:	2103223
Reading Type	Reader

Procedure Details

Plate Type	96 WELL PLATE
Discontinuous Kinetics	Runtime 1:00:00 (D:HH:MM), Interval 0:01:00, 25 Reads
	Pause after each run
Eject plate on completion	
Shake	Linear: 0:00:30 (HH:MM:SS)
	Frequency: 567 cpm (3 mm)
Read	Absorbance Endpoint
	Full Plate
	Wavelengths:  600
	Read Speed: Normal,  Delay: 100 msec,  Measurements/Data Point: 8

600

Time	T° 600	A1	A2	A3	A4	A5	A6	A7	A8	A9	A10	A11	A12	B1	B2	B3	B4	B5	B6	B7	B8	B9	B10	B11	B12	C1	C2	C3	C4	C5	C6	C7	C8	C9	C10	C11	C12	D1	D2	D3	D4	D5	D6	D7	D8	D9	D10	D11	D12	E1	E2	E3	E4	E5	E6	E7	E8	E9	E10	E11	E12	F1	F2	F3	F4	F5	F6	F7	F8	F9	F10	F11	F12	G1	G2	G3	G4	G5	G6	G7	G8	G9	G10	G11	G12	H1	H2	H3	H4	H5	H6	H7	H8	H9	H10	H11	H12
0:00:34	34.3	0.165	0.165	0.167	0.164	0.172	0.167	0.173	0.169	0.159	0.167	0.170	0.170	0.176	0.165	0.168	0.169	0.174	0.179	0.185	0.173	0.170	0.185	0.179	0.170	0.174	0.163	0.179	0.172	0.172	0.175	0.178	0.171	0.160	0.173	0.173	0.172	0.167	0.177	0.172	0.170	0.187	0.174	0.188	0.171	0.180	0.170	0.174	0.171	0.164	0.167	0.175	0.162	0.163	0.162	0.169	0.160	0.160	0.161	0.160	0.170	0.184	0.172	0.175	0.173	0.182	0.184	0.182	0.167	0.174	0.174	0.170	0.186	0.181	0.174	0.168	0.173	0.168	0.170	0.180	0.164	0.168	0.167	0.173	0.168	0.175	0.175	0.172	0.175	0.172	0.175	0.177	0.170	0.172	0.173	0.174	0.165
1:00:31	35.0	0.198	0.190	0.195	0.189	0.173	0.172	0.177	0.175	0.167	0.173	0.175	0.177	0.203	0.186	0.183	0.223	0.172	0.180	0.187	0.174	0.172	0.186	0.181	0.174	0.199	0.191	0.179	0.174	0.173	0.178	0.180	0.171	0.164	0.177	0.175	0.177	0.172	0.177	0.172	0.170	0.184	0.178	0.189	0.171	0.179	0.172	0.175	0.174	0.168	0.170	0.176	0.165	0.165	0.164	0.170	0.163	0.163	0.165	0.163	0.177	0.181	0.172	0.174	0.172	0.182	0.185	0.182	0.168	0.174	0.176	0.172	0.188	0.184	0.176	0.169	0.175	0.172	0.173	0.183	0.170	0.173	0.170	0.175	0.171	0.181	0.177	0.175	0.179	0.177	0.179	0.182	0.174	0.177	0.174	0.176	0.173
2:00:34	34.9	0.228	0.223	0.221	0.231	0.206	0.204	0.208	0.204	0.199	0.203	0.207	0.208	0.245	0.224	0.219	0.218	0.196	0.207	0.211	0.198	0.195	0.210	0.208	0.207	0.231	0.215	0.203	0.197	0.196	0.200	0.204	0.190	0.184	0.207	0.204	0.202	0.199	0.200	0.195	0.191	0.205	0.208	0.207	0.191	0.199	0.198	0.199	0.199	0.195	0.197	0.201	0.188	0.188	0.183	0.189	0.183	0.188	0.187	0.186	0.206	0.210	0.197	0.194	0.193	0.205	0.214	0.206	0.186	0.193	0.197	0.197	0.217	0.214	0.202	0.192	0.201	0.194	0.195	0.210	0.196	0.201	0.192	0.202	0.203	0.211	0.212	0.203	0.209	0.204	0.204	0.209	0.199	0.207	0.201	0.204	0.205
3:00:32	35.0	0.259	0.265	0.255	0.264	0.241	0.242	0.239	0.238	0.235	0.239	0.245	0.246	0.278	0.270	0.263	0.251	0.227	0.247	0.243	0.231	0.226	0.242	0.241	0.246	0.270	0.245	0.235	0.223	0.228	0.229	0.236	0.216	0.209	0.244	0.240	0.234	0.231	0.235	0.219	0.214	0.231	0.247	0.234	0.215	0.221	0.229	0.229	0.234	0.228	0.230	0.233	0.217	0.215	0.206	0.212	0.205	0.218	0.215	0.213	0.236	0.250	0.229	0.221	0.222	0.235	0.250	0.239	0.212	0.218	0.224	0.230	0.258	0.254	0.239	0.225	0.237	0.224	0.223	0.243	0.231	0.238	0.222	0.238	0.243	0.252	0.250	0.238	0.243	0.238	0.235	0.242	0.229	0.246	0.234	0.240	0.241
4:00:32	35.0	0.299	0.315	0.301	0.317	0.296	0.297	0.288	0.288	0.293	0.289	0.301	0.300	0.331	0.332	0.318	0.299	0.277	0.312	0.303	0.283	0.274	0.297	0.291	0.301	0.331	0.291	0.286	0.272	0.282	0.279	0.287	0.256	0.250	0.303	0.293	0.283	0.278	0.292	0.260	0.256	0.278	0.302	0.283	0.259	0.260	0.277	0.274	0.283	0.285	0.285	0.286	0.267	0.265	0.246	0.249	0.241	0.270	0.264	0.252	0.281	0.314	0.283	0.267	0.272	0.285	0.304	0.293	0.252	0.262	0.270	0.286	0.320	0.330	0.303	0.278	0.294	0.274	0.274	0.302	0.286	0.294	0.267	0.301	0.306	0.302	0.300	0.295	0.307	0.295	0.288	0.298	0.278	0.311	0.279	0.292	0.294
5:00:33	34.9	0.344	0.372	0.357	0.395	0.369	0.370	0.357	0.361	0.368	0.365	0.372	0.363	0.389	0.416	0.392	0.377	0.357	0.396	0.388	0.368	0.353	0.376	0.370	0.364	0.406	0.372	0.361	0.347	0.355	0.357	0.359	0.329	0.318	0.379	0.369	0.358	0.346	0.373	0.328	0.328	0.353	0.377	0.358	0.330	0.324	0.348	0.343	0.348	0.364	0.367	0.367	0.345	0.340	0.313	0.312	0.300	0.355	0.343	0.315	0.344	0.391	0.362	0.345	0.352	0.366	0.385	0.379	0.325	0.341	0.349	0.366	0.392	0.416	0.395	0.359	0.377	0.356	0.361	0.389	0.370	0.379	0.348	0.391	0.379	0.366	0.373	0.377	0.391	0.383	0.369	0.384	0.357	0.393	0.349	0.373	0.355
6:00:34	34.9	0.375	0.428	0.415	0.465	0.433	0.434	0.417	0.421	0.425	0.421	0.416	0.396	0.435	0.501	0.473	0.460	0.428	0.467	0.458	0.445	0.428	0.450	0.446	0.408	0.474	0.447	0.426	0.413	0.422	0.425	0.429	0.401	0.388	0.445	0.435	0.409	0.416	0.443	0.399	0.398	0.420	0.446	0.426	0.400	0.394	0.412	0.412	0.400	0.428	0.439	0.439	0.416	0.410	0.389	0.384	0.369	0.430	0.415	0.385	0.404	0.452	0.431	0.415	0.422	0.436	0.453	0.453	0.402	0.414	0.420	0.434	0.443	0.471	0.470	0.428	0.445	0.426	0.432	0.461	0.443	0.445	0.424	0.467	0.431	0.413	0.445	0.448	0.469	0.458	0.443	0.458	0.431	0.454	0.410	0.432	0.400
7:00:34	34.9	0.389	0.443	0.427	0.481	0.436	0.441	0.423	0.427	0.430	0.428	0.423	0.400	0.443	0.522	0.500	0.488	0.457	0.486	0.484	0.467	0.450	0.461	0.456	0.418	0.482	0.467	0.457	0.454	0.463	0.469	0.468	0.436	0.426	0.474	0.453	0.412	0.425	0.467	0.447	0.449	0.467	0.487	0.474	0.451	0.444	0.448	0.436	0.407	0.439	0.466	0.480	0.468	0.463	0.444	0.441	0.429	0.472	0.448	0.417	0.413	0.455	0.458	0.458	0.466	0.484	0.496	0.493	0.445	0.466	0.459	0.451	0.449	0.477	0.479	0.454	0.484	0.468	0.469	0.497	0.473	0.470	0.443	0.480	0.440	0.421	0.455	0.452	0.477	0.474	0.457	0.468	0.439	0.455	0.421	0.439	0.412
8:00:34	34.9	0.402	0.454	0.439	0.478	0.444	0.449	0.431	0.435	0.435	0.435	0.430	0.410	0.439	0.535	0.513	0.496	0.466	0.493	0.490	0.474	0.460	0.471	0.467	0.429	0.487	0.474	0.460	0.457	0.467	0.472	0.470	0.440	0.433	0.475	0.458	0.416	0.434	0.470	0.453	0.456	0.476	0.490	0.479	0.458	0.452	0.455	0.443	0.415	0.446	0.470	0.484	0.473	0.469	0.452	0.449	0.438	0.475	0.453	0.425	0.422	0.460	0.463	0.460	0.470	0.489	0.501	0.498	0.451	0.473	0.468	0.459	0.457	0.488	0.489	0.458	0.489	0.473	0.475	0.500	0.479	0.474	0.449	0.490	0.450	0.434	0.465	0.460	0.484	0.483	0.463	0.474	0.445	0.461	0.430	0.447	0.425
9:00:35	34.9	0.416	0.463	0.452	0.472	0.456	0.462	0.443	0.446	0.449	0.449	0.443	0.424	0.465	0.539	0.525	0.507	0.482	0.508	0.503	0.490	0.473	0.487	0.482	0.444	0.495	0.484	0.471	0.467	0.474	0.480	0.479	0.451	0.448	0.484	0.468	0.430	0.446	0.482	0.462	0.462	0.486	0.498	0.486	0.466	0.462	0.466	0.455	0.427	0.456	0.480	0.494	0.482	0.474	0.459	0.456	0.442	0.484	0.462	0.438	0.434	0.471	0.477	0.471	0.477	0.500	0.507	0.507	0.461	0.483	0.479	0.471	0.471	0.500	0.503	0.468	0.500	0.485	0.486	0.511	0.490	0.483	0.461	0.505	0.465	0.448	0.475	0.472	0.497	0.498	0.474	0.487	0.457	0.471	0.440	0.460	0.441
10:00:35	34.9	0.432	0.489	0.471	0.487	0.472	0.477	0.460	0.463	0.466	0.466	0.460	0.438	0.457	0.541	0.522	0.523	0.502	0.527	0.522	0.508	0.494	0.507	0.504	0.464	0.507	0.499	0.486	0.482	0.491	0.495	0.494	0.468	0.459	0.500	0.484	0.444	0.463	0.503	0.478	0.477	0.503	0.513	0.500	0.481	0.477	0.481	0.473	0.444	0.472	0.497	0.509	0.497	0.487	0.472	0.469	0.454	0.497	0.477	0.456	0.454	0.485	0.494	0.488	0.493	0.518	0.523	0.522	0.478	0.501	0.497	0.490	0.491	0.517	0.523	0.484	0.518	0.503	0.504	0.530	0.507	0.501	0.480	0.510	0.485	0.468	0.492	0.490	0.516	0.515	0.495	0.509	0.475	0.490	0.460	0.477	0.462
11:00:36	34.9	0.447	0.500	0.493	0.502	0.489	0.494	0.475	0.478	0.482	0.480	0.474	0.452	0.468	0.541	0.511	0.521	0.518	0.543	0.539	0.512	0.506	0.511	0.515	0.480	0.520	0.517	0.505	0.501	0.509	0.513	0.525	0.488	0.479	0.519	0.500	0.460	0.481	0.521	0.498	0.497	0.522	0.533	0.518	0.501	0.495	0.501	0.490	0.459	0.488	0.515	0.527	0.516	0.504	0.490	0.487	0.468	0.515	0.496	0.477	0.473	0.499	0.512	0.507	0.513	0.534	0.543	0.539	0.494	0.521	0.519	0.509	0.509	0.531	0.540	0.501	0.536	0.523	0.522	0.536	0.521	0.521	0.498	0.502	0.483	0.483	0.510	0.506	0.533	0.534	0.513	0.530	0.491	0.502	0.476	0.493	0.475
12:00:36	34.9	0.457	0.505	0.490	0.499	0.502	0.506	0.487	0.491	0.494	0.492	0.487	0.462	0.480	0.539	0.521	0.528	0.511	0.535	0.530	0.510	0.503	0.510	0.510	0.494	0.532	0.528	0.519	0.517	0.527	0.530	0.525	0.502	0.495	0.532	0.512	0.471	0.494	0.531	0.514	0.514	0.537	0.549	0.537	0.519	0.515	0.517	0.506	0.471	0.501	0.524	0.543	0.532	0.521	0.508	0.506	0.482	0.531	0.510	0.491	0.487	0.511	0.504	0.503	0.520	0.530	0.555	0.529	0.491	0.514	0.535	0.504	0.508	0.544	0.555	0.514	0.537	0.527	0.534	0.522	0.513	0.511	0.498	0.510	0.493	0.496	0.529	0.518	0.522	0.521	0.523	0.525	0.506	0.515	0.486	0.506	0.490
13:00:36	34.9	0.469	0.514	0.496	0.506	0.512	0.517	0.498	0.502	0.505	0.502	0.497	0.472	0.480	0.539	0.531	0.546	0.521	0.537	0.529	0.521	0.514	0.521	0.520	0.504	0.539	0.541	0.530	0.531	0.538	0.543	0.543	0.512	0.508	0.544	0.523	0.482	0.505	0.516	0.526	0.526	0.521	0.555	0.547	0.531	0.525	0.529	0.515	0.481	0.512	0.510	0.535	0.532	0.533	0.519	0.518	0.495	0.541	0.518	0.485	0.499	0.522	0.506	0.506	0.510	0.527	0.545	0.519	0.493	0.510	0.523	0.509	0.513	0.553	0.568	0.507	0.528	0.512	0.517	0.525	0.511	0.511	0.499	0.522	0.508	0.507	0.530	0.511	0.525	0.519	0.526	0.522	0.515	0.523	0.498	0.515	0.500
14:00:37	34.9	0.479	0.520	0.506	0.522	0.524	0.526	0.509	0.512	0.515	0.513	0.507	0.481	0.482	0.541	0.542	0.559	0.534	0.551	0.538	0.535	0.528	0.538	0.541	0.513	0.546	0.551	0.541	0.541	0.550	0.552	0.548	0.510	0.519	0.555	0.534	0.492	0.517	0.529	0.535	0.540	0.527	0.555	0.561	0.544	0.540	0.541	0.530	0.492	0.522	0.519	0.533	0.529	0.545	0.533	0.532	0.510	0.533	0.515	0.495	0.513	0.530	0.520	0.517	0.515	0.535	0.549	0.528	0.507	0.521	0.530	0.521	0.526	0.567	0.579	0.511	0.537	0.518	0.524	0.536	0.523	0.521	0.512	0.535	0.519	0.520	0.542	0.523	0.544	0.537	0.536	0.536	0.528	0.531	0.508	0.522	0.511
15:00:37	34.9	0.487	0.527	0.524	0.537	0.530	0.534	0.516	0.520	0.523	0.522	0.516	0.490	0.485	0.547	0.561	0.586	0.562	0.579	0.572	0.556	0.550	0.558	0.559	0.523	0.554	0.561	0.549	0.549	0.561	0.561	0.560	0.532	0.527	0.564	0.542	0.499	0.525	0.557	0.547	0.549	0.558	0.578	0.569	0.554	0.549	0.552	0.540	0.502	0.529	0.549	0.564	0.558	0.555	0.543	0.541	0.520	0.560	0.540	0.519	0.523	0.536	0.546	0.542	0.544	0.565	0.579	0.559	0.528	0.554	0.561	0.547	0.546	0.575	0.588	0.537	0.576	0.553	0.555	0.573	0.554	0.550	0.535	0.563	0.535	0.527	0.548	0.542	0.565	0.564	0.551	0.561	0.536	0.539	0.515	0.529	0.520
16:00:38	34.9	0.492	0.524	0.527	0.543	0.536	0.540	0.523	0.527	0.529	0.529	0.522	0.498	0.490	0.551	0.571	0.594	0.574	0.590	0.584	0.570	0.561	0.567	0.567	0.532	0.558	0.568	0.555	0.558	0.567	0.568	0.563	0.543	0.539	0.570	0.547	0.506	0.532	0.566	0.555	0.556	0.575	0.591	0.576	0.562	0.556	0.558	0.545	0.508	0.535	0.561	0.576	0.572	0.561	0.551	0.550	0.528	0.568	0.547	0.530	0.529	0.541	0.559	0.555	0.560	0.584	0.591	0.582	0.547	0.571	0.573	0.557	0.554	0.581	0.594	0.546	0.587	0.567	0.571	0.591	0.568	0.563	0.544	0.579	0.543	0.536	0.559	0.549	0.574	0.575	0.557	0.570	0.539	0.545	0.522	0.536	0.530
17:00:38	34.9	0.499	0.527	0.530	0.544	0.541	0.544	0.527	0.532	0.532	0.533	0.527	0.504	0.489	0.553	0.575	0.596	0.579	0.594	0.588	0.574	0.565	0.571	0.570	0.538	0.561	0.574	0.560	0.565	0.571	0.573	0.569	0.549	0.552	0.574	0.551	0.509	0.538	0.570	0.560	0.561	0.581	0.594	0.579	0.566	0.561	0.563	0.549	0.516	0.539	0.565	0.582	0.576	0.567	0.556	0.560	0.536	0.572	0.551	0.535	0.536	0.545	0.560	0.562	0.565	0.593	0.596	0.586	0.550	0.577	0.577	0.560	0.558	0.585	0.597	0.549	0.592	0.572	0.573	0.593	0.571	0.568	0.548	0.582	0.548	0.543	0.555	0.553	0.577	0.579	0.560	0.574	0.542	0.546	0.526	0.543	0.535
18:00:39	34.9	0.505	0.532	0.532	0.547	0.544	0.546	0.532	0.535	0.536	0.538	0.532	0.510	0.491	0.555	0.580	0.595	0.580	0.595	0.590	0.577	0.570	0.573	0.571	0.542	0.562	0.573	0.562	0.567	0.574	0.575	0.571	0.552	0.552	0.576	0.555	0.516	0.542	0.576	0.563	0.565	0.584	0.598	0.583	0.570	0.565	0.568	0.554	0.520	0.543	0.569	0.583	0.580	0.571	0.560	0.563	0.542	0.576	0.557	0.540	0.541	0.547	0.565	0.567	0.571	0.594	0.598	0.589	0.554	0.578	0.580	0.558	0.561	0.588	0.599	0.551	0.594	0.577	0.578	0.595	0.574	0.570	0.552	0.584	0.553	0.548	0.567	0.556	0.580	0.583	0.563	0.577	0.546	0.550	0.533	0.548	0.541
19:00:39	34.9	0.508	0.537	0.535	0.550	0.546	0.548	0.535	0.537	0.541	0.542	0.535	0.515	0.490	0.559	0.580	0.594	0.581	0.596	0.592	0.579	0.571	0.573	0.574	0.548	0.564	0.569	0.562	0.567	0.576	0.576	0.572	0.552	0.553	0.578	0.557	0.516	0.546	0.578	0.566	0.566	0.584	0.600	0.584	0.570	0.567	0.571	0.557	0.525	0.547	0.570	0.585	0.582	0.573	0.562	0.566	0.548	0.578	0.557	0.544	0.544	0.552	0.569	0.568	0.575	0.595	0.600	0.592	0.555	0.579	0.581	0.558	0.563	0.589	0.602	0.551	0.592	0.577	0.582	0.596	0.576	0.571	0.553	0.584	0.556	0.552	0.566	0.559	0.582	0.583	0.565	0.579	0.548	0.553	0.536	0.545	0.544
20:00:40	34.9	0.511	0.539	0.536	0.551	0.545	0.550	0.538	0.538	0.541	0.543	0.538	0.518	0.501	0.561	0.581	0.589	0.580	0.596	0.591	0.579	0.571	0.575	0.574	0.550	0.564	0.566	0.564	0.568	0.572	0.577	0.574	0.552	0.549	0.577	0.558	0.520	0.548	0.576	0.567	0.569	0.588	0.601	0.584	0.569	0.568	0.571	0.555	0.528	0.547	0.570	0.585	0.582	0.576	0.564	0.567	0.552	0.576	0.556	0.544	0.547	0.552	0.570	0.569	0.571	0.598	0.602	0.593	0.552	0.578	0.579	0.556	0.563	0.592	0.600	0.555	0.590	0.577	0.580	0.595	0.574	0.572	0.554	0.584	0.558	0.556	0.576	0.561	0.584	0.583	0.565	0.576	0.550	0.554	0.537	0.547	0.548
21:00:41	34.9	0.511	0.541	0.536	0.550	0.547	0.549	0.540	0.539	0.542	0.545	0.539	0.521	0.495	0.560	0.581	0.585	0.582	0.591	0.591	0.580	0.571	0.574	0.574	0.552	0.564	0.569	0.559	0.564	0.575	0.576	0.576	0.553	0.549	0.574	0.559	0.522	0.549	0.574	0.563	0.566	0.584	0.599	0.582	0.571	0.564	0.571	0.555	0.530	0.548	0.571	0.584	0.580	0.578	0.560	0.573	0.553	0.576	0.557	0.544	0.550	0.554	0.568	0.567	0.569	0.599	0.598	0.597	0.556	0.578	0.575	0.557	0.565	0.590	0.598	0.553	0.586	0.574	0.574	0.591	0.572	0.571	0.555	0.581	0.561	0.560	0.577	0.562	0.583	0.583	0.568	0.574	0.553	0.553	0.540	0.549	0.550
22:00:41	35.0	0.509	0.545	0.536	0.550	0.544	0.549	0.540	0.539	0.541	0.545	0.541	0.523	0.491	0.563	0.581	0.576	0.576	0.589	0.586	0.576	0.569	0.572	0.572	0.552	0.562	0.566	0.560	0.564	0.578	0.574	0.574	0.551	0.550	0.573	0.555	0.527	0.551	0.573	0.564	0.564	0.582	0.598	0.584	0.570	0.564	0.567	0.555	0.531	0.548	0.567	0.579	0.577	0.574	0.562	0.568	0.554	0.576	0.556	0.542	0.550	0.551	0.564	0.564	0.563	0.589	0.592	0.588	0.554	0.573	0.571	0.558	0.565	0.588	0.594	0.551	0.583	0.571	0.572	0.588	0.570	0.570	0.554	0.578	0.562	0.563	0.575	0.562	0.584	0.581	0.567	0.573	0.551	0.554	0.540	0.549	0.552
23:00:42	35.0	0.510	0.544	0.534	0.549	0.544	0.546	0.539	0.538	0.541	0.545	0.541	0.524	0.489	0.562	0.577	0.567	0.570	0.585	0.581	0.574	0.565	0.571	0.570	0.553	0.559	0.568	0.556	0.563	0.574	0.569	0.570	0.548	0.547	0.568	0.552	0.525	0.549	0.566	0.563	0.566	0.578	0.592	0.578	0.569	0.560	0.564	0.549	0.531	0.547	0.564	0.576	0.576	0.568	0.557	0.567	0.555	0.572	0.551	0.540	0.550	0.553	0.561	0.565	0.562	0.588	0.586	0.586	0.551	0.567	0.566	0.554	0.564	0.587	0.592	0.550	0.578	0.567	0.564	0.582	0.567	0.563	0.552	0.577	0.560	0.565	0.578	0.561	0.582	0.579	0.564	0.572	0.550	0.554	0.540	0.549	0.553
0:00:00																																																																																																	
0:00:00																																																																																																	
0:00:00																																																																																																	

Results
	1	2	3	4	5	6	7	8	9	10	11	12
A	0.629	0.863	0.815	0.999	0.969	0.979	0.894	0.927	0.974	0.939	0.910	0.821	Max V [600]
	0.996	0.996	0.990	0.979	0.985	0.987	0.983	0.984	0.988	0.984	0.991	0.991	R-Squared [600]
	2:00:34	2:00:34	2:00:34	2:00:34	2:00:34	2:00:34	2:00:34	2:00:34	2:00:34	2:00:34	2:00:34	2:00:34	t at Max V [600]
	0:05:30	0:07:12	0:11:46	0:16:50	0:14:18	0:13:13	0:15:08	0:14:37	0:12:32	0:13:42	0:09:22	0:05:19	Lagtime [600]
B	0.818	1.169	1.064	1.062	1.019	1.113	1.065	1.055	1.002	1.025	1.005	0.866	Max V [600]
	0.993	0.985	0.985	0.980	0.981	0.986	0.978	0.973	0.975	0.976	0.974	0.995	R-Squared [600]
	2:00:34	2:00:34	2:00:34	3:00:33	3:00:33	2:00:34	2:00:34	3:00:33	3:00:33	2:00:34	2:00:34	2:00:34	t at Max V [600]
	0:09:53	0:13:54	0:13:00	0:32:36	0:30:09	0:14:05	0:17:37	0:28:32	0:29:42	0:17:46	0:17:59	0:07:10	Lagtime [600]
C	1.039	0.999	0.975	1.004	1.015	1.044	1.012	0.974	0.953	1.018	0.985	0.897	Max V [600]
	0.989	0.972	0.985	0.991	0.993	0.992	0.991	0.986	0.990	0.987	0.983	0.983	R-Squared [600]
	2:00:34	3:00:33	3:00:33	3:00:33	3:00:33	3:00:33	3:00:33	3:00:33	3:00:33	2:00:34	2:00:34	2:00:34	t at Max V [600]
	0:13:02	0:30:46	0:26:27	0:35:50	0:28:54	0:35:09	0:30:32	0:39:31	0:39:56	0:13:49	0:14:53	0:14:17	Lagtime [600]
D	0.916	1.039	0.994	1.021	1.024	1.041	1.040	1.023	0.967	0.955	0.919	0.862	Max V [600]
	0.977	0.981	0.992	0.993	0.993	0.992	0.994	0.994	0.992	0.989	0.980	0.991	R-Squared [600]
	2:00:34	2:00:34	3:00:33	3:00:33	3:00:33	3:00:33	3:00:33	3:00:33	3:00:33	3:00:33	3:00:33	2:00:34	t at Max V [600]
	0:16:43	0:16:19	0:43:35	0:44:55	0:39:29	0:23:02	0:37:42	0:43:15	0:46:27	0:29:06	0:28:45	0:11:17	Lagtime [600]
E	1.004	1.045	1.079	1.085	1.069	1.031	0.988	0.962	1.110	1.028	0.902	0.842	Max V [600]
	0.981	0.979	0.990	0.994	0.995	0.991	0.990	0.990	0.989	0.985	0.986	0.982	R-Squared [600]
	2:00:34	3:00:33	3:00:33	3:00:33	3:00:33	3:00:33	3:00:33	3:00:33	3:00:33	3:00:33	3:00:33	2:00:34	t at Max V [600]
	0:16:11	0:26:50	0:32:31	0:38:14	0:39:46	0:48:13	0:48:34	0:49:39	0:35:12	0:34:32	0:35:46	0:15:25	Lagtime [600]
F	1.040	1.011	1.037	1.064	1.080	1.068	1.114	1.025	1.079	1.035	1.016	0.977	Max V [600]
	0.990	0.980	0.990	0.991	0.993	0.991	0.988	0.988	0.992	0.988	0.979	0.993	R-Squared [600]
	2:00:34	3:00:33	3:00:33	3:00:33	3:00:33	3:00:33	3:00:33	3:00:33	3:00:33	3:00:33	2:00:34	2:00:34	t at Max V [600]
	0:11:37	0:25:58	0:38:49	0:35:50	0:36:02	0:27:33	0:32:36	0:42:41	0:43:57	0:38:15	0:16:42	0:09:16	Lagtime [600]
G	1.126	1.152	1.014	1.075	1.069	1.084	1.112	1.067	1.046	0.996	1.140	0.984	Max V [600]
	0.988	0.980	0.978	0.988	0.990	0.985	0.985	0.982	0.981	0.970	0.979	0.992	R-Squared [600]
	2:00:34	2:00:34	3:00:33	3:00:33	3:00:33	3:00:33	3:00:33	3:00:33	2:00:34	3:00:33	2:00:34	2:00:34	t at Max V [600]
	0:11:28	0:16:53	0:26:04	0:26:02	0:34:36	0:35:47	0:28:50	0:26:18	0:15:22	0:31:25	0:17:10	0:09:42	Lagtime [600]
H	0.862	0.983	1.045	1.112	1.088	1.020	1.064	0.989	1.067	0.888	0.982	0.838	Max V [600]
	0.995	0.982	0.980	0.979	0.975	0.973	0.975	0.970	0.988	0.981	0.983	0.994	R-Squared [600]
	2:00:34	2:00:34	2:00:34	2:00:34	2:00:34	2:00:34	2:00:34	2:00:34	2:00:34	2:00:34	2:00:34	2:00:34	t at Max V [600]
	0:07:14	0:14:42	0:16:14	0:17:20	0:18:02	0:18:47	0:18:09	0:19:12	0:12:33	0:15:15	0:14:34	0:08:53	Lagtime [600]

